78600411
78600423
78600422
78600412
78600252
78600478
78600550
78601584
78601648
78603422
78603670
78603824
78603608
78601580
78601550
78601706
78600354
78603134
78603630
78603395
78603054
78601832
78606038
78606018
78606040
78601156
78600030
78601252
78600200
78600322
78600284
78603350
78600040
78600027
78606619
78606389
78606617
78606420
78606465
78606615
78601330
78601322
78601390
78601510
78601626
78601520
78603150
78603148
78601116
78603448
78603360
78603138
78600224
78603198
78601702
78601532
78603638
78606712
78606769
78606400
78603016
78603154
78603104
78603620
78603612
78603325
78603330
78603570
78603438
78603036
78606022
78601614
78600170
78603237
78600182
78601168
78603218
78601130
78601230
78601182
78603130
78603132
78600472
78600470
78606345
78606314
78606168
78606148
78606524
78603056
78603759
78600029
78600106
78600064
78600038
78605465
78606626
78606767
78606817
78601054
78603352
78601100
78601222
78601262
78603190
78600262
78601470
78601492
78601258
78601080
78606652
78600521
78601496
78601486
78601074
78601192
78603748
78603652
78601402
78603746
78601184
78603000
78603675
78601186
78601122
78600382
78606733
78606785
78606426
78606334
78606276
78601409
78601692
78603782
78600250
78600432
78600476
78600538
78601586
78601656
78603650
78605012
78605405
78603826
78607156
78600190
78600164
78600002
78603239
78600152
78603383
78603432
78603622
78606650
78603224
78600202
78600162
78606214
78603136
78600080
78600288
78600128
78606459
78600088
78603444
78603602
78601158
78601296
78605467
78606042
78600092
78600003
78600100
78600046
78600096
78606126
78601034
78601755
78606369
78606352
78606412
78606330
78606434
78606327
78606488
78606486
78600362
78600304
78606024
78606729
78606781
78606422
78606338
78606280
78603044
78603665
78601715
78601750
78606572
78606546
78606544
78606542
78606470
78606472
78606474
78606476
78606478
78606560
78606568
78606564
78606552
78606558
78606556
78606550
78606548
78600308
78600272
78600238
78600474
78600548
78600584
78601654
78603290
78605010
78605410
78603828
78607154
78601335
78603042
78603156
78603106
78600110
78601430
78601534
78606056
78600192
78600286
78600320
78603276
78603306
78601062
78601049
78601088
78605464
78603052
78600013
78601012
78600140
78600052
78603192
78600172
78600180
78603238
78603252
78603242
78606688
78601602
78601640
78603556
78603454
78603379
78603381
78603410
78601298
78603184
78603354
78606046
78606044
78606080
78606026
78602000
78607120
78607016
78607014
78600174
78601362
78606480
78605390
78606799
78601086
78606233
78606060
78606078
78603800
78603012
78600400
78600438
78603584
78605475
78601620
78603840
78605774
78605094
78605129
78606444
78603020
78601206
78600134
78606074
78603810
78603180
78603146
78603172
78603832
78601690
78606153
78606320
78606141
78606142
78607004
78607138
78607137
78601542
78601694
78606528
78606526
78606158
78606156
78606194
78606122
78601506
78606224
78606192
78606120
78601304
78603314
78603582
78603338
78601096
78601494
78606538
78606510
78606494
78606496
78606498
78606534
78606532
78606530
78606522
78606520
78606518
78606514
78606512
78600240
78600546
78601652
78603312
78607038
78607034
78606000
78605498
78605499
78606002
78606230
78606226
78606190
78606118
78606671
78606706
78606735
78606428
78606332
78606274
78606825
78606516
78606166
78606200
78601502
78606827
78600342
78600270
78606172
78606204
78600406
78600428
78601355
78601606
78603830
78605789
78607204
78607144
78605135
78601090
78603308
78603277
78603334
78601198
78606673
78606704
78601084
78600232
78600482
78600544
78601644
78603316
78600082
78601420
78600260
78600246
78607026
78607028
78603262
78603400
78603362
78603275
78607008
78607006
78607168
78606136
78606100
78606098
78606004
78603100
78600372
78607010
78607012
78601314
78601412
78601166
78606731
78606783
78606424
78606336
78606278
78603142
78603182
78603024
78606374
78606643
78601830
78600122
78603006
78600306
78600282
78600234
78600488
78600542
78601642
78603318
78601154
78606124
78606398
78606416
78606448
78607020
78603002
78606146
78606629
78606765
78606819
78600517
78601082
78601046
78606715
78606771
78606402
78606361
78606290
78601425
78601753
78603634
78603434
78601202
78601002
78601242
78601187
78603656
78600338
78600280
78600204
78600376
78600278
78600356
78600486
78601704
78603214
78603742
78607046
78607044
78600537
78606450
78603234
78603258
78603356
78603270
78601092
78601060
78600519
78600076
78600290
78600120
78600198
78603128
78606440
78601270
78603820
78603390
78603628
78603690
78603386
78603786
78600300
78600144
78600336
78606640
78601204
78606058
78601538
78601698
78601607
78601396
78601343
78601312
78601392
78601365
78600019
78600032
78603295
78603256
78603244
78606685
78606726
78606779
78606410
78606340
78606282
78601524
78601466
78601180
78601110
78601175
78600484
78600536
78603745
78606236
78601020
78601185
78601318
78601394
78601624
78601630
78600534
78603018
78600194
78603168
78603124
78600116
78603202
78600226
78603060
78600070
78600178
78600068
78606675
78606452
78601333
78601152
78601759
78600112
78601078
78601044
78600378
78600525
78601337
78606669
78606710
78607022
78607018
78603574
78600530
78603222
78601480
78600062
78603660
78606216
78603158
78601300
78601474
78601316
78601712
78601546
78601482
78600514
78600094
78600516
78601658
78601588
78601428
78603344
78603550
78601105
78603600
78601585
78600298
78600184
78606160
78600154
78603226
78600036
78603152
78600025
78603288
78601290
78601140
78601150
78605427
78605425
78605430
78605429
78600312
78600330
78603654
78601238
78601632
78605114
78605460
78605016
78603030
78606036
78606646
78606184
78607000
78606890
78607002
78606540
78606140
78606138
78606102
78606104
78606096
78606094
78606006
78606008
78605014
78603032
78600242
78601760
78601800
78601780
78605005
78603040
78606128
78603450
78603389
78601190
78606064
78603112
78603114
78603322
78603558
78603342
78603700
78603740
78603680
78607024
78600296
78600186
78601210
78600274
78600334
78605099
78603548
78603367
78600326
78600314
78600370
78601240
78600264
78603636
78603425
78606062
78600380
78601254
78601038
78600512
78600527
78603446
78606829
78601476
78601498
78605420
78605415
78606068
78606054
78606028
78606030
78600532
78600124
78606110
78606090
78603580
78606791
78601320
78601344
78601405
78603216
78603206
78606394
78606418
78606456
78607036
78606076
78606014
78601208
78601162
78603188
78606196
78606660
78600166
78600136
78600596
78603064
78603170
78603126
78600072
78600118
78600196
78600228
78600292
78601618
78601638
78601528
78605018
78606020
78606324
78606490
78603359
78605065
78601094
78603336
78603310
78606446
78600328
78600468
78601468
78601757
78600108
78600056
78601058
78603304
78603266
78603273
78601200
78600210
78600340
78600276
78600254
78603011
78603640
78601118
78603008
78603122
78603120
78600480
78603200
78603160
78603108
78601440
78601544
78601700
78606130
78600248
78600344
78600268
78601160
78606072
78601170
78606869
78605462
78605116
78600009
78600352
78605052
78603302
78603285
78600034
78600023
78603232
78603254
78603240
78601472
78606863
78601076
78601194
78601040
78603645
78603348
78601112
78601188
78601530
78600510
78600168
78600471
78600156
78603212
78600212
78600230
78600220
78603209
78601464
78606637
78600466
78605000
78603034
78601124
78601357
78600414
78603805
78605095
78601595
78607186
78605112
78600464
78600348
78600392
78600426
78605492
78601597
78607192
78600495
78603186
78603140
78606695
78606462
78606745
78606743
78606432
78606430
78606312
78606186
78606268
78606218
78606048
78606034
78601398
78601360
78601710
78601540
78606436
78606492
78606174
78606206
78606052
78606032
78600350
78603194
78600416
78600420
78600374
78606667
78606665
78606763
78606761
78603230
78603280
78603332
78603264
78603279
78606500
78606180
78606212
78606050
78606718
78606773
78606404
78606359
78606288
78606272
78603004
78600460
78601552
78600074
78601340
78601696
78603658
78606681
78601751
78601293
78601352
78606198
78600138
78606318
78606508
78603028
78603026
78606082
78606316
78606504
78601032
78603750
78606016
78606295
78606260
78606310
78606264
78606164
78606188
78606134
78606132
78601236
78601414
78606554
78600490
78606679
78606677
78606621
78606623
78606386
78606383
78606308
78606365
78606254
78606250
78600704
78600726
78600405
78606865
78606795
78601349
78601490
78600126
78600090
78606797
78606793
78600042
78600044
78606144
78606108
78606092
78606010
78606270
78606442
78600008
78603010
78600576
78600578
78600586
78600665
78600660
78600588
78600529
78600540
78601460
78603014
78600402
78600436
78601345
78605480
78601612
78603836
78605777
78607200
78607188
78605131
78601306
78601248
78603282
78603228
78603271
78603260
78603784
78603164
78603110
78600206
78600158
78607030
78607032
78600084
78603038
78601400
78601370
78601508
78606801
78600086
78603364
78603278
78603337
78603552
78603345
78603366
78603397
78600302
78600142
78603196
78603220
78603208
78601260
78601302
78601522
78601256
78601526
78601634
78601708
78601622
78606304
78606244
78606152
78606114
78606086
78606012
78600176
78606691
78607899
78600462
78600132
78600060
78600104
78601050
78601234
78601216
78601025
78601000
78601030
78601214
78603755
78603022
78606720
78606775
78606406
78606357
78606286
78605488
78605490
78600523
78606162
78606182
78601264
78601220
78606855
78601391
78601310
78600208
78603118
78603204
78603166
78600222
78607040
78607042
78600396
78605470
78601604
78603845
78605770
78607194
78605127
78601366
78605093
78606178
78606210
78605120
78603058
78606176
78606208
78603452
78601600
78601650
78600394
78600430
78601368
78607190
78603250
78600001
78603300
78603248
78601056
78601018
78601250
78601488
78601407
78606322
78601164
78601504
78601462
78606757
78601500
78603320
78603554
78603340
78601478
78606150
78606112
78606088
78600404
78600434
78601347
78605485
78607202
78607198
78605092
78605133
78601484
78606858
78600346
78600266
78606737
78606875
78606536
78606154
78606116
78606084
78600244
78600408
78600424
78601052
78603440
78605400
78603822
78605792
78601762
78607208
78607210
78605137
78606170
78606202
78600078
78601196
78600011
78600050
78601036
78600130
78601010
78601006
78603045
78603050
78603102
78606106
78605084
78605020
78606066
78605091
78603358
78601246
78600005
78606722
78606777
78606408
78606355
78606284
78606632
78606380
78606299
78606240
78601536
78601016
78603246
78600017
78600310
78600294
78600188
78600007
78601004
78601244
78601022
78600324
78605435
78600650
78600692
78600690
78600645
78601120
78600610
78600722
78600718
78600714
78600712
78600708
78600702
78600698
78600615
78600706
78600696
78600694
78600630
78600625
78600710
78600716
78600724
78600620
78600605
78600562
78600600
78600635
78600640
78600655
78600670
78600672
78600674
78605124
78600114
78600048
78606438
78606698
78603162
78601042
78600054
78600146
78600015
78601014
78601072
78600150
78600332
78603572
78607048
78607049
78603695
78602004
78601836
78601838
78601864
78601232
78600358
78600410
78601592
78605097
78605778
78607184
78602027
78601848
78605002
78601218
78601212
78600398
78601590
78605455
78605776
78607182
78605110
78602012
78601878
78600360
78600390
78605450
78605772
78607180
78601850
78603624
78603427
78603062
78601594
78605445
78607178
78602025
78601882
78600102
78600066
78605440
78601596
78607176
78601856
78601598
78601636
78607206
78601884
78601114
78603346
78603546
78603604
78603576
78603578
78607174
78605432
78602023
78601854
78607172
78601886
78600574
78601582
78607170
78601866
78600580
78607166
78602019
78601890
78603420
78603757
78603632
78601834
78601863
78605496
78605494
78607142
78600581
78601869
78600551
78600553
78600552
78601608
78601646
78600582
78601893
78603236
78600160
78600594
78601610
78607162
78601871
78603415
78600592
78601616
78603610
78603436
78607160
78600590
78607116
78601872
78607122
78603442
78603606
78607124
78601874
78600564
78600556
78607126
78600566
78607128
78601880
78600558
78600560
78607130
78603834
78601852
78600568
78607132
78601888
78600570
78607134
78602031
78603385
78603626
78603430
78600572
78605062
78607146
78601897
78605060
78607148
78605056
78607150
78605054
78607152
78607164
78607158
78605058
78605050
78601840
78601858
78601867
78601844
78601891
78602029
78601842
78601048
78601070
78602006
78601846
78602041
78601876
