78210154
78206180
78200450
78206089
78200708
78205265
78217595
78217130
78217096
78211115
78217665
78211358
78218162
78201765
78201010
78201028
78216497
78210695
78211552
78217470
78217266
78200270
78210348
78205695
78205215
78216606
78210122
78210450
78201683
78201570
78210524
78200697
78201420
78201378
78216165
78206730
78205665
78217150
78216195
78200135
78200600
78217272
78216479
78210598
78216464
78216240
78217374
78206380
78200021
78200025
78200095
78205553
78206834
78210452
78206176
78201412
78201410
78201386
78210333
78210438
78210768
78210870
78206035
78206325
78205780
78216100
78216763
78211205
78200009
78210500
78216708
78217186
78216747
78206620
78200732
78210387
78200545
78210423
78217075
78216620
78210623
78210048
78206655
78206665
78217425
78205735
78210850
78200590
78216578
78210146
78206500
78206850
78210378
78205320
78206630
78205808
78217275
78217368
78216065
78217040
78216581
78216500
78216491
78217260
78216666
78216668
78210262
78201558
78211392
78202024
78206465
78205380
78205615
78217063
78200780
78201026
78211346
78200220
78205042
78205105
78200260
78200400
78206120
78205490
78210810
78218138
78201532
78201414
78205285
78206110
78210680
78205070
78211352
78211332
78211315
78200245
78210796
78217453
78205024
78211287
78216681
78210835
78216732
78210866
78201740
78217033
78200722
78210794
78201731
78205190
78210250
78210202
78210036
78201749
78205865
78216070
78211180
78211150
78211170
78211375
78211380
78211385
78211390
78211540
78217078
78206490
78210515
78210411
78200125
78200235
78200365
78200360
78200350
78200355
78201737
78201734
78210008
78205850
78201780
78202026
78217650
78217087
78205705
78200285
78201746
78201728
78201430
78201370
78201500
78201432
78216494
78217245
78216664
78201408
78200041
78200120
78210650
78216612
78205505
78216610
78205855
78210363
78216618
78217172
78217565
78205220
78206735
78217380
78217048
78217050
78200145
78211570
78200435
78201260
78201155
78210228
78217465
78210899
78211050
78205860
78210270
78206055
78210234
78205009
78200017
78216512
78200700
78210890
78210528
78216245
78216105
78210158
78205030
78205450
78216270
78201755
78210620
78206070
78201722
78205845
78205065
78200160
78206862
78201120
78201024
78200001
78201090
78218140
78216114
78218157
78210586
78210554
78216125
78216120
78216275
78201404
78200230
78201716
78200385
78200515
78200885
78201230
78206093
78200710
78211190
78200496
78210393
78206510
78210792
78206635
78205125
78217014
78216638
78217625
78217155
78217060
78210735
78217257
78217447
78201180
78211660
78205555
78210454
78210405
78201210
78201016
78201030
78201075
78216000
78205355
78217067
78217146
78200287
78210162
78210512
78210480
78205003
78211308
78206166
78206170
78205793
78206320
78216350
78205500
78211110
78206300
78216290
78205755
78200860
78200835
78200650
78200675
78201320
78216773
78210590
78216634
78217024
78216225
78211305
78217398
78210222
78205365
78205565
78205585
78205245
78210294
78210318
78210182
78210094
78206520
78210886
78205036
78205115
78210246
78206370
78216757
78216755
78200370
78210520
78206495
78205610
78210275
78216461
78206525
78206097
78205325
78206760
78210790
78206600
78216572
78205605
78216626
78200642
78205465
78216458
78210677
78216345
78217401
78210430
78210426
78210339
78210466
78210490
78210685
78201562
78216300
78216636
78205270
78216160
78210640
78210396
78211340
78201205
78211324
78217575
78217142
78205340
78205335
78210028
78217419
78205425
78200527
78200785
78205595
78211095
78205530
78217422
78216260
78205600
78217180
78210238
78205000
78210242
78216187
78217435
78201552
78210484
78217353
78201060
78206858
78216646
78217645
78210420
78210462
78205330
78210720
78216560
78216557
78216769
78201522
78206842
78217371
78201105
78211348
78206590
78206087
78200490
78210486
78217052
78216602
78216035
78200115
78206670
78205495
78217359
78216729
78200644
78210786
78210630
78206039
78201036
78206770
78210060
78210064
78210130
78210784
78216720
78217022
78216624
78210460
78217365
78201508
78201428
78211554
78200552
78200477
78205547
78205110
78205039
78205740
78216170
78205200
78206330
78206846
78217404
78216632
78210674
78200005
78217416
78201524
78200630
78200523
78200640
78217002
78210683
78205832
78201402
78217176
78217573
78211370
78200875
78216594
78211566
78200830
78200825
78201032
78200770
78201546
78216446
78210298
78210300
78210446
78201390
78216325
78210854
78211665
78201785
78210582
78217034
78216622
78206050
78210655
78210615
78210575
78217233
78200100
78200540
78201743
78200290
78210384
78217287
78205420
78202260
78201536
78201380
78201538
78201382
78210274
78210330
78205240
78205625
78216527
78205715
78205315
78210206
78210032
78211564
78205775
78211090
78206540
78210862
78216509
78200049
78200695
78210798
78211365
78210882
78217174
78205015
78206788
78200110
78217018
78216738
78216771
78200473
78216020
78205021
78205165
78201360
78206085
78217281
78205435
78205710
78201250
78201130
78217610
78206470
78201070
78200105
78200320
78201707
78216604
78216640
78216714
78217206
78201022
78201085
78205445
78206575
78205012
78202010
78205345
78211240
78206168
78205135
78206310
78201388
78210878
78216690
78216717
78217377
78201566
78201434
78201680
78217192
78206415
78206295
78217020
78206776
78210730
78211130
78205255
78211350
78206485
78210802
78210498
78206555
78200840
78217032
78216628
78201004
78200850
78206390
78210625
78210672
78211576
78216536
78210272
78201150
78217640
78210138
78205745
78210470
78210381
78206530
78205817
78210514
78210605
78206010
78206720
78206785
78217615
78200718
78217290
78210492
78217385
78200560
78216608
78216482
78205799
78205770
78217026
78200255
78210342
78210494
78205590
78210372
78205690
78211200
78201422
78201374
78210020
78200558
78200467
78205075
78217152
78217065
78211395
78206091
78206866
78217239
78200340
78211344
78206625
78201514
78201170
78201135
78201544
78210762
78216443
78201534
78218155
78216551
78205140
78200045
78205655
78205275
78201006
78200790
78216335
78211558
78201516
78201424
78201510
78217630
78200488
78200165
78200170
78200425
78200175
78200420
78200180
78201686
78201689
78201580
78201790
78201800
78201795
78202195
78217669
78211582
78216075
78200333
78216542
78216696
78206750
78205295
78205535
78205612
78206162
78205290
78217140
78217580
78206475
78201144
78210610
78200520
78201512
78201368
78205765
78210312
78210096
78206782
78218159
78201394
78201416
78201384
78210456
78217570
78217144
78205675
78205826
78205018
78205700
78206115
78206100
78211105
78202022
78216045
78216265
78201540
78211230
78211220
78216506
78217230
78200610
78216340
78206755
78200855
78210417
78216644
78217456
78205280
78206160
78206460
78216115
78211225
78200280
78206610
78205100
78210110
78216060
78216592
78216055
78216085
78205205
78205185
78216255
78200865
78200081
78205829
78205130
78210278
78217184
78210040
78216521
78217166
78210118
78216702
78216648
78216705
78217000
78216741
78216765
78217070
78200726
78201095
78202190
78202000
78218142
78216025
78216598
78216669
78216455
78206800
78206810
78206830
78206820
78211574
78210840
78216684
78201557
78205814
78205415
78216767
78210516
78205660
78210366
78205395
78201400
78210056
78210675
78205360
78205580
78205570
78201012
78205150
78210776
78211065
78210774
78217605
78217132
78201502
78201830
78201506
78200670
78201340
78200740
78200745
78201040
78201038
78205870
78206805
78205390
78210150
78216699
78201554
78200529
78206854
78200870
78218144
78216190
78217386
78210482
78216750
78217432
78217263
78200469
78210705
78216545
78210166
78210510
78210562
78210502
78210804
78211312
78216515
78200053
78205175
78217620
78217395
78200130
78205210
78211082
78210788
78210770
78210436
78206315
78216488
78206030
78206037
78201710
78200315
78211655
78211650
78206067
78218146
78206744
78205120
78210700
78216533
78205470
78210399
78211080
78216524
78206779
78205460
78206185
78206000
78205835
78205455
78206280
78205840
78201000
78200880
78200510
78200505
78205180
78210635
78210578
78210540
78216539
78205805
78217392
78216470
78206025
78206400
78206773
78210402
78216575
78216630
78217030
78217413
78200195
78200405
78201704
78210496
78217084
78217134
78217590
78200440
78216775
78200250
78217389
78206395
78200330
78201698
78206125
78206874
78205725
78206156
78217661
78200714
78206645
78200445
78216674
78200706
78217350
78217296
78205550
78216473
78202030
78205045
78210290
78201140
78205160
78211145
78216145
78216140
78216250
78216330
78216337
78205155
78216687
78216723
78205300
78217635
78200225
78205515
78205370
78200375
78217182
78216150
78217407
78216452
78216485
78205400
78200484
78218148
78211283
78217410
78216200
78216215
78217428
78201752
78211580
78210468
78210725
78201080
78200029
78200033
78200716
78216735
78210874
78216230
78200003
78205410
78217148
78216441
78216442
78211560
78210717
78206435
78206340
78205635
78205575
78205785
78205790
78210665
78206041
78210670
78206105
78210532
78206360
78216566
78211235
78201518
78205823
78217242
78205510
78201160
78201055
78201034
78200755
78206065
78210286
78216235
78205343
78201406
78210895
78210782
78216744
78206741
78206605
78210538
78210550
78206440
78217383
78210518
78216777
78206015
78206480
78206410
78217004
78216760
78210594
78210324
78211060
78211280
78206158
78216614
78205811
78205750
78205085
78201725
78200295
78210534
78216476
78200795
78211289
78206350
78200498
78201530
78201008
78216785
78206178
78200550
78200480
78201564
78201526
78201418
78201045
78200750
78200069
78205310
78218150
78217468
78200620
78200065
78210530
78210806
78210504
78217008
78218152
78205525
78206545
78205480
78210351
78210440
78210170
78210218
78210190
78210186
78210442
78217660
78217458
78210660
78205225
78205230
78210258
78205235
78210254
78210194
78210052
78200500
78200085
78200090
78200215
78211210
78211215
78211100
78216135
78217269
78217379
78200805
78206615
78200380
78201270
78217284
78216220
78211160
78200205
78211336
78200536
78211562
78200395
78201528
78201350
78200712
78201280
78201110
78201275
78210266
78200622
78211360
78206515
78205640
78200492
78206290
78200430
78205080
78211140
78210495
78210214
78210210
78217169
78201100
78200730
78216693
78216711
78216726
78210808
78210710
78210570
78210855
78217006
78211556
78217012
78216155
78216040
78216600
78216672
78216080
78216285
78216530
78216440
78216310
78216095
78200646
78206164
78206172
78206565
78205630
78205560
78206505
78200325
78201701
78201548
78217600
78216110
78202045
78200305
78206045
78217136
78217081
78216175
78216295
78211245
78217293
78206550
78210536
78200845
78216320
78216210
78216613
78211320
78211248
78201200
78201190
78211125
78206043
78206174
78206640
78200815
78206765
78216795
78218154
78201376
78217462
78210178
78210174
78202230
78205423
78200556
78200475
78205195
78210321
78210198
78210444
78216205
78201392
78210645
78200061
78200155
78210772
78201713
78200310
78200765
78200786
78201220
78200564
78200575
78205385
78205520
78200702
78201020
78211578
78201719
78200300
78217046
78205027
78210004
78216449
78210522
78200680
78201310
78205095
78205048
78206450
78216678
78216675
78206455
78216642
78216503
78217038
78205650
78211070
78210760
78216005
78216010
78216596
78200760
78200073
78206738
78216050
78210315
78217200
78217204
78210766
78217202
78211400
78217194
78217196
78200037
78217198
78211398
78205545
78216563
78206570
78210024
78206585
78200800
78201014
78206075
78216152
78206650
78211135
78206345
78205060
78205033
78205540
78210558
78210764
78206660
78217459
78205670
78210369
78216192
78205720
78210306
78210448
78210602
78210526
78219899
78210327
78210375
78210230
78205006
78210309
78200210
78205405
78216781
78217163
78217178
78217053
78206580
78216015
78210000
78216779
78205430
78206445
78216305
78211270
78210778
78211265
78211260
78211298
78200471
78200493
78217667
78205645
78206870
78211286
78205250
78205375
78210044
78216180
78200077
78200150
78200057
78210126
78216030
78216090
78216280
78200275
78216315
78210360
78210414
78211255
78201240
78217016
78217356
78217010
78211568
78210001
78217278
78206430
78210277
78200554
78200486
78217362
78206425
78216554
78216800
78217254
78210845
78211394
78217251
78200690
78200007
78210715
78210566
78206375
78216185
78206405
78206675
78210390
78201550
78201542
78201365
78201426
78201372
78201520
78200562
78200460
78205485
78205796
78205730
78205680
78210408
78200580
78200455
78205170
78211250
78206095
78217042
78216590
78217044
78217190
78217236
78217560
78217438
78217555
78217441
78217550
78218130
78218135
78202250
78200810
78206020
78210098
78210303
78210432
78206838
78201143
78200494
78206420
78200724
78217662
78200465
78200532
78200570
78210142
78217054
78216569
78211120
78210086
78210090
78200335
78201695
78216548
78200140
78210690
78210780
78205475
78210464
78206060
78200190
78201692
78200410
78200345
78217072
78217138
78217585
78217093
78217450
78211302
78205802
78205760
78216783
78205620
78210458
78210357
78205305
78210354
78210345
78210800
78201097
78200390
78200185
78211572
78211292
78201556
78200704
78216790
78200240
78206560
78211295
78201758
78205440
78206080
78201560
78205260
78205034
78217028
78205350
78216616
78217036
78201050
78200735
78200728
78210232
78205820
78216467
78217444
78217655
78217090
78211328
78200720
78210830
78206747
78201018
78200820
78201002
78200525
78210273
78211396
78217248
78200200
78216518
78200482
78210662
78211356
78210434
78210336
78210016
78210012
78210114
78216663
78210282
78211354
78210226
78201145
78201065
78200013
78205090
78205145
78210082
78210078
78210134
78210820
78210106
78216660
78210812
78210102
78210488
