78464039
78462629
78462693
78460517
78466565
78466564
78460518
78464309
78466039
78464329
78466050
78466046
78460426
78460479
78466610
78466645
78466076
78464222
78464196
78460592
78464128
78460059
78460568
78466082
78460001
78466501
78460053
78460420
78466152
78466153
78464040
78460428
78464208
78464206
78462547
78462580
78460528
78466604
78460598
78462653
78462685
78464030
78460071
78466217
78462065
78462649
78464001
78462589
78466130
78462026
78466126
78462500
78462582
78464339
78464046
78462679
78464075
78464335
78462603
78466612
78466634
78466169
78462543
78460610
78466228
78464248
78466546
78464135
78466665
78466037
78460558
78460541
78462013
78462045
78466224
78460504
78460548
78466606
78460399
78466673
78464073
78460383
78464337
78462689
78462691
78462651
78466074
78460448
78466198
78466167
78462079
78462001
78466157
78462121
78466191
78466061
78466158
78462088
78466044
78460432
78466599
78460525
78466600
78460526
78464071
78460452
78466549
78466232
78466677
78460085
78466222
78464035
78462661
78464050
78460690
78462665
78462611
78464054
78460576
78460087
78462537
78466581
78460530
78462077
78460081
78460389
78462655
78462593
78464027
78466149
78466150
78462597
78466567
78466602
78464139
78460073
78462667
78462613
78464056
78466539
78464244
78464295
78462063
78464171
78464274
78466094
78462520
78462518
78462032
78466006
78464147
78462139
78466012
78462053
78462133
78466555
78464021
78464169
78464279
78462522
78462595
78464351
78460556
78466622
78460587
78466643
78466642
78460588
78460680
78464025
78464044
78464065
78460029
78462159
78466052
78466139
78462516
78460485
78464155
78462640
78462024
78466048
78466163
78466708
78466706
78466704
78466702
78466700
78464315
78464260
78460007
78462599
78462090
78462149
78466240
78464013
78462151
78464240
78462034
78466004
78460543
78460459
78460458
78464130
78464293
78462539
78462663
78462609
78464052
78466147
78466200
78460403
78460089
78460709
78466557
78460405
78460584
78464319
78464228
78466710
78460465
78462642
78462022
78466679
78460682
78462009
78466018
78462514
78460606
78464307
78464291
78466651
78464194
78466617
78466618
78464023
78460487
78460419
78464100
78464175
78464355
78464262
78464176
78464313
78464287
78466145
78466202
78464116
78460430
78466657
78464202
78462005
78462075
78466069
78460013
78466209
78466171
78460570
78462585
78462586
78464173
78464272
78462695
78464019
78460391
78460615
78460473
78460019
78464214
78460696
78466092
78460580
78464042
78460574
78466588
78460385
78464252
78460091
78460415
78466517
78466667
78464327
78466519
78464357
78464210
78462687
78460600
78466614
78464311
78464303
78466080
78464216
78460035
78466592
78462043
78462131
78462028
78466014
78460003
78462645
78466023
78462671
78462007
78466504
78466024
78466072
78462646
78462670
78464118
78464110
78460450
78466649
78462069
78462143
78460011
78460067
78460063
78466553
78464120
78466026
78460539
78464218
78464246
78460077
78466619
78460553
78466620
78460554
78466575
78464343
78466675
78464192
78464345
78466155
78466671
78460613
78460726
78460740
78462545
78462615
78462526
78466100
78466548
78466084
78464017
78466098
78464037
78464038
78460083
78460041
78462524
78466579
78464297
78460572
78462055
78460692
78466681
78462617
78464029
78460477
78460578
78460481
78462528
78460684
78462512
78464067
78464341
78464133
78460688
78460706
78460720
78466655
78464124
78462673
78464323
78464132
78464058
78460017
78464061
78464060
78460695
78460596
78460039
78460700
78462633
78462681
78466112
78460566
78462659
78464048
78460594
78460602
78464353
78464204
78464153
78464289
78462067
78462137
78464254
78466236
78464112
78460752
78460532
78466535
78466028
78464230
78462057
78464301
78464285
78464283
78464167
78464281
78460401
78460454
78464349
78460463
78460462
78460608
78462619
78460395
78462510
78460387
78460075
78464137
78466116
78466226
78460582
78460446
78464003
78460397
78464009
78464033
78464034
78462530
78464151
78460409
78460434
78460522
78462049
78462019
78464157
78462083
78460444
78464063
78464212
78464198
78462041
78462535
78462129
78460025
78466000
78462038
78462534
78460024
78462125
78466031
78466175
78466174
78462124
78466030
78460686
78462017
78462591
78466143
78466204
78462675
78460069
78466063
78464178
78464347
78464126
78466624
78466238
78466647
78462625
78464114
78466193
78460417
78460079
78462511
78466632
78466541
78466161
78464179
78466542
78464270
78466160
78466067
78460562
78464317
78464159
78464305
78462631
78460015
78466114
78460093
78466102
78464258
78462627
78464145
78464200
78462623
78460475
78460483
78460502
78464220
78460438
78464011
78466544
78462030
78466008
78466527
78466141
78466206
78462011
78462635
78466016
78460590
78466640
78460537
78462141
78466010
78466136
78466211
78466523
78460065
78460027
78460022
78460064
78462036
78466002
78466638
78466118
78466636
78460061
78466529
78462504
78462621
78462127
78466020
78466165
78464250
78462677
78462532
78464007
78466626
78462015
78462051
78464005
78462085
78466134
78466213
78460510
78464325
78462541
78460704
78460711
78460698
78464015
78460436
78466669
78466628
78460413
78466177
78460407
78466653
78466521
78462605
78460440
78466096
78460513
78466593
78466594
78460514
78460381
78466551
78460500
78464299
78460442
78462607
78464161
78462683
78460604
78460009
78460411
78460456
78464232
78466110
78466078
78466685
78466687
78466689
78466691
78466693
78466695
78466697
78464256
78460393
78462003
78462081
78466065
78466179
78466195
78466180
78466196
78460005
78460057
78466507
78466506
78460004
78460056
78466577
78466104
78466086
78466106
78466513
78460033
78466515
78460508
78466583
78460471
78464122
78467899
78464226
78466571
78460424
78466597
78460546
78466596
78460037
78466230
78462508
78462059
78462135
78464234
78464242
78462697
78462021
78462061
78466088
78462506
78466569
78464236
78462502
78466659
78466663
78460702
78460713
78464149
78462657
78462601
78466561
78460031
78466124
78466509
78466234
78462047
78464238
78460694
78464165
78464164
78462073
78462147
78460051
78460042
78466537
78460469
78466661
78466511
78466533
78460715
78466590
78460520
78462071
78462145
78466531
78462153
78460422
78460467
78466630
78466041
78464333
78466525
78464224
78466585
78466586
78466132
78466215
78466559
78466108
78466120
78464190
78464277
78464276
78466183
78466219
78466220
78464141
78466090
78462155
78466122
78464143
78460506
78460535
78460534
78466033
78464069
78466573
78460550
78466608
78460564
78460738
78460732
78460728
78460736
78460560
78464331
78460722
78466035
78464321
78460724
78460730
78462157
78460734
