78365178
78365602
78366224
78367054
78367116
78365028
78365150
78368028
78366000
78367120
78365170
78365056
78366076
78365120
78366022
78367006
78367004
78366074
78365130
78365054
78366020
78366270
78366220
78366200
78366292
78365500
78366134
78366102
78365600
78365090
78365078
78365005
78366046
78368098
78366058
78368032
78366120
78368024
78367205
78365180
78365604
78367052
78365064
78366086
78366030
78365108
78365052
78368218
78368144
78365182
78365606
78366226
78367050
78366308
78366282
78365038
78368000
78366050
78366006
78366012
78368072
78368114
78368046
78367020
78365040
78366052
78366008
78367228
78365116
78366028
78365062
78366084
78366082
78366026
78365060
78365118
78365612
78366228
78367048
78365618
78365154
78368242
78365152
78365616
78368140
78368216
78365050
78365048
78368138
78368214
78365614
78366230
78367046
78365620
78366232
78367058
78365508
78365502
78366290
78368084
78368038
78368010
78366110
78366072
78368090
78366284
78366112
78368012
78368036
78366070
78365622
78366244
78367066
78366092
78368004
78366296
78365624
78366246
78367068
78368236
78368234
78365114
78365140
78368020
78366272
78366116
78366062
78366234
78368022
78366060
78366118
78365626
78366248
78367064
78366204
78366250
78367062
78365136
78368228
78365102
78368226
78368150
78365080
78365132
78366016
78365046
78366066
78366064
78366014
78365044
78365134
78367200
78368230
78368030
78366222
78366218
78367210
78368042
78368212
78368074
78368094
78368050
78365007
78365022
78368202
78368120
78368052
78366252
78365110
78365001
78365020
78368060
78368200
78368118
78368070
78368116
78368048
78366018
78366078
78368008
78366306
78367094
78365104
78365066
78366088
78366034
78368058
78368082
78368220
78368102
78368132
78368104
78365106
78368002
78368076
78368044
78368110
78366024
78366294
78366094
78365112
78365058
78368222
78368146
78365506
78365068
78365100
78366122
78366090
78366036
78365096
78366098
78365074
78366042
78365011
78366130
78366128
78366096
78365098
78365072
78366040
78365003
78365076
78366132
78366044
78366100
78365092
78365026
78368130
78368206
78368204
78368054
78365024
78368122
78365174
78365172
78365070
78368224
78368148
78365510
78367215
78366056
78366124
78368096
78368026
78366242
78367000
78366126
78366240
78366264
78367240
78367304
78367258
78367256
78367334
78367336
78367282
78367342
78367318
78367316
78367060
78367088
78367230
78367100
78367102
78367106
78368100
78366068
78368034
78366276
78368018
78366114
78365504
78366300
78366274
78365036
78368136
78368210
78368208
78365034
78368134
78368899
78367018
78367218
78366202
78367014
78366148
78367016
78367220
78366150
78366262
78368014
78366004
78365032
78368016
78365030
78366002
78365042
78365138
78366054
78366010
78365176
78366238
78366280
78366304
78366302
78366278
78366236
78366210
78365512
78367225
78368152
78368112
78367306
78368108
78366080
78368078
78368006
78368040
78366298
78365094
78367288
78366136
78366152
78367302
78367340
78367084
78367112
78367274
78367332
78367024
78367272
78367330
78367022
78367270
78367326
78367264
78367320
78367260
78368232
78367314
78368056
78368092
78368080
78367252
78365610
78368240
78368238
78365608
78368142
78368106
78367250
78367248
78367246
78367010
78366038
78367286
78366154
78367328
78367338
78366216
78366138
78367082
78367110
78367244
78367242
78367262
78367300
78367308
78367322
78365009
78367284
78366156
78366140
78366254
78366214
78367324
78367080
78367108
78366032
78367278
78366158
78366142
78366256
78366212
78367078
78367310
78367280
78366160
78367312
78366144
78366258
78366208
78367076
78367276
78366162
78366146
78366260
78366206
78367032
78367042
78367074
78367038
78367040
78367268
78366164
78367030
78367070
78367072
78367266
78367028
78367086
78367254
78367026
