78897146
78894124
78893462
78896105
78897241
78890199
78892296
78895074
78894619
78895199
78895182
78898303
78895152
78891414
78896094
78896095
78895634
78898286
78898270
78893272
78892473
78894132
78895170
78895056
78893428
78898008
78890212
78892100
78892081
78890239
78897254
78894524
78896254
78896256
78898291
78897168
78892010
78892168
78898103
78898135
78898234
78898299
78898326
78898356
78895610
78894282
78894252
78897116
78896246
78895484
78890174
78893230
78893246
78890338
78895476
78898328
78895269
78895323
78890235
78896199
78890412
78892412
78892376
78898186
78890039
78890145
78890146
78892140
78890349
78893495
78896020
78895042
78897160
78894542
78895193
78891273
78898196
78898295
78891202
78892350
78892418
78892382
78890281
78892358
78892110
78898198
78892136
78893019
78895118
78890442
78890446
78892438
78895174
78895625
78895635
78892460
78893348
78893392
78893422
78894101
78895396
78895497
78892404
78897046
78890302
78893330
78898216
78890226
78897250
78891513
78895499
78895398
78898282
78898266
78890055
78898127
78895317
78892302
78895179
78895098
78895054
78894560
78894610
78894615
78892437
78894134
78890448
78894095
78891493
78891470
78891125
78895250
78895251
78895140
78893284
78894617
78897078
78897144
78897164
78897112
78894584
78898318
78896258
78894012
78892004
78892158
78892090
78892089
78895390
78894031
78890245
78890319
78890332
78890346
78897148
78892122
78896056
78890049
78890100
78890099
78892124
78897211
78893054
78891018
78891046
78891086
78891147
78891194
78891288
78891292
78898024
78895108
78891121
78897244
78890277
78893506
78890115
78892008
78892166
78896099
78890243
78896046
78896078
78896127
78896067
78892261
78892346
78892422
78892386
78892242
78894532
78894377
78894330
78898020
78894365
78892247
78892360
78893292
78891126
78890456
78894358
78894357
78894038
78894039
78890001
78894085
78890168
78896001
78890167
78896147
78890248
78890247
78890292
78890426
78890425
78890429
78890428
78895123
78895031
78895105
78895047
78895091
78895061
78894136
78891474
78894286
78895012
78894409
78894520
78892298
78893050
78891012
78891042
78891082
78891153
78891200
78891286
78896037
78898354
78891523
78898053
78893340
78896026
78896134
78890187
78890188
78890126
78890125
78891138
78891139
78891104
78891105
78891539
78891538
78893458
78890119
78891159
78898322
78894023
78892022
78892151
78895128
78891504
78891458
78898107
78898252
78895360
78894138
78894122
78895392
78895486
78891217
78897150
78894233
78894340
78893058
78898010
78892356
78894140
78894120
78892138
78897238
78895096
78897223
78897232
78890435
78891016
78894010
78898026
78891404
78895084
78895000
78895040
78891521
78890460
78890461
78893496
78895014
78891476
78890265
78890045
78891284
78891241
78897186
78894367
78892000
78894014
78890008
78890159
78890158
78890157
78890200
78890263
78895010
78896058
78895504
78894078
78894142
78894118
78896060
78890256
78894529
78898002
78894420
78893168
78891400
78894405
78894605
78894080
78896011
78897237
78896065
78893288
78897050
78890014
78890183
78891128
78896123
78893150
78893126
78893120
78891102
78896107
78898200
78893010
78893156
78893460
78893252
78893194
78892294
78890067
78891004
78893092
78893130
78893477
78893084
78893108
78892292
78898348
78895385
78895020
78893479
78890317
78890336
78891487
78897190
78892092
78898180
78893464
78897209
78897243
78893250
78898137
78892442
78892340
78894363
78894348
78892400
78892394
78892112
78892240
78892075
78892270
78894033
78892120
78894047
78892030
78898044
78898164
78898143
78894174
78894248
78894221
78894195
78894270
78894202
78895652
78890063
78891022
78893094
78893128
78897251
78895502
78890057
78890096
78890097
78891209
78891224
78891260
78891332
78892188
78893016
78891495
78891468
78890410
78893282
78892480
78890452
78898301
78898050
78890355
78890010
78891186
78896069
78895022
78898184
78893276
78892476
78896151
78892304
78890237
78894353
78894352
78894040
78894041
78894083
78894082
78896003
78896002
78896145
78896144
78890469
78897152
78891339
78891517
78890408
78898036
78897110
78898004
78894604
78895271
78895172
78892149
78892032
78890030
78890154
78890155
78890210
78890275
78894170
78890113
78891211
78891222
78891258
78891327
78891118
78895044
78898145
78895319
78895488
78893510
78893338
78891412
78893366
78897154
78893008
78893254
78893192
78893158
78890477
78896044
78896076
78893442
78893372
78897114
78895454
78895491
78895492
78895452
78893444
78893370
78892147
78894393
78894563
78894445
78892087
78895088
78894575
78895002
78893248
78894559
78894441
78890020
78895034
78895508
78896018
78897076
78897034
78897040
78896159
78892162
78893294
78893266
78897188
78890172
78895070
78897014
78896022
78893082
78893106
78891052
78891092
78891132
78891302
78897142
78893515
78893346
78893394
78893420
78890439
78890400
78896161
78897172
78892408
78892372
78898139
78895052
78895004
78894397
78894398
78894508
78894507
78891143
78891111
78896155
78897192
78898182
78897239
78898016
78894017
78894016
78892016
78892002
78892155
78892156
78892184
78892183
78896196
78892470
78893027
78890402
78890306
78890433
78891141
78891109
78891198
78898320
78895383
78890418
78890079
78893034
78893076
78893142
78893234
78896097
78894176
78894254
78894219
78892406
78892434
78891264
78896048
78896080
78891528
78895255
78895304
78890330
78890321
78898109
78898236
78898147
78898210
78898148
78898170
78898000
78894579
78893278
78892478
78897140
78897242
78892402
78892392
78898014
78895156
78894284
78891416
78896198
78890474
78894369
78890051
78892177
78891499
78891464
78896050
78896082
78896116
78894059
78891510
78891408
78890444
78893102
78891050
78891049
78891090
78891134
78891190
78891298
78894607
78894004
78892286
78892195
78895196
78893416
78893398
78893166
78893270
78892454
78893450
78893182
78893268
78890269
78895008
78895420
78895408
78895373
78894522
78897010
78897060
78897056
78897024
78892274
78890472
78891488
78898034
78898240
78898293
78898218
78890463
78891536
78894146
78894116
78898055
78895162
78895178
78897170
78894349
78894162
78894231
78895154
78893112
78893532
78893493
78891100
78892094
78892079
78895393
78895362
78894597
78895602
78895604
78895263
78895321
78890130
78891074
78893114
78893530
78893410
78894407
78894557
78894500
78894439
78894536
78895350
78898084
78898085
78897066
78896250
78895300
78895600
78895371
78897230
78898260
78898204
78898280
78898254
78897253
78892077
78892076
78892144
78892145
78890035
78890034
78890151
78890152
78890149
78890148
78890214
78890283
78890284
78891245
78891250
78891290
78891490
78891491
78891471
78891472
78894587
78894526
78894588
78894527
78894418
78891475
78897006
78897217
78895259
78893362
78893376
78893438
78897245
78895173
78895175
78895104
78895106
78895048
78895046
78894550
78894437
78894551
78894051
78894025
78898276
78897070
78897162
78897071
78895629
78892471
78898202
78898212
78897207
78897247
78896118
78896101
78895160
78895180
78898162
78892160
78897252
78894371
78894342
78892201
78891524
78898123
78890450
78895058
78897204
78897258
78897205
78897235
78896157
78894410
78894567
78895013
78894449
78898226
78890471
78891182
78891243
78890342
78890311
78890310
78890343
78891479
78891454
78891456
78891237
78894008
78892006
78892164
78892284
78896240
78897221
78895191
78890069
78891002
78893048
78891008
78891040
78891080
78891163
78894395
78894561
78894443
78890228
78890229
78894595
78895094
78894611
78890261
78898057
78895144
78890073
78893040
78892370
78898052
78893002
78893162
78893456
78893262
78893188
78898088
78898089
78898092
78898093
78898079
78894534
78893000
78893164
78893452
78893264
78893184
78894400
78897012
78898154
78895265
78891402
78894540
78894555
78894413
78894609
78893286
78895630
78896103
78896252
78898131
78898188
78893060
78890208
78893274
78892475
78894577
78890206
78890267
78898242
78894602
78898018
78894006
78894144
78894114
78891296
78891024
78895120
78897068
78897052
78890347
78894180
78897122
78890479
78890028
78895273
78895620
78897064
78893513
78890022
78896092
78894148
78894112
78893238
78892280
78891483
78898099
78898152
78898222
78890137
78891034
78891060
78890437
78894027
78892024
78892130
78893154
78893360
78893378
78893436
78898289
78891280
78891235
78891277
78891254
78892436
78894183
78894182
78894187
78894260
78894210
78893056
78893099
78891020
78891048
78891088
78891136
78891192
78891294
78898133
78898150
78890414
78893004
78893260
78893190
78893160
78898194
78894103
78896035
78896032
78896033
78896130
78896030
78895261
78895607
78894087
78890016
78890075
78893038
78893078
78893140
78893232
78898012
78898190
78892181
78891304
78890081
78893032
78893074
78893144
78893236
78890482
78897200
78890204
78897120
78892098
78898224
78897202
78894150
78894334
78893014
78897234
78892186
78898334
78898340
78894373
78894336
78893244
78890071
78893042
78891000
78893090
78893080
78893132
78894599
78892085
78891262
78891325
78891271
78891322
78897022
78897082
78897124
78897156
78897174
78897225
78897080
78897036
78892306
78896153
78892362
78891266
78890128
78891076
78890059
78890094
78890093
78892190
78893364
78893374
78893440
78893358
78893380
78893434
78897219
78891117
78895608
78893180
78895623
78893280
78895400
78892458
78890105
78890215
78891171
78896109
78896163
78891180
78896110
78890220
78892132
78890043
78890102
78890103
78897256
78891508
78898046
78890404
78890406
78890416
78898178
78894350
78894043
78894091
78896013
78896142
78890224
78896190
78898129
78895253
78894338
78892432
78890012
78895076
78890458
78893336
78893402
78893412
78893481
78891300
78894172
78894246
78894223
78898192
78894061
78893186
78892455
78890454
78894191
78894266
78894206
78896244
78891512
78892207
78893497
78893498
78893023
78893104
78893070
78893062
78893505
78895370
78893478
78891252
78894152
78894154
78894049
78891506
78890420
78890421
78891515
78894057
78892462
78890467
78896071
78896072
78896015
78896016
78890178
78890179
78890135
78890134
78891036
78891070
78891062
78893118
78893525
78893526
78893503
78893502
78895645
78895134
78895627
78890431
78896007
78890441
78890423
78894582
78894185
78894258
78894212
78893414
78893400
78894189
78894262
78894208
78898172
78892352
78892416
78892380
78894553
78895080
78895068
78894571
78898031
78896138
78894089
78892450
78893148
78891123
78893110
78891130
78891310
78891054
78891094
78893109
78893086
78893006
78892175
78895314
78892245
78892244
78892192
78892193
78890085
78893044
78891006
78890090
78891038
78891078
78891165
78890091
78891204
78891205
78891231
78891230
78891269
78891268
78891323
78891324
78894076
78893036
78897030
78898156
78898125
78895377
78897062
78897016
78897020
78893486
78898141
78890111
78891213
78891220
78891256
78891329
78895165
78895166
78895122
78895124
78895032
78895030
78894433
78894422
78894545
78894544
78898324
78898360
78894178
78894256
78894214
78895275
78895078
78896242
78894074
78898244
78895306
78890185
78892104
78893242
78893152
78892173
78891119
78895050
78894168
78894244
78894225
78895310
78895072
78897028
78894093
78890132
78891072
78893116
78898330
78891529
78895318
78895379
78893256
78892479
78895605
78896042
78896074
78896129
78891531
78895110
78890192
78890109
78891215
78897255
78891481
78891477
78894053
78897182
78891500
78891462
78897073
78898082
78898077
78897074
78898174
78897213
78894029
78892026
78892128
78890484
78894156
78898168
78898048
78898095
78890241
78890123
78891155
78890198
78890202
78898350
78894503
78896112
78893475
78895100
78890231
78896192
78897048
78894332
78891308
78891151
78891115
78898230
78898111
78898112
78898121
78898113
78898120
78898028
78895016
78897193
78893100
78893342
78895632
78891452
78893491
78893490
78890121
78891157
78890480
78897166
78892108
78895126
78895158
78895130
78895024
78894415
78894539
78898358
78893052
78891014
78891044
78891084
78891149
78891196
78891282
78891239
78894590
78892430
78892428
78895622
78891410
78890141
78891030
78891056
78895132
78891010
78890065
78892466
78893012
78893025
78894530
78898262
78898342
78898312
78894110
78896040
78894070
78894067
78894000
78890026
78892012
78892170
78890083
78892171
78893030
78892300
78893029
78893072
78893146
78893240
78890279
78892126
78892106
78895028
78893356
78893382
78893432
78894537
78892278
78892205
78894019
78892018
78892142
78890233
78896194
78893344
78893396
78893418
78896090
78891330
78891169
78892272
78892203
78895478
78894585
78893290
78892468
78898030
78890271
78891226
78891485
78891336
78894361
78894360
78894036
78894035
78890004
78890003
78890161
78890162
78890165
78890164
78890259
78890258
78894391
78894390
78894447
78894448
78894565
78894566
78895186
78895187
78895190
78895092
78895090
78895062
78895060
78894569
78894592
78892014
78890288
78890290
78893046
78890194
78891406
78895480
78895506
78895394
78890465
78894501
78894600
78897184
78892410
78892374
78898061
78891338
78894594
78893258
78892472
78891233
78890304
78891275
78894045
78894160
78894159
78894580
78894518
78894510
78893476
78893528
78891320
78891107
78893472
78893521
78895320
78894240
78898307
78898352
78898284
78898268
78893474
78893523
78891535
78898288
78898272
78891334
78896125
78898309
78898310
78895138
78894264
78896120
78896121
78898263
78894242
78898238
78898297
78895142
78898274
78893531
78898305
78892348
78892420
78892384
78893354
78893384
78893430
78895628
78896009
78895302
78895312
78898067
78894065
78897038
78890313
78895184
78895198
78892342
78892426
78892390
78897004
78898176
78895169
78895114
78895038
78894435
78895624
78896140
78890077
78894021
78892020
78892153
78898332
78894217
78894216
78891497
78891466
78890250
78895026
78895267
78890181
78898899
78894505
78890273
78894229
78894164
78895036
78890006
78893334
78898362
78891207
78894193
78894268
78894204
78897054
78897026
78896136
78894158
78890018
78897215
78897198
78890353
78893508
78896260
78896054
78892344
78892424
78892388
78898071
78895316
78895257
78895164
78895176
78892102
78892083
78892464
78890252
78892199
78892282
78892251
78892267
78892257
78892255
78892265
78892349
78892269
78892259
78892249
78892263
78892290
78890107
78898032
78890351
78892197
78891489
78893018
78898006
78898063
78890176
78893424
78893390
78895136
78895018
78894411
78894515
78898073
78890300
78893511
78894346
78898250
78898264
78891124
78893454
78893386
78893350
78892276
78893021
78894280
78894272
78894200
78894197
78894130
78896052
78896084
78896114
78896248
78894072
78897196
78893352
78893388
78893426
78898158
78895194
78892288
78896062
78896063
78896005
78894097
78890032
78890170
78890061
78890143
78891027
78891026
78893096
78893097
78893124
78893483
78893484
78898080
78898075
78898228
78898166
78898246
78898346
78898316
78892134
78891526
78898220
78894375
78890139
78891032
78891058
78893122
78893470
78893520
78898022
78890357
78893332
78897032
78897042
78898160
78890470
78894227
78894166
78897118
78895102
78898040
78897044
78898232
78890315
78895404
78897000
78892253
78892414
78892378
78892354
78898027
78895066
78892096
78894512
78894402
78894513
78894403
78890053
78892179
78891167
78894517
78895482
78898214
78890254
78894355
78890286
78894055
78898105
78898101
78898097
78898059
78895064
78895651
78895406
78890222
78895150
78895112
78895168
78895086
78898248
78897194
78895116
78895082
78898042
78897002
78898065
78891184
78892028
78891502
78891460
78894573
78894063
78890190
78892457
78891188
78891145
78891113
78898038
78897008
78895308
78894099
78896024
78896132
78893524
78891514
78896149
78890196
78890117
78891161
78890024
78898069
78894002
78891228
78894250
78894613
78898314
78898344
78895006
78890334
78894344
78895450
78895474
78898364
78898365
78896086
78891306
78895422
78895430
78895444
78895387
78893500
78891440
78891430
78895434
78891450
78891129
78891480
78895448
78895446
78895436
78895424
78895426
78895442
78895428
78895456
78895438
78896088
78895375
78895389
78895440
78895432
78895381
