78302516
78303656
78305153
78304294
78302585
78301073
78306024
78307530
78307559
78300142
78300222
78302508
78302181
78301087
78303045
78307028
78307505
78307100
78300031
78304076
78306124
78306102
78304116
78307192
78306048
78307500
78300240
78307002
78306002
78301002
78306056
78307219
78307218
78307512
78301535
78305209
78306229
78307249
78306525
78307490
78307150
78307106
78307223
78307221
78306155
78305034
78300114
78306112
78301512
78302030
78302070
78304150
78302199
78304036
78302122
78300236
78300085
78301504
78301079
78307030
78306086
78300098
78300009
78305102
78305047
78300162
78300100
78300007
78305106
78305038
78300160
78302024
78302076
78304102
78302185
78304008
78302108
78305008
78303057
78305179
78302615
78302560
78307535
78307561
78305189
78305006
78300106
78300003
78305114
78305030
78300154
78302006
78302082
78302106
78305010
78304012
78304104
78302183
78303055
78307225
78304136
78306142
78305051
78304170
78303500
78300060
78300055
78307034
78306018
78304006
78302611
78303658
78303677
78304305
78305155
78307508
78307507
78303546
78300134
78302144
78301069
78300230
78303540
78307541
78300102
78300005
78305110
78305032
78300156
78301516
78301526
78301500
78300186
78302550
78306495
78300174
78306028
78300011
78306157
78300200
78305055
78305100
78300095
78300096
78300064
78300138
78302150
78301081
78300226
78307060
78302590
78303087
78303662
78303685
78304303
78305157
78307204
78300183
78302584
78302568
78307202
78303524
78302506
78307194
78307551
78307230
78307229
78302556
78307238
78300120
78303020
78302078
78302621
78307232
78302564
78301032
78301108
78302140
78303646
78303707
78305108
78305201
78307112
78306512
78307532
78305181
78307246
78307534
78307240
78301528
78304042
78301508
78300087
78301042
78307557
78303536
78307545
78303660
78303687
78304301
78305159
78302513
78300116
78302064
78301004
78301024
78301114
78302134
78303673
78305191
78307124
78307136
78307198
78302004
78302084
78302104
78305012
78304106
78304002
78302174
78302175
78307070
78303022
78306171
78306098
78306167
78303711
78304299
78305161
78301044
78307040
78306082
78300033
78304114
78304070
78306116
78302213
78300204
78300168
78306176
78306089
78307026
78300091
78306161
78306032
78300214
78306040
78305234
78306122
78306096
78305163
78303655
78307555
78307242
78307244
78301048
78306062
78303534
78303530
78300242
78307004
78306008
78304024
78300039
78306036
78307052
78301036
78301089
78301090
78307038
78306068
78305173
78300112
78302058
78301006
78302008
78302074
78304100
78302189
78304032
78302114
78304026
78300041
78306026
78307048
78303671
78304297
78305165
78301522
78307514
78307200
78307543
78302613
78302577
78302579
78302619
78302596
78301063
78302558
78304050
78301550
78300053
78307036
78306020
78304010
78303030
78303679
78304295
78307044
78306078
78302598
78300072
78307018
78306004
78302018
78302605
78303689
78304293
78304307
78300244
78301055
78301056
78307190
78301554
78301555
78301530
78301531
78301556
78301532
78302600
78302601
78303059
78300108
78300001
78300152
78302000
78302088
78302100
78302170
78304110
78304018
78305003
78305118
78305004
78305119
78307206
78303016
78303693
78304291
78307553
78307208
78307210
78303049
78307212
78302586
78307110
78306110
78306034
78300076
78307014
78302022
78300136
78302148
78301071
78300228
78304210
78304211
78303034
78302142
78304068
78304202
78303036
78307539
78307538
78301510
78307102
78303512
78300110
78302052
78301008
78303665
78303664
78307042
78306080
78300118
78303018
78302072
78300158
78300074
78307016
78302020
78300122
78302116
78302080
78306044
78300089
78306163
78306038
78300216
78306169
78306100
78300126
78300130
78302120
78302092
78300234
78301506
78306118
78302032
78302068
78302124
78304186
78304038
78304152
78302207
78300104
78301517
78302211
78300206
78300166
78300146
78302179
78300218
78300093
78306159
78306030
78300212
78300025
78306130
78304126
78304082
78307524
78303701
78304289
78303037
78304052
78303014
78303709
78304287
78305044
78306147
78306146
78305045
78305000
78300013
78304145
78305001
78305207
78304185
78305500
78305230
78302617
78303603
78303602
78306054
78303061
78304132
78300015
78303719
78304285
78303539
78302588
78304308
78303544
78302552
78307006
78306014
78300066
78307024
78306010
78302016
78305510
78304315
78300035
78304112
78304020
78306058
78307214
78302607
78303514
78304022
78300037
78302570
78306046
78302500
78304138
78306144
78305049
78304172
78301038
78300132
78300232
78302128
78302094
78301067
78301040
78306060
78300068
78301061
78301018
78302530
78302190
78307216
78300148
78304309
78303666
78302589
78302520
78307536
78302141
78303024
78303071
78303725
78304283
78306175
78306092
78306052
78303542
78300083
78300238
78307000
78306000
78301000
78303667
78303083
78304000
78302010
78303532
78304054
78304296
78306120
78301096
78303648
78303691
78303508
78307135
78303073
78304281
78300172
78302562
78301098
78303613
78303683
78305199
78307108
78307120
78302603
78301518
78302012
78300062
78307032
78306012
78304004
78300150
78302177
78300210
78306084
78300208
78300164
78302203
78303000
78302062
78303075
78304279
78304040
78302594
78303041
78303040
78301050
78307526
78304044
78305232
78302205
78307518
78300078
78307010
78302026
78301046
78307528
78307104
78302034
78302066
78303026
78302209
78302132
78304074
78304154
78304182
78300051
78306022
78304014
78307046
78301514
78307058
78307234
78307227
78307511
78307549
78301065
78303538
78302510
78302572
78302573
78302581
78302582
78303077
78304277
78302566
78301110
78302136
78303695
78305193
78306514
78307132
78301039
78304275
78307056
78302060
78302038
78302138
78304072
78304156
78304194
78300029
78304078
78306126
78306104
78304120
78303012
78303069
78300180
78302592
78303526
78300023
78306132
78304128
78302609
78302002
78302086
78302102
78305147
78304016
78304108
78305014
78302172
78307563
78307899
78307510
78301075
78307020
78306016
78301502
78302575
78300124
78302118
78302090
78300070
78307022
78306006
78302014
78300140
78300224
78302187
78302152
78301085
78301106
78302146
78303611
78303717
78305195
78306510
78307126
78307516
78301102
78303617
78303675
78303510
78305197
78306508
78307122
78302554
78307114
78301520
78302215
78300202
78300170
78307236
78302050
78303004
78307008
78302028
78301010
78303628
78300081
78303627
78300080
78307502
78307503
78306114
78303548
78307116
78307547
78301026
78301112
78302130
78303644
78303681
78305112
78305203
78307050
78306516
78307134
78307522
78307567
78304048
78307520
78301022
78301116
78302126
78303032
78303623
78303669
78303516
78305116
78305205
78307062
78306518
78307130
78307138
78307196
78304241
78300019
78306223
78306136
78304130
78306165
78306050
78306215
78304134
78306140
78305053
78300027
78306128
78304124
78304080
78306211
78306210
78303528
78304243
78306173
78306094
78306042
78304046
78307565
78303094
78303093
78303028
78304146
78304144
78305018
78301094
78303615
78303697
78305169
78306506
78307140
78304028
78305167
78302040
78301092
78303650
78303705
78303506
78305187
78306504
78300220
78304030
78302518
78302514
78302512
78303619
78303715
78303522
78305171
78301091
78304034
78306076
78302042
78304056
78303609
78303721
78303504
78305185
78306106
78302112
78302201
78301095
78301100
78303699
78303520
78306502
78302110
78302044
78304058
78307012
78301524
78303063
78301118
78303607
78303703
78303502
78305183
78306064
78303636
78304188
78305182
78301099
78303065
78303067
78301104
78303621
78303713
78303518
78305175
78301103
78302036
78303079
78303723
78303605
78304190
78303085
78303081
78303625
78303727
78305177
78306088
78305162
78303006
78304118
78303089
78303091
78303600
78304196
78304200
78303096
78303632
78306074
78305158
78302056
78304122
78303630
78301012
78307003
78304223
78304224
78304219
78304215
78304204
78303634
78305151
78306072
78301014
78307011
78302046
78303002
78302054
78304066
78304225
78304229
78304233
78304237
78305149
78306070
78307007
78306066
78304064
78304249
78304247
78304239
78303638
78300021
78306221
78303008
78302048
78304253
78304062
78304060
78303640
78300017
78306134
78306177
78301020
78304255
78304261
78304257
78300045
78305031
78303038
78303642
78306138
78304103
78304265
78304267
78303010
78303652
78300235
78306213
78301025
78304269
78304271
78303654
78304227
78304251
78304263
78301028
78306217
78304273
78304221
78304259
78301030
78306219
78301077
78304184
78304174
78304142
78305042
78306149
78304198
78304231
78301034
78307054
78301083
78303043
78304176
78304148
78304192
78305040
78304217
78306151
78304245
78302191
78304178
78304235
78306153
78305036
78300223
78302193
78300144
78304180
78304213
78307064
78302195
78302502
78304208
78302197
78302504
78304206
78300047
78304140
78305122
78304143
78305028
78305026
78305024
78305022
78305020
78300049
78303047
78305145
78305016
78305143
78306500
78305141
78305139
78305137
78305135
78305133
78305131
78307119
78305105
78305129
78305127
78305125
78305123
78305121
78307118
78300043
78303051
78307128
78303053
