68928295
68926012
68933000
68927116
68927203
68928250
68928340
68925302
68925314
68929802
68930274
68930275
68930276
68930280
68930278
68930279
68930414
68930286
68930287
68930288
68930277
68930281
68930284
68930285
68930282
68930283
68930407
68928253
68925189
68927444
68927290
68928145
68925220
68925055
68927326
68926052
68928087
68927347
68927411
68927113
68927338
68927018
68933006
68928337
68927332
68927248
68927284
68927360
68926048
68930335
68930341
68930250
68930321
68930333
68930408
68930324
68930328
68930332
68930334
68930361
68930354
68930251
68930255
68930268
68930309
68930318
68930343
68930344
68930345
68930346
68930357
68930355
68930358
68930409
68930360
68925099
68927075
68925174
68925221
68927060
68930297
68930263
68930353
68930410
68925126
68928298
68926016
68933005
68926102
68929510
68933001
68925025
68925028
68925031
68928343
68926056
68927012
68927272
68925310
68928313
68928406
68928410
68930003
68925165
68927296
68928316
68928078
68927441
68928301
68926020
68933010
68927245
68927242
68926142
68928142
68929504
68929605
68925040
68925073
68925118
68928319
68925111
68928184
68928051
68925219
68929544
68928036
68929808
68925090
68925123
68927003
68926060
68926000
68928244
68925183
68927233
68925162
68928322
68928021
68927414
68930311
68930322
68930254
68930269
68930289
68930296
68930310
68930415
68930320
68930323
68930317
68930262
68930264
68929801
68928259
68928304
68933015
68926013
68926178
68926146
68926174
68926170
68926166
68926162
68926163
68926182
68926138
68926134
68926130
68926126
68926122
68926118
68926114
68926110
68926106
68926098
68926186
68926190
68926194
68926198
68926202
68926206
68926210
68926158
68926154
68926150
68930005
68930002
68928160
68927278
68927206
68925294
68928072
68929512
68929813
68930006
68930000
68929548
68928027
68929805
68929800
68929540
68929815
68933007
68925231
68928084
68928280
68929500
68929600
68926021
68925322
68925326
68925330
68925334
68925338
68925342
68928042
68929601
68927084
68925043
68925046
68927236
68929604
68925192
68927447
68927293
68928181
68926017
68926355
68925237
68929576
68927087
68925067
68930001
68928130
68928093
68927006
68928151
68927102
68928105
68929602
68927269
68928039
68928271
68927021
68928108
68925105
68928193
68928057
68925225
68928111
68926385
68926325
68926335
68926310
68928169
68926044
68925129
68928166
68928006
68925210
68925132
68928114
68928346
68928238
68925013
68925016
68925019
68928292
68925243
68929568
68928334
68928075
68926068
68928178
68925274
68927215
68929803
68925096
68927093
68925138
68927096
68926036
68925114
68925120
68925216
68928175
68928048
68927119
68927341
68925290
68928229
68928096
68928069
68930253
68930256
68930257
68930416
68930261
68930270
68930265
68930267
68930291
68930292
68930293
68930294
68930295
68930300
68930301
68930298
68930307
68930303
68930304
68930305
68930306
68930308
68930314
68930312
68930315
68930316
68930417
68930336
68930337
68930325
68930326
68930327
68930338
68930339
68930340
68930418
68930313
68930342
68930352
68930351
68930350
68930349
68930348
68930347
68930299
68930404
68930403
68930402
68930401
68930400
68930399
68930397
68930398
68930406
68930396
68930395
68930387
68930388
68930389
68930390
68930394
68930393
68930392
68930391
68930319
68930386
68930385
68930383
68930384
68930382
68930381
68930380
68930379
68930362
68930411
68930378
68930377
68930366
68930365
68930376
68930364
68930363
68930372
68930373
68930419
68930374
68930375
68930367
68930369
68930371
68930368
68930370
68930356
68930329
68930330
68930331
68926084
68926090
68926072
68928199
68927408
68928226
68927384
68928190
68927387
68927390
68927375
68927393
68927396
68927372
68927378
68928202
68927405
68928205
68927402
68928208
68927399
68927218
68928211
68927450
68927369
68927381
68928217
68927453
68928220
68927456
68928223
68927459
68928117
68925070
68929508
68925135
68925093
68933008
68928268
68925298
68925262
68927432
68927350
68926004
68926094
68926064
68927329
68927257
68927221
68926080
68928349
68928265
68925282
68925266
68925171
68927000
68928325
68927438
68928099
68927299
68925286
68926040
68926028
68925223
68927063
68927122
68927254
68928090
68928120
68925144
68928133
68928009
68925207
68927260
68927066
68929812
68926032
68929811
68929516
68925318
68929524
68929814
68928262
68927353
68925234
68928003
68927314
68928066
68927099
68928247
68927090
68927363
68927287
68927125
68928274
68925278
68927110
68925240
68929564
68928232
68928063
68929603
68926076
68925147
68928163
68928012
68925204
68925150
68927027
68925102
68927194
68925180
68925177
68926300
68927134
68926214
68927230
68927251
68927344
68926340
68925250
68925254
68925258
68928139
68927009
68928033
68929556
68929807
68928172
68928045
68925270
68926008
68926024
68926361
68927224
68926395
68925153
68928148
68928015
68925201
68925156
68925058
68925061
68926320
68926305
68926345
68926370
68926315
68926330
68933002
68926405
68926390
68926380
68926350
68926360
68926365
68926375
68926400
68928241
68928307
68928018
68925198
68925159
68927320
68928393
68928328
68928396
68928399
68928408
68928331
68928401
68928404
68925076
68928196
68928060
68925228
68925079
68933004
68928283
68928286
68928289
68929560
68929809
68928235
68927417
68927426
68929528
68929810
68928187
68928054
68925004
68925007
68925010
68927227
68927015
68925001
68927078
68927263
68930290
68928136
68928081
68925306
68925064
68927069
68927128
68927057
68929572
68928030
68929806
68929532
68928256
68925168
68927366
68927239
68925186
68929520
68929552
68928024
68929804
68928214
68927072
68927266
68928277
68930004
68925195
68928000
68927435
68927302
68928157
68927209
68927420
68927275
68927323
68929536
68930252
68930272
68930273
68930258
68930259
68930260
68930271
68928310
68927305
68927167
68927054
68927137
68927164
68927140
68927161
68927423
68927143
68927158
68928154
68927146
68925022
68927212
68927131
68927051
68925213
68925141
68927281
68927081
68927197
68927200
68927149
68927152
68927335
68927024
68927155
68927191
68927308
68927188
68927185
68927182
68927179
68927311
68927429
68927176
68927030
68925034
68925037
68925049
68925052
68927033
68927036
68930412
68930413
68927039
68927042
68925222
68925108
68927173
68927045
68927170
68927048
