17807804
17808650
17808284
17808264
17805028
17803490
17808362
17806082
17800043
17808438
17800194
17800354
17808022
17808864
17805068
17808852
17805410
17805362
17802218
17800394
17808876
17808892
17805442
17803442
17803462
17802222
17802040
17802022
17806022
17808062
17803260
17808666
17806030
17805066
17808642
17805032
17802244
17800558
17800542
17800606
17808010
17806028
17808370
17808420
17800023
17800140
17808268
17808246
17808576
17808240
17808804
17808094
17805310
17808696
17800532
17802124
17808572
17800049
17803092
17806604
17805402
17803124
17803136
17800374
17800426
17800380
17808012
17808662
17808234
17800316
17802250
17802240
17808672
17802208
17802224
17808448
17800400
17800184
17805206
17800490
17800520
17800474
17800482
17805000
17800502
17800037
17800514
17805046
17805380
17805370
17805364
17803472
17805352
17803480
17808682
17808416
17808810
17802204
17806026
17800011
17800130
17808322
17800112
17800708
17806048
17803132
17803120
17805014
17805002
17803142
17803108
17803202
17800035
17800492
17800504
17800510
17800522
17808664
17808214
17802116
17802252
17802238
17800178
17805246
17803192
17800496
17805444
17800182
17803084
17803058
17808436
17808242
17803002
17808634
17808328
17805038
17808652
17800594
17800580
17800578
17808082
17803042
17803062
17800308
17805406
17808330
17808232
17802030
17803028
17803030
17803086
17803090
17802012
17802026
17803040
17803060
17808352
17802144
17808336
17805252
17805386
17802010
17802024
17802006
17800574
17806008
17808622
17808598
17803112
17808382
17803430
17808210
17806020
17806200
17806090
17806050
17806086
17808446
17800314
17808204
17805358
17806074
17806006
17808270
17808248
17803198
17806202
17800356
17800192
17806000
17808626
17802192
17805408
17800160
17800120
17808412
17808458
17808460
17808344
17808350
17800061
17805042
17803204
17808212
17805226
17800460
17800456
17800540
17800530
17806052
17806054
17806056
17806058
17806060
17806062
17806070
17803482
17808610
17808364
17802110
17802104
17805340
17800001
17800080
17800098
17800076
17800017
17800134
17808342
17800013
17800132
17808324
17808360
17805412
17805432
17803256
17808676
17800714
17808556
17808088
17806046
17800724
17808356
17808338
17802128
17808386
17802254
17802236
17803246
17808230
17808800
17802256
17802234
17805202
17805382
17803248
17808090
17806608
17803454
17802164
17802140
17802130
17800092
17803254
17808466
17808884
17808806
17800722
17808442
17803032
17808680
17806012
17808674
17800302
17803024
17808388
17808042
17805338
17805062
17808050
17808602
17808262
17808066
17800053
17800306
17806078
17807800
17806072
17808606
17800019
17808414
17800136
17808628
17808688
17808226
17808620
17800362
17808372
17803210
17803222
17803230
17803208
17800005
17800074
17800100
17800082
17803196
17808646
17800041
17800442
17800546
17800550
17802266
17802230
17802226
17808334
17805416
17803422
17800190
17808580
17808552
17803486
17805500
17805456
17808574
17803426
17800576
17800350
17800372
17800214
17807808
17808250
17803410
17805396
17803424
17808874
17808624
17808686
17808582
17808554
17803408
17803244
17802166
17808702
17803496
17802264
17800300
17803134
17803122
17803444
17800382
17805418
17805440
17805044
17802190
17808616
17802188
17803258
17802114
17800706
17808636
17800424
17803102
17805020
17803150
17803148
17800051
17803456
17805300
17805342
17805262
17800059
17808422
17803458
17806208
17800210
17802206
17805254
17805354
17805452
17803036
17800448
17800468
17800480
17806034
17808024
17808048
17802038
17805388
17803440
17803466
17803470
17803236
17803400
17803420
17808044
17805398
17805024
17803098
17806036
17803234
17803220
17803212
17800039
17800472
17800544
17800444
17808202
17800410
17808026
17802000
17805010
17803110
17805008
17803242
17805356
17802036
17805400
17803022
17803116
17803072
17800138
17800021
17803404
17808086
17806606
17808096
17803450
17803446
17806084
17808100
17808102
17800392
17803252
17803250
17806220
17806210
17808238
17800031
17805232
17802260
17803106
17803144
17805016
17803184
17805004
17802262
17808080
17808074
17800055
17800398
17808450
17803172
17803180
17803140
17802122
17800015
17803488
17805208
17803162
17803170
17803186
17803190
17803232
17803194
17808098
17800170
17800166
17800390
17802258
17803434
17806038
17808354
17808462
17808456
17808410
17800602
17806080
17808006
17805394
17808432
17800094
17808812
17808564
17808228
17808684
17808866
17802212
17800312
17800396
17800358
17800180
17808064
17806014
17807802
17806016
17805012
17802002
17802014
17805006
17802020
17800003
17808862
17803464
17808558
17808366
17808562
17800432
17800454
17800462
17800524
17800512
17808898
17806600
17800612
17800590
17800582
17803432
17800188
17805040
17800556
17803494
17808704
17808698
17808454
17805392
17805434
17805448
17805390
17805454
17805430
17805384
17808614
17805258
17808070
17806206
17800450
17800466
17800500
17800498
17803010
17803020
17803206
17802216
17800608
17808802
17803082
17803056
17808224
17800152
17802210
17800712
17806204
17808808
17808374
17803200
17800526
17808452
17808660
17803076
17803052
17802120
17802182
17803406
17805070
17808706
17805334
17803460
17806044
17800142
17800025
17808004
17808002
17808578
17808550
17803484
17803412
17808340
17800114
17805064
17802180
17802172
17803152
17803104
17805018
17803182
17803146
17803094
17805302
17800430
17800464
17800452
17808880
17800592
17805056
17802112
17802100
17808694
17803402
17800360
17808052
17805210
17808894
17808872
17803026
17803070
17803118
17803064
17803130
17803158
17805054
17800202
17803038
17805224
17808648
17808208
17808594
17802170
17803000
17802004
17803074
17803096
17803240
17805026
17803044
17803050
17805420
17805450
17800304
17800007
17802160
17802150
17800604
17808434
17808668
17808368
17805228
17805212
17808072
17800150
17800172
17800412
17800420
17800446
17800470
17808430
17800494
17800144
17800033
17808426
17802220
17800196
17800352
17800200
17800610
17800096
17803414
17803492
17800554
17802184
17803078
17803054
17802034
17803080
17803034
17806024
17800704
17805248
17800045
17803156
17802200
17802194
17803160
17808236
17802242
17806032
17808332
17802032
17805336
17808216
17808870
17805360
17805030
17805036
17806004
17805052
17800154
17805348
17805324
17808014
17805050
17808092
17802118
17802102
17808882
17806076
17808444
17800560
17800162
17808418
17808084
17805058
17808390
17808206
17808608
17805304
17805330
17805404
17805328
17808592
17808046
17808402
17800027
17802162
17802148
17806602
17805260
17808604
17805230
17805306
17805242
17800710
17805244
17805234
17808464
17805204
17806042
17806040
17800009
17800128
17808200
17808220
17808260
17800110
17808286
17808320
17800102
17808008
17808020
17808040
17808060
17808106
17805048
17805034
17800086
17800090
17808692
17805332
17805326
17802202
17808400
17808394
17809899
17800063
17800126
17800070
17808424
17800212
17808404
17808380
17805200
17805240
17805236
17800047
17808670
17805308
17808600
17805256
17808326
17808860
17808376
17808814
17808630
17808590
17808850
17808282
17808222
17800440
17800552
17800570
17800596
17800600
17800434
17800700
17800720
17805220
17805214
17802142
17803452
17805446
17802214
17806010
17800428
17800158
17803262
17805060
17800702
17808618
17808560
17803154
17808890
17800310
17808612
17805250
17808888
17800122
17800116
17800206
17800186
17800370
17800364
17800204
17808886
17808868
17803012
17808272
17800029
17808028
17808392
17800208
17808596
17808896
17803138
17800164
17800124
17808030
17808406
17808384
17800072
17800084
17808280
17808274
17803418
17807806
17808104
17802126
17805022
17803100
17803428
17802232
17806002
17808644
17808000
17802168
17800176
17808700
17808640
17808638
17802186
17808068
17808632
17805350
17808570
17808266
17808244
17803114
17802146
17808678
17808690
17800630
17800620
17805344
17805320
17805346
17805322
17800422
17800572
17803416
17808468
17806222
17800156
17808440
17800174
17805222
17805414
17800057
