15434002
15430156
15434008
15430174
15430054
15434004
15434016
15430158
15430042
15430176
15434010
15430084
15430152
15430086
15434000
15434012
15434018
15430027
15430005
15430060
15430056
15430070
15434020
15430015
15430046
15430050
15430021
15430198
15430170
15430154
15430011
15430178
15434006
15430162
15430200
15434014
15430180
15430150
15430009
15433899
15434899
15430172
15430082
15430160
15430190
15430080
15430052
15430001
15430031
15430040
15430029
15430003
15430007
15430025
15430023
15430044
15430013
15430019
15430196
15430017
15430194
15430192
