13468220
13469414
13475620
13475171
13479700
13474372
13466660
13466390
13466090
13477070
13476651
13466280
13468395
13468150
13474763
13465190
13475755
13475767
13476212
13475779
13475214
13478320
13476700
13466560
13467204
13467590
13475005
13467441
13469800
13473653
13474422
13475683
13474534
13469362
13477694
13477439
13473675
13479780
13470497
13474580
13465330
13473620
13471214
13474510
13473510
13474120
13472570
13468849
13475405
13476104
13471180
13467064
13471210
13466160
13469154
13478270
13477022
13471690
13476713
13476641
13475821
13468271
13474358
13469053
13473691
13474402
13468730
13468845
13469080
13474423
13474012
13468858
13474540
13472582
13476672
13474261
13474260
13467664
13475400
13468140
13470465
13471680
13466339
13476796
13469010
13473450
13469401
13468402
13467191
13478490
13477479
13469270
13469570
13474780
13470492
13471010
13468825
13474189
13469020
13478117
13479010
13477840
13473652
13469113
13466701
13468603
13465573
13477233
13469690
13470805
13475667
13476674
13474467
13474413
13465400
13470809
13475680
13469589
13471612
13468861
13468830
13474505
13471104
13471732
13478300
13476697
13478240
13476710
13474382
13473030
13469295
13468275
13471240
13479751
13465599
13473744
13476557
13474441
13474072
13475054
13469149
13475800
13468310
13471223
13469293
13470475
13474391
13467280
13467471
13474302
13468670
13477744
13467443
13474602
13465090
13471471
13479020
13467263
13467620
13472405
13468582
13478131
13470814
13473461
13466559
13477750
13468810
13473701
13466630
13478830
13466490
13474054
13478711
13474700
13470260
13469250
13465180
13478710
13478800
13478825
13478736
13470062
13478671
13466060
13476000
13475000
13474000
13475086
13472417
13474439
13474788
13474500
13473850
13474461
13474640
13474664
13470889
13468151
13473746
13473827
13472576
13475741
13474294
13474026
13475278
13475255
13479783
13472672
13472683
13477600
13474267
13472658
13474220
13477210
13473783
13474040
13474251
13474224
13477450
13474440
13475455
13470292
13470271
13476623
13476442
13470628
13468848
13469792
13473580
13471614
13465569
13469030
13475052
13473424
13473400
13474685
13473291
13477273
13472039
13472199
13465200
13476660
13477460
13466323
13466324
13479840
13473729
13478510
13469571
13473801
13465005
13478579
13477610
13479763
13476631
13476412
13478519
13468877
13476632
13477650
13476105
13474710
13474210
13477090
13477080
13477200
13473190
13476619
13477010
13476739
13473774
13475317
13476640
13477770
13473814
13472422
13474170
13474697
13469000
13474200
13471611
13475686
13474291
13466610
13467253
13465459
13476665
13467668
13470755
13479070
13472652
13478635
13467652
13469481
13467325
13467061
13467062
13467301
13479040
13476734
13478862
13467666
13470011
13475450
13465690
13474620
13466310
13469370
13468499
13476681
13469168
13469162
13472719
13469600
13473490
13475712
13473306
13473330
13468570
13475656
13467712
13478844
13475714
13479770
13474683
13469788
13477160
13478674
13469114
13467030
13467066
13475404
13473290
13467063
13467700
13477845
13470882
13469560
13475710
13475319
13474432
13467641
13473693
13467350
13479140
13468850
13468831
13473676
13479050
13473758
13476438
13469439
13479786
13476652
13473780
13469097
13470231
13474652
13468740
13468842
13468859
13468827
13470220
13471050
13470150
13471620
13474404
13467560
13467710
13466340
13473431
13467087
13467674
13467120
13467264
13469415
13477581
13477021
13476150
13475621
13479701
13478241
13476733
13469760
13470698
13468120
13465669
13467283
13478700
13472726
13472643
13471239
13472555
13478259
13478101
13478041
13478294
13465035
13478242
13478126
13476731
13471380
13466509
13478770
13478549
13465720
13467632
13472606
13473570
13477240
13465519
13474612
13477040
13465432
13467625
13479764
13467203
13467251
13478620
13471731
13474661
13478440
13467320
13468824
13470632
13472390
13474110
13474650
13474223
13471150
13473831
13469620
13469662
13473683
13477060
13470654
13473349
13474390
13465510
13476634
13470461
13472532
13465070
13472370
13478400
13468321
13466322
13478865
13471251
13478885
13476790
13469051
13476642
13467570
13478179
13478755
13474636
13478380
13477698
13478430
13471230
13465750
13478861
13477736
13477720
13470494
13472260
13471469
13478551
13466020
13466327
13476408
13471350
13468302
13470473
13476732
13465159
13465691
13465240
13465249
13465695
13465713
13465770
13465751
13465759
13465762
13468000
13465820
13465778
13465785
13468277
13468284
13465810
13468535
13468390
13472657
13478280
13472604
13469139
13474551
13467193
13478113
13472020
13472499
13469291
13469070
13478886
13478884
13471740
13478776
13467305
13478672
13467012
13477582
13477306
13475622
13472720
13479702
13478460
13474496
13476810
13475702
13475300
13467090
13478767
13477843
13465739
13474451
13466150
13466230
13474380
13474532
13469172
13475412
13472320
13469520
13469513
13467196
13472401
13469001
13470250
13474061
13466690
13469039
13467450
13476404
13467610
13465590
13470180
13467300
13477481
13477493
13465350
13473658
13474590
13465650
13468240
13469470
13467433
13476400
13478854
13474373
13466180
13467252
13470466
13466170
13465015
13478112
13472560
13472571
13472714
13472717
13468360
13473152
13476770
13478804
13478150
13472531
13478118
13472660
13477756
13471020
13468230
13468852
13472140
13473754
13469710
13471322
13473500
13476203
13474555
13474504
13471790
13469360
13473080
13469576
13469166
13469160
13478730
13478874
13473680
13472350
13465570
13474444
13474545
13468100
13467740
13467730
13471420
13465480
13467430
13476698
13471323
13474240
13468690
13466679
13467059
13474491
13466320
13466190
13478571
13473670
13473735
13471321
13474470
13477234
13468020
13475822
13474060
13473771
13474053
13475282
13475296
13472632
13467660
13477225
13475304
13475657
13474354
13476426
13479302
13477520
13469260
13476040
13474686
13473385
13473340
13465290
13466120
13465740
13470191
13470255
13473280
13468600
13474523
13465370
13473647
13474522
13466342
13465100
13466317
13465205
13465245
13465241
13468025
13468361
13466449
13466550
13468388
13467000
13467600
13467068
13467746
13468893
13467653
13467687
13469364
13476200
13475464
13475175
13474635
13475451
13476714
13473140
13474601
13473020
13479789
13472403
13478824
13474430
13467083
13474521
13469631
13474695
13470810
13466706
13476436
13469140
13478883
13467303
13465793
13479201
13479792
13473660
13470486
13477726
13477672
13470498
13470490
13477716
13479795
13475829
13476202
13479090
13478249
13471400
13467082
13468010
13471211
13477728
13477674
13478773
13474600
13474494
13466010
13465010
13475828
13475823
13467622
13478675
13470030
13474425
13465771
13467322
13466650
13467180
13466570
13472340
13471241
13468290
13471575
13468671
13474520
13479130
13465773
13478670
13467321
13478661
13473685
13472659
13469786
13474670
13477305
13475625
13469071
13479703
13474503
13467202
13474443
13473673
13475775
13477170
13468283
13474211
13473665
13474680
13472664
13473210
13470491
13474691
13465050
13470496
13475184
13467550
13466702
13479798
13477730
13477676
13471600
13472550
13477120
13474379
13470823
13465689
13477580
13474631
13478822
13467211
13477311
13475631
13475463
13475172
13475160
13468382
13473661
13479801
13476551
13476061
13478132
13465779
13470290
13469098
13477231
13465120
13474705
13466450
13468320
13469765
13474696
13476562
13475186
13465490
13466330
13467444
13467195
13470807
13474789
13474665
13468866
13468878
13477304
13475623
13472716
13479704
13473786
13468864
13468874
13478842
13478892
13477230
13477660
13474714
13474721
13474048
13475298
13473130
13473600
13469095
13478733
13478160
13473795
13473696
13472663
13476556
13467270
13469633
13474264
13474452
13468847
13469700
13472100
13470230
13469111
13472030
13478151
13478170
13475661
13474556
13468199
13477732
13477678
13469292
13465250
13465791
13475766
13474553
13473560
13473320
13473305
13473384
13474611
13472722
13475302
13471271
13471231
13471613
13470464
13478480
13470040
13468601
13478171
13473360
13469263
13469804
13472510
13470140
13469112
13477570
13472569
13474557
13474253
13474222
13472573
13472656
13472728
13472642
13471450
13472727
13471325
13471207
13471455
13471566
13471206
13471565
13471577
13471582
13471660
13471782
13471783
13470779
13470778
13471734
13471735
13470000
13469372
13469374
13469446
13469445
13475655
13473668
13466539
13474130
13475715
13477682
13465109
13477303
13475624
13472711
13479705
13472724
13465550
13467306
13467682
13478210
13477684
13478540
13478254
13478487
13478452
13477492
13478799
13478256
13478446
13478880
13478482
13478562
13478817
13478106
13472254
13478312
13475703
13475770
13475725
13468650
13469691
13475687
13474682
13468070
13475100
13478128
13470474
13477101
13477540
13476622
13469272
13472630
13467704
13475055
13476750
13471265
13479762
13474221
13471189
13465020
13472529
13478370
13467702
13473422
13473390
13469271
13473240
13477250
13477686
13468160
13474543
13470160
13471720
13471781
13471196
13471195
13471733
13470095
13469240
13473723
13476675
13471255
13471410
13471465
13475826
13472460
13475776
13475772
13475771
13467088
13467081
13475777
13476406
13478852
13476428
13476420
13465080
13478470
13469150
13469575
13465230
13465700
13465560
13471800
13470070
13470253
13470437
13470800
13468110
13478630
13477688
13468863
13468871
13465160
13465660
13475460
13473825
13478420
13475825
13471650
13474056
13468710
13468854
13468883
13468892
13467742
13474464
13467275
13477620
13467353
13470624
13474306
13469230
13472220
13472530
13473630
13476794
13465529
13473420
13473386
13473370
13469220
13466510
13473717
13478116
13466319
13469591
13478133
13475685
13468282
13478110
13465311
13478680
13472574
13476676
13478569
13474632
13476602
13474541
13475774
13475705
13470499
13476553
13470240
13465580
13478732
13478712
13477692
13477302
13472712
13479706
13472000
13473000
13472671
13472353
13472253
13477236
13472612
13472415
13472690
13473265
13473162
13472685
13476610
13465130
13468672
13475827
13479080
13479804
13477370
13468401
13467323
13467194
13467065
13465351
13471340
13467262
13474712
13477235
13468231
13478857
13477742
13473270
13469152
13475311
13472402
13477410
13476695
13468851
13467192
13468276
13471560
13476680
13478713
13472060
13473748
13468800
13468820
13465439
13467040
13467067
13467662
13471276
13472665
13478802
13474393
13475820
13473432
13465521
13475411
13468300
13468770
13468834
13468867
13467130
13468301
13468281
13473311
13467198
13477723
13477722
13474381
13478660
13478200
13476711
13466182
13472729
13472290
13465140
13465670
13465023
13471040
13474450
13474401
13474480
13469532
13478764
13470472
13467312
13474363
13471721
13472080
13469660
13466200
13469511
13466100
13478100
13469531
13469411
13466140
13468210
13467540
13467708
13467630
13465761
13476554
13468250
13468400
13474281
13465540
13467189
13474694
13476653
13474550
13468259
13474462
13477301
13472713
13475626
13465681
13474365
13471160
13470463
13479760
13473666
13465300
13469720
13476110
13474070
13473220
13476690
13472470
13475713
13474214
13474140
13474526
13473664
13465630
13474629
13469100
13471588
13471269
13471640
13473681
13475740
13475773
13479060
13471580
13465772
13465745
13465752
13465758
13465775
13465821
13465786
13476204
13475409
13475662
13467743
13467190
13467690
13467060
13465434
13467014
13474426
13475284
13476692
13466380
13477530
13469110
13474525
13476550
13469740
13473662
13471730
13468590
13473732
13472650
13468490
13467530
13468580
13470488
13468450
13472330
13472500
13474362
13472718
13468572
13470470
13467745
13467736
13471473
13467734
13478673
13478390
13468090
13466600
13478499
13468550
13471639
13476625
13468500
13467480
13472010
13468439
13470110
13469009
13473060
13473702
13473750
13468470
13471630
13474466
13468510
13477718
13468583
13471477
13468040
13465285
13465360
13468460
13467084
13469091
13466001
13479843
13474692
13474698
13469390
13469426
13471760
13475819
13476830
13475306
13465260
13473120
13475056
13470080
13471670
13469090
13468520
13468540
13468410
13468571
13471550
13477020
13478544
13468440
13468560
13468430
13468480
13467514
13468602
13468530
13468574
13468481
13468573
13468420
13466240
13467611
13471710
13477190
13475763
13468700
13466709
13474378
13467271
13468050
13467621
13471440
13467201
13474463
13473698
13468371
13473430
13468381
13469522
13469514
13469521
13477179
13474071
13478250
13473677
13476201
13470816
13470890
13467473
13470061
13466470
13469170
13468865
13468875
13467311
13474180
13470300
13469495
13474375
13469427
13467197
13467694
13469412
13470801
13474256
13468170
13471200
13470310
13474524
13473459
13474263
13474542
13473195
13468760
13468840
13474699
13470803
13472170
13469418
13474300
13468272
13476152
13467741
13468891
13469072
13479761
13472029
13469305
13478071
13471103
13469573
13476101
13473200
13474255
13474308
13475402
13473811
13473590
13476103
13473440
13467250
13477029
13469680
13474412
13474693
13473807
13474723
13474190
13469794
13476620
13477271
13478119
13468278
13476601
13475420
13469750
13472644
13469592
13475701
13477100
13473610
13478610
13474181
13474720
13476643
13476205
13477232
13476791
13475704
13477590
13477702
13477400
13474392
13469579
13473804
13477220
13478220
13472380
13473820
13476552
13476633
13477360
13474554
13478152
13474371
13477227
13478714
13477141
13465530
13474610
13471100
13475761
13469200
13474090
13477480
13473443
13475722
13474497
13475700
13475739
13467678
13472190
13473426
13473410
13468591
13465310
13477321
13474533
13472404
13478124
13470768
13477279
13472666
13477226
13476630
13478111
13474304
13474711
13469574
13478040
13476644
13473550
13468380
13475452
13473777
13476694
13476020
13476650
13473293
13465435
13477180
13465450
13476678
13470293
13476693
13471090
13475768
13477228
13468279
13465340
13475470
13473350
13474750
13467019
13474160
13475454
13476691
13477560
13474666
13471689
13474231
13468843
13474414
13475318
13474290
13473672
13472588
13468221
13478826
13478820
13474150
13479155
13475200
13476801
13477762
13473756
13472653
13469630
13471105
13479752
13478816
13478810
13478114
13475315
13473441
13475272
13475310
13475252
13475266
13469670
13471070
13479753
13475471
13473250
13477131
13477030
13472418
13474544
13476050
13469262
13468790
13468841
13468826
13468750
13468680
13466326
13474265
13477841
13470658
13472667
13477760
13474442
13473153
13476629
13469089
13468660
13474266
13467686
13469730
13465620
13474634
13467520
13479160
13478546
13478543
13467272
13469430
13469460
13474772
13476611
13474431
13465210
13474761
13473687
13467086
13474352
13468856
13468882
13473442
13478500
13478531
13470471
13474502
13468299
13471370
13472715
13479824
13470485
13467431
13468340
13474465
13471551
13468370
13474651
13467670
13473470
13475663
13469092
13469096
13465555
13469593
13476682
13467200
13467656
13474411
13467050
13472410
13474383
13467688
13467640
13474762
13467624
13474633
13465610
13473762
13466580
13467160
13478890
13478740
13475684
13478888
13467470
13475681
13468584
13470830
13479180
13472240
13472295
13473654
13469420
13473110
13475760
13467676
13474269
13469802
13473690
13474445
13475251
13475314
13475264
13470280
13465220
13465221
13473833
13473720
13474289
13470680
13470710
13470804
13476062
13476052
13477842
13477640
13473714
13476760
13468579
13469120
13479300
13467800
13465110
13465111
13477510
13467672
13476063
13476030
13471130
13477420
13475219
13478801
13473663
13476051
13474050
13477754
13473682
13473381
13468872
13468853
13477390
13474630
13477470
13466669
13476054
13468857
13477051
13478840
13474213
13475670
13476795
13475051
13469590
13472050
13468274
13474495
13473671
13471780
13473050
13474781
13467013
13465433
13469491
13478600
13465581
13474394
13478359
13476402
13478749
13475292
13467150
13472586
13478743
13470060
13467170
13474357
13469493
13478636
13474364
13466705
13471330
13474374
13476434
13469040
13466321
13465549
13477229
13465710
13466270
13476603
13476444
13477130
13472590
13473738
13467469
13475212
13479000
13472270
13471467
13471430
13478545
13478260
13476735
13479301
13476811
13476699
13476559
13476606
13476755
13475801
13476689
13467230
13473726
13475461
13478722
13475744
13465789
13479807
13477630
13468273
13468403
13472200
13469421
13466519
13478547
13467140
13474471
13474052
13471102
13469280
13469300
13476558
13469290
13478704
13475688
13470662
13470812
13469785
13470811
13475280
13476815
13474360
13472640
13471320
13470291
13479755
13474530
13472636
13472633
13475745
13475742
13474713
13475290
13476151
13474055
13479754
13467654
13478882
13474023
13472631
13473520
13472399
13477320
13474560
13478505
13472638
13467432
13468720
13468846
13478180
13474280
13476696
13474722
13474424
13469363
13466480
13474552
13469074
13472602
13479200
13476621
13475769
13465571
13474667
13476424
13476410
13472180
13478080
13465019
13477272
13474690
13476102
13470241
13477752
13473684
13469451
13478724
13470495
13471479
13466189
13474400
13479190
13478782
13478720
13465780
13469002
13468330
13473100
13469361
13475268
13475253
13472450
13469650
13478850
13473149
13475765
13478190
13466590
13468780
13468833
13469510
13467472
13469156
13473829
13470130
13475824
13471750
13469210
13467714
13478330
13465572
13478889
13465289
13465410
13475730
13475231
13475210
13478761
13473650
13473710
13467011
13470210
13465799
13472635
13472578
13478856
13473790
13473651
13475401
13467340
13468152
13478650
13477500
13472239
13469572
13468811
13471260
13475762
13473674
13474234
13474252
13479810
13479813
13479110
13469158
13478349
13472661
13473656
13472300
13474570
13473625
13465170
13470010
13474468
13474359
13478410
13475312
13474405
13468200
13471540
13471490
13471475
13470090
13471213
13475183
13478127
13465013
13471205
13465081
13465353
13471274
13471291
13471280
13471290
13471293
13471140
13471120
13474770
13476671
13468260
13472584
13472572
13473070
13476677
13475182
13477740
13465470
13474687
13469060
13472641
13476564
13474724
13475080
13469392
13478350
13474212
13474376
13473310
13473303
13473383
13472040
13474111
13472250
13472296
13473655
13469416
13477050
13475185
13477746
13471220
13470808
13474501
13473792
13471190
13477000
13477150
13473260
13474370
13467080
13467512
13474688
13474356
13478823
13467119
13473741
13474660
13470650
13472440
13466662
13473530
13477655
13466030
13478163
13478253
13478230
13475216
13475313
13465438
13473460
13468821
13467744
13468890
13468881
13474689
13469101
13477734
13477680
13479816
13476210
13475731
13475711
13467626
13466704
13478341
13471216
13478785
13467020
13479750
13476600
13476440
13467440
13470462
13478858
13468060
13466360
13466640
13468030
13476432
13476418
13478746
13465711
13476416
13477550
13466620
13478310
13476720
13473817
13465730
13478090
13478560
13478261
13478481
13478441
13478451
13478181
13478439
13469471
13469515
13478360
13478891
13478870
13469512
13465259
13465712
13466350
13478121
13469003
13475750
13475110
13472710
13472130
13474005
13472680
13472670
13472352
13472611
13472252
13472419
13473631
13473640
13473192
13473161
13473629
13477238
13473010
13472110
13473768
13467302
13466500
13466050
13467511
13472580
13478580
13476730
13473150
13469422
13474073
13472420
13475274
13475254
13469050
13472210
13469423
13477023
13475215
13465430
13469391
13473540
13474415
13465040
13466000
13477490
13474293
13478803
13475213
13468873
13468855
13477300
13470270
13470200
13478319
13476635
13476053
13470301
13470302
13469261
13476555
13477110
13465672
13467260
13474351
13478542
13478570
13469073
13465760
13467631
13474377
13479819
13467070
13478070
13476712
13467261
13470439
13470438
13470409
13470419
13465640
13465155
13465321
13465283
13469440
13476430
13467247
13467510
13468190
13467324
13470888
13470834
13470827
13465279
13469523
13467513
13474353
13473688
13470493
13479100
13471590
13474764
13475053
13468180
13478548
13478651
13467633
13470100
13478450
13471615
13469480
13476010
13466700
13466530
13472430
13467281
13465060
13477708
13474013
13478552
13467274
13477724
13477670
13470481
13469450
13473697
13471261
13467213
13477380
13476673
13475465
13475174
13474283
13467442
13466300
13476800
13465009
13473151
13468350
13465420
13471000
13465436
13469151
13469175
13467698
13469115
13474771
13475472
13474403
13469273
13467479
13469052
13478871
13474292
13474760
13477696
13473299
13478601
13469610
13465390
13472723
13476414
13466290
13466291
13474492
13474662
13470806
13471080
13478530
13470761
13470683
13470696
13465030
13470734
13470728
13467490
13467706
13470689
13467634
13470719
13478060
13470722
13470686
13478290
13470743
13470758
13470716
13470701
13470746
13470731
13470713
13470737
13470740
13470695
13470752
13470749
13470725
13470692
13473040
13467658
13465431
13468832
13467209
13473380
13474421
13470802
13469790
13478860
13478520
13467549
13474051
13468035
13473789
13471250
13475250
13474684
13466325
13477764
13478050
13469424
13475260
13472480
13478115
13478051
13469561
13474250
13468860
13468829
13467110
13471209
13467326
13472090
13475746
13472219
13471270
13465280
13471742
13479899
13471770
13471552
13477700
13467304
13471221
13475050
13478791
13468080
13466540
13474100
13465800
13468280
13471101
13475462
13471170
13469294
13467282
13478863
13466680
13469413
13475600
13473292
13467460
13478159
13478130
13479150
13472520
13478640
13476422
13472400
13467010
13465380
13471329
13476624
13473752
13474773
13474230
13469577
13478122
13475180
13467240
13470050
13470484
13472608
13468105
13469681
13472329
13477766
13478295
13478728
13467310
13468130
13470430
13470424
13470416
13470434
13470405
13470411
13470400
13470412
13470413
13470443
13470441
13470440
13470442
13470428
13470415
13470433
13470450
13470410
13470421
13470427
13470420
13470404
13470426
13470403
13470414
13470436
13470401
13470435
13470423
13470425
13470422
13478731
13475751
13476031
13472721
13476153
13475421
13478123
13475181
13465320
13479822
13476604
13478758
13475764
13466080
13472490
13472360
13470487
13470020
13469093
13468691
13477239
13479170
13474446
13478723
13470460
13469410
13470467
13467500
13474490
13477704
13471610
13470636
13471700
13467696
13465790
13475802
13474020
13466184
13470120
13466370
13466460
13474366
13466250
13470064
13466181
13466183
13469530
13472600
13478120
13467623
13478721
13473657
13472310
13472150
13472411
13472351
13472251
13474531
13476060
13472662
13472070
13476560
13474681
13473090
13468270
13478590
13477706
13469164
13472637
13472230
13469425
13469580
13475010
13475459
13475220
13475380
13475256
13475202
13475261
13475152
13475406
13475360
13475316
13475413
13475230
13475082
13474080
13472280
13479825
13466044
13469500
13471390
13466703
13466210
13466670
13478049
13479828
13478873
13474663
13469492
13478752
13473700
13471222
13472540
13471579
13471570
13468169
13479837
13470482
13467212
13475632
13475190
13475173
13474282
13474232
13474011
13471030
13467732
13465500
13473695
13473694
13473692
13465269
13477738
13477714
13469494
13467330
13467254
13466260
13466520
13470170
13466110
13466220
13466130
13478855
13471212
13469094
13466185
13478866
13474254
13467273
13478821
13467210
13476670
13475752
13475630
13475170
13475150
13474010
13472120
13470480
13477260
13477690
13479030
13466707
13471360
13465680
13472725
13476792
13472655
13474410
13478779
13477440
13477844
13478140
13476100
13476605
13467461
13465150
13465222
13471741
13473300
13473382
13473312
13478851
13465792
13479120
13470242
13477712
13478853
13479831
13478589
13479202
13473230
13473686
13469130
13471060
13478125
13477431
13466070
13476780
13478864
13476055
13470884
13474112
13473493
13478541
13478734
13465270
13478887
13478788
13478340
13467692
13474599
13468421
13473678
13471215
13467100
13474715
13469174
13466139
13473480
13477710
13465600
13472654
13474420
13479834
13478872
13473160
13477350
13473765
13475682
13478641
13467085
13469380
13477140
13475410
13474460
13469400
13475211
13477270
13472639
13469661
13475453
13473823
13472634
13474312
13474262
13470824
13465499
13475294
13468862
13468870
13465520
13467680
13475403
13474493
13469490
13470815
13476679
13475689
13471324
13470063
13473509
13473667
13470813
13468844
13468828
13477329
13470820
13474309
13478843
