16900187
16900534
16900459
16901792
16901005
16901105
16900755
16901867
16903153
16903214
16903261
16901328
16900567
16900548
16903218
16903265
16900408
16901400
16901314
16901415
16903275
16900207
16905265
16902185
16900075
16900023
16900407
16905000
16902682
16905085
16905040
16901394
16902025
16901447
16902240
16900667
16900715
16901160
16901098
16901307
16915010
16900580
16902055
16901801
16900072
16901825
16902171
16902662
16905005
16900746
16902213
16900608
16901004
16901830
16904045
16900701
16903248
16903187
16903202
16903253
16904010
16903171
16902658
16900565
16901810
16901190
16901128
16901323
16901845
16902127
16902703
16900707
16902190
16900749
16902070
16902199
16902187
16900650
16903180
16900217
16903206
16903256
16903287
16905010
16902215
16902242
16901785
16900169
16904013
16900185
16901150
16901303
16901326
16902157
16901007
16901019
16901445
16902040
16903282
16902065
16902165
16903080
16903033
16903223
16901800
16903273
16900447
16901029
16901311
16902050
16900140
16900007
16900573
16902195
16900183
16904015
16903147
16901790
16901185
16901123
16901320
16901393
16900212
16902200
16902715
16900412
16901405
16901318
16900077
16900025
16900410
16900540
16900493
16901853
16901600
16903071
16900633
16900555
16900560
16902255
16901870
16901180
16901118
16901317
16901391
16902133
16902650
16901200
16901224
16901327
16903179
16900180
16904017
16905230
16900745
16901011
16901028
16901455
16902033
16901480
16901398
16903155
16903165
16900703
16900611
16900677
16905075
16903195
16900622
16900673
16903030
16900167
16902229
16903190
16900624
16901602
16902247
16901420
16900173
16902181
16902125
16900181
16903053
16902210
16901866
16901008
16901220
16900487
16901235
16902665
16903079
16903298
16905015
16905020
16901805
16902653
16902150
16900462
16902675
16903271
16903095
16903007
16900414
16901407
16901319
16900437
16900001
16900198
16902175
16902000
16900195
16900112
16900015
16901020
16901120
16901337
16904040
16900182
16904020
16903054
16901027
16901308
16900604
16900465
16902673
16900067
16902135
16900457
16902015
16903130
16903040
16900108
16901781
16900058
16900040
16901030
16901130
16904030
16903010
16900411
16901403
16901316
16905080
16903210
16903259
16900740
16903204
16903254
16904023
16905245
16903055
16901227
16900627
16900752
16905225
16901218
16901230
16901882
16901761
16901786
16900062
16900049
16900490
16903025
16915022
16915016
16901000
16901100
16900076
16900109
16900017
16903000
16900064
16900218
16903339
16904025
16905255
16903056
16901217
16900210
16902090
16915020
16901487
16900618
16902155
16905025
16903348
16903140
16901798
16903239
16903015
16901025
16901125
16905030
16901012
16901031
16901460
16902030
16901482
16904027
16905260
16903057
16901165
16901103
16901310
16903020
16903017
16901392
16902080
16915008
16903013
16901601
16900107
16900433
16903090
16901195
16901133
16901325
16902211
16900532
16905035
16900620
16900646
16905300
16900019
16903050
16903225
16903337
16900538
16903331
16900052
16900033
16900417
16900544
16905240
16903222
16903279
16905050
16903295
16901312
16900203
16900625
16905090
16905055
16900205
16902657
16901330
16903169
16903296
16900616
16900623
16900736
16905045
16903292
16901827
16915012
16902163
16905065
16903224
16900197
16900115
16900013
16901015
16901115
16901342
16900054
16900035
16900008
16900546
16902209
16902667
16902119
16900453
16900640
16902160
16905060
16903110
16901860
16901301
16905210
16902217
16903343
16900629
16900409
16903137
16903335
16901333
16901835
16902193
16900463
16901417
16901484
16900610
16901163
16900739
16901023
16900083
16900705
16900637
16900653
16904033
16901215
16900082
16901223
16900059
16905249
16903333
16903150
16900563
16901794
16903063
16903060
16900757
16902117
16902172
16903075
16900163
16903157
16900645
16903291
16900053
16900489
16903293
16901207
16901335
16900405
16900022
16901037
16900078
16903097
16900713
16902677
16900550
16903173
16903281
16903285
16915024
16903234
16900747
16901807
16902668
16902085
16903105
16901090
16901013
16901470
16902660
16900464
16905205
16901145
16901300
16901475
16900751
16900743
16903073
16903143
16901050
16903277
16902020
16902197
16905200
16901850
16900750
16903083
16902183
16900215
16905235
16903139
16915014
16901852
16903093
16900051
16900030
16900415
16900542
16903212
16903260
16903168
16900699
16900050
16902060
16902225
16903167
16901858
16900074
16902137
16901003
16901016
16901435
16902045
16901213
16901783
16900196
16902680
16902655
16903200
16903252
16900738
16902223
16900119
16900010
16901010
16901110
16900660
16900117
16900406
16901032
16901309
16901155
16901093
16901305
16901170
16901108
16901313
16900575
16900046
16901210
16901039
16901409
16901321
16901465
16900475
16902079
16903065
16903067
16903069
16903070
16901009
16901024
16901450
16902035
16901175
16901113
16901315
16900418
16901413
16901324
16901803
16902145
16902170
16902700
16903289
16900492
16901857
16900003
16901396
16902130
16900155
16900440
16901022
16901304
16900148
16900416
16901410
16901322
16900570
16915002
16903023
16903005
16915006
16901604
16902705
16902708
16902710
16902683
16902712
16902713
16902717
16902718
16902720
16902670
16902722
16902663
16900607
16903185
16900711
16900626
16902252
16901842
16900056
16900043
16901035
16901135
16903193
16905070
16903177
16903149
16903135
16903341
16900073
16900020
16900070
16901001
16901014
16901430
16902047
16900080
16900027
16900413
16900445
16900063
16900474
16900600
16902672
16900143
16900002
16900005
16901820
16901340
16901240
16904000
16901880
16902140
16902652
16915026
16901796
16902075
16914899
16905220
16900643
16900612
16900758
16900220
16900061
16900016
16900014
16900160
16900435
16900209
16900530
16902203
16903160
16900557
16901868
16900741
16903163
16900695
16900081
16902678
16915004
16903145
16900110
16903208
16903257
16900452
16903228
16900605
16900004
16903087
16901863
16903035
16901040
16901140
16900754
16900114
16915028
16903100
16905250
16903216
16903263
16901006
16901017
16901440
16902043
16900165
16900060
16900037
16900012
16900485
16902250
16901843
16900675
16903183
16900709
16901855
16901018
16900659
16900647
16900657
16900649
16900644
16900655
16900613
16901795
16901485
16902245
16901823
16900065
16903077
16900486
16901764
16900443
16901026
16901457
16901306
16900635
16903085
16902010
16915018
16900419
16900670
16903172
16900719
16900664
16900663
16900735
16900723
16900665
16900727
16900729
16900669
16900721
16900619
16903189
16900717
16900079
16901788
16900467
16901021
16901302
16902227
16900055
16903170
16901002
16905215
16900725
16903284
16901883
16901762
16903235
16903237
16903238
16903240
16903242
16903243
16903244
16903245
16901885
16903246
16903247
16901887
16901766
16901888
16903226
16901768
16903227
16903229
16903230
16903233
