15737002
15737072
15737062
15737054
15737156
15737224
15735074
15735017
15737230
15737192
15737154
15737244
15735118
15737232
15737190
15737180
15735011
15735094
15737272
15737242
15737234
15735092
15737270
15735114
15735116
15735007
15735110
15735052
15735009
15737218
15737160
15737194
15737176
15735112
15737246
15735100
15735062
15735027
15735015
15735076
15737056
15737236
15737172
15737198
15737166
15737162
15737076
15737220
15737090
15737080
15737214
15735098
15737096
15737158
15735005
15737222
15735023
15737006
15735064
15737078
15735019
15737010
15735072
15737178
15737152
15735013
15735078
15735096
15737060
15737240
15737174
15737196
15737238
15737164
15735058
15737210
15737200
15735090
15735080
15737212
15737004
15735025
15735060
15735050
15737074
15737150
15737098
15735003
15735001
15737000
15737094
15737064
15737070
15737052
15735021
15737008
15735070
15735056
15737012
15737050
15737202
15737170
15737168
15739899
15737204
15737216
15735054
15737092
