12575188
12570426
12573326
12576422
12570075
12575070
12573228
12570408
12575162
12575186
12576070
12573262
12573348
12573500
12573704
12570112
12575152
12575202
12576203
12573226
12570005
12573322
12575088
12573312
12570003
12573508
12570033
12573274
12573318
12575146
12576066
12570001
12573516
12573204
12575080
12575112
12576418
12575076
12570318
12570322
12575214
12573254
12576042
12570069
12576022
12573706
12575208
12575180
12570100
12570208
12570023
12573220
12576406
12575048
12573304
12573278
12575168
12576026
12573344
12570017
12570407
12570216
12570320
12570021
12576052
12573280
12575124
12573306
12576002
12575022
12576204
12575130
12576000
12570308
12570416
12576410
12575042
12570037
12576062
12570409
12573328
12573238
12575139
12573248
12575204
12575156
12570015
12576010
12573522
12573708
12570424
12575194
12576220
12570114
12570002
12575028
12570045
12575120
12570210
12570071
12575134
12573270
12570009
12570104
12573246
12575140
12575062
12573240
12575198
12573302
12575098
12573303
12575074
12575072
12573266
12575010
12570302
12575064
12575078
12573512
12570202
12576006
12573234
12576206
12576048
12575192
12576420
12573324
12575150
12575066
12575060
12576018
12570400
12573342
12573206
12576426
12570411
12570200
12576028
12575096
12575122
12570035
12576404
12573702
12575006
12573504
12570220
12570029
12575018
12573216
12576402
12570102
12575182
12575012
12576068
12576624
12576626
12576634
12576601
12576630
12576614
12576654
12576646
12576605
12576200
12576408
12576600
12576603
12576668
12576638
12576607
12576610
12576666
12576628
12576640
12576622
12576660
12576608
12576620
12576609
12576656
12576611
12576613
12576648
12576617
12576658
12576606
12576652
12576616
12576636
12576618
12576644
12576604
12576602
12576612
12576647
12576619
12576642
12576650
12576664
12576632
12576662
12570053
12575116
12575058
12570063
12570110
12573300
12576054
12570413
12575166
12575141
12575044
12576034
12575160
12576428
12576046
12576202
12570106
12570418
12573532
12570116
12575052
12570326
12575050
12575115
12570312
12575144
12570428
12573526
12575030
12575054
12570410
12575176
12570314
12575005
12575172
12573710
12570057
12575148
12576224
12575178
12576072
12570067
12575034
12570300
12573501
12576024
12576064
12570013
12570043
12570310
12576016
12573301
12573330
12573236
12570332
12570328
12570206
12575090
12573340
12576032
12573700
12573258
12570415
12570073
12576050
12573320
12575092
12575046
12573224
12575154
12575206
12573524
12575082
12576210
12570324
12570417
12573712
12575190
12570212
12575014
12570047
12570330
12570055
12575068
12575094
12575174
12573338
12575002
12573314
12575020
12570077
12575138
12573252
12575196
12573714
12576030
12573202
12573332
12570419
12570306
12575086
12576218
12575137
12573316
12576214
12573716
12575043
12575164
12576208
12576040
12575210
12573250
12573718
12576044
12575118
12573720
12575004
12573210
12573232
12570414
12575056
12573534
12570041
12575008
12573212
12573722
12573724
12570221
12570214
12575026
12573264
12573256
12573268
12576416
12575170
12573244
12570404
12575084
12575001
12575158
12570049
12573528
12576038
12570316
12570025
12576014
12573336
12575184
12576412
12573514
12573260
12573308
12570204
12570039
12575016
12573200
12573208
12575000
12570019
12576216
12573276
12570027
12573726
12576058
12575110
12570412
12570403
12576400
12573214
12576012
12575036
12573530
12573701
12570031
12573272
12570406
12575032
12576222
12573510
12575114
12573219
12575200
12570051
12575132
12575038
12573728
12576008
12570065
12576004
12576056
12570061
12570059
12576414
12573346
12579899
12576060
12573222
12575024
12570011
12576212
12573518
12570421
12570402
12570422
12576036
12570007
12575212
12575113
12576424
12570420
12575100
12573506
12573350
12570079
12573334
12573520
12570081
12576020
12573201
12570108
12573230
12570405
12575142
12573218
12573242
12570304
12573310
12570118
