14550041
14550156
14550003
14552346
14550005
14552148
14552116
14552308
14552380
14550001
14550015
14552028
14550076
14550039
14552004
14552366
14550031
14555502
14555002
14552182
14552198
14552140
14552310
14552130
14555010
14552316
14552174
14552352
14552384
14550154
14550160
14552386
14552314
14550017
14552392
14552032
14552172
14552170
14552388
14550084
14552360
14550058
14552106
14552326
14552196
14552160
14550047
14552118
14550060
14550007
14550021
14552400
14550043
14552370
14550054
14555500
14550023
14552114
14552344
14550070
14552128
14552142
14552156
14555006
14555004
14552398
14550025
14550045
14550050
14550009
14550011
14552340
14550029
14555516
14555008
14552372
14552354
14552382
14552368
14555512
14555514
14552328
14552350
14550078
14552110
14550027
14552364
14552122
14555508
14552012
14552192
14552320
14552176
14552318
14550074
14552300
14552200
14552180
14552146
14552024
14552108
14550033
14552362
14552166
14555506
14550037
14552008
14552026
14550035
14552124
14552144
14552126
14552104
14552322
14550062
14552154
14552002
14555012
14552020
14552100
14552358
14552014
14552150
14552306
14552330
14550080
14552162
14552006
14550082
14555504
14550152
14552000
14552356
14552390
14552312
14552030
14552184
14552190
14552010
14552022
14550158
14550019
14552348
14552112
14552304
14552178
14552302
14552168
14552158
14552342
14552204
14552324
14552120
14552034
14552394
14559899
14550150
14550052
14550013
14552164
14555510
14555000
14552202
14552194
14552396
14550056
14552152
14550072
14552102
