18710602
18715060
18715093
18710076
18710396
18710592
18715062
18716056
18710084
18710522
18715064
18710582
18715066
18710523
18710043
18710542
18716002
18710376
18710060
18710001
18716003
18715135
18710402
18710578
18710520
18714004
18710029
18710553
18710536
18710005
18710054
18715111
18716071
18710394
18715004
18716050
18716004
18710037
18715006
18715007
18710594
18715002
18716055
18715008
18715068
18715124
18716005
18715102
18715120
18710015
18716006
18716007
18716008
18716009
18715009
18710090
18714010
18710380
18715099
18710027
18715095
18716082
18716063
18715010
18716010
18716011
18715011
18710416
18710372
18716066
18715109
18710007
18715105
18716072
18715012
18710526
18716076
18715069
18710552
18710570
18710572
18710596
18716012
18715013
18715014
18715094
18715123
18710370
18715110
18715015
18715103
18716080
18715016
18715003
18715017
18716013
18716014
18710614
18710529
18710009
18715018
18710610
18715071
18714026
18710400
18710374
18716052
18716064
18715019
18716065
18715020
18715129
18715021
18715022
18715023
18715072
18715024
18716015
18716016
18715025
18715026
18715070
18715027
18710562
18710016
18710418
18710080
18710534
18715096
18715134
18710378
18716000
18716017
18715074
18715028
18716018
18715122
18715029
18715030
18715097
18710555
18710532
18716019
18715127
18716020
18715031
18710074
18715032
18715033
18715125
18716021
18715034
18715035
18715036
18715037
18710050
18716022
18715038
18716023
18716024
18716025
18710003
18715039
18715040
18716051
18715137
18710559
18710574
18710528
18710530
18710011
18710033
18710412
18710606
18710035
18710580
18715000
18710538
18710092
18710017
18710403
18710371
18710600
18710386
18714002
18714040
18714022
18714024
18710013
18710604
18710608
18710556
18710056
18710554
18710540
18710072
18710549
18710550
18710524
18710070
18710612
18714042
18714000
18710390
18710078
18714044
18710382
18710558
18715041
18715106
18716074
18710021
18710397
18710389
18710413
18710023
18710576
18715042
18716048
18716026
18716068
18716067
18716001
18715100
18715126
18710031
18715136
18710388
18710590
18710398
18715065
18715063
18716028
18716029
18715067
18716030
18716027
18710392
18716057
18716079
18715075
18710548
18715128
18710560
18710546
18714048
18714006
18715076
18715101
18710086
18715043
18716031
18710410
18710041
18716053
18715077
18715044
18716032
18716081
18715113
18716033
18715098
18716034
18715045
18715046
18716062
18716035
18710545
18710616
18716060
18716036
18710082
18710052
18715047
18715078
18715048
18715079
18715080
18716037
18716038
18710039
18715133
18710384
18715081
18715049
18715083
18715050
18716039
18715051
18716069
18716059
18715114
18715121
18710381
18715082
18715052
18715061
18715084
18715085
18715086
18715130
18710058
18716040
18715087
18715088
18710404
18715104
18716041
18714008
18719899
18710544
18716077
18715107
18716058
18715089
18715112
18716042
18715117
18715001
18716070
18716078
18715090
18714046
18710414
18715091
18710059
18710025
18716043
18715053
18716073
18715054
18715055
18716075
18716054
18715132
18716044
18715092
18716061
18715115
18710019
18716045
18715056
18715057
18716046
18715116
18716049
18715058
18715059
18710618
18715131
18714020
18715108
18715073
18710088
18716047
