13603109
13604411
13603259
13606226
13604523
13605222
13607266
13601335
13605224
13607790
13603056
13606804
13608094
13609359
13607231
13606452
13601356
13609000
13607215
13606035
13607089
13604158
13607123
13605278
13602190
13603114
13601117
13605284
13606836
13609622
13601360
13609422
13604010
13600525
13601340
13601200
13601298
13601343
13602055
13607331
13606478
13606227
13604335
13604201
13606466
13609253
13607093
13603008
13603285
13600150
13604452
13606662
13606829
13604460
13607551
13606651
13607554
13606402
13602105
13609442
13601500
13607384
13600015
13607301
13607313
13603258
13601357
13603082
13604524
13600330
13607650
13607341
13609495
13609478
13605286
13608164
13601361
13603021
13609372
13604228
13604109
13607755
13601173
13600220
13608123
13607588
13608148
13609379
13605332
13605208
13609376
13601333
13604488
13604153
13604021
13600100
13604048
13607557
13607464
13606502
13607088
13601130
13602124
13601423
13601389
13604130
13605352
13600690
13609538
13606854
13609548
13604352
13609470
13604121
13607449
13607470
13608101
13608102
13609250
13604307
13604341
13606224
13604057
13604492
13604125
13607252
13604176
13604310
13606652
13606840
13609390
13609391
13606866
13601150
13603081
13604375
13601010
13607060
13602202
13604234
13600340
13607258
13602040
13601490
13603002
13600247
13604367
13602010
13609384
13609426
13606845
13607085
13607172
13603281
13606510
13609371
13609412
13609565
13604466
13603257
13601054
13600082
13606610
13602198
13606242
13603207
13604484
13609321
13603246
13601263
13607600
13602051
13605364
13604033
13604532
13609315
13604056
13604502
13604190
13600719
13607186
13602196
13605173
13604470
13603280
13607244
13609482
13606868
13603010
13607340
13607417
13604547
13604055
13604175
13609404
13606522
13602184
13602176
13607395
13603098
13607810
13607222
13609496
13609474
13601366
13607552
13600630
13607335
13603073
13603236
13603251
13605294
13606464
13609316
13606506
13605234
13607124
13604600
13606418
13604822
13607364
13603248
13607214
13606602
13609493
13602005
13603000
13609402
13606574
13606243
13601355
13607720
13606422
13606586
13607010
13603005
13604043
13601447
13601416
13604045
13600040
13600170
13603052
13606703
13604392
13604154
13607653
13606600
13604490
13604124
13601002
13606847
13607175
13607654
13609370
13602042
13607400
13607263
13600730
13604207
13607356
13604205
13606040
13606534
13604338
13604192
13606820
13602063
13603058
13605158
13601151
13600569
13604020
13601290
13602037
13604552
13601100
13609516
13606020
13606336
13606396
13606219
13604127
13604553
13609419
13604181
13603180
13607404
13606575
13606313
13604126
13607442
13607083
13604142
13602008
13601441
13601331
13605315
13603047
13607735
13606532
13604098
13607317
13607416
13603182
13604037
13605212
13601448
13603101
13603146
13603128
13601413
13605290
13606412
13606585
13601508
13609272
13606756
13600120
13609346
13604820
13604527
13609506
13609339
13606038
13604035
13604174
13607410
13604304
13607725
13607305
13600055
13607363
13604456
13601174
13606448
13603147
13603129
13601003
13600195
13604014
13601270
13600710
13602103
13607354
13601264
13604016
13606217
13601430
13604046
13605148
13602021
13607308
13604015
13601111
13601435
13600210
13603184
13605196
13605157
13601436
13607421
13604312
13601008
13604030
13606520
13603272
13606454
13601363
13609489
13609484
13606832
13607320
13605280
13606800
13604333
13600770
13604164
13609388
13607118
13604342
13604309
13607336
13607218
13606039
13608103
13606062
13601230
13606320
13605162
13604054
13600450
13606508
13605161
13601400
13601250
13604044
13601345
13609500
13601052
13601338
13607652
13606828
13601265
13604064
13604185
13608172
13609353
13609362
13609400
13605219
13605159
13604354
13600226
13603013
13606826
13600030
13605297
13600190
13601006
13607730
13605345
13605356
13608182
13609494
13606702
13608096
13603027
13603144
13601443
13603256
13604302
13607272
13603277
13609313
13604208
13607219
13606670
13601014
13601152
13606016
13601030
13609405
13601387
13600370
13606344
13606334
13605361
13600390
13601060
13600169
13605160
13604067
13607111
13601445
13602001
13600780
13600010
13600011
13601120
13601122
13607314
13601419
13603126
13603206
13603222
13605221
13606350
13605195
13605363
13607249
13607559
13602050
13609349
13605331
13605510
13606641
13605185
13608106
13607334
13603024
13604533
13600110
13607406
13602178
13604013
13605355
13608187
13602188
13604076
13601211
13604472
13604065
13608179
13605186
13606312
13606663
13606480
13609325
13608100
13600718
13605010
13604356
13605899
13606830
13602174
13608162
13604017
13605360
13608189
13603059
13605288
13606516
13603293
13605333
13607564
13606225
13601424
13609554
13609424
13604576
13604550
13605228
13603171
13607221
13607705
13604135
13603181
13601359
13603224
13608107
13603094
13606424
13605514
13606317
13604053
13604340
13603042
13609330
13600799
13609322
13609472
13606864
13606036
13603255
13604160
13600092
13603210
13604404
13604573
13604173
13604479
13604337
13600380
13607120
13600689
13603252
13603112
13607190
13607605
13607160
13604107
13601215
13604432
13601332
13609583
13605215
13606314
13606874
13607248
13609054
13603226
13604039
13604311
13609403
13605170
13603175
13604195
13606679
13604034
13601165
13609409
13604317
13604042
13600442
13604520
13604512
13605177
13604370
13604410
13605060
13601115
13601434
13604108
13605508
13604136
13600073
13607383
13606238
13608176
13608152
13606752
13605175
13604402
13601293
13600280
13607351
13607770
13604579
13607080
13602062
13607710
13603278
13603242
13609436
13607401
13602151
13600200
13603262
13603050
13606690
13603205
13603123
13609311
13602028
13604066
13607257
13601220
13606578
13604327
13604315
13604336
13604544
13608092
13607427
13607805
13606235
13605282
13606643
13606504
13603011
13607245
13609504
13609514
13605358
13604180
13600050
13603045
13602052
13604308
13603261
13600559
13607795
13606223
13604554
13601178
13604187
13604134
13603033
13601433
13601368
13600420
13604060
13601140
13602152
13604525
13606806
13608113
13603030
13609351
13609357
13608170
13609428
13605218
13609374
13604206
13609373
13603153
13607050
13605501
13601358
13606231
13603075
13604522
13604230
13606528
13602006
13605502
13602020
13607350
13607594
13607592
13607414
13603124
13601350
13607361
13601415
13607081
13607006
13607105
13607302
13604025
13604061
13603080
13606221
13606421
13602101
13602015
13607352
13602208
13604306
13604496
13604591
13604391
13604555
13604232
13607040
13609562
13609558
13601176
13607775
13607481
13604536
13607220
13607197
13607319
13604104
13601172
13607304
13606059
13609364
13609343
13605216
13603276
13609534
13608104
13600320
13609352
13609360
13609375
13605050
13605040
13605036
13605030
13605020
13605012
13602000
13606370
13606371
13609050
13604209
13607262
13605335
13609448
13604077
13605512
13607207
13605217
13609055
13604434
13602030
13606311
13606444
13601365
13602061
13606701
13605156
13606486
13606450
13605336
13600499
13606414
13606583
13607090
13603244
13602043
13603274
13606351
13602106
13606413
13607311
13601251
13601370
13600490
13604012
13604019
13607315
13603025
13601367
13609491
13601051
13608158
13605155
13604027
13601213
13603284
13603183
13607740
13609444
13609051
13606033
13606380
13606389
13606587
13604229
13605223
13605154
13602100
13604546
13601296
13601081
13603070
13603250
13604545
13606730
13606699
13606474
13607610
13607407
13609532
13609420
13604329
13602130
13602041
13602170
13607209
13607250
13607121
13609454
13609452
13609361
13609544
13607475
13607116
13604106
13606766
13609434
13609476
13609462
13604543
13606236
13606582
13604200
13604059
13604480
13602172
13606581
13606807
13606601
13602210
13607247
13602053
13604330
13604140
13607408
13606660
13608129
13607745
13608119
13609317
13609486
13605238
13604182
13603170
13609582
13603173
13605232
13608110
13601116
13608168
13607275
13606839
13604049
13609518
13605300
13607447
13607092
13602054
13606754
13606489
13609323
13601362
13601422
13601083
13604068
13607780
13607409
13607505
13607329
13607192
13603016
13600410
13607441
13605518
13607330
13603055
13607563
13601070
13608095
13609312
13609332
13609378
13609414
13603220
13604191
13607224
13600560
13603154
13609456
13609387
13604303
13607184
13604132
13600140
13606245
13601372
13601378
13607187
13602200
13607445
13603006
13603172
13601504
13602035
13607590
13605276
13605172
13607230
13607070
13603271
13604418
13607300
13601162
13605192
13606411
13604528
13600480
13607246
13607422
13609401
13604301
13604339
13606462
13609347
13605325
13605400
13605500
13605330
13603270
13606015
13604358
13607035
13606630
13604041
13608125
13608127
13609408
13607240
13607310
13606550
13600529
13602102
13603283
13609546
13606530
13609381
13609230
13607476
13608112
13605344
13604510
13600510
13607213
13607420
13606821
13603007
13605342
13609344
13609252
13607059
13609182
13607323
13605522
13609530
13602070
13602044
13606050
13604133
13604588
13604350
13604464
13605295
13604050
13604138
13604406
13607183
13609464
13601013
13604075
13607553
13606220
13606841
13607603
13607500
13607418
13609416
13608109
13609331
13604165
13606241
13604179
13604040
13607261
13605194
13602204
13607558
13605153
13609231
13607507
13606876
13607188
13606644
13601502
13607225
13602192
13606768
13600060
13600061
13609556
13609310
13603160
13607360
13609586
13601444
13601386
13600700
13602013
13609630
13609410
13600160
13607062
13604074
13603077
13607444
13609314
13608111
13606620
13609052
13608105
13606526
13602120
13606572
13606325
13604454
13607462
13606661
13606340
13606341
13606580
13603290
13602180
13604186
13607466
13607362
13606831
13603096
13600740
13603020
13604486
13606524
13604137
13604102
13602004
13607660
13607200
13607657
13607168
13607179
13607238
13607332
13609492
13606342
13605236
13609510
13606394
13606326
13600180
13607785
13605152
13608146
13609450
13607423
13606484
13604458
13609480
13600009
13607565
13607570
13609542
13609358
13609632
13605340
13604313
13607700
13604162
13607223
13601506
13604594
13606470
13604331
13607814
13606536
13602128
13606758
13606810
13607478
13606850
13608131
13606440
13608134
13606570
13608156
13607715
13604183
13609382
13604530
13606870
13604548
13607270
13603049
13607176
13607405
13607064
13600430
13605334
13606835
13607122
13602012
13607020
13604364
13604476
13606512
13606852
13603026
13605296
13601351
13604400
13607094
13606514
13607312
13604123
13604103
13609466
13606805
13603051
13603040
13600640
13607211
13603103
13603140
13601294
13609056
13607274
13601190
13606420
13606584
13604526
13606607
13602108
13605292
13601132
13607419
13601347
13608150
13605197
13605181
13603209
13606032
13601260
13604188
13605210
13602153
13603023
13609184
13606642
13604085
13609502
13603074
13603234
13609550
13603204
13607095
13605343
13602014
13603187
13609350
13604202
13607242
13607264
13608117
13605516
13606446
13604072
13604542
13604157
13606872
13609348
13605504
13604551
13604120
13604146
13607000
13604332
13606764
13607355
13606012
13601377
13609232
13606053
13609536
13603282
13606352
13609620
13602121
13606456
13604100
13603009
13607255
13600319
13604189
13607555
13606234
13609440
13600798
13609508
13606856
13606034
13604570
13604360
13604365
13607306
13604156
13609406
13600680
13601131
13607468
13604063
13601339
13601327
13606030
13603119
13607339
13607198
13606316
13604172
13607005
13607086
13607280
13607490
13607265
13607450
13607451
13607800
13607461
13607382
13606571
13606321
13600270
13607550
13601004
13603133
13602126
13607125
13605272
13606026
13601336
13601325
13605310
13603001
13607271
13604026
13604101
13600400
13609430
13601113
13607254
13606323
13607235
13608142
13608177
13606410
13600460
13608144
13600695
13600250
13603100
13602194
13604603
13602011
13605337
13607396
13608097
13602182
13609498
13605350
13609417
13609270
13606390
13605293
13603279
13608099
13601005
13604862
13604171
13606823
13603130
13606391
13601182
13605191
13603254
13605204
13603113
13605520
13604529
13607390
13601291
13609432
13608186
13600020
13600021
13605354
13607379
13605190
13607253
13606603
13603174
13602206
13606750
13607087
13609251
13607217
13604196
13609337
13605353
13608185
13609497
13601170
13603253
13607212
13606222
13606802
13607568
13605149
13606650
13607576
13606056
13606230
13605359
13608188
13604184
13601352
13604193
13603260
13604300
13605230
13604450
13607562
13603240
13604122
13604143
13606028
13606346
13606332
13606638
13602007
13607216
13603152
13604385
13607071
13606825
13605202
13601053
13606037
13603200
13603076
13603232
13609438
13609580
13602122
13603273
13601252
13609338
13605242
13605274
13603208
13609271
13602186
13603017
13604080
13604860
13609584
13607117
13609205
13600240
13606827
13602038
13602019
13602017
13602025
13602060
13602212
13602109
13606010
13609053
13602154
13601295
13604541
13606672
13602155
13604494
13604058
13606860
13600260
13601334
13601007
13601348
13601344
13601388
13607150
13600069
13604194
13601421
13601440
13605144
13600230
13608121
13604582
13600227
13601082
13607232
13607288
13607276
13607286
13606538
13607501
13608138
13606488
13609200
13604462
13609468
13607446
13609380
13604540
13604500
13607381
13606324
13605171
13600790
13605187
13604178
13609540
13607180
13607760
13601161
13603095
13603012
13603041
13607084
13604334
13608166
13603093
13606762
13607469
13606858
13606482
13603296
13604073
13606400
13606458
13609488
13600520
13605240
13609552
13605188
13604203
13606417
13601412
13601442
13601342
13609560
13601009
13603054
13602023
13601337
13601417
13604024
13601292
13605220
13605147
13601420
13604038
13604011
13605213
13605146
13606468
13607572
13606091
13603121
13604031
13602024
13606573
13605206
13601114
13601262
13606700
13604824
13602045
13605506
13608181
13607210
13606579
13609418
13609260
13603122
13601012
13608160
13602127
13605183
13604198
13600515
13600001
13601000
13604000
13602046
13601123
13607651
13605209
13606240
13607561
13606862
13609385
13604099
13604029
13604531
13607448
13606606
13607251
13607402
13600080
13600081
13604036
13601341
13601346
13607119
13606237
13607318
13607338
13607256
13603134
13607185
13601021
13606760
13608154
13604070
13604498
13609336
13601112
13600225
13603004
13609407
13602002
13606801
13604163
13607765
13600325
13601330
13609446
13605193
13601055
13603029
13605351
13606232
13602009
13601432
13603097
13606472
13605180
13606476
13604148
13604131
13601217
13601029
13601050
13604236
13602104
13609899
13609335
13603143
13601414
13600205
13605145
13603132
13609386
13607750
13607243
13603015
13603275
13604388
13604028
13600650
13605214
13605150
13607061
13606608
13603028
13603131
13604597
13608108
13604150
13607191
13604128
13609345
13601354
13604482
13601364
13604305
13605341
13605298
13608183
13607567
13604521
13606233
13601329
13605142
13606354
13606330
13608184
13609490
13600130
13604051
13604430
13609180
13600739
13600760
13607115
13607241
13609320
13601071
13603043
13603014
13604468
13605174
13606475
13606054
13604535
13601121
13604047
13606838
13603151
13600440
13607063
13607443
13607072
13607008
13600095
13605151
13604022
13606322
13601375
13601379
13606425
13606577
13605357
13603120
13605270
13607386
13606090
13607309
13607337
13607380
13601431
13604062
13600070
13600071
13601212
13601056
13604826
13608180
13609363
13605362
13608190
13600090
13600091
13602022
13604069
13607307
13601385
13608178
13601011
13605339
13604373
13604386
13607467
13606460
13606360
13606328
13606228
13606361
13606808
13606588
13603019
13608140
13600310
13605338
13603102
13607030
13601080
13603018
13604197
13606824
13607385
13607440
13608093
13607566
13604082
13607560
13606803
13601376
13606416
13607278
13609006
13606239
13604549
13602003
13604328
13606605
13601180
13603111
13603142
13605184
13602150
13603022
13607181
13607182
13601216
13604170
13603201
13606423
13600042
13603003
13606664
13609512
13604372
13604387
13604260
13606837
13607353
13607170
13609340
13605176
13608098
13604534
13606576
13603110
13603141
13606392
13600720
13601001
13607316
13609300
13601353
13605320
13600709
13606843
13607303
13604474
13604368
13604585
13607480
13601020
13604408
13604380
13609588
13604292
13606558
13607193
13602133
13605401
13604371
13604413
13609499
13604417
13604414
13604415
13604416
13605305
13604422
13600360
13609590
13604293
13607194
13602134
13605402
13604427
13600660
13600350
13604071
13609592
13602135
13605403
13604426
13609594
13604297
13602136
13605404
13604425
13604298
13602137
13605405
13604424
13604295
13602138
13605406
13604423
13604296
13602139
13605407
13604421
13604294
13609334
13604420
13600085
13604419
13600470
