14804463
14803788
14803778
14803780
14810840
14808055
14808019
14811005
14802373
14805410
14810375
14810570
14808194
14811733
14800870
14807420
14810198
14806319
14806417
14806408
14806179
14811131
14806775
14802241
14801229
14806166
14807262
14805362
14806406
14805466
14811150
14805123
14810360
14810347
14811230
14811283
14804698
14801380
14801417
14808594
14808590
14801090
14804043
14802804
14807040
14807082
14807083
14807201
14811838
14807215
14802158
14806128
14805044
14802536
14801009
14808551
14803665
14809235
14805345
14807170
14800560
14800130
14806488
14806149
14800440
14804325
14802341
14808263
14810003
14806162
14800737
14802590
14801101
14807191
14811806
14811100
14808281
14811490
14811607
14811660
14811610
14811500
14807377
14804300
14810732
14806450
14806868
14810816
14800070
14802070
14802058
14802056
14805468
14801711
14807388
14801086
14808244
14807219
14807234
14807220
14807211
14807185
14807256
14807184
14807140
14807349
14807348
14807297
14808592
14800105
14804065
14811151
14804342
14808514
14808586
14802220
14808631
14807072
14804296
14801470
14801488
14801532
14802520
14807192
14801510
14801572
14810441
14804021
14800099
14809236
14804244
14807266
14808235
14802180
14810021
14807264
14805260
14808402
14801015
14801020
14801725
14801782
14807278
14807341
14808579
14801743
14804536
14804162
14802237
14808662
14807015
14802886
14811794
14810370
14810344
14803852
14805179
14801080
14801091
14808121
14800027
14800025
14805458
14805200
14800009
14801021
14806321
14804384
14811049
14811273
14807022
14804335
14807177
14809340
14806323
14807027
14811152
14804350
14808225
14808223
14811066
14800479
14808196
14811138
14811196
14811240
14801710
14801226
14802340
14805413
14801553
14802325
14804485
14804508
14803022
14806816
14803882
14803842
14811535
14810580
14801269
14810848
14807050
14808583
14802854
14810197
14803845
14804144
14807321
14804150
14804110
14801149
14806595
14804506
14800600
14800145
14804410
14805132
14801359
14804015
14800072
14800660
14801103
14808199
14806808
14804496
14810555
14804532
14808154
14802537
14802805
14802867
14802465
14811037
14808255
14807281
14803677
14801770
14801565
14808248
14804316
14804330
14801289
14807172
14806033
14806050
14806048
14811692
14810115
14800650
14811588
14804394
14808425
14808412
14811666
14811600
14810553
14810534
14800662
14805023
14805425
14808072
14801579
14804098
14811517
14805275
14804105
14810852
14804358
14808645
14805325
14808600
14807176
14810142
14808604
14810190
14801079
14811275
14807272
14810568
14810510
14811706
14804074
14806436
14806425
14800580
14800500
14800505
14806040
14806038
14806054
14802390
14808218
14808217
14804063
14811812
14801732
14810260
14801722
14805435
14805120
14806285
14808522
14804117
14806751
14804354
14808552
14810137
14800430
14806407
14806657
14804390
14804075
14809342
14806345
14802869
14805415
14807216
14810138
14807311
14807310
14808000
14800110
14806158
14808380
14808431
14807295
14807305
14807415
14807322
14807313
14803858
14807376
14804126
14808371
14808400
14808568
14811153
14808290
14800275
14805210
14810455
14811064
14806760
14808653
14810746
14810770
14808357
14809486
14810080
14801319
14806123
14804073
14806439
14807074
14801270
14810309
14811739
14808663
14805211
14800729
14810332
14804403
14807289
14806785
14807372
14811510
14810218
14810336
14805437
14809200
14809172
14808291
14808313
14806315
14800300
14806210
14806227
14811400
14811434
14810595
14808295
14808073
14804009
14803808
14811727
14801764
14801698
14804184
14804446
14800850
14804489
14801225
14806517
14805143
14809198
14809174
14806583
14803849
14808605
14808530
14807386
14800715
14807414
14802126
14804071
14806750
14811474
14801415
14801209
14810242
14810373
14810288
14807380
14804024
14802580
14809237
14801335
14802175
14802156
14811840
14811186
14810438
14805422
14802861
14804190
14804376
14811372
14811448
14802221
14808226
14808267
14808286
14808626
14804359
14803873
14800656
14810202
14808296
14808024
14802229
14800075
14807127
14807047
14811135
14806165
14806204
14802242
14805254
14806451
14802822
14809302
14805169
14801189
14800890
14803032
14811380
14807106
14807058
14807073
14804091
14811098
14807270
14808259
14804031
14804140
14810422
14808297
14801240
14806466
14810350
14810349
14802375
14807360
14807436
14807440
14809225
14806398
14810612
14811482
14807379
14808298
14805251
14805454
14808050
14805113
14809294
14803789
14803777
14803781
14811826
14802819
14808219
14808238
14810060
14810167
14810155
14810247
14807394
14801180
14801204
14809224
14801160
14801165
14800520
14800524
14800087
14811173
14806281
14801202
14804488
14804449
14811542
14810598
14808602
14811136
14811721
14808315
14811174
14811363
14803046
14802857
14811002
14811479
14806183
14804072
14811425
14807276
14807342
14810284
14804083
14804246
14810128
14810522
14804164
14805271
14811590
14810072
14810129
14806475
14810822
14807390
14807258
14806032
14802570
14811367
14801300
14802290
14802284
14806287
14804082
14810450
14802396
14802386
14810083
14806590
14809221
14811345
14806168
14804018
14808227
14811032
14807240
14807223
14807241
14806338
14809282
14809324
14803834
14802825
14800540
14800552
14811836
14811518
14808033
14800020
14801028
14803810
14803847
14810300
14810383
14810416
14801017
14801023
14804704
14807400
14806613
14801050
14801065
14800230
14801360
14802150
14802151
14810358
14809210
14802852
14800369
14805047
14803848
14808342
14801731
14804483
14802464
14801082
14801084
14801089
14808379
14808430
14804042
14804497
14802466
14810750
14810766
14809296
14803790
14803779
14803782
14804318
14802450
14808362
14810276
14804501
14805171
14803825
14803803
14808593
14808100
14808151
14802403
14801128
14804452
14805419
14810255
14810266
14810281
14806455
14810768
14810748
14801675
14802019
14804451
14802253
14809898
14806373
14806251
14806334
14809330
14806718
14806325
14802491
14807293
14811046
14804362
14809312
14809240
14810134
14806411
14806200
14811630
14811742
14811690
14805122
14805045
14806093
14806096
14806143
14801420
14804084
14804199
14804252
14811154
14804064
14807086
14807114
14807097
14803793
14808524
14802249
14804414
14800270
14800352
14801340
14802165
14802157
14811792
14806430
14806188
14811440
14808614
14807210
14807186
14807183
14807141
14805303
14802222
14807375
14806254
14806767
14801768
14801696
14805121
14800419
14810774
14811808
14801410
14811155
14806806
14811433
14803828
14802832
14801280
14802412
14802425
14811563
14810048
14808026
14802350
14804495
14800140
14801456
14801467
14801494
14801450
14811220
14803843
14811126
14811140
14811192
14808549
14807280
14801120
14802600
14810460
14810165
14810246
14810032
14801043
14811406
14811237
14804507
14808516
14803881
14808556
14806133
14808372
14810229
14802118
14805386
14806252
14806720
14806695
14804232
14811424
14806734
14805405
14804467
14811700
14811480
14811642
14811156
14806685
14805392
14806257
14805255
14802803
14804107
14806152
14806154
14802898
14810286
14811040
14806600
14805180
14804206
14804258
14811010
14805420
14806765
14806456
14804447
14800190
14800186
14801400
14802135
14804038
14808164
14808132
14807370
14808404
14804160
14805144
14802820
14804493
14802468
14802492
14804380
14804445
14802410
14809231
14801556
14801200
14801206
14801158
14800169
14801465
14801490
14800115
14808584
14806364
14809260
14810764
14810752
14809298
14803791
14803783
14811832
14808063
14807169
14810546
14810204
14809300
14806736
14801771
14804101
14807052
14805176
14807103
14810611
14811270
14802233
14802533
14807404
14808565
14806653
14810130
14809204
14808221
14805377
14802243
14805134
14808428
14808328
14807275
14804076
14808473
14808452
14810112
14804408
14803680
14805460
14805401
14804470
14808695
14803662
14806444
14802847
14802370
14808505
14806295
14810738
14802392
14801370
14802145
14802796
14806860
14806465
14811437
14800065
14807450
14810810
14806850
14806852
14806658
14800085
14805187
14807011
14807007
14800400
14810868
14808705
14811083
14809338
14805408
14804474
14804035
14802830
14807217
14808197
14811157
14802510
14804027
14808660
14806415
14806197
14810597
14807406
14807334
14807299
14807442
14807416
14808293
14808212
14808211
14811431
14811188
14804364
14810099
14803856
14807301
14807300
14805135
14804344
14804210
14804361
14804260
14811023
14800578
14800250
14807410
14808310
14808308
14808647
14809368
14801576
14810210
14805263
14802843
14802378
14806866
14811441
14811730
14811429
14805470
14801747
14805400
14808640
14800360
14801310
14802215
14802101
14802223
14801088
14800080
14810601
14804471
14803792
14803796
14803784
14803669
14810338
14810343
14810576
14807261
14807269
14807224
14807251
14800721
14805285
14805138
14810385
14808560
14801094
14801093
14810024
14805264
14808337
14808456
14808326
14806305
14805306
14811545
14811612
14807122
14808028
14804156
14810698
14800059
14810320
14809220
14805272
14803885
14808276
14811160
14810430
14807407
14804360
14807062
14808570
14808395
14807093
14806177
14808350
14808623
14808399
14808333
14808457
14808566
14808475
14810427
14802850
14802354
14808222
14807123
14807174
14811664
14811602
14810704
14802833
14801037
14801239
14807304
14810037
14800278
14810148
14811262
14811279
14810020
14808250
14803681
14805035
14805430
14811678
14811633
14805368
14805465
14802860
14802868
14804524
14807020
14811467
14806055
14806099
14802892
14802878
14811672
14810340
14810574
14807401
14802257
14808110
14808144
14808127
14806812
14811096
14802538
14811226
14806130
14806434
14801208
14808316
14801130
14801740
14811112
14811073
14801688
14811824
14811770
14810245
14810289
14810388
14810540
14810539
14807433
14804422
14804187
14804499
14802382
14801097
14801096
14808030
14802185
14804106
14806667
14806741
14806740
14802080
14802082
14802153
14810624
14811161
14811764
14809178
14811640
14811668
14808624
14808322
14810203
14810196
14810224
14806452
14805148
14810213
14804472
14803797
14803785
14802279
14810209
14808057
14809356
14801559
14802155
14801329
14806735
14802232
14810616
14801140
14807180
14801573
14800717
14808231
14805201
14804230
14802170
14806095
14800719
14803041
14804401
14805300
14810626
14807054
14804333
14807422
14806761
14811252
14803835
14810214
14805207
14803030
14806683
14802490
14806666
14806240
14806225
14803807
14801677
14805359
14810195
14804099
14811050
14803823
14804455
14803837
14811134
14805330
14810440
14810452
14801766
14801535
14811176
14807206
14807188
14807195
14807143
14808636
14802225
14804019
14801257
14802320
14801541
14801540
14810600
14808010
14808029
14808040
14808242
14806463
14800290
14804127
14808685
14800060
14811477
14808572
14806853
14806514
14811378
14806174
14800659
14805297
14806728
14810054
14801238
14807319
14811450
14805050
14801546
14801547
14804396
14804058
14811476
14800285
14809276
14800733
14806317
14808610
14801250
14802000
14800530
14800526
14807077
14807078
14807014
14810192
14811128
14811218
14810312
14810337
14811265
14810508
14810513
14811418
14810028
14810030
14806511
14808683
14808270
14810615
14806235
14804068
14810185
14810254
14810380
14810692
14807009
14804456
14806370
14809256
14811736
14805252
14804462
14811022
14805212
14811470
14806730
14804487
14802815
14802365
14807012
14811682
14811620
14802408
14800022
14801029
14808312
14807008
14811042
14804248
14805010
14801680
14803819
14807396
14804366
14808574
14801210
14801216
14811618
14801780
14810449
14808416
14801375
14807286
14806515
14806724
14802496
14805290
14804048
14811086
14804201
14804254
14811532
14808433
14808381
14810592
14805469
14808193
14806342
14810230
14810235
14811335
14811650
14802870
14808152
14807038
14801737
14808424
14801739
14808038
14810087
14804111
14808070
14806786
14808257
14806680
14806213
14805383
14802411
14802089
14804475
14806185
14806142
14806422
14806431
14804346
14804118
14811130
14811184
14810183
14801290
14802416
14807030
14807067
14806181
14806462
14804454
14810390
14811368
14805141
14802802
14811108
14811133
14807019
14807124
14802105
14807382
14805424
14804443
14811543
14811484
14805142
14809214
14811463
14802790
14802876
14800640
14804012
14807371
14810180
14810872
14802100
14802108
14802085
14804234
14805282
14804088
14801600
14805268
14808545
14807303
14801022
14804044
14806733
14808058
14802060
14802057
14802055
14803794
14808697
14807205
14802530
14806400
14809348
14809246
14802446
14802304
14811464
14811530
14806713
14806856
14807800
14808279
14810207
14802806
14807384
14808240
14802107
14801694
14802027
14810097
14808150
14808128
14808168
14808581
14805218
14800028
14800030
14800220
14800224
14801385
14808397
14808236
14801332
14806202
14806669
14801288
14805026
14801734
14801716
14811248
14800045
14800043
14808034
14808124
14808138
14808039
14810621
14805172
14807163
14803806
14801318
14807178
14810211
14810033
14804492
14800657
14810042
14804338
14809229
14805202
14806157
14804450
14807431
14809304
14806655
14808470
14808464
14810325
14804522
14807165
14804108
14800240
14801350
14802160
14802152
14807260
14807218
14805292
14804705
14800040
14800042
14811680
14810812
14802634
14800007
14808159
14808672
14810043
14810092
14804039
14809292
14803650
14804357
14810880
14804479
14806610
14800375
14806504
14808667
14811804
14807010
14811246
14808692
14805427
14810457
14805188
14805250
14802448
14802315
14800615
14807075
14802420
14804505
14810860
14804368
14804109
14804168
14804336
14808068
14809212
14809166
14804498
14800570
14810754
14810762
14810089
14800470
14808338
14808571
14808393
14808426
14805261
14800144
14806457
14811330
14811390
14811417
14811383
14811674
14802360
14811533
14810118
14811000
14803038
14803685
14807080
14807079
14810426
14811162
14808069
14804050
14811260
14811258
14811190
14808377
14807291
14807288
14807340
14807307
14807323
14807279
14806312
14811670
14805356
14811407
14806275
14808258
14801527
14804448
14807016
14804119
14811615
14804172
14805429
14808670
14809164
14805111
14800180
14800184
14801405
14801407
14802130
14811571
14808252
14805289
14802632
14802110
14805032
14807317
14807318
14806460
14808216
14810413
14810431
14810437
14806117
14809194
14809180
14800489
14803875
14806112
14810423
14806513
14807242
14805041
14805434
14808563
14807253
14807250
14802271
14807314
14808612
14804100
14802402
14802040
14802037
14802053
14803787
14808032
14807287
14811163
14800700
14806654
14810191
14810275
14806075
14810520
14807434
14801525
14801790
14802125
14811592
14808360
14808266
14807369
14804120
14808332
14802419
14804080
14807194
14807255
14807259
14811802
14811635
14811676
14806215
14811164
14802424
14806520
14804412
14807088
14810044
14802020
14802025
14808021
14808355
14806442
14808036
14808415
14808382
14808427
14800150
14801458
14801447
14801440
14805209
14811580
14810189
14805208
14810355
14800710
14804041
14805165
14808534
14810591
14811120
14811142
14811194
14811582
14811369
14806127
14808334
14800565
14811766
14804404
14808292
14810022
14808606
14802345
14801169
14801230
14801412
14808162
14808540
14810244
14810287
14810372
14808288
14808262
14808682
14800410
14800415
14803666
14808233
14808547
14809320
14809278
14810562
14810515
14808210
14808191
14808285
14809482
14802493
14806279
14810856
14805452
14805154
14810027
14802259
14805442
14805253
14806377
14809344
14804197
14804189
14804242
14805000
14805347
14800082
14800055
14811030
14803667
14811810
14806358
14809264
14804069
14804370
14811411
14808229
14801686
14801762
14801150
14801163
14801477
14807403
14810004
14805321
14804097
14810201
14808512
14811051
14804128
14806131
14802273
14807427
14804020
14807285
14801773
14806361
14809262
14800510
14800507
14800084
14801110
14801117
14810420
14807274
14800011
14811284
14802247
14801526
14810356
14810205
14810251
14810220
14807150
14807000
14807021
14807212
14807249
14807057
14811182
14801099
14808365
14811362
14806303
14802272
14804170
14808254
14806167
14806037
14806035
14810150
14811256
14811180
14811132
14810294
14810298
14806346
14809272
14807026
14810425
14805217
14805038
14807290
14807296
14806045
14806047
14806053
14804534
14810342
14808598
14807432
14810410
14811574
14808237
14804352
14806580
14808455
14808474
14800725
14808585
14805432
14811638
14808249
14806464
14811379
14811364
14811370
14801287
14811466
14811548
14808707
14806708
14801139
14806738
14806344
14806421
14805155
14809352
14809242
14809202
14809170
14808375
14808665
14808458
14808403
14808627
14808555
14806299
14810740
14806865
14810844
14804240
14801690
14801562
14810613
14802494
14802480
14803056
14811426
14806716
14806615
14803045
14811547
14807034
14807069
14807117
14807091
14801119
14804010
14804000
14806000
14811165
14806125
14808234
14808648
14808318
14801550
14801038
14810862
14810870
14807392
14807236
14806253
14811166
14808680
14801107
14804438
14810352
14810348
14808686
14808282
14811025
14810175
14810058
14806467
14810818
14811435
14808202
14807003
14807063
14808576
14805279
14807048
14807126
14805029
14805428
14806277
14811549
14806349
14809270
14810421
14808340
14800590
14808245
14806560
14806313
14803657
14810194
14810257
14810283
14802369
14803672
14811278
14806206
14806664
14806129
14800450
14800550
14800556
14810057
14806025
14806023
14808066
14807064
14808272
14808472
14808320
14808341
14808459
14811513
14806787
14807200
14807146
14810700
14808544
14808628
14810104
14806508
14806516
14801129
14806340
14803670
14809280
14809322
14810035
14810034
14811560
14805418
14805115
14808260
14803855
14805167
14806762
14807213
14807204
14807189
14807197
14807144
14811088
14800320
14804382
14808528
14805440
14811254
14802251
14800095
14804166
14805389
14804081
14810098
14811712
14810055
14807175
14806770
14810609
14802384
14810447
14806397
14805273
14811842
14808153
14805265
14808061
14804526
14803830
14801024
14810145
14806160
14801449
14804030
14804486
14808390
14808434
14808406
14808632
14811167
14808200
14811423
14807316
14808331
14808453
14808325
14809336
14806328
14810824
14806470
14806418
14806412
14806176
14809188
14806222
14810878
14807227
14810550
14804130
14810120
14806336
14809328
14809284
14802267
14809274
14809354
14805267
14804036
14807110
14807096
14810708
14806283
14810850
14808317
14802389
14810234
14810236
14806854
14808336
14800165
14801425
14801433
14803886
14802122
14802115
14809484
14804415
14804710
14804055
14804176
14800727
14802399
14803821
14808548
14811276
14808228
14807333
14808601
14802797
14808035
14810122
14806367
14809258
14802029
14811475
14811371
14806005
14802620
14803853
14811540
14810233
14800731
14802275
14809308
14808116
14810694
14802467
14808203
14804406
14811428
14808161
14802810
14806194
14806173
14801179
14805185
14806297
14806715
14801041
14811366
14808569
14804040
14805340
14806105
14801684
14801760
14800280
14810544
14807198
14802799
14807292
14804193
14804385
14804345
14806445
14802226
14805295
14801085
14808324
14807085
14807113
14807098
14806309
14808538
14806293
14809360
14801713
14803640
14801245
14806153
14802794
14808368
14806473
14800160
14800057
14802231
14802540
14811035
14808113
14809222
14806111
14810610
14800175
14802299
14804482
14802795
14801786
14801719
14804528
14802388
14804481
14804509
14811028
14806512
14808277
14806433
14806864
14809076
14810776
14808546
14805445
14807418
14807155
14807166
14804356
14807306
14808684
14808271
14807104
14811820
14811709
14806663
14811830
14810365
14810346
14808550
14808120
14804306
14804322
14806311
14800610
14806273
14801159
14807263
14801330
14802195
14802103
14808017
14802310
14802230
14805423
14810261
14806500
14806545
14811796
14808136
14808123
14811080
14811409
14807092
14811828
14811762
14803021
14804045
14808510
14811365
14802376
14810141
14808037
14806519
14806405
14806818
14804004
14801478
14808001
14810858
14811039
14808074
14810045
14811444
14806449
14800370
14807120
14801260
14802330
14806150
14811168
14804032
14803876
14803048
14803034
14809208
14809168
14810557
14810532
14808192
14804102
14811358
14811350
14807335
14811169
14806416
14806409
14806080
14805288
14806453
14806274
14803854
14806381
14809346
14809248
14804374
14804061
14805291
14804154
14806755
14811442
14805467
14808251
14807044
14807059
14807446
14800723
14804037
14804409
14800380
14801309
14808615
14804339
14808622
14801749
14810530
14804332
14801728
14806619
14802880
14806191
14806438
14804022
14808609
14804402
14803655
14802312
14802050
14802052
14802054
14804468
14804158
14802630
14809162
14811415
14806304
14808650
14809350
14805304
14811715
14802035
14802030
14808561
14808637
14808422
14806530
14808369
14808429
14808384
14808454
14808323
14800609
14808314
14806170
14810445
14804440
14806550
14805157
14802404
14808657
14804400
14807284
14807107
14811515
14806756
14807283
14808134
14808122
14800420
14800417
14800436
14810000
14805463
14809196
14809176
14800509
14810876
14808633
14801070
14801095
14805162
14810448
14810152
14811285
14811263
14811227
14811282
14807168
14808201
14811834
14811082
14810290
14810295
14808655
14806763
14801190
14805343
14806155
14806245
14806863
14807065
14806704
14804174
14802355
14803055
14803025
14804444
14802846
14811170
14804530
14808125
14808140
14808289
14808264
14808690
14802339
14808247
14807066
14806090
14804480
14802427
14804090
14806259
14808198
14810002
14805436
14811337
14807171
14803857
14804112
14810296
14808157
14807428
14803805
14810446
14802374
14806468
14810820
14808273
14810330
14805310
14810594
14811068
14802421
14811250
14803851
14807282
14804348
14804367
14808268
14804204
14804256
14811020
14808329
14803817
14804510
14806690
14810688
14810603
14806121
14801220
14801218
14803832
14804070
14801533
14804428
14802394
14804125
14810429
14802500
14801679
14803818
14802835
14804701
14807202
14807145
14810025
14805174
14802814
14803010
14803683
14802863
14802234
14810846
14811768
14806804
14802862
14811158
14811375
14811447
14804087
14804122
14810593
14801570
14801777
14811844
14811544
14811024
14806065
14806067
14807378
14806395
14811718
14804047
14802837
14801279
14811012
14807199
14806182
14804123
14810303
14810310
14810386
14810414
14808608
14807081
14807112
14807101
14808031
14808015
14805186
14810548
14810536
14810335
14810578
14802235
14811280
14811595
14807045
14807071
14807102
14808299
14800010
14803838
14805402
14806688
14810684
14810602
14808274
14810225
14810232
14810227
14811171
14802498
14802469
14802128
14802248
14806172
14811485
14807036
14801775
14807046
14805464
14803795
14804372
14810625
14811694
14802856
14804500
14805403
14805257
14811159
14805182
14810599
14806355
14809266
14807424
14806119
14803668
14808554
14807405
14811686
14811625
14811422
14802560
14804700
14806570
14807095
14806661
14805126
14801087
14806752
14810734
14806867
14808460
14808558
14808476
14808634
14808420
14808319
14805450
14805258
14805160
14806780
14802851
14801228
14808616
14802227
14807309
14802228
14811798
14807051
14801308
14809306
14810424
14802858
14811397
14811439
14806100
14806097
14804308
14804514
14805396
14808278
14808643
14808205
14809192
14809182
14806404
14809244
14801744
14807373
14810617
14803054
14800630
14807315
14807444
14807435
14807320
14807425
14802245
14802263
14807042
14810590
14806289
14806810
14803814
14811070
14811090
14811124
14804457
14803824
14802890
14810006
14810328
14804086
14802535
14805256
14806423
14806391
14809250
14809227
14801685
14802801
14811234
14800658
14802534
14807302
14801515
14801788
14801568
14811060
14810193
14810256
14810282
14810264
14810443
14810005
14801060
14801066
14802853
14805129
14810182
14807271
14807268
14806769
14811404
14808374
14811402
14811438
14803877
14809310
14805219
14805269
14805462
14807118
14807090
14811483
14807233
14806448
14807254
14807277
14810052
14800210
14800206
14801390
14800490
14805316
14808256
14807013
14806706
14811172
14805220
14801348
14810206
14807089
14808398
14806015
14806018
14808067
14808526
14810184
14810108
14801040
14801064
14810216
14803801
14808300
14808654
14808239
14808130
14808646
14808165
14808307
14801059
14804103
14810074
14802190
14802104
14808367
14800200
14800204
14801395
14802140
14804121
14802088
14804238
14805371
14808280
14802855
14808709
14808588
14810169
14811696
14811790
14811094
14803822
14803846
14811076
14804441
14811267
14811233
14804494
14807031
14807068
14807246
14807226
14802010
14802023
14807252
14807225
14807244
14807345
14807238
14807222
14807257
14807237
14807221
14804503
14808214
14810237
14810200
14810253
14810222
14805287
14801544
14801545
14802826
14806175
14806424
14806147
14806208
14806429
14806700
14801075
14811373
14810056
14810696
14805277
14804464
14801170
14801167
14804092
14804491
14808641
14805456
14811099
14805406
14804469
14806010
14806017
14806007
14802610
14803658
14800735
14808160
14808167
14811021
14809206
14800076
14804153
14811534
14811541
14807190
14807207
14810682
14806020
14806022
14801538
14801539
14807308
14807408
14806410
14807196
14811684
14811622
14810240
14810238
14803829
14803874
14806085
14803826
14811430
14808518
14807294
14806446
14804236
14806070
14806068
14806161
14802289
14808520
14803031
14810582
14804490
14811381
14803820
14810100
14811116
14811084
14806258
14804182
14808071
14811360
14802871
14808618
14802261
14810815
14811703
14805380
14808156
14808562
14808462
14804249
14811063
14811361
14806092
14806094
14806146
14802821
14802872
14808195
14808687
14801794
14801534
14810565
14802362
14802406
14802460
14802452
14802462
14810444
14805110
14803804
14801674
14808253
14808246
14802380
14808580
14801769
14801500
14801682
14801702
14801700
14808158
14806291
14808532
14808596
14804049
14802059
14808027
14804046
14806180
14807017
14806301
14802269
14810744
14810772
14810345
14807430
14807298
14807337
14807412
14811698
14800063
14811044
14801748
14810842
14811899
14810095
14808543
14804196
14807076
14804458
14801784
14800655
14809332
14806332
14811465
14806651
14806270
14806617
14806753
14807312
14805365
14807173
14806549
14806223
14800053
14806656
14802818
14801013
14807053
14809364
14811645
14801137
14804460
14801127
14808213
14808189
14808265
14808294
14804314
14804327
14811516
14806159
14806726
14802359
14810359
14810329
14811662
14811605
14801435
14811175
14808376
14802285
14806510
14811576
14808261
14809232
14806388
14809252
14800480
14810518
14808635
14807094
14801464
14807402
14804152
14809366
14808230
14806220
14806228
14809230
14804337
14804466
14805399
14810542
14808232
14806855
14806739
14807364
14810866
14811104
14800620
14805404
14804465
14809190
14807005
14801010
14800390
14808701
14803883
14808330
14806814
14803813
14801681
14809234
14811340
14807049
14805151
14805453
14801475
14801486
14802265
14809223
14809233
14811514
14804033
14807109
14808536
14803833
14804062
14804484
14800052
14800050
14801382
14811460
14810071
14811578
14811127
14802839
14803674
14807429
14808220
14806722
14804320
14804304
14806712
14808500
14804706
14800015
14806502
14810160
14810212
14808366
14804326
14811223
14811281
14808095
14804516
14805053
14804707
14808370
14805278
14806385
14809254
14809228
14803844
14810073
14808275
14804143
14804459
14801227
14804180
14802302
14811078
14810629
14806697
14802831
14804520
14801530
14801531
14801792
14808215
14806108
14806115
14811427
14808567
14802823
14803836
14804002
14811085
14809326
14805407
14804473
14804717
14803652
14810084
14810088
14803812
14810538
14805293
14807087
14810188
14804461
14810604
14806693
14801307
14802280
14802282
14803809
14806602
14810293
14811238
14803839
14807235
14811277
14805374
14808703
14811097
14804312
14809358
14805409
14804477
14809160
14802813
14809186
14810262
14810434
14810435
14804453
14803884
14811585
14805421
14810094
14811628
14811745
14811688
14806394
14809226
14806857
14803057
14804334
14810096
14802792
14810854
14807448
14810153
14803036
14800033
14800005
14800006
14801062
14801000
14801018
14807024
14803816
14801676
14808064
14810623
14808059
14801148
14808155
14808241
14803811
14801678
14802550
14801039
14810706
14810047
14806230
14810050
14802120
14802123
14807214
14807208
14807187
14807182
14807142
14810038
14810046
14808126
14808142
14808311
14800260
14808542
14807111
14807070
14803841
14804518
14806352
14809268
14800120
14801460
14801492
14801468
14800432
14801152
14804340
14805262
14810874
14806030
14808243
14811570
14805055
14805274
14802842
14810125
14802422
14802090
14802084
14802154
14804124
14804310
14806091
14806098
14806101
14806140
14805266
14809362
14811420
14800350
14801320
14802205
14802102
14811235
14811772
14811561
14805276
14810864
14801567
14805286
14806441
14806858
14810273
14807350
14807006
14804089
14806710
14800125
14811177
14808673
14807248
14802470
14809334
14806330
14811478
14806178
14811421
14808410
14807100
14807105
14810105
14808080
14800670
14801750
14803000
14805353
14804034
14806221
14800090
14805294
14809480
14811432
14805206
14805145
14810618
14811413
14811394
14808287
14811443
14808373
14807426
14802848
14802859
14803033
14800460
14809880
14804715
14811788
14809876
14804735
14811814
14809874
14804740
14809872
14804748
14809860
14804744
14809870
14804738
14809868
14804736
14801030
14801063
14809866
14804737
14809864
14804725
14809862
14804734
14809858
14804732
14809882
14804716
14804739
14811531
14809856
14804733
14809854
14804730
14809852
14804731
14804728
14804727
14804726
14804729
14809884
14804741
14809886
14804745
14811800
14809890
14804747
14809888
14804749
14809894
14804746
14809892
14804743
14808589
14809878
14804742
14809238
14800409
14801295
14802300
14802277
