16075690
16055514
16012181
16012145
16022487
16023030
16022038
16058013
16012580
16012641
16023190
16056135
16070620
16056740
16026050
16013337
16056050
16056654
16072205
16071120
16071350
16013350
16013400
16013370
16072340
16069008
16072180
16011045
16011165
16022120
16023130
16050310
16050060
16022320
16080763
16070215
16058060
16057200
16078303
16022410
16075551
16057220
16021010
16016635
16056730
16012500
16012615
16012621
16012802
16074040
16074183
16050687
16012128
16076129
16076160
16022330
16010370
16015040
16011040
16011195
16058185
16080630
16070270
16080356
16058533
16058570
16058741
16016215
16075555
16018490
16075470
16070601
16070070
16010500
16025000
16025295
16025323
16025455
16052805
16080650
16013380
16013408
16016663
16011025
16050625
16022190
16075087
16075710
16075037
16021235
16021060
16022490
16055535
16052495
16022600
16026100
16072623
16018010
16022590
16024052
16055565
16055557
16080305
16080673
16050240
16050145
16074190
16075070
16075425
16010260
16080620
16025350
16013466
16021020
16011180
16070143
16026160
16052471
16027213
16058535
16058480
16075060
16058003
16013300
16013330
16013360
16071040
16012807
16052490
16071250
16016518
16050640
16055610
16074080
16074203
16074305
16011101
16050185
16050600
16052030
16072530
16070110
16013090
16010710
16027207
16018335
16012370
16058430
16058523
16058727
16016005
16057157
16026000
16057151
16078250
16072335
16071160
16056190
16016527
16078100
16012677
16015170
16011005
16015275
16057824
16050620
16021295
16021075
16025300
16025600
16020010
16071005
16056833
16070175
16070375
16023315
16078286
16050730
16052020
16055590
16050385
16050520
16020210
16075110
16075505
16027217
16076144
16050174
16022763
16056627
16013270
16013180
16057170
16072336
16080690
16058017
16078283
16025460
16025507
16020355
16018390
16071170
16010280
16012859
16080334
16057550
16057755
16027220
16050590
16016523
16070605
16011115
16072030
16015270
16012235
16012290
16023305
16023110
16023313
16074360
16012810
16057080
16078349
16013385
16013416
16013442
16022440
16074260
16050617
16050490
16075260
16075065
16075725
16075104
16075155
16022728
16057580
16016070
16058635
16057560
16058029
16022090
16023323
16023100
16070160
16080315
16010590
16010655
16021240
16021125
16011109
16052810
16022560
16022710
16022260
16078245
16050193
16050430
16022036
16015530
16050085
16074025
16074135
16080705
16057030
16015330
16012527
16012587
16012630
16012857
16058610
16023280
16050210
16050633
16020000
16080780
16072625
16071163
16071162
16012670
16012695
16012735
16012787
16071185
16020390
16020380
16072610
16074330
16050653
16015410
16018650
16058052
16058193
16052515
16012560
16056808
16012777
16022510
16020100
16078307
16018240
16015540
16013210
16010270
16016621
16072630
16013387
16021210
16021095
16021490
16075550
16010110
16015100
16015255
16056170
16013474
16011055
16015145
16010285
16016010
16087027
16026850
16023220
16021500
16016625
16026020
16056260
16056611
16057510
16024004
16012050
16025240
16025607
16020430
16071400
16071210
16012030
16023310
16056310
16076112
16076142
16022760
16018485
16072370
16012773
16013200
16024054
16018515
16012663
16012693
16012733
16012785
16012667
16058723
16015447
16052095
16023300
16010725
16025110
16012340
16058585
16070607
16070648
16012823
16056225
16055500
16056425
16055605
16056827
16052040
16013452
16075403
16057155
16018180
16020230
16020383
16012837
16021265
16021065
16026190
16024048
16023075
16074300
16050643
16012697
16013140
16058740
16012718
16056635
16056657
16015340
16050555
16055503
16056873
16056675
16056725
16056210
16022035
16012150
16021435
16022485
16052210
16052270
16020435
16015290
16015412
16015343
16018555
16016000
16013700
16015010
16015305
16050397
16010090
16015250
16015437
16050230
16050143
16074180
16010210
16015085
16055550
16026210
16050197
16050460
16011112
16056600
16087013
16080342
16025450
16050100
16050157
16056800
16012320
16050535
16050475
16072080
16072207
16071110
16071360
16023287
16012668
16057180
16012230
16056830
16025390
16016654
16025485
16025420
16072070
16072215
16015440
16015353
16010350
16015500
16015635
16052486
16075085
16075708
16075013
16072510
16074350
16013750
16056639
16018415
16080783
16025235
16072125
16072455
16072515
16050545
16015310
16050610
16087017
16025010
16015460
16015535
16015645
16018000
16024000
16052483
16056652
16022210
16023040
16056633
16012170
16056290
16071220
16072330
16013780
16080350
16020285
16020352
16021392
16022721
16056653
16056280
16056220
16018670
16018303
16057060
16013790
16013464
16013470
16026640
16013482
16070040
16069018
16011083
16087023
16011013
16010230
16021400
16069012
16013450
16012270
16055600
16018220
16071205
16071105
16071265
16018330
16078035
16078095
16075310
16075413
16075735
16075117
16075195
16087015
16018800
16050710
16021225
16021050
16078255
16056690
16013323
16050630
16026630
16010310
16010713
16052110
16058460
16058713
16023080
16071037
16025457
16071245
16026035
16020275
16016636
16016521
16075105
16075445
16058595
16058545
16075580
16024006
16015360
16057844
16072550
16023060
16024012
16050417
16013460
16018230
16018590
16078160
16056370
16072115
16010410
16015520
16015615
16020067
16018020
16020225
16078135
16052240
16023261
16075280
16075073
16075730
16075113
16075175
16057090
16057158
16012825
16021410
16013120
16022250
16026260
16074310
16050645
16023150
16013414
16012805
16050420
16050175
16013220
16025015
16025610
16020410
16026620
16015470
16015485
16025100
16025475
16025345
16056070
16057822
16012110
16070314
16026230
16080610
16056405
16056845
16027120
16056567
16056580
16056545
16056547
16050013
16080615
16058042
16072213
16071100
16071370
16013310
16078020
16070634
16012713
16070260
16013428
16070148
16080352
16012210
16011102
16056606
16057770
16075741
16080358
16071340
16071420
16071225
16072605
16072622
16075395
16075400
16075502
16058001
16058219
16058510
16058695
16016522
16075553
16024034
16013730
16016160
16015570
16080777
16050680
16016517
16015435
16015480
16025105
16025477
16025347
16069015
16021450
16056060
16013480
16056410
16052090
16025055
16025190
16020150
16026030
16057225
16075213
16069005
16016090
16024038
16015244
16015515
16010720
16025060
16025245
16025335
16025413
16025007
16078055
16025040
16025265
16025327
16025435
16056790
16015245
16010400
16010715
16025050
16025255
16025333
16025415
16026060
16026370
16070245
16022130
16018510
16013365
16013307
16056560
16078125
16024040
16072617
16080640
16057590
16072360
16022360
16018750
16018283
16070165
16012815
16052492
16023273
16023010
16022630
16080608
16057801
16070123
16070220
16012650
16010300
16010301
16025020
16025285
16025324
16021180
16052505
16016650
16070319
16070290
16070362
16087010
16018440
16011113
16058705
16050465
16012643
16012820
16013250
16072350
16057790
16027110
16090007
16090013
16050605
16074400
16052115
16075130
16057100
16057224
16075545
16078331
16072600
16011080
16011012
16072520
16015400
16071010
16071277
16070250
16025410
16052468
16070120
16056395
16050407
16018210
16020222
16022430
16015370
16013690
16016130
16012845
16058600
16018410
16058010
16052500
16070173
16070377
16072621
16023200
16022743
16075495
16058213
16056843
16069002
16012200
16012140
16018340
16056828
16012847
16018290
16023055
16026600
16070115
16076005
16078005
16075450
16078085
16075547
16080300
16075600
16058218
16080603
16022705
16016646
16016627
16058605
16024027
16024043
16058056
16012260
16058520
16058733
16023285
16071030
16075210
16075093
16075715
16075045
16075265
16072560
16057190
16052050
16023120
16016645
16078341
16023090
16056775
16022580
16018060
16056540
16021380
16075460
16012549
16057570
16056680
16058054
16058470
16056570
16056550
16023000
16057734
16050593
16020080
16018475
16021170
16018050
16015259
16011016
16015080
16071020
16078218
16010640
16074055
16074120
16057800
16058191
16058540
16058485
16058064
16058040
16050650
16072603
16015120
16015453
16015495
16025090
16025473
16025343
16023303
16012060
16070133
16070230
16012250
16075540
16022731
16070638
16072140
16057500
16057675
16018507
16080720
16016510
16018260
16018070
16025380
16080661
16080751
16070201
16080600
16070117
16076000
16078030
16078213
16078270
16070025
16056240
16010540
16075570
16010650
16012565
16015590
16020020
16025370
16025425
16070632
16012517
16012597
16080680
16058525
16058630
16058555
16058500
16013325
16010700
16025130
16018255
16080317
16050387
16050500
16058575
16074050
16074193
16074275
16012410
16013242
16070155
16024018
16016060
16050010
16013215
16010220
16015000
16011010
16011153
16056750
16012350
16021505
16021320
16021045
16018470
16075340
16075427
16075483
16075207
16022380
16015560
16020055
16020220
16012690
16012715
16012747
16012797
16072390
16058197
16058743
16050413
16022690
16022140
16023307
16020450
16012581
16052474
16026330
16021455
16057620
16022420
16070610
16025005
16022170
16011114
16026115
16071193
16052170
16026240
16072200
16013240
16011170
16012531
16013060
16018495
16050415
16015087
16011000
16011070
16011071
16011255
16013005
16012185
16012502
16012675
16012620
16012648
16012800
16072050
16056603
16056500
16055520
16010670
16025170
16020110
16056300
16057834
16013800
16056700
16056632
16056585
16050330
16012545
16015357
16018425
16078225
16078287
16075057
16022034
16078190
16012520
16012595
16070163
16058655
16011100
16012827
16058685
16018680
16058711
16050205
16078343
16078180
16016639
16010420
16074290
16012525
16012590
16058005
16012090
16012529
16013050
16016628
16052120
16022741
16010080
16056710
16050015
16015350
16050300
16060280
16011073
16011003
16020373
16020260
16018300
16075000
16072460
16013446
16050110
16050155
16016290
16056150
16071290
16056637
16025340
16056320
16011210
16016280
16071045
16072195
16072445
16072505
16074045
16056440
16080323
16057210
16052080
16070178
16056617
16016652
16012678
16012653
16016503
16080307
16015620
16057660
16021300
16071130
16071200
16075350
16012135
16018287
16010730
16056660
16025430
16010490
16052070
16013454
16012830
16070275
16050360
16018295
16072160
16026340
16012770
16070010
16024031
16078330
16056818
16025120
16016620
16015090
16015253
16074035
16074140
16075030
16075255
16013020
16012523
16012593
16012628
16012850
16072440
16071165
16020490
16025500
16050619
16050580
16055505
16021230
16021115
16076132
16071175
16056120
16057670
16074020
16074175
16050683
16050140
16011106
16012575
16022766
16026010
16013444
16018305
16021445
16052060
16010250
16013333
16075320
16075417
16075738
16075475
16075203
16022280
16016638
16023240
16056613
16024045
16022500
16050677
16056619
16020180
16025480
16013720
16056100
16016050
16016513
16013740
16058721
16071300
16087030
16013462
16057826
16022270
16075670
16013315
16015153
16075440
16056610
16069007
16057832
16050160
16080340
16016643
16021495
16021310
16021055
16058074
16074005
16050153
16013476
16070050
16013313
16021420
16024055
16070080
16012780
16022707
16012685
16012705
16012745
16012795
16076134
16025035
16022737
16074320
16050647
16078305
16072105
16050400
16050485
16056876
16050657
16052295
16056668
16013170
16021280
16027203
16018140
16020290
16020367
16023270
16026660
16052535
16012687
16011108
16021030
16026040
16026680
16026290
16058023
16026200
16018030
16012125
16052510
16052530
16078277
16075230
16075055
16075720
16075097
16075135
16022370
16020440
16076105
16075047
16013213
16058450
16072613
16021245
16021246
16021070
16021071
16011078
16011008
16057150
16057205
16018293
16071173
16071172
16072430
16022725
16013426
16076117
16076148
16050133
16058730
16026120
16015260
16024046
16013432
16072420
16010450
16027208
16057540
16057695
16018553
16012513
16012603
16076110
16076140
16026350
16070125
16022110
16075020
16026140
16074210
16050250
16070615
16025310
16013010
16012515
16012600
16012625
16012840
16071270
16026270
16074380
16080670
16010440
16058737
16018280
16023320
16012540
16013160
16012700
16052180
16057750
16013246
16058007
16050405
16010020
16070170
16070380
16012010
16024032
16018640
16018435
16015640
16020277
16020050
16020405
16020105
16025483
16025353
16022290
16050473
16022060
16023325
16023070
16022680
16022150
16055202
16071260
16018120
16050063
16018480
16058715
16016642
16075300
16075075
16075405
16022300
16074240
16050635
16072590
16015103
16025115
16026280
16057730
16080310
16012704
16022070
16075560
16022200
16075703
16075007
16072480
16021220
16021105
16080700
16010380
16015050
16011050
16011205
16071035
16071150
16071195
16072507
16023267
16021270
16050350
16012763
16070345
16070646
16070295
16070368
16075200
16075089
16075713
16075043
16058731
16013110
16057780
16057640
16050280
16074340
16050655
16020015
16020120
16020495
16025490
16012547
16057160
16018520
16018530
16018310
16071047
16072190
16072355
16021255
16021256
16021080
16021081
16070127
16058690
16070180
16070373
16052520
16052541
16050715
16052280
16052000
16056670
16013412
16080344
16012380
16075630
16056460
16075120
16024025
16022747
16022480
16022709
16058704
16018080
16022520
16058615
16058550
16058490
16052200
16012655
16012753
16056510
16013340
16078353
16058187
16012080
16016525
16056805
16078273
16058027
16058207
16058072
16075225
16056530
16012562
16070617
16057520
16080332
16057153
16025150
16010530
16027205
16023263
16075003
16072470
16016137
16056420
16022750
16022010
16013355
16013312
16025045
16025200
16020170
16076107
16076136
16058720
16075270
16075067
16075728
16075107
16075165
16023283
16057610
16056870
16058044
16012509
16013070
16058058
16070090
16058046
16070210
16052220
16070603
16080675
16056665
16076115
16076146
16016667
16050065
16075090
16075473
16087007
16018297
16078351
16013448
16058020
16058210
16058032
16074205
16074315
16050700
16013420
16071167
16071168
16072490
16025400
16052260
16050183
16050613
16022715
16022355
16022660
16022105
16023020
16022019
16087000
16052190
16057630
16013390
16012300
16058062
16012390
16021250
16020470
16025505
16016631
16013393
16080336
16056110
16075410
16018550
16015610
16020030
16020095
16011110
16052230
16016520
16011200
16050090
16050163
16013710
16015107
16075520
16070221
16026170
16072060
16072223
16071070
16071390
16015490
16015425
16020460
16011018
16057760
16018497
16056659
16022000
16024020
16050392
16058076
16069010
16052250
16013478
16058710
16078090
16024022
16055630
16075116
16058628
16070636
16071180
16070130
16074030
16074177
16050685
16010680
16025160
16052160
16012658
16022754
16016515
16050203
16050470
16026090
16026380
16016030
16012280
16070623
16021040
16058580
16058745
16055516
16078230
16078290
16078329
16056215
16056214
16056401
16056400
16056824
16072010
16025025
16025220
16020185
16020400
16012310
16010320
16015525
16015445
16055575
16022640
16071240
16021285
16021286
16021110
16021111
16022739
16050720
16052010
16058660
16055660
16050050
16011088
16011023
16058068
16018508
16057838
16020357
16020320
16056780
16015420
16015345
16050690
16020340
16021305
16021306
16021130
16021131
16016508
16075490
16021480
16013468
16078115
16072100
16026235
16013190
16050195
16050440
16052477
16013080
16075640
16021330
16021260
16075500
16058195
16058078
16075615
16020310
16020363
16023275
16050340
16057680
16071280
16057650
16012330
16012550
16012187
16012674
16012691
16012305
16012730
16012784
16050020
16050173
16021160
16071025
16012533
16012637
16018035
16013795
16056480
16058725
16056130
16012835
16070167
16070370
16057720
16018235
16024041
16050233
16050095
16050190
16074185
16074150
16075040
16016655
16016657
16057710
16070205
16078345
16021035
16021350
16021515
16050515
16010610
16010645
16015280
16090001
16021345
16021525
16078347
16070020
16075250
16075063
16075723
16075103
16075145
16080740
16016501
16058670
16075680
16075590
16016526
16058590
16052498
16012783
16012190
16016505
16056810
16012680
16012698
16012737
16012790
16011117
16072500
16075650
16022030
16075038
16070650
16026300
16072615
16023260
16070365
16022723
16012430
16010505
16072005
16025001
16025237
16071003
16025322
16020280
16058066
16024057
16012640
16058070
16058680
16075467
16016659
16015297
16015417
16012040
16018190
16020190
16020385
16010510
16010712
16075100
16075496
16075370
16075437
16012555
16012100
16070355
16015140
16015267
16016003
16016040
16050207
16050480
16055525
16015600
16012120
16058530
16012673
16016634
16022050
16018090
16015110
16015257
16022470
16022700
16021340
16080346
16015630
16020040
16020085
16026110
16016516
16012130
16013280
16013305
16013345
16013366
16056825
16072410
16058025
16012020
16015160
16015303
16087005
16011190
16021241
16022450
16016633
16076152
16076010
16076101
16076130
16071140
16071015
16072130
16072150
16069000
16072155
16072465
16072525
16020370
16012757
16058665
16016240
16052528
16055650
16018505
16055515
16050177
16075469
16070137
16012505
16012610
16072400
16056430
16018730
16076120
16076150
16012755
16078220
16078280
16071050
16026320
16072210
16012420
16052537
16012645
16012832
16058651
16020140
16023210
16057842
16024050
16015430
16015347
16057530
16023170
16050425
16052140
16016507
16078357
16050080
16050180
16057840
16050383
16050530
16075330
16075423
16075477
16075205
16012360
16016120
16075035
16070640
16056630
16080665
16070318
16010060
16055620
16080313
16016511
16022570
16022713
16058200
16020350
16015287
16013230
16055570
16056390
16056407
16056406
16056813
16080663
16070317
16018160
16010050
16080765
16075620
16052800
16056620
16050382
16050540
16013335
16078170
16026080
16056587
16022015
16021140
16075083
16075705
16075010
16016502
16052522
16057690
16022220
16050335
16018430
16072540
16078285
16013383
16013410
16010330
16015030
16011030
16011185
16018200
16013363
16010290
16052507
16026250
16012775
16018150
16020250
16020375
16013248
16055530
16070145
16070280
16010040
16076125
16076156
16056815
16023180
16075610
16075290
16020480
16025503
16070140
16016640
16021360
16087003
16057600
16055640
16050525
16013456
16056080
16078235
16078293
16071055
16013680
16011015
16015283
16025290
16025603
16050235
16050105
16050200
16074187
16074160
16011035
16021440
16021390
16056200
16056230
16076123
16076154
16018110
16016100
16070100
16070272
16070372
16018250
16087025
16015130
16015263
16013245
16020330
16058015
16016665
16076127
16076158
16012817
16057740
16080710
16080779
16057505
16025165
16074007
16078211
16078275
16018487
16058189
16018660
16015455
16015505
16010728
16025070
16025470
16025337
16025405
16018320
16058703
16075407
16075733
16075115
16075185
16010460
16010470
16071059
16072250
16071060
16071305
16071355
16022390
16056820
16074250
16076103
16015300
16074410
16022550
16080348
16078010
16050637
16058640
16058637
16018760
16050615
16056609
16050320
16013040
16012537
16058400
16025320
16057830
16058625
16056608
16024010
16056615
16025440
16050148
16016170
16050149
16011075
16011007
16025330
16056655
16024014
16075480
16018270
16075079
16022020
16072165
16072475
16072535
16056770
16075051
16074100
16074207
16075709
16074325
16075081
16075121
16057221
16052045
16057565
16070060
16015550
16020065
16020200
16072580
16023317
16078034
16056605
16055580
16010010
16069004
16021460
16056445
16013458
16050260
16080303
16027115
16070225
16056840
16090005
16012772
16057836
16018600
16018307
16070285
16010030
16015095
16070235
16052130
16056490
16070265
16070350
16012842
16018130
16016110
16050270
16050670
16018400
16087024
16023050
16021190
16075420
16070644
16056838
16070147
16013100
16050660
16016630
16018313
16057828
16050380
16087020
16055540
16013430
16018040
16010620
16010480
16015150
16015273
16018015
16021470
16058620
16016506
16055555
16022310
16022540
16056350
16076138
16023160
16023304
16013000
16012507
16012607
16012623
16012688
16050187
16050607
16022080
16015380
16016666
16055545
16056360
16018395
16018805
16018003
16021530
16021349
16026005
16070005
16027231
16056760
16072040
16021200
16050395
16070240
16011105
16072110
16018420
16070030
16018285
16022670
16022160
16023318
16075360
16075433
16070150
16075245
16080770
16011160
16050290
16010000
16012400
16129899
16012440
16055510
16010660
16050390
16050147
16074200
16056650
16072217
16071080
16071380
16052100
16020025
16012683
16012703
16012740
16012793
16050040
16058701
16078080
16010630
16012812
16013484
16020360
16010690
16025140
16021520
16020070
16020265
16026130
16050130
16052480
16075080
16075435
16024059
16026150
16026390
16012570
16022530
16058215
16058034
16013368
16013260
16013303
16013343
16013364
16050055
16022180
16052525
16080785
16022460
16070315
16056848
16057605
16027125
16012855
16026070
16052275
16026220
16075510
16020255
16012503
16012608
16013373
16013402
16015155
16070157
16070383
16070316
16056470
16072450
16013320
16013422
16058183
16012142
16011118
16058735
16024016
16015105
16050410
16010340
16015240
16015433
16050393
16071190
16056835
16072619
16012180
16026310
16013130
16075430
16012707
16080354
16025030
16025275
16025325
16023230
16056180
16056604
16078045
16025487
16056602
16056572
16056807
16020300
16020365
16010391
16010390
16015061
16015060
16011061
16011060
16056623
16072570
16021150
16023140
16056090
16056625
16015320
16075380
16075443
16056340
16056160
16013472
16050403
16072120
16022040
16016500
16080338
16020160
16075463
16078175
16012220
16016661
16012070
16072000
16071000
16071275
16021430
16069017
16016210
16010240
16015020
16011020
16011175
16072197
16072380
16016020
16021510
16074070
16074197
16074295
16056330
16010360
16015510
16015625
16024002
16027113
16090003
16011150
16070000
16012660
16023250
16056250
16010070
16025065
16025180
16020130
16056140
16056645
16075275
16075053
16075718
16075095
16075125
16072219
16070107
16080320
16056705
16044317
16027107
16075465
16056583
16090009
16090011
16090015
16027210
16013150
16011225
16021290
16021485
16056270
16025280
16025605
16013770
16016200
16018460
16012750
16070613
16070642
16027200
16013375
16013404
16012535
16012635
16027105
16011220
16056450
16012853
16025067
16056823
16021275
16021276
16021100
16021101
16025445
16021370
16069014
16070135
16023265
16050070
16050167
16012665
16071320
16071410
16071215
16075660
16013030
16012530
16012633
16012585
16012632
16050370
16058633
16022100
16024036
16012647
16012582
16012631
16013318
16012335
16012240
16018483
16010430
16022620
16012710
16022610
16018100
16026180
16050510
16010600
16074060
16074195
16074285
16022335
16022650
16012510
16012605
16078200
16072135
16016622
16052513
16022350
16024008
16016512
16072175
16050225
16050005
16074000
16072495
16074125
16075235
16078000
16013377
16013406
16012760
16015295
16011058
16011155
16018500
16011164
16074370
16012661
16026670
16071230
16080755
16080685
16080750
16058440
16058717
16050220
16050135
16074170
16075050
16075415
16015450
16015355
16015419
16015580
16020057
16052150
16024029
16078240
16078295
16055517
16055560
16018450
16026610
16016080
16056380
16074010
16074173
16027215
16022757
16020270
16022400
16016669
16057070
16057207
16018540
16013217
16070255
16056721
16056720
16056806
16026650
16018170
16020240
16020377
16075530
16022703
16078301
16078302
16078309
16078337
16078323
16078321
16078317
16078315
16078313
16078311
16078312
16078333
16078335
16078327
16078325
16078322
16078319
16078316
16058036
16058038
16058077
