17160336
17168020
17168000
17166008
17160474
17165032
17160310
17160031
17163100
17160344
17160326
17166542
17160328
17163109
17163006
17162018
17160392
17163106
17163104
17162091
17163102
17162026
17162054
17160372
17167006
17162022
17162060
17160324
17160348
17160306
17165006
17167012
17160332
17160504
17160021
17162056
17162070
17165030
17162212
17160072
17162058
17162032
17162096
17160506
17166534
17168024
17162076
17163002
17161308
17160023
17167016
17168022
17168030
17166540
17168002
17165022
17160106
17160064
17167020
17162204
17165020
17160390
17162095
17166544
17168016
17166530
17166520
17166546
17160055
17160472
17160041
17168040
17168036
17163000
17160354
17166004
17161302
17160522
17166510
17162008
17160482
17160011
17168042
17160005
17166012
17163014
17160346
17160294
17160380
17162034
17162050
17160027
17162102
17162024
17162052
17167008
17162028
17162042
17160066
17160104
17160088
17160043
17166550
17168008
17160038
17166504
17162084
17168010
17160080
17168046
17163004
17160476
17166002
17161310
17160316
17165500
17160330
17160340
17160292
17160318
17160526
17166000
17161300
17160013
17166016
17160084
17160025
17162216
17162218
17160500
17165007
17167002
17167000
17160352
17160304
17160068
17160089
17160102
17168044
17168032
17160033
17162214
17167004
17166010
17168028
17162006
17160009
17167018
17162004
17162014
17160045
17162020
17162100
17162082
17162098
17162040
17162030
17168012
17160060
17160301
17160108
17168026
17168004
17162016
17160358
17160039
17168014
17160378
17160314
17165004
17162202
17160312
17160049
17162208
17162090
17162036
17162048
17160110
17160035
17162078
17160484
17162010
17162000
17161306
17162104
17166014
17160524
17162220
17160003
17160007
17162094
17160488
17166508
17160376
17165008
17168006
17160037
17165024
17162200
17169500
17160086
17160334
17160338
17160290
17160382
17160360
17160047
17160478
17162206
17160302
17165010
17160486
17160300
17162210
17163008
17161304
17166006
17160470
17160528
17162039
17162044
17160296
17160320
17162092
17160074
17160001
17162062
17160308
17160342
17162038
17162046
17165002
17162012
17160370
17160017
17160520
17160015
17166500
17160490
17160029
17160532
17160536
17160534
17160530
17169000
17166548
17160510
17160529
17160394
17166502
17167899
17169899
17166532
17160051
17160374
17160322
17160356
17162002
17160502
17167014
17160019
17162080
17160350
17163012
17163016
17162074
17167010
17165000
17160082
17160100
17160070
17160480
17166506
17162072
17163010
17160053
