18671164
18671012
18670584
18670562
18671216
18670502
18670278
18670554
18670273
18671020
18670260
18670556
18670528
18670506
18670276
18671246
18671218
18671192
18671264
18670023
18671044
18670252
18671226
18671200
18670505
18670283
18670114
18670100
18670017
18670590
18670568
18670586
18670564
18670021
18670272
18671158
18671028
18671156
18670534
18671016
18671032
18671026
18671162
18670522
18670512
18670282
18671034
18670004
18670001
18673002
18670287
18670110
18672014
18670256
18670102
18670118
18670122
18671038
18670262
18671214
18672030
18671002
18671160
18670254
18670606
18670588
18670566
18670025
18670108
18670013
18670526
18670508
18670286
18670570
18671170
18671000
18671212
18671202
18671180
18670530
18671242
18670285
18671268
18670580
18670558
18670038
18670532
18670500
18670019
18670582
18670560
18670281
18671024
18671168
18670106
18670112
18672004
18670005
18670120
18670040
18670007
18670279
18670604
18671222
18671196
18670504
18670009
18670030
18670027
18670003
18672026
18672022
18672010
18671004
18671154
18670015
18671244
18670266
18672012
18670608
18670594
18670274
18670116
18671252
18670280
18671042
18671040
18672032
18671014
18670270
18670552
18671010
18672002
18671018
18671224
18671198
18671262
18671260
18670524
18670510
18671266
18671210
18672008
18670602
18671150
18671240
18671190
18671008
18670550
18670520
18670514
18670034
18671228
18670036
18672028
18671248
18671230
18671152
18671184
18671220
18671194
18672020
18672000
18672006
18670536
18670264
18670258
18671250
18671182
18671166
18670104
18671036
18670042
18670011
18672024
18671006
18671232
18671030
18671254
18673000
18670538
18674899
18670032
18672034
18671022
18670124
18670250
18670540
18670600
18670592
