07435275
07432455
07443015
07417435
07434510
07435190
07440050
07436715
07402160
07435580
07412750
07400775
07402050
07417165
07401290
07411195
07411350
07413000
07414440
07417225
07406365
07428225
07414390
07403060
07428100
07420150
07401085
07407040
07435585
07435180
07434325
07434100
07400600
07401125
07406275
07405500
07401360
07440040
07417105
07419600
07428215
07414405
07417415
07431440
07432070
07417395
07417100
07436306
07428070
07438725
07402255
07435620
07403025
07435480
07402085
07402090
07403040
07428165
07428265
07436785
07417010
07418550
07407500
07428240
07439015
07400855
07436760
07403085
07417575
07435015
07438015
07428175
07405445
07428180
07428210
07400190
07400880
07434330
07417280
07434480
07400835
07417500
07439040
07417465
07400800
07411170
07411405
07400530
07400560
07417325
07400510
07400715
07411220
07403010
07400330
07400315
07400260
07417605
07417145
07417495
07400285
07411160
07428160
07435020
07435700
07400325
07428185
07405460
07439030
07400785
07400810
07401070
07401075
07417305
07417310
07417365
07417370
07431280
07431370
07401345
07400885
07417175
07400815
07434320
07400595
07400845
07406390
07435680
07435455
07428275
07400400
07400245
07443020
07417455
07402080
07435010
07436770
07400720
07407340
07428130
07434525
07411440
07428125
07431390
07402170
07435600
07438495
07431220
07402130
07435650
07439100
07435715
07404290
07432410
07435445
07402835
07417115
07400660
07402810
07435515
07405420
07431400
07417525
07403020
07401755
07438630
07411180
07431435
07434120
07404010
07417555
07403055
07417440
07438620
07400503
07400725
07428205
07417130
07401005
07417240
07417285
07431415
07417490
07417535
07431420
07417570
07400795
07417125
07400590
07400165
07400280
07417220
07414425
07428245
07438000
07436300
07443025
07400420
07402125
07435450
07420350
07428220
07407360
07402055
07436320
07400385
07400390
07431225
07432430
07443030
07436700
07411445
07435240
07439245
07435720
07435460
07400495
07405455
07439120
07435465
07400675
07438560
07400380
07432440
07401730
07401365
07401775
07428010
07435270
07400445
07402245
07400545
07402155
07435605
07411365
07411190
07440020
07437050
07434475
07440010
07428135
07417530
07417520
07400050
07428250
07434490
07417320
07417340
07432055
07439125
07428005
07428170
07439135
07434460
07435290
07432450
07411370
07428075
07417210
07424000
07411420
07411355
07431305
07402870
07402820
07432075
07401295
07417350
07417360
07400565
07412650
07400035
07400015
07417200
07431315
07434105
07402000
07403100
07417245
07429820
07400870
07401725
07411385
07432050
07432020
07413500
07404500
07429000
07431000
07407005
07417295
07417600
07400320
07401090
07428195
07400410
07412150
07428255
07439130
07436025
07417300
07434500
07435310
07400520
07403110
07400460
07400490
07401370
07401790
07432585
07431450
07414430
07411210
07411410
07400655
07428305
07404020
07404100
07404165
07401340
07400755
07438565
07439035
07435255
07437010
07437090
07401695
07435470
07435035
07436302
07436720
07420120
07429830
07400585
07400570
07400745
07403015
07403050
07414170
07436780
07401745
07400580
07401740
07411770
07440045
07432010
07405450
07436040
07407020
07411360
07439025
07438728
07438350
07402025
07402855
07400375
07400175
07436710
07431430
07400230
07417150
07436740
07417505
07403030
07402195
07439090
07428330
07439020
07402200
07402265
07435575
07439250
07437000
07435545
07401705
07401115
07401095
07403000
07432080
07400395
07428260
07400250
07435315
07403070
07432685
07411435
07436705
07400185
07431445
07435685
07420880
07439060
07439650
07438750
07436250
07403080
07438720
07428080
07434485
07440030
07435185
07429815
07401720
07417485
07400705
07435040
07431405
07417235
07400710
07400790
07411760
07435230
07437015
07434435
07435300
07437005
07429805
07405440
07435705
07428230
07432465
07431385
07432460
07414395
07436750
07428085
07440000
07440015
07401787
07411185
07407000
07400830
07402075
07405435
07403045
07404000
07402045
07417480
07400025
07400680
07403105
07400605
07400610
07400615
07400650
07400875
07402070
07431375
07417585
07401310
07417460
07400405
07411145
07407345
07440650
07434125
07417565
07400505
07417180
07417345
07438729
07417430
07400007
07417470
07410000
07400825
07400690
07417560
07418000
07401750
07417510
07400765
07403115
07434305
07400030
07417215
07429395
07400840
07417110
07405310
07417230
07400040
07417275
07417380
07417375
07404160
07411165
07402010
07414195
07432700
07402065
07405430
07417190
07401350
07436070
07432123
07434310
07405410
07406360
07401770
07401000
07429485
07436790
07432720
07414160
07432595
07405650
07400370
07435440
07440005
07430000
07435205
07411755
07428200
07403120
07403090
07417515
07400005
07400310
07440035
07428280
07403075
07411400
07400430
07434110
07434130
07435245
07439000
07438553
07411650
07428000
07400805
07436020
07411430
07401335
07411215
07400200
07400860
07417540
07417185
07417580
07417170
07411150
07401765
07435565
07435295
07405415
07439010
07434515
07435250
07400820
07411380
07435195
07402845
07439005
07435225
07432470
07432135
07417475
07412700
07414750
07402165
07435610
07428095
07400180
07417405
07428115
07417595
07436745
07400665
07431425
07402015
07417545
07400850
07401785
07417255
07417330
07431395
07417135
07428015
07419800
07429825
07435660
07402295
07400240
07412000
07417120
07436308
07432120
07439070
07400550
07414780
07414190
07402180
07435525
07434300
07428285
07428105
07414385
07401305
07439080
07436010
07401100
07438530
07439065
07414180
07411175
07406385
07438470
07417160
07402205
07435530
07435640
07438500
07435645
07428120
07439050
07400555
07400450
07438550
07428140
07420885
07414790
07400700
07401110
07401795
07401140
07402840
07402005
07428090
07432000
07417425
07436075
07411670
07432085
07432122
07432060
07439055
07436795
07430020
07400525
07428190
07402060
07428145
07403035
07411425
07429800
07435725
07411750
07400010
07432065
07400735
07438726
07401080
07436304
07434430
07435200
07440055
07438480
07434535
07437080
07435635
07434505
07414380
07402185
07435615
07431230
07435520
07400425
07402210
07435560
07411690
07429255
07429320
07429330
07429310
07429215
07429280
07429270
07429240
07429265
07429285
07429275
07429230
07429210
07429295
07429205
07429235
07429220
07429200
07429245
07429315
07429225
07429250
07429290
07429300
07429325
07429260
07429305
07435210
07417270
07400645
07406375
07402190
07402800
07435550
07407375
07431200
07431380
07440025
07428235
07401735
07401355
07434090
07440550
07417590
07417315
07417155
07401760
07434313
07432005
07400770
07418085
07405470
07411140
07405465
07435260
07400295
07428150
07432435
07402175
07435570
07439240
07435305
07431310
07428020
07435265
07439045
07414400
07402150
07402240
07435590
07400001
07434445
07434540
07435220
07437025
07405405
07428110
07428155
07435215
07432445
07406370
07412010
07400630
07412240
07420400
07415000
07420850
07416000
07421100
07422000
07434520
07434315
07436005
07411205
07411395
07401300
07402795
07435535
07435695
07417400
07401330
07434465
07401690
07438025
07400500
07434470
07435320
07439067
07417385
07400440
07417265
07417355
07402120
07438520
07417335
07402805
07402850
07435573
07432121
07401715
07428270
07438010
07402260
07402280
07402790
07435555
07428300
07417450
07400575
07417195
07431410
07438515
07402250
07435505
07435500
07436775
07434495
07411390
07405425
07428315
07428290
07499899
07438540
07405475
07417445
07400865
07431295
07411610
07402830
07432580
07440400
07436035
07417250
07407015
07402315
07400020
07400465
07417290
07403065
07414175
07434450
07417260
07401105
07435595
07434455
07428320
07404115
07404080
07404035
07404045
07404110
07404055
07404175
07404050
07404125
07404085
07404155
07404120
07404185
07404065
07404105
07404205
07404180
07404190
07404150
07404130
07404195
07404040
07404090
07404030
07404095
07404075
07404060
07404070
07404200
07404135
07404170
07404140
07404210
07404145
07404025
07404215
07432710
07400170
07420890
07412800
07401135
07434530
07402135
07402305
07400470
07435005
07414165
07436000
07411020
07435485
07417420
07411710
07432570
07432590
07432740
07406380
07435235
07411155
07417550
07403005
07432675
07431210
07432670
07432575
07431285
07411730
07411630
07407270
07430350
07428310
07443000
07401130
07435030
07434440
07405400
07411415
07443010
07435675
07435670
07431215
07438555
07428325
07435025
07417140
07443005
07436065
07402290
07411680
07414050
07414270
07400780
07401120
07428295
07438475
07436085
07435000
07436045
07411200
07417390
07402285
07405010
07438545
07400290
07411375
07402310
07438525
07442200
07400515
07438005
07400455
07402300
07439110
07435655
07432690
07414185
07402040
07401680
07417410
07403113
07417750
