18325043
18325057
18325102
18325130
18325073
18325126
18325015
18325160
18325081
18325106
18325079
18325108
18326010
18325075
18325150
18325104
18325061
18325148
18325005
18326006
18325033
18325154
18325013
18325025
18325152
18325122
18325001
18325128
18325110
18325017
18326008
18325089
18325100
18326000
18325021
18325069
18325091
18326014
18325039
18325009
18325136
18325035
18325019
18326002
18325023
18325063
18325031
18325138
18325011
18325027
18325003
18325114
18325156
18325041
18325093
18325142
18325083
18325134
18325118
18325116
18325055
18325146
18325120
18325087
18326012
18325085
18325047
18325065
18326004
18325077
18325007
18325132
18325029
18325067
18325053
18329899
18325140
18325037
18325049
18325158
18325124
18325059
18325045
18325112
18325144
18325051
18325071
