17033831
17035700
17024616
17057641
17031411
17064866
17032295
17033020
17065380
17055205
17031696
17066113
17020430
17017270
17012501
17011135
17057827
17021090
17023880
17037420
17037884
17037130
17023054
17023026
17022410
17067540
17020570
17058024
17031482
17047372
17023005
17053570
17032490
17055550
17065551
17025774
17025833
17019001
17032050
17053117
17039730
17034395
17022004
17017495
17058520
17031353
17023050
17053241
17066737
17025260
17026833
17056275
17050146
17063015
17015390
17050620
17012635
17031661
17012648
17055570
17053212
17064260
17016410
17026853
17054639
17025740
17025771
17018520
17018786
17018806
17035496
17060250
17060456
17051500
17047137
17018170
17010300
17050560
17019014
17053520
17022157
17010220
17015300
17015301
17014460
17021540
17032043
17063430
17064170
17052260
17019002
17032276
17036730
17027647
17054588
17039470
17020250
17013160
17065190
17030024
17020100
17027644
17052060
17054040
17054673
17030330
17065260
17036400
17031370
17054151
17022016
17021888
17026760
17065430
17017250
17012643
17020300
17054530
17047382
17022096
17024643
17026857
17030320
17026500
17053440
17025120
17021450
17018831
17012426
17012634
17058546
17060093
17053116
17035494
17021840
17012470
17011132
17048009
17050010
17053550
17065026
17057270
17013710
17030510
17030741
17053167
17032730
17053460
17027500
17022680
17026861
17031464
17018650
17053077
17066720
17066742
17019017
17020710
17052230
17066092
17035251
17020320
17060259
17064854
17023068
17055050
17025630
17026040
17050400
17025836
17067600
17032820
17033570
17058502
17022420
17051223
17035498
17054678
17023665
17014390
17019007
17017240
17023470
17011113
17022149
17050030
17057390
17057821
17053170
17051330
17055200
17015120
17014350
17016020
17035180
17018857
17055010
17030038
17054623
17013100
17022868
17017577
17018030
17012530
17011136
17012278
17013420
17013421
17011060
17012480
17011131
17039813
17030060
17033371
17066765
17066770
17053863
17012631
17011204
17020060
17067530
17032510
17052240
17021803
17050250
17051020
17021656
17060180
17063080
17060170
17063010
17060160
17063020
17017290
17053480
17063190
17058516
17016090
17026300
17016443
17054290
17060000
17064000
17064385
17053510
17026809
17022009
17033370
17027629
17021100
17017140
17012400
17060280
17023510
17030010
17021060
17039460
17030570
17052021
17064393
17064855
17054684
17018180
17018190
17032190
17063470
17014036
17057645
17026845
17025821
17035267
17018793
17022497
17053353
17051480
17067280
17066435
17032023
17020480
17033030
17012390
17030310
17057181
17022013
17032095
17036242
17036295
17036740
17065028
17032268
17065150
17031736
17060400
17021430
17037000
17050200
17057380
17032244
17050567
17018490
17031716
17050140
17047390
17015280
17047287
17026842
17053853
17017360
17020380
17057654
17014353
17050340
17063050
17064120
17025020
17052320
17055001
17018560
17058523
17039010
17026700
17063580
17054161
17026832
17054010
17023883
17048370
17022155
17013190
17055452
17036720
17020690
17021106
17030092
17033822
17031602
17063462
17036050
17019013
17032590
17018852
17053060
17021220
17018820
17031715
17020220
17012320
17011200
17047590
17066093
17017584
17065711
17033660
17057847
17024844
17035120
17057452
17066670
17066754
17053355
17052053
17048150
17060455
17055150
17025640
17026030
17032760
17010170
17015330
17015331
17012060
17012431
17063560
17025060
17030673
17064201
17064518
17025380
17025163
17018802
17066738
17035260
17031703
17020313
17063292
17018360
17060790
17066101
17016165
17039270
17055830
17027380
17030380
17047350
17026490
17047379
17021770
17053859
17050510
17048240
17025792
17030027
17024660
17065571
17035030
17031394
17031392
17031654
17051180
17013024
17011030
17110011
17021568
17031596
17065013
17023881
17057010
17066733
17025650
17026892
17050020
17022011
17022091
17110013
17047285
17022830
17055185
17012050
17011190
17052610
17048210
17055838
17052311
17047011
17053113
17033700
17017323
17020650
17058021
17050430
17051440
17055310
17052233
17066650
17022864
17022670
17030150
17033780
17058530
17012223
17021690
17013060
17055160
17022145
17025830
17055784
17031357
17031430
17031733
17020261
17033841
17032631
17020590
17066107
17026837
17056510
17033350
17053080
17030670
17026847
17054593
17025610
17026889
17035491
17054030
17054672
17060070
17012423
17023520
17063170
17026550
17052153
17051423
17050120
17055580
17055834
17051290
17055270
17051200
17015380
17013208
17016010
17023730
17063205
17063280
17066747
17030130
17018640
17055040
17025848
17017593
17035360
17066545
17025570
17058506
17023450
17053238
17031718
17031594
17048420
17057845
17048300
17021109
17055531
17035320
17054642
17054664
17056130
17055802
17065200
17053856
17012058
17012385
17063286
17015060
17037310
17017120
17012380
17037530
17010080
17020210
17023074
17022490
17023871
17066620
17058012
17032025
17057846
17024390
17057410
17036220
17055519
17030160
17021340
17037540
17036750
17036060
17024480
17039814
17010160
17015340
17015341
17012055
17012432
17067630
17064494
17047420
17020760
17018779
17032330
17057510
17031630
17033580
17066103
17035482
17052110
17054050
17054674
17037550
17024490
17035100
17027450
17012637
17064210
17039140
17023720
17033720
17024400
17033680
17065562
17052680
17056040
17057530
17026710
17032710
17014140
17048006
17022022
17023770
17047374
17039720
17031598
17012645
17017050
17065183
17039380
17025140
17032313
17011160
17047135
17048185
17056041
17051123
17018530
17065590
17035500
17066450
17030663
17018430
17023011
17058547
17025460
17064110
17052280
17024613
17025171
17018200
17050320
17064060
17037260
17025340
17031670
17067620
17031352
17016253
17022390
17036440
17047371
17018710
17053020
17050130
17022116
17025360
17017400
17022087
17039210
17018843
17031483
17016140
17013410
17013411
17021663
17052560
17100028
17015470
17047589
17066143
17064050
17031712
17057292
17035483
17036190
17039750
17021660
17067520
17066590
17020070
17010250
17015210
17014400
17066436
17036070
17035710
17024617
17031412
17066452
17026828
17067610
17015290
17055832
17037882
17013640
17014190
17036760
17022112
17012621
17014160
17022300
17015010
17015011
17015012
17015003
17055455
17057667
17012641
17025210
17023338
17020750
17014230
17017592
17017570
17050170
17032210
17017336
17026859
17025540
17060110
17033853
17010001
17010000
17013011
17052410
17018343
17025280
17057281
17039812
17014220
17060055
17060140
17014240
17013022
17014170
17031609
17014250
17021081
17036680
17022866
17018827
17057647
17054632
17021600
17057070
17057791
17026440
17065012
17031620
17066752
17065230
17110019
17050370
17027627
17064450
17032033
17066640
17018775
17035170
17055593
17030013
17047650
17011110
17011123
17058508
17031721
17022119
17022104
17066758
17032555
17033430
17022843
17024842
17022123
17054625
17025320
17015370
17013206
17017351
17057460
17057825
17050690
17047200
17055330
17057005
17014200
17032266
17015480
17010090
17050040
17051000
17055025
17063230
17022875
17051490
17030430
17053101
17023550
17048794
17032287
17055170
17020350
17020280
17060190
17037100
17036350
17036874
17020130
17014180
17048280
17060010
17015250
17054140
17013700
17013205
17018280
17036880
17027637
17054110
17026660
17021781
17023064
17051320
17055230
17057020
17047630
17036670
17039030
17053836
17067290
17014210
17031597
17032653
17035720
17031413
17066453
17022430
17036490
17036160
17032253
17032390
17035493
17060470
17063130
17022129
17017575
17055816
17053450
17012460
17011133
17048630
17013110
17057170
17013080
17048640
17055836
17033010
17033200
17037560
17037570
17025872
17017340
17054620
17037080
17036830
17020020
17020360
17057470
17050000
17054070
17054676
17037580
17037330
17064510
17057550
17024520
17039810
17036630
17033130
17036360
17037210
17036450
17036690
17037030
17018470
17048796
17023530
17030111
17063243
17022018
17022085
17058510
17030710
17050290
17051060
17017470
17055798
17054635
17023370
17064286
17021101
17031421
17060270
17039260
17050490
17022118
17022103
17023685
17060230
17039420
17026380
17066150
17022570
17031382
17053180
17035230
17032320
17058550
17054043
17110025
17047095
17023521
17032700
17039000
17063590
17032297
17020660
17023537
17037862
17022380
17067590
17022350
17053216
17037880
17060290
17012150
17065270
17033150
17052000
17052005
17056000
17050300
17051070
17057650
17013330
17031603
17023017
17037590
17014340
17012000
17012151
17011066
17030520
17013320
17032264
17023872
17058536
17110017
17026783
17057230
17055782
17014410
17032600
17065011
17015080
17014270
17017589
17032720
17053105
17023058
17023032
17023750
17033220
17065120
17057401
17025550
17014500
17065330
17018320
17051190
17023800
17024611
17026812
17026800
17026770
17033821
17024202
17022133
17022899
17018796
17012646
17027642
17017390
17017471
17015460
17054260
17037390
17033620
17053213
17054600
17037270
17047144
17065471
17016130
17051470
17032640
17021230
17057720
17057835
17033820
17020483
17036886
17019006
17023810
17058014
17036560
17033431
17031707
17026818
17031403
17032740
17021780
17035810
17048460
17034440
17035560
17047560
17031389
17035780
17051557
17057402
17057015
17050565
17031488
17031432
17110031
17025510
17066700
17067660
17047376
17066437
17037500
17032130
17018010
17067140
17018450
17010270
17015130
17014360
17055792
17023052
17058000
17022084
17032262
17026580
17047810
17031724
17064800
17058029
17047621
17012437
17055780
17030290
17054225
17021820
17024500
17017380
17024763
17055060
17023876
17036390
17054190
17022450
17053173
17031486
17026720
17052440
17036150
17025878
17060310
17051430
17027643
17012280
17026797
17015430
17013036
17013550
17035130
17022500
17066731
17067420
17064440
17053845
17037872
17053130
17037410
17010063
17050330
17037600
17057420
17022310
17020016
17036790
17020680
17020330
17036530
17023560
17020240
17056110
17039816
17013680
17030512
17030743
17032000
17031400
17052100
17054280
17036600
17036030
17037610
17022006
17037620
17036780
17037630
17037870
17015020
17015021
17015022
17060257
17032680
17033630
17056010
17030390
17032663
17035730
17031693
17053831
17053834
17020400
17067400
17020050
17036330
17110003
17011173
17050145
17018770
17024612
17025220
17051090
17055220
17055591
17067450
17053091
17053190
17055804
17025401
17024750
17024685
17026841
17060882
17030690
17026530
17057750
17025690
17026080
17039190
17032530
17027626
17057158
17067440
17064495
17027645
17023077
17033340
17034473
17018801
17022640
17067480
17066109
17055370
17025326
17035811
17035630
17060879
17048040
17021620
17023660
17035253
17066734
17031435
17023840
17039360
17035620
17066120
17066744
17031441
17057151
17057030
17055380
17054587
17048070
17066710
17021203
17026846
17031442
17012403
17021867
17065640
17030093
17048329
17021221
17022159
17055521
17035254
17023007
17058514
17022800
17023875
17039280
17067650
17023655
17065722
17020675
17047150
17022094
17022740
17023743
17064438
17058022
17058009
17054696
17047201
17057657
17023733
17031358
17039742
17039744
17030480
17031362
17026825
17054410
17032460
17026813
17021470
17031407
17011108
17039570
17057663
17056021
17035803
17048470
17039370
17035540
17022510
17035750
17048480
17047080
17055720
17025361
17017327
17051553
17055761
17056265
17047460
17022320
17014030
17032035
17051510
17034420
17056310
17064791
17014033
17065014
17021190
17052630
17053854
17025080
17025150
17027410
17027650
17022007
17037892
17066114
17035812
17035640
17048100
17035303
17066673
17023632
17060300
17050700
17065360
17017583
17026886
17021873
17020641
17012633
17047597
17057648
17048706
17048710
17022532
17023024
17018805
17033773
17066560
17055090
17064300
17011101
17025164
17067640
17064493
17056320
17035257
17025887
17056046
17066500
17051340
17017480
17066112
17013360
17022081
17031390
17047588
17024845
17064470
17012450
17011139
17023480
17032291
17014420
17066420
17017200
17052540
17031709
17026400
17022260
17050810
17026640
17023078
17050440
17051420
17055320
17057000
17047143
17055021
17033520
17031461
17053215
17066755
17060071
17018730
17033833
17057651
17054400
17010060
17065720
17023070
17047618
17057300
17033590
17053490
17021510
17035033
17023830
17047170
17023790
17017110
17037480
17067250
17064391
17057280
17035150
17057290
17017595
17065540
17058531
17039815
17064190
17027400
17027652
17025350
17022190
17010140
17065165
17022210
17050750
17054180
17052710
17053838
17022560
17066520
17033670
17012279
17025390
17064125
17052030
17024680
17022370
17047581
17067200
17050760
17030030
17110015
17054100
17054677
17055822
17025100
17047202
17026835
17055524
17033263
17050770
17060570
17020700
17047494
17048190
17063457
17018210
17035270
17048260
17066748
17064555
17016280
17057653
17060260
17021580
17057161
17054560
17056049
17057665
17010021
17010020
17013111
17013211
17048700
17056490
17014540
17058010
17054686
17032265
17021150
17037520
17017496
17021885
17056340
17054480
17050190
17033791
17024650
17035280
17012623
17054000
17054015
17066606
17023040
17063550
17064280
17030676
17058020
17058005
17035290
17054589
17031460
17053065
17035259
17035050
17064105
17014130
17066104
17035060
17052450
17025240
17020691
17023869
17022878
17013250
17060460
17063120
17022240
17018500
17023028
17012213
17020420
17110009
17033180
17023332
17027634
17047599
17030460
17064795
17020090
17037460
17048020
17018390
17058011
17022690
17035110
17024440
17023670
17025710
17026100
17020482
17020110
17020640
17021270
17065340
17016100
17056493
17020030
17015090
17014280
17026885
17011210
17047183
17065420
17020270
17013140
17021861
17033240
17052330
17055002
17053349
17058539
17019000
17016030
17032271
17051240
17066480
17057500
17058541
17060610
17063250
17060120
17026635
17047136
17053347
17032300
17017576
17027625
17055523
17057201
17017596
17032301
17019011
17065205
17064405
17052065
17030050
17057310
17031466
17066440
17063490
17065250
17025000
17026801
17048050
17064520
17017430
17063450
17030700
17057391
17030420
17060520
17063420
17064160
17020793
17052004
17052570
17024651
17058518
17026520
17035250
17048008
17035420
17013120
17021140
17051210
17047130
17053160
17047400
17058004
17032279
17065209
17024800
17035271
17011240
17048303
17039060
17064799
17033490
17033852
17027480
17027375
17021130
17026881
17025854
17032370
17025040
17058549
17050720
17047020
17013390
17030180
17056277
17055140
17055786
17047030
17023630
17048130
17014034
17017332
17022873
17055590
17037640
17036872
17035403
17025700
17026090
17058542
17018510
17039320
17026470
17056048
17054321
17066600
17036280
17037650
17037450
17035200
17053093
17030026
17017550
17052603
17054693
17022113
17057210
17064140
17052120
17058501
17033723
17054636
17022019
17032252
17065027
17057655
17057186
17023870
17027641
17030580
17020500
17013350
17026350
17010260
17015200
17014380
17016000
17012535
17032060
17027624
17017494
17021383
17017000
17017339
17017383
17018711
17018242
17018000
17039250
17030140
17013020
17052600
17054679
17047585
17066751
17023072
17056500
17053812
17056001
17056035
17056330
17013650
17054649
17032277
17020580
17021070
17013610
17011202
17057190
17020630
17021260
17036888
17054662
17020351
17015190
17050566
17054390
17014020
17012040
17012226
17011180
17014000
17012010
17012155
17011067
17030530
17015450
17012170
17050623
17047090
17036085
17022440
17037470
17067260
17036850
17036410
17057848
17032285
17036300
17036200
17054483
17013310
17036230
17017333
17013132
17054220
17037670
17037660
17031725
17020780
17020440
17021530
17051100
17016145
17017582
17048310
17012500
17011134
17060580
17067150
17064797
17021370
17039150
17032633
17021113
17024410
17032553
17031388
17057176
17010180
17015320
17015321
17012110
17016200
17017230
17065170
17064253
17031591
17030620
17048715
17054090
17050420
17051550
17037320
17027630
17065032
17025370
17058013
17021170
17031396
17032080
17035261
17047373
17058015
17066470
17033470
17052335
17053500
17032290
17032660
17058551
17020490
17054584
17054669
17017320
17055451
17066102
17053351
17056135
17032340
17065202
17067100
17024190
17016250
17024770
17012205
17024308
17026480
17054666
17063256
17017492
17025520
17065520
17031450
17017590
17039130
17013200
17013201
17011010
17064285
17016042
17034380
17031608
17017588
17039395
17060480
17063093
17036884
17032620
17050380
17052470
17063210
17011203
17022650
17048360
17033710
17033760
17016143
17026891
17025863
17025530
17060330
17039175
17066490
17023640
17020510
17039473
17017410
17033210
17047623
17030630
17020670
17033581
17035663
17017560
17060220
17037011
17053858
17012440
17011138
17058026
17017260
17012424
17012133
17057475
17050650
17035670
17017578
17018840
17055592
17048021
17048011
17010070
17020200
17039300
17055454
17032030
17039811
17019004
17033740
17033140
17018854
17021050
17018040
17064864
17055783
17026840
17033843
17065211
17057700
17023062
17023036
17037340
17021864
17053861
17017591
17055539
17027628
17021868
17053811
17056034
17056325
17060490
17063094
17026260
17057150
17063000
17064161
17018002
17024760
17054641
17017580
17055250
17015180
17064600
17018828
17052022
17065332
17033330
17030360
17065333
17022115
17054230
17035660
17052333
17018825
17064130
17021884
17032292
17032800
17030040
17022021
17030760
17031350
17054563
17020260
17031601
17024610
17047282
17050780
17055790
17033835
17026610
17034400
17018804
17037350
17033100
17037380
17110021
17057110
17020413
17066732
17030340
17020830
17017300
17037680
17037690
17047250
17064859
17024846
17053070
17048230
17022005
17018060
17033110
17033003
17017150
17025775
17037700
17032258
17023082
17023022
17037710
17036380
17060573
17036370
17037040
17033120
17050630
17020560
17018250
17047120
17048014
17052640
17032690
17018480
17021723
17032180
17025230
17055480
17024843
17066430
17060340
17033553
17037720
17055453
17018795
17047493
17032200
17014003
17014041
17012020
17057240
17012350
17035020
17065620
17058503
17017201
17056291
17024450
17018090
17015410
17013033
17065411
17050520
17018830
17052163
17018001
17054420
17047245
17022002
17022093
17021360
17032420
17047617
17055806
17056533
17023873
17032780
17031714
17023868
17064200
17019015
17032273
17050180
17056480
17026807
17026852
17048306
17033750
17048250
17047260
17021800
17056535
17053841
17031727
17034480
17026320
17026690
17054638
17065410
17026340
17022550
17054370
17036700
17055390
17035262
17017180
17032580
17057661
17024690
17055014
17031360
17021180
17023610
17064123
17026310
17023864
17013170
17053849
17065370
17066130
17063220
17056003
17021440
17024220
17035252
17039020
17063466
17021790
17055012
17054663
17051064
17052480
17056047
17067160
17021657
17021570
17020293
17027460
17048005
17022128
17025450
17050090
17012360
17053111
17066753
17055522
17057180
17010400
17053119
17055560
17039800
17035245
17047851
17064868
17064890
17066415
17065810
17026806
17054550
17054570
17067120
17039090
17033770
17050070
17063255
17064070
17051460
17055300
17063530
17048200
17055070
17066133
17058500
17054004
17054610
17024290
17032400
17020620
17017170
17023003
17032230
17025760
17055400
17047281
17065034
17018855
17022141
17022151
17063346
17053343
17022869
17057360
17021730
17057090
17057250
17014010
17012030
17012225
17011170
17066739
17052010
17032673
17014120
17039440
17021110
17021350
17054267
17013021
17110001
17063510
17012180
17064287
17023420
17022089
17058537
17100012
17030450
17047270
17021080
17021681
17021860
17034290
17048001
17065220
17024310
17064851
17022099
17048716
17064100
17110029
17020001
17033390
17064033
17026836
17058025
17047180
17065201
17021533
17021853
17031711
17033420
17057152
17065530
17032063
17032850
17033540
17065022
17032380
17012330
17056520
17023460
17047010
17031373
17031395
17031659
17016043
17035300
17047369
17022230
17064013
17030501
17030350
17053835
17016300
17014273
17057291
17030641
17022095
17016073
17026780
17021569
17033250
17026240
17025400
17018540
17047470
17021806
17057843
17030761
17053235
17100069
17023861
17026844
17018781
17054175
17039430
17025800
17035010
17021460
17050080
17052273
17032450
17012642
17039743
17035263
17022124
17060350
17021630
17103002
17017123
17026540
17056185
17056042
17103000
17055820
17060370
17048328
17060390
17018380
17018130
17017630
17057822
17057490
17054120
17058519
17023056
17023030
17022271
17047370
17064867
17055460
17023713
17050100
17035264
17056045
17031698
17055020
17053860
17066550
17012438
17052270
17033834
17027390
17027651
17066759
17063480
17053164
17033810
17016045
17016080
17053340
17054511
17054630
17053846
17054580
17054643
17064090
17050310
17033690
17022122
17047110
17053842
17017322
17057836
17033181
17052601
17026410
17056296
17052300
17048003
17052050
17012323
17065122
17022144
17032840
17033550
17024472
17022127
17100013
17039110
17014505
17016180
17017210
17022305
17031384
17032581
17050350
17031451
17012200
17013204
17012250
17055470
17030720
17034310
17021362
17057560
17018410
17052370
17031657
17057182
17063540
17021670
17048160
17066106
17058535
17021490
17012570
17019016
17054115
17054697
17058023
17057155
17056290
17018798
17022014
17023862
17019019
17054002
17023067
17057163
17054692
17025330
17026830
17050147
17014370
17047381
17026600
17017581
17022003
17018713
17064792
17039050
17017331
17051063
17055190
17064535
17021560
17021655
17039158
17018853
17024230
17023025
17023066
17065208
17052170
17056060
17025160
17054520
17025170
17018772
17057220
17052290
17057040
17023683
17065024
17047383
17018785
17021872
17100047
17057260
17065160
17023430
17031420
17110027
17064436
17039741
17034350
17018784
17033600
17065035
17039740
17030590
17012421
17030370
17015360
17015361
17012260
17064460
17057294
17022770
17033500
17055824
17019003
17035220
17052490
17039290
17048718
17057620
17027640
17039160
17017587
17018620
17063469
17014150
17065029
17048699
17054683
17056120
17031697
17048450
17026882
17065037
17030600
17025680
17026070
17066432
17054665
17048270
17031719
17018858
17063070
17031398
17031728
17053342
17053082
17053135
17053013
17053007
17053191
17053220
17014430
17025470
17026860
17065550
17035265
17022015
17035495
17026808
17025670
17026060
17026804
17035480
17064103
17017440
17018613
17036590
17057643
17055535
17050540
17016163
17036890
17022877
17065553
17066630
17018823
17051450
17025500
17058006
17039310
17013740
17024747
17058017
17053165
17012430
17011137
17051530
17053833
17034360
17014050
17014039
17012130
17030770
17047492
17010050
17024730
17026851
17016360
17021740
17064197
17023540
17026360
17100002
17037150
17066151
17067360
17055243
17055537
17063240
17026570
17058512
17018810
17047380
17036580
17036770
17036140
17065310
17037090
17036650
17036570
17063500
17023075
17032302
17033650
17066570
17064793
17022126
17054691
17025050
17052420
17022730
17031356
17055828
17021683
17010031
17010030
17013112
17013221
17053847
17033363
17031737
17066729
17030515
17057760
17020120
17021240
17016220
17037868
17031735
17031722
17023780
17033000
17023322
17065005
17057100
17066410
17039760
17056534
17055431
17022148
17022156
17054183
17033380
17018794
17018440
17022200
17057642
17022008
17032220
17057662
17047592
17031680
17033353
17032278
17033423
17017491
17018822
17032753
17026850
17015260
17017586
17060150
17064857
17021654
17064480
17053832
17057080
17047815
17015400
17060590
17066660
17067490
17023620
17030381
17025250
17057824
17057430
17033090
17033080
17065006
17017370
17021874
17057659
17033190
17057680
17054582
17065400
17057400
17013203
17020013
17014274
17036250
17023336
17060200
17020683
17032670
17053848
17023637
17052580
17032251
17021875
17031732
17032140
17022152
17055796
17054585
17066540
17026250
17047410
17039390
17031600
17031640
17032810
17033530
17039155
17023859
17023710
17014110
17065003
17031381
17021380
17053010
17065004
17013580
17031397
17013590
17055530
17055520
17013070
17064435
17057340
17030500
17035000
17050390
17017420
17018750
17024474
17054634
17031720
17051350
17052337
17016050
17022896
17030551
17020003
17039159
17048350
17066743
17050568
17024790
17047583
17057740
17064540
17027646
17022125
17064437
17054581
17033360
17019008
17047280
17058016
17054300
17054130
17024510
17065031
17048290
17026834
17063289
17032281
17023865
17064380
17064389
17022111
17023001
17021863
17021862
17032299
17026887
17026450
17024670
17026811
17018740
17060090
17013720
17031700
17065565
17048110
17053217
17016230
17032040
17023042
17026827
17031380
17035040
17032100
17023878
17053118
17023009
17037140
17014520
17067580
17013620
17011201
17014040
17014038
17012140
17010280
17033070
17060640
17036820
17032282
17020040
17018270
17036840
17020010
17036470
17058534
17037730
17039450
17026460
17054633
17020019
17036640
17037874
17037864
17017597
17033160
17052602
17027440
17058545
17026261
17032071
17053844
17015170
17015171
17015172
17013032
17039323
17055810
17065240
17058540
17024780
17030170
17022872
17058507
17048702
17030470
17024260
17030110
17065204
17055130
17051220
17021310
17056160
17063463
17058532
17020770
17022870
17047450
17025730
17026120
17039040
17025420
17053852
17031383
17024200
17053015
17065002
17026796
17023572
17060880
17012190
17051230
17064010
17060080
17065390
17065025
17065130
17018829
17022850
17024615
17025660
17026050
17050740
17033730
17057610
17052063
17047100
17020193
17063464
17027370
17052250
17036110
17011220
17013660
17036876
17063060
17056187
17056044
17031485
17066123
17065450
17047500
17022330
17067170
17053114
17060030
17048120
17057370
17026280
17023643
17032634
17031650
17017033
17010040
17013113
17013231
17060320
17032257
17054586
17012647
17026000
17058008
17023882
17047008
17018773
17110023
17023673
17023013
17020012
17066746
17065820
17034450
17020015
17055430
17024210
17047814
17039080
17064390
17030504
17066115
17053030
17018774
17066741
17066530
17018776
17022146
17026883
17023657
17047290
17047625
17060420
17047300
17032632
17026794
17012270
17018821
17032570
17056530
17031690
17055533
17058513
17018460
17023863
17023500
17026670
17048792
17018826
17023852
17064430
17032283
17055100
17055788
17053344
17023038
17015440
17012160
17018800
17031645
17031393
17025490
17021082
17054200
17031604
17057658
17025827
17022833
17022861
17066736
17022865
17047510
17024471
17025824
17055175
17047495
17054350
17031592
17067110
17023653
17064500
17065203
17053346
17067130
17060884
17063461
17024280
17048390
17017510
17014100
17057570
17030610
17065560
17018778
17027632
17039070
17024630
17022844
17022862
17047587
17050151
17022000
17047611
17022153
17027633
17017324
17051080
17055210
17033640
17026730
17022121
17063458
17024240
17057330
17022131
17054668
17018515
17022580
17015150
17048440
17054646
17053040
17065140
17063455
17064115
17065290
17017460
17018350
17067370
17037740
17032090
17050270
17051040
17018150
17016033
17017160
17051463
17030081
17054310
17025413
17054510
17054637
17035310
17032274
17026790
17054644
17052550
17032286
17032170
17066390
17051310
17055240
17030021
17037430
17022720
17025300
17023015
17034340
17053445
17060560
17039770
17064077
17055321
17031599
17023490
17019010
17033800
17055525
17022710
17022480
17036660
17051170
17067380
17022874
17022250
17037750
17054060
17054675
17053083
17023330
17032256
17025200
17039240
17066091
17039180
17060440
17051160
17058515
17022088
17057320
17024600
17022842
17032410
17039170
17060060
17017500
17018400
17018020
17057829
17066610
17048012
17100045
17026330
17023328
17054320
17052090
17065600
17065460
17030681
17035090
17056038
17020011
17013690
17030511
17030742
17025884
17020340
17057493
17037060
17013143
17023747
17048013
17065480
17052520
17056080
17031606
17055030
17037280
17025130
17054671
17023324
17032284
17013300
17035340
17022340
17021005
17017335
17037050
17053140
17053352
17022895
17036480
17037120
17017263
17018799
17010130
17013035
17011105
17012202
17047310
17033260
17021111
17060001
17060121
17020425
17021365
17064434
17033845
17067390
17026816
17026795
17032296
17021866
17033495
17021761
17032298
17060870
17058002
17027638
17023879
17036185
17065700
17048330
17035190
17024305
17021330
17030433
17012240
17064370
17064388
17016380
17047005
17018630
17066580
17025720
17026110
17025430
17036892
17023060
17023034
17026650
17035070
17032254
17065710
17048320
17057857
17058003
17034320
17012370
17056022
17018797
17035266
17035140
17066095
17064290
17058543
17018841
17021882
17055011
17057174
17057157
17021420
17052660
17056020
17056270
17016223
17019009
17032713
17064530
17011250
17023570
17065280
17033610
17067340
17011070
17024473
17025839
17023533
17018590
17054330
17052080
17037760
17018842
17020290
17047320
17048670
17066096
17066111
17065572
17060600
17063110
17052620
17054353
17033846
17047230
17032259
17011102
17054667
17056150
17013400
17024620
17014310
17032003
17026430
17064394
17051130
17050710
17021520
17026839
17034430
17030090
17033844
17010500
17048795
17060450
17032500
17025560
17053219
17052510
17064196
17064040
17032770
17032263
17016160
17017337
17023600
17026826
17031404
17057630
17035813
17035650
17016390
17066200
17021160
17035255
17011225
17031434
17050790
17032551
17110007
17054695
17060255
17010120
17020310
17027631
17018220
17023763
17053005
17032560
17033460
17064020
17066433
17030022
17012059
17012191
17030680
17024745
17047561
17053112
17057060
17018580
17021108
17018690
17064220
17067240
17026823
17031409
17020481
17065660
17035814
17035623
17016400
17020810
17066190
17035695
17035258
17055490
17021361
17060454
17063345
17023650
17032552
17033842
17058509
17050280
17051050
17022493
17017594
17024740
17017321
17056183
17012533
17060380
17065510
17057580
17033011
17030051
17050730
17051380
17039400
17048340
17024641
17035821
17035580
17066180
17023690
17023631
17047431
17031734
17031436
17057670
17050660
17067300
17018140
17033781
17058027
17018777
17048325
17016260
17032255
17035492
17022142
17048170
17063563
17022101
17022540
17033410
17026838
17030671
17047001
17047007
17021887
17048180
17026793
17020393
17051300
17055260
17022086
17050110
17050031
17024270
17065630
17027490
17060015
17054005
17022630
17050500
17010290
17065580
17053230
17023745
17034470
17053855
17023053
17064240
17032650
17047615
17013280
17039100
17035268
17058517
17066117
17022876
17017585
17053530
17066116
17021650
17026798
17065670
17053839
17031595
17025776
17053837
17053540
17030633
17060881
17024570
17065490
17064250
17047378
17025881
17021881
17065610
17033563
17013180
17018330
17020353
17064270
17100011
17054080
17051410
17013240
17054160
17013630
17030023
17037240
17036710
17036290
17060258
17021323
17067460
17058504
17018783
17052310
17010110
17048030
17036610
17054020
17032272
17035256
17032275
17030490
17025070
17017330
17060050
17057440
17032289
17024720
17039153
17025110
17055180
17025793
17018680
17047375
17067410
17031694
17021653
17018803
17022098
17022871
17027636
17031355
17039220
17039780
17021610
17039383
17026420
17058511
17026802
17016420
17017350
17021550
17064168
17037010
17011103
17022270
17032243
17066094
17066460
17021250
17018370
17065207
17022610
17030660
17050580
17055565
17048000
17017325
17032830
17033560
17022097
17022700
17030640
17015160
17039230
17054681
17056140
17066170
17057120
17015230
17026792
17054661
17023760
17026750
17020790
17048090
17057350
17023820
17031701
17047595
17053115
17035240
17058538
17026637
17060513
17056295
17065650
17018824
17012220
17026390
17023380
17025090
17050043
17048793
17048696
17037070
17016048
17018110
17031729
17021120
17051540
17037510
17035330
17033050
17022001
17035800
17039725
17037250
17030025
17054170
17052700
17036878
17037894
17033060
17055814
17053081
17026291
17055826
17037876
17050640
17013600
17011080
17037886
17036800
17037220
17032583
17060810
17067190
17065123
17036810
17036240
17022470
17018160
17020673
17065334
17064030
17057480
17036310
17055290
17037770
17037790
17033040
17037780
17050480
17021865
17021871
17030080
17021020
17110005
17032790
17054631
17020170
17067350
17018310
17036882
17011120
17057590
17016150
17048635
17050360
17066757
17020000
17054253
17014035
17010011
17010010
17013010
17060670
17063100
17060650
17053843
17022590
17026740
17057666
17025772
17011163
17022460
17023023
17024300
17050240
17051010
17067470
17053095
17057811
17022780
17022750
17022760
17066160
17023440
17056043
17032743
17022105
17035815
17035625
17048140
17066690
17031351
17023633
17051370
17055244
17031438
17047384
17052235
17048475
17031363
17026819
17030677
17031406
17065680
17055360
17031487
17035805
17017329
17035610
17052653
17047491
17035770
17023680
17048510
17035093
17012651
17055730
17032831
17051555
17054647
17055763
17026815
17037001
17015100
17014290
17025166
17035816
17035600
17022520
17035313
17021200
17066135
17064865
17022106
17031439
17015040
17015041
17015042
17037440
17032160
17036550
17024470
17022220
17011090
17032240
17054590
17031666
17032010
17031462
17017130
17047490
17021869
17054682
17018550
17016060
17057050
17022723
17065440
17047480
17011130
17022158
17024370
17048704
17031484
17025480
17013031
17011020
17031710
17013270
17026370
17021651
17021883
17013370
17030560
17018525
17047593
17022600
17064392
17036870
17066401
17025782
17022660
17018100
17037160
17018610
17013025
17020600
17064862
17054240
17020740
17054355
17017490
17053050
17034300
17021123
17016440
17053857
17055808
17054645
17054540
17039550
17010190
17015310
17015311
17014037
17016190
17017220
17039500
17013380
17039490
17013260
17030020
17039480
17039510
17039530
17039560
17039540
17039520
17060130
17032110
17027648
17027420
17027430
17027623
17057831
17024614
17025777
17065570
17053560
17064490
17034330
17035275
17018856
17035499
17024420
17031593
17056100
17023080
17015490
17015420
17013034
17023065
17023020
17015000
17015001
17015002
17013000
17013242
17030000
17034285
17015240
17023866
17048400
17020836
17032223
17067180
17055700
17055401
17050450
17051400
17026884
17064860
17064861
17051062
17058001
17011100
17047377
17053075
17052643
17060013
17048690
17047852
17030005
17025162
17024619
17022531
17022890
17100060
17103004
17064853
17065300
17021480
17067665
17051061
17031354
17055110
17020460
17022879
17056300
17026803
17025779
17018771
17032630
17031663
17047386
17025820
17023410
17021280
17065500
17020018
17064503
17052670
17056030
17056280
17011023
17037230
17058544
17015110
17014300
17016040
17035080
17057652
17017450
17018760
17057828
17023874
17017579
17058007
17023645
17014530
17016210
17067230
17031731
17010200
17060430
17060820
17063233
17109899
17026620
17039120
17012636
17052190
17023590
17050050
17037200
17037290
17036020
17052150
17021659
17030650
17067270
17031723
17037180
17010150
17015350
17015351
17012056
17012433
17036080
17021750
17051150
17032480
17012503
17025433
17031431
17024476
17032610
17051110
17055280
17063180
17051343
17050800
17066510
17048060
17023334
17056102
17031660
17036010
17031365
17022092
17033595
17060510
17063095
17064150
17023390
17022280
17037800
17012410
17067320
17047570
17018260
17055794
17023573
17013340
17065007
17021010
17026220
17055013
17048798
17023663
17022117
17039410
17054694
17048002
17021463
17022114
17018050
17065470
17012340
17058525
17022853
17022863
17057200
17057361
17064858
17047145
17023877
17021760
17021652
17058521
17022400
17050570
17055458
17053810
17056031
17052040
17030668
17031386
17026824
17047185
17065690
17032641
17057644
17035817
17048476
17035627
17022530
17025270
17035790
17035133
17012443
17047520
17064856
17054500
17057156
17053103
17037110
17017243
17017280
17036510
17066400
17031695
17047430
17024743
17060040
17033851
17032750
17013670
17030028
17020230
17022180
17053348
17055456
17022290
17012632
17026822
17048380
17031399
17035690
17057690
17027470
17035809
17017328
17035570
17016450
17064420
17031371
17031433
17021886
17015030
17015031
17015032
17064515
17022841
17025161
17039200
17018600
17055450
17065210
17052220
17018120
17024590
17026843
17037890
17052140
17031726
17018345
17033790
17021658
17055120
17055787
17024640
17060240
17063090
17032556
17050260
17051030
17023400
17015050
17051360
17032293
17012425
17031662
17053851
17021880
17035274
17048015
17048007
17050680
17012230
17024250
17025030
17023532
17032020
17025750
17022867
17048680
17051140
17037810
17036868
17037370
17067430
17064483
17017503
17055350
17018420
17015070
17014260
17067560
17018340
17026680
17056170
17048675
17036130
17036090
17036100
17020410
17036864
17037190
17021000
17066105
17025600
17037888
17018290
17036043
17048004
17022620
17054265
17052160
17056050
17037878
17057160
17013050
17048638
17036170
17037820
17036270
17013130
17036120
17050575
17032269
17055818
17065320
17047566
17067550
17052020
17055800
17022360
17024831
17036340
17036862
17054250
17036460
17031440
17032267
17055440
17024380
17052180
17060325
17060850
17100043
17058548
17035135
17032310
17036040
17050470
17031359
17064075
17036430
17025781
17037300
17023326
17025773
17031713
17027620
17058505
17021500
17048791
17025321
17032242
17032241
17037360
17018300
17060360
17052200
17036180
17037020
17052130
17036500
17037860
17010100
17036520
17018240
17055510
17060410
17036420
17053193
17036866
17052460
17022083
17023320
17012195
17053214
17058552
17056033
17060020
17052500
17067210
17026290
17065033
17066735
17047220
17030666
17031401
17021103
17026821
17026814
17031405
17024201
17053143
17035818
17048477
17035550
17031361
17025165
17035760
17048520
17035269
17012652
17016120
17055740
17025362
17031605
17050563
17022143
17055762
17057450
17057820
17020051
17057710
17035819
17035590
17066680
17064863
17031437
17010230
17015270
17014450
17016170
17025290
17030031
17036260
17039340
17057730
17023535
17022713
17048410
17023783
17039350
17048430
17067570
17017363
17037490
17037866
17030550
17017190
17050410
17037400
17020390
17013133
17013090
17013290
17067220
17016290
17018815
17031385
17047619
17025180
17030675
17054460
17032470
17031463
17024810
17057770
17035801
17048478
17017326
17035543
17018230
17035740
17048530
17012436
17050670
17016110
17055750
17054648
17031607
17050561
17060003
17033823
17055760
17018851
17012560
17067330
17065206
17032294
17037830
17054150
17036620
17037170
17036540
17035680
17066434
17047440
17024820
17057172
17022721
17035210
17026805
17032288
17057844
17056180
17019012
17012013
17025851
17023076
17020190
17065243
17054340
17052070
17022102
17053092
17036320
17033480
17026590
17054210
17052690
17064195
17064230
17067310
17052635
17056036
17025875
17058028
17018670
17020450
17053097
17020610
17024618
17030070
17020233
17050621
17100001
17057511
17063460
17021320
17026230
17055340
17025620
17026890
17022017
17051520
17064350
17064386
17018080
17030503
17018782
17032520
17025440
17058522
17023850
17055540
17064015
17021210
17047002
17024841
17057656
17057646
17057745
17026630
17023740
17066108
17052590
17056090
17033170
17053210
17012640
17053085
17053218
17051554
17065730
17030052
17066756
17023853
17026854
17066761
17065740
17039330
17048220
17023855
17023723
17026858
17011050
17057780
17048017
17024381
17066764
17065750
17023857
17065760
17026855
17066762
17026856
17066763
17057159
17057810
17021710
17020730
17027635
17056037
17010240
17015220
17014440
17021283
17020401
17026831
17020080
17050160
17048305
17018570
17050060
17060326
17060840
17020370
17012580
17017493
17026270
17034410
17053099
17016070
17014510
17012120
17022495
17036860
17054380
17013026
17057130
17021680
17021876
17033400
17066140
17025778
17055080
17055500
17065023
17060860
17058524
17064852
17034280
17026849
17021590
17055410
17066745
17053470
17031730
17026560
17031364
17055785
17021850
17053354
17026848
17018070
17063520
17052530
17056070
17025410
17019005
17024430
17022840
17022860
17026510
17018780
17055420
17023580
17022147
17025010
17064360
17064387
17010210
17051120
17050460
17051390
17053341
17016049
17024710
17016240
17060830
17055812
17035497
17034460
17013150
17032550
17033450
17037840
17013023
17011040
17036210
17066461
17025842
17047190
17048797
17066097
17022154
17033510
17021870
17058533
17034390
17034370
17037850
17021830
17054221
17025190
17020693
17052430
17047613
17030032
17022082
17056032
17064080
17024460
17026791
17100000
17100042
17100041
17031414
17031418
17053237
17019030
17019035
17031427
17053233
17100040
17019052
17031419
17053234
17019056
17053232
17100038
17019053
17031410
17053231
17019042
17031422
17100037
17019043
17031429
17019041
17031423
17100027
17019038
17031424
17019037
17100025
17019031
17019034
17019039
17100033
17100044
17100032
17100005
17100036
17019018
17100035
17031415
17053239
17057832
17019032
17100034
17100026
17100003
17100023
17100022
17100021
17053240
17019045
17100020
17100031
17100006
17100030
17100056
17100055
17031425
17019046
17100048
17100039
17100008
17100046
17100010
17100007
17031416
17053242
17019047
17100052
17100051
17100057
17031426
17023057
17053243
17019049
17100053
17100019
17100018
17100017
17100015
17100014
17100016
17100049
17100050
17031417
17053244
17057833
17019050
17019055
