11256180
11256640
11256590
11252092
11258461
11261216
11261204
11262096
11261780
11258536
11250566
11250569
11250015
11256020
11271245
11250411
11250465
11262018
11262021
11250300
11261228
11251165
11251525
11260012
11258395
11251460
11250207
11258404
11258467
11250279
11270035
11270030
11250606
11252148
11261321
11252620
11252624
11269135
11250048
11250039
11250285
11250282
11250363
11250360
11250783
11250779
11251170
11251175
11251480
11251485
11256105
11256110
11258045
11258428
11258593
11260054
11260354
11250366
11258431
11250129
11251255
11250378
11250303
11261639
11258494
11250108
11258491
11251390
11256090
11260513
11260573
11260555
11250267
11259354
11250306
11250114
11250096
11250327
11250515
11250093
11250542
11250539
11256620
11250483
11251360
11260633
11256635
11256630
11256605
11256610
11256595
11256155
11256220
11258362
11258383
11258386
11258389
11260591
11260597
11260543
11260546
11260549
11260552
11260531
11258458
11258575
11260507
11260353
11260516
11260517
11271100
11271250
11263245
11263205
11263155
11263125
11261201
11261660
11261654
11261663
11261669
11261666
11261672
11261675
11261678
11261690
11261687
11261249
11261246
11261243
11261240
11261237
11261234
11261231
11261681
11262060
11262063
11261693
11270045
11270085
11270090
11259033
11259039
11259042
11259048
11259051
11259054
11259063
11259066
11259069
11259072
11259075
11259078
11259087
11259135
11259138
11259141
11259144
11259147
11259153
11259156
11259159
11259168
11259171
11267474
11267453
11267456
11267462
11267468
11267525
11267531
11267537
11267543
11267522
11267546
11267540
11267534
11267528
11267552
11267549
11267513
11267519
11267507
11267516
11267510
11267498
11267504
11267492
11267501
11267495
11267483
11267489
11267477
11267486
11267480
11267471
11267465
11267459
11267381
11267384
11267399
11267393
11267387
11267375
11267369
11267366
11267363
11267372
11267378
11267444
11267450
11267438
11267447
11267441
11267435
11267429
11267432
11267420
11267426
11267414
11267423
11267417
11267411
11267405
11267408
11267390
11267396
11267402
11267250
11267234
11267240
11267282
11267288
11267276
11267285
11267279
11267273
11267264
11267270
11267258
11267267
11267261
11267255
11267252
11267249
11267243
11267246
11267237
11267186
11267165
11267183
11267225
11267222
11267228
11267231
11267219
11267213
11267216
11267210
11267204
11267207
11267195
11267201
11267189
11267198
11267192
11267180
11267126
11267111
11267123
11267159
11267156
11267162
11267153
11267171
11267177
11267174
11267168
11267150
11267144
11267147
11267135
11267141
11267129
11267138
11267132
11267120
11267090
11267093
11267078
11267087
11267081
11267084
11267117
11267114
11267108
11267102
11267105
11267099
11267096
11267006
11267039
11267015
11267009
11267012
11267003
11267021
11267018
11267024
11267027
11267033
11267030
11267036
11267054
11267066
11267060
11267063
11267057
11267048
11267042
11267045
11267051
11267072
11267075
11267069
11267615
11267618
11267669
11267687
11267693
11267699
11267681
11267696
11267690
11267684
11267654
11267666
11267663
11267675
11267672
11267678
11267636
11267660
11267705
11267711
11267717
11267702
11267720
11267714
11267708
11267630
11267633
11267642
11267648
11267639
11267651
11267645
11267657
11267729
11267738
11267732
11267744
11267750
11267741
11267753
11267747
11267759
11267765
11267771
11267756
11267774
11267768
11267762
11267798
11267792
11267795
11267783
11267789
11267777
11267786
11267780
11267726
11267723
11267735
11267807
11267804
11267837
11267843
11267849
11267834
11267852
11267846
11267840
11267858
11267864
11267855
11267867
11267861
11267876
11267882
11267870
11267879
11267873
11267831
11267825
11267828
11267816
11267868
11267810
11267819
11267813
11267801
11268003
11267888
11268009
11268015
11268006
11268018
11268012
11268024
11268021
11268027
11268033
11268030
11268036
11268054
11268057
11268045
11268051
11268039
11268048
11268042
11267885
11268069
11268078
11268072
11268081
11268087
11268093
11268084
11268096
11268090
11268102
11268108
11268099
11268111
11268105
11268117
11268123
11268114
11268126
11268120
11268066
11268060
11268063
11268075
11268201
11268225
11268222
11268228
11268234
11268231
11268237
11268195
11268198
11268207
11268213
11268204
11268216
11268210
11268219
11268258
11268276
11268279
11268267
11268273
11268261
11268270
11268264
11268243
11268240
11268246
11268252
11268249
11268255
11268285
11268306
11268312
11268303
11268309
11268294
11268300
11268288
11268297
11268291
11268282
11251455
11251475
11251535
11251515
11271205
11256210
11270020
11261807
11270005
11269140
11250240
11250081
11250012
11258374
11258473
11261810
11270025
11263190
11261717
11253020
11258620
11260564
11256025
11258005
11251155
11250321
11250477
11250474
11250381
11251140
11250069
11256185
11256645
11256655
11259372
11258590
11261618
11252520
11258623
11270070
11261732
11270055
11270060
11250270
11261615
11252164
11251205
11251400
11256160
11250435
11251110
11270040
11270080
11261600
11258566
11261834
11270050
11270100
11261738
11270065
11251180
11250009
11256035
11261606
11270075
11250414
11250471
11260072
11261225
11258330
11259045
11259216
11256665
11256670
11259375
11252536
11258614
11254490
11262105
11270110
11254470
11270105
11270130
11252176
11270135
11253056
11256015
11256050
11270120
11251250
11261333
11270125
11258392
11260630
11261837
11270140
11262033
11251230
11261840
11251545
11251445
11260537
11260057
11251490
11250007
11261759
11250402
11250405
11270195
11250348
11250548
11261765
11259219
11270200
11251425
11252464
11254275
11261264
11254580
11269183
11258563
11258050
11250297
11258410
11250339
11251245
11262117
11270185
11270115
11262009
11262093
11258434
11251200
11250132
11261726
11256650
11259396
11250375
11260048
11251570
11254350
11254500
11259198
11263075
11263135
11263140
11263080
11260039
11260519
11250755
11251415
11260024
11260069
11250764
11256085
11256140
11256230
11256240
11250698
11252136
11259351
11252344
11252488
11254235
11254620
11263025
11267570
11250024
11261729
11258581
11252156
11254460
11254510
11258470
11270210
11251375
11263020
11259420
11261762
11258464
11256100
11251565
11258356
11258359
11258353
11260330
11258365
11271265
11251555
11250438
11260495
11262054
11262057
11270205
11256070
11251405
11271135
11258539
11256580
11251465
11258632
11258611
11250252
11270190
11250557
11250560
11250563
11258479
11250255
11260612
11259414
11251580
11258035
11251145
11260603
11260003
11271130
11250423
11270290
11256615
11261711
11250312
11271230
11270285
11261747
11252524
11261603
11270280
11263220
11256080
11250342
11250420
11250512
11258542
11260576
11260327
11258020
11258533
11256165
11250336
11250417
11250509
11251530
11251540
11261522
11271225
11259435
11250225
11251185
11262048
11270250
11261777
11251260
11261336
11258635
11260561
11250243
11271105
11271165
11261222
11258584
11259222
11250201
11270240
11270265
11251210
11261750
11261720
11261543
11270255
11270270
11270235
11270275
11270245
11258065
11260339
11258512
11261651
11258578
11258033
11250066
11271115
11258506
11250276
11261207
11251340
11250692
11256040
11263185
11265370
11265385
11265360
11265365
11250120
11265430
11265440
11256055
11261531
11270220
11265435
11265400
11265410
11261342
11270260
11265420
11270225
11251160
11265415
11270230
11261318
11265405
11258515
11260510
11260540
11260585
11265395
11261699
11270215
11251435
11261528
11270300
11270015
11270010
11270170
11270175
11265380
11260534
11250234
11265375
11265390
11265425
11265445
11265270
11265280
11261324
11251370
11252116
11270295
11258401
11256030
11256600
11250689
11261648
11261213
11258509
11262099
11262126
11262114
11262123
11258416
11265290
11265300
11265305
11265295
11262132
11265320
11265325
11265330
11265345
11252076
11251505
11263225
11250315
11252072
11258425
11258488
11256120
11251355
11250216
11250264
11250795
11251350
11251450
11256045
11251105
11252084
11251550
11260498
11270180
11250318
11258419
11258476
11250018
11250123
11260015
11260063
11252532
11258446
11250716
11256065
11256115
11250237
11258449
11258524
11271110
11260066
11251367
11271215
11258060
11256150
11256170
11260570
11256585
11250737
11258557
11250126
11260588
11250521
11250518
11250758
11251470
11252088
11260342
11265355
11265350
11265340
11271220
11260018
11250027
11250030
11261771
11261540
11252144
11262144
11252184
11259057
11265260
11265265
11265255
11265335
11265315
11265310
11265285
11265275
11256010
11258055
11250105
11250324
11259090
11259162
11258596
11250228
11271255
11251380
11252152
11250372
11250551
11260030
11260033
11252192
11260009
11258554
11250408
11250117
11250291
11250468
11262129
11251150
11263230
11250612
11251120
11262111
11262102
11262108
11261609
11261339
11251365
11261828
11258605
11261633
11250288
11260345
11258530
11250351
11250462
11250597
11250603
11260336
11263240
11258500
11251345
11260558
11251385
11260579
11262015
11262138
11261525
11258548
11250554
11250330
11261774
11251325
11250731
11250683
11250503
11262027
11250740
11250743
11271125
11260567
11256135
11256095
11250701
11258413
11260324
11252080
11258482
11271120
11250075
11258521
11253012
11256075
11259060
11261714
11261786
11271210
11258440
11258437
11258599
11251125
11271240
11258587
11250006
11251500
11250078
11251520
11251335
11260600
11251495
11261630
11260501
11261768
11262135
11250198
11258647
11265250
11265205
11258497
11258644
11250761
11253052
11262042
11262051
11265220
11265215
11265225
11265230
11256060
11265240
11263195
11263215
11258422
11259150
11262030
11265245
11265195
11265190
11261798
11262147
11252132
11254370
11254520
11265200
11265175
11265235
11265210
11265120
11265115
11265180
11265185
11265160
11265170
11265165
11265135
11250545
11251440
11254330
11254550
11265145
11265140
11258455
11251510
11265130
11250063
11250713
11254410
11265110
11252064
11258545
11250046
11261801
11262003
11256625
11258040
11270095
11260075
11250369
11261744
11250246
11260333
11258371
11250429
11271260
11250345
11250426
11250524
11250536
11256175
11271235
11260042
11258551
11265105
11265125
11265155
11261636
11261831
11261624
11252188
11258617
11250102
11250530
11269075
11250506
11250033
11251225
11252528
11256145
11258368
11251575
11250770
11250776
11250441
11251195
11252180
11263200
11252172
11258015
11250222
11258398
11251240
11250021
11253108
11250210
11250273
11250384
11261813
11262039
11251215
11263210
11252168
11261816
11250204
11261330
11261819
11262141
11267555
11250600
11261723
11261822
11262024
11262036
11261345
11259240
11250354
11250527
11252512
11263250
11263275
11252516
11250333
11260351
11250357
11265675
11263235
11251410
11252460
11254255
11269180
11252160
11263130
11250099
11250258
11258443
11252140
11262045
11256130
11258010
11258518
11265005
11256660
11261597
11261735
11262012
11262006
11258629
11258569
11258572
11250480
11261753
11263850
11258325
11263005
11263010
11253348
11252312
11253284
11253004
11251330
11250432
11256190
11250390
11251115
11299899
11256440
11251190
11261795
11260051
11261789
11258608
11260006
11261219
11261627
11262120
11256125
11261702
11261708
11251135
11261705
11261315
11261594
11261348
11258626
11258602
11250051
11250036
11250111
11250084
11260027
11250082
11250072
11250309
11258527
11250695
11251420
11253212
11254295
11254530
11269185
11250704
11261804
11261756
11261519
11261783
11261825
11250710
11251430
11253216
11254310
11254560
11261537
11258503
11258560
11260060
11250213
11261612
11261684
11260045
11261621
11258638
11261327
11263180
11250773
11251130
11261792
11261645
11250219
11250261
11250799
11251100
11256005
11258030
11258407
11260036
11260504
11259036
11261696
11250707
11252348
11252480
11254230
11254630
11269175
11261642
11259117
11263150
11258641
11251235
11251220
11250387
11265045
11265020
11265025
11265030
11265035
11265015
11265065
11265055
11265060
11265070
11251395
11259312
11259339
11252340
11252456
11254200
11254215
11254570
11263065
11267564
11265635
11265095
11265085
11265090
11261534
11265100
11267560
11265150
11250609
11265010
11265040
11265050
11265080
11251560
11261741
11252158
11260348
11258701
11258698
11250003
11250045
11250057
11258025
11250294
11260618
11260594
11259213
11263090
11263105
11256200
11263070
11263045
11259114
11263040
11259093
11263095
11263030
11259111
11263035
11259132
11263085
11263100
11250393
11258452
11265485
11260021
11252060
11250249
11260357
11258485
11265505
11254480
11265610
11265615
11265575
11265540
11265535
11265555
11265560
11265570
11265595
11265585
11265515
11265520
11265580
11265605
11265545
11265600
11265565
11265590
11265550
11265530
11265525
11265510
11265645
11265630
11265625
11265640
11265655
11265665
11265670
11265620
11265650
11265660
11259165
11250787
11250791
11250734
11250767
11250686
11259231
11259228
