18555214
18557056
18557396
18557026
18550772
18552404
18552402
18550116
18557354
18550524
18550451
18556800
18557188
18550536
18556270
18550812
18555276
18557143
18552238
18557147
18552354
18550298
18555722
18550422
18550632
18557456
18552032
18555706
18556516
18553026
18555546
18558020
18552604
18552606
18558048
18552366
18552700
18555286
18555584
18558030
18558220
18558216
18557342
18550007
18558026
18555316
18555310
18550528
18550162
18555254
18558508
18550798
18555280
18550530
18558064
18550322
18558032
18556277
18556208
18557362
18558056
18550532
18553504
18557620
18553506
18555718
18550304
18555708
18556510
18557662
18558080
18552450
18557268
18557196
18556206
18556314
18552110
18552092
18555246
18557074
18556122
18557642
18552480
18557276
18552488
18550063
18550110
18557149
18557098
18550107
18550204
18552046
18557150
18555302
18557624
18550366
18550460
18550210
18550184
18552112
18552146
18552140
18558264
18555226
18552066
18556192
18556212
18557050
18555216
18550009
18552350
18557102
18550214
18550042
18557434
18550612
18556406
18552628
18550534
18557062
18557644
18557194
18557630
18557064
18558002
18555220
18556104
18558243
18558212
18550001
18557380
18550280
18557454
18552619
18552324
18557398
18556514
18552390
18557072
18550134
18556414
18555288
18552194
18552202
18556312
18553036
18555296
18555256
18557184
18552160
18553566
18555510
18557352
18552030
18552104
18552108
18558042
18552106
18558014
18557418
18552468
18556216
18552454
18557212
18553006
18550101
18556214
18556044
18557822
18557394
18550542
18550206
18552356
18550544
18557660
18550548
18552254
18550742
18555532
18552162
18550047
18550454
18556278
18558200
18558201
18550774
18552644
18552212
18550746
18553510
18555282
18550748
18552180
18552052
18555342
18556418
18556048
18550456
18550318
18550320
18552616
18552232
18557344
18550138
18556100
18558250
18550087
18552260
18556702
18552322
18552600
18557324
18557410
18558034
18552070
18556120
18555554
18550192
18552192
18555526
18550035
18555516
18553606
18552328
18557116
18556310
18555500
18557646
18557444
18555724
18556279
18557000
18550432
18553534
18553060
18550089
18550630
18555552
18556282
18553032
18556242
18552652
18552164
18550436
18552094
18550726
18552612
18550362
18558008
18557400
18557152
18557080
18553022
18553618
18553008
18550792
18555244
18555250
18553030
18550328
18558240
18556052
18557005
18556105
18557020
18556193
18556230
18556288
18552058
18550800
18552114
18553012
18557606
18550762
18557392
18550029
18556046
18555508
18555572
18553004
18550302
18557266
18550638
18552218
18555540
18553524
18557312
18552326
18553530
18555726
18555242
18552196
18553532
18555514
18553066
18555574
18553068
18555728
18550450
18550032
18555240
18555328
18555271
18555504
18552204
18553062
18552462
18557206
18557122
18555212
18557340
18552630
18557076
18557314
18555274
18558022
18550091
18552646
18555712
18556234
18555564
18558004
18552034
18556266
18558506
18550003
18552266
18555004
18557094
18556210
18550616
18552168
18550025
18553014
18557066
18557386
18557814
18550043
18556220
18556422
18556420
18557153
18558210
18550290
18552088
18553564
18553558
18555530
18550346
18557650
18555330
18555592
18555710
18555566
18553554
18555548
18555314
18555326
18555272
18550350
18555308
18553614
18553000
18552170
18552364
18550103
18550540
18550083
18557622
18556424
18550045
18550033
18555602
18552172
18553018
18550760
18552654
18556408
18552352
18552036
18550308
18550011
18556106
18557170
18555578
18550294
18558054
18557034
18550390
18550522
18550636
18550316
18555002
18557130
18552342
18557012
18550372
18550114
18550049
18557086
18550194
18557452
18550430
18552648
18555248
18550055
18552188
18557156
18557636
18553050
18558060
18552368
18550410
18556306
18556508
18556308
18556325
18555001
18557182
18555702
18555580
18552174
18555542
18555534
18558202
18552452
18550053
18550814
18550334
18556042
18555284
18555506
18550434
18558224
18557148
18552176
18557038
18550380
18550365
18557358
18555006
18553602
18555264
18552620
18557432
18556275
18556126
18555218
18550332
18553056
18552082
18552044
18557060
18553608
18555582
18555512
18558000
18556502
18558062
18557024
18557802
18557680
18552456
18555588
18555000
18556322
18555594
18553544
18550752
18553616
18555620
18557436
18557602
18553024
18552178
18553522
18555570
18556271
18557052
18557686
18550458
18557200
18558242
18555562
18557424
18557112
18553548
18553538
18553546
18553536
18550724
18556283
18557120
18550750
18553020
18555622
18555734
18555536
18550370
18552394
18555556
18556500
18553528
18552166
18558050
18557140
18557090
18550079
18556810
18552608
18550720
18552258
18557450
18558214
18557648
18552448
18557220
18557336
18552054
18555345
18556400
18558012
18556224
18550081
18552048
18558010
18555200
18557658
18550414
18550122
18550065
18550059
18550610
18550538
18552360
18557214
18558046
18550314
18552062
18555206
18557032
18555208
18550190
18558504
18556124
18550442
18552624
18552348
18557334
18550364
18550384
18557322
18557190
18557272
18550770
18556002
18552220
18557155
18557014
18552336
18557004
18550452
18555234
18550120
18550150
18557404
18550140
18550158
18552458
18552460
18556287
18550071
18555238
18557151
18550338
18550067
18550142
18550330
18550618
18550386
18557110
18552038
18557118
18556204
18552330
18556284
18556012
18552634
18557440
18556222
18550005
18552392
18550796
18558204
18550212
18550037
18556128
18552466
18555224
18558016
18557812
18550795
18552610
18550816
18558044
18550802
18550218
18552102
18552116
18558502
18557666
18557002
18550440
18550614
18557360
18556268
18558500
18558028
18555610
18555225
18556110
18556198
18557216
18556269
18550017
18557668
18557028
18557016
18550015
18557192
18550808
18552064
18557040
18556412
18552602
18556410
18550126
18550654
18555290
18553562
18552084
18553540
18552198
18555228
18553508
18556700
18552236
18557142
18558258
18555606
18550196
18557682
18557204
18555604
18556320
18556276
18557356
18550099
18553526
18557638
18556281
18556274
18552626
18552622
18556286
18555590
18553620
18556218
18553054
18553600
18552358
18558024
18553016
18550400
18555258
18557262
18558256
18550420
18557420
18555230
18556404
18558052
18550402
18552446
18550804
18550438
18556112
18557006
18552262
18550220
18550095
18557652
18552078
18550312
18550722
18550810
18556108
18558262
18557818
18557810
18557082
18555346
18558241
18558206
18556710
18553569
18552444
18556238
18552464
18558260
18550776
18557096
18550073
18557442
18550326
18552142
18552130
18556102
18550520
18555340
18552618
18550730
18550634
18550794
18553550
18553556
18553010
18557146
18556518
18556802
18556416
18557054
18552250
18552264
18557388
18552080
18552086
18550352
18550416
18552256
18557030
18558254
18557008
18557806
18550112
18550408
18550728
18552370
18558246
18550374
18557274
18557058
18558040
18557270
18550306
18558222
18552334
18557100
18550526
18557264
18557134
18552372
18556000
18557172
18556190
18557088
18550182
18550132
18550154
18550546
18558036
18552486
18556040
18550051
18556050
18557438
18552186
18556240
18550658
18555278
18550642
18550360
18557092
18552040
18555270
18555524
18555518
18550085
18556130
18558226
18550097
18550152
18553034
18550336
18553612
18550382
18557132
18550039
18552090
18552346
18558218
18556712
18552482
18555612
18558070
18550128
18557208
18557320
18550656
18555266
18552056
18550412
18555012
18555522
18557316
18550027
18557816
18557684
18556226
18556008
18553064
18552386
18555576
18550075
18550156
18557451
18552344
18550292
18558228
18555600
18555204
18550130
18555732
18555736
18558018
18557068
18553500
18557318
18552042
18556512
18552268
18550388
18550418
18557632
18552613
18556006
18550550
18550640
18557350
18550340
18555624
18557414
18550013
18555538
18552182
18552222
18553058
18555502
18552210
18556232
18552384
18552190
18556808
18553038
18555626
18552230
18555528
18557612
18552076
18552440
18557145
18558244
18550368
18557384
18550462
18550806
18552118
18556402
18552225
18555341
18550136
18557804
18557808
18558230
18555222
18552632
18557412
18555268
18550069
18557430
18557634
18552200
18556304
18553610
18553028
18555544
18553002
18552208
18553560
18553542
18550650
18555294
18555568
18555292
18553604
18557600
18555558
18553520
18550744
18556504
18557078
18550780
18555716
18555324
18555306
18550057
18550552
18557370
18555210
18556200
18553502
18552640
18558252
18557180
18550164
18557218
18557010
18550019
18550180
18556010
18555300
18555291
18550041
18556300
18552472
18557800
18557186
18557210
18557022
18557820
18557326
18550216
18557260
18550160
18550077
18550790
18550208
18550310
18556202
18556806
18550124
18550342
18550404
18550324
18556506
18555704
18550031
18559899
18555008
18552642
18552206
18555700
18557114
18556273
18552484
18550300
18553040
18555232
18556267
18556302
18550652
18555262
18557640
18552442
18550200
18550093
18552234
18552382
18550754
18556194
18552614
18552332
18557656
18557625
18555312
18552400
18555320
18555344
18556285
18555608
18557604
18550105
18550202
18555560
18557070
18555586
18550023
18555343
18558248
18557608
18552470
18558208
18557144
18557154
18552050
18556804
18557670
18552338
18552216
18557610
18550778
18552074
18557330
18555714
18557338
18556244
18552100
18550021
18552362
18557416
18553552
18550740
18552214
18552184
18553052
18555730
18555720
18552650
18552068
18550406
18556196
18555304
18555322
18555520
18557382
18556280
18552072
18555318
18555550
18550660
18555260
18552060
18558006
18556236
18555252
18557664
18558066
18550348
18557036
18555202
18557825
18552240
18558205
18557402
18553070
18550061
18555236
18556004
18550166
18555010
18557202
18557422
18552380
18550170
18550620
18557654
18557310
18557141
18557084
18552340
18557332
18557390
18552252
18552205
18552235
18552320
18552185
18552165
18552385
18552120
18552405
18552135
18552144
18556272
18550296
18556265
