18475118
18475019
18475001
18475210
18475112
18475104
18475258
18475204
18475504
18475106
18475224
18475252
18475120
18475003
18475110
18475200
18475122
18475015
18475005
18475116
18475025
18475220
18475027
18475029
18475021
18475218
18475226
18475240
18475216
18475206
18475017
18475102
18475214
18475011
18475506
18475212
18475250
18475246
18475009
18475023
18475244
18475230
18475100
18475242
18479899
18475040
18475202
18475256
18475007
18475502
18475114
18475508
18475248
18475500
18475013
18475254
18475108
18475208
