16503202
16506334
16503454
16500021
16507028
16503039
16503228
16510026
16503482
16500310
16520030
16507205
16500039
16510024
16520028
16500099
16504012
16503220
16506004
16500071
16500134
16520000
16520002
16500053
16500110
16503014
16506308
16503450
16500328
16507056
16500011
16506336
16520016
16503052
16500037
16507014
16506024
16503056
16506022
16507052
16500017
16503406
16503488
16503006
16500130
16507018
16510010
16503408
16520010
16504008
16503474
16507000
16500200
16500116
16500029
16504002
16506006
16500023
16503058
16503412
16503440
16503036
16510022
16507203
16510000
16500063
16503032
16503206
16503424
16504004
16506002
16503420
16500330
16503042
16500089
16503054
16500168
16510006
16503034
16500144
16520004
16503478
16500027
16500172
16500033
16503410
16506314
16506320
16503044
16500031
16510008
16503468
16503426
16500085
16520034
16503444
16506350
16510014
16500118
16500091
16500045
16500061
16500228
16503040
16507208
16500119
16500079
16507036
16506318
16500224
16520032
16503402
16503200
16500043
16500121
16503024
16500138
16500132
16503481
16507026
16507016
16500226
16500304
16500041
16503035
16503428
16507070
16507050
16500324
16503000
16500067
16520036
16507209
16500120
16500057
16507002
16506330
16507032
16503462
16520012
16503458
16500222
16506008
16506340
16507004
16507030
16506506
16506304
16500112
16500025
16503452
16507008
16503030
16510002
16500081
16520018
16503446
16500244
16500242
16503205
16503224
16506000
16503021
16503050
16500097
16503422
16500015
16520029
16503434
16503026
16500158
16500047
16503020
16507058
16500202
16503430
16500083
16507210
16504010
16507068
16503208
16507022
16520008
16503404
16500065
16503210
16503476
16506310
16503472
16506504
16507006
16506502
16506332
16503005
16500306
16500214
16510012
16503001
16507024
16510020
16508036
16500212
16507204
16506349
16503008
16503004
16506010
16507066
16507202
16500208
16507020
16507054
16503436
16506306
16510018
16500055
16500003
16503486
16500154
16503016
16503470
16503460
16500140
16500059
16500077
16510004
16507206
16500160
16503222
16508024
16500230
16510016
16500019
16503456
16506026
16503018
16500002
16500206
16507064
16503484
16500240
16500308
16500166
16503012
16503464
16500164
16500170
16503400
16500302
16500122
16506012
16500093
16507201
16507200
16500204
16508022
16508030
16500300
16507062
16500087
16508034
16500073
16500114
16500009
16500001
16500326
16500322
16503432
16503438
16507034
16503448
16520014
16500013
16504006
16500051
16508032
16508026
16504000
16503038
16503226
16500156
16500046
16507012
16520026
16506316
16503466
16506302
16500236
16500210
16506338
16508020
16500232
16500075
16507060
16507207
16509899
16519899
16529899
16500238
16520024
16506300
16503022
16503023
16500007
16503002
16500246
16500095
16506020
16506359
16500216
16503480
16508028
16500162
16506500
16520020
16500234
16510028
16500035
16503442
16500069
16503028
16520027
16507038
16500174
16500100
16503043
16500136
16500220
16503204
16507010
16500218
16503010
16500142
16500150
16506312
16500146
16500049
16500005
16500152
16500320
16510040
16507041
16507042
16507043
16507044
16507045
16507046
16507047
16507048
