07722015
07716202
07714030
07704160
07717415
07716250
07743370
07727560
07723000
07743475
07704115
07724230
07717405
07743355
07700040
07726630
07724220
07714230
07729530
07739255
07739260
07741015
07741200
07743030
07743040
07740005
07724020
07700605
07704000
07700650
07718070
07747260
07713105
07724185
07726520
07717400
07714190
07717395
07718060
07715060
07717420
07727550
07717390
07739095
07727510
07739224
07749140
07718115
07744410
07714180
07714020
07714150
07743010
07724010
07700135
07700140
07704175
07713630
07713290
07717445
07703090
07714090
07700690
07740555
07716050
07739077
07747265
07704204
07745170
07713270
07726015
07749190
07717435
07749230
07722120
07717430
07718050
07703040
07700165
07748430
07704700
07739222
07749127
07743400
07743566
07743572
07714570
07714200
07714520
07714070
07717750
07700050
07700177
07717495
07740540
07703020
07725515
07726545
07718125
07713305
07700195
07716040
07704095
07718020
07744015
07718140
07726640
07700180
07715055
07714670
07743395
07741500
07700205
07716255
07717755
07713615
07745180
07748405
07743120
07743080
07700615
07727515
07713300
07733025
07745040
07745075
07713113
07733030
07716200
07733020
07704110
07700620
07704040
07744415
07700055
07700175
07716210
07715003
07743420
07713310
07743576
07733015
07739245
07700240
07733010
07724005
07704020
07714680
07713170
07747100
07740000
07714160
07714010
07741013
07733005
07717425
07716275
07700145
07722020
07724060
07729515
07713275
07713115
07739065
07743560
07713285
07713010
07716190
07745020
07727500
07727505
07745025
07747290
07743000
07700095
07704030
07704212
07743445
07743020
07743385
07726010
07704050
07714550
07726515
07704045
07700685
07741000
07713610
07741005
07713160
07716080
07700645
07717220
07717465
07714590
07739225
07749155
07703050
07739600
07722025
07716230
07742000
07722000
07713125
07740545
07723015
07716285
07704125
07726510
07713150
07729520
07727520
07700710
07745015
07745030
07729550
07745150
07743460
07716070
07726645
07704145
07726615
07700210
07739085
07739205
07724075
07715000
07724080
07700080
07717455
07717438
07713625
07700680
07713035
07700010
07739240
07743340
07714085
07739102
07739075
07725530
07726602
07745165
07716195
07704140
07717450
07717215
07713180
07713297
07716130
07705005
07716145
07700025
07715027
07727540
07727535
07700700
07722030
07743310
07747300
07743450
07713145
07749505
07718040
07715032
07724180
07704150
07717460
07743558
07713600
07743380
07717490
07729005
07743580
07714260
07718105
07700150
07739103
07703025
07703085
07704060
07704055
07716030
07717440
07717710
07743554
07717393
07744017
07714625
07713280
07714110
07716090
07704100
07733000
07718075
07714240
07704015
07716035
07743325
07718027
07744420
07747275
07718017
07749215
07743470
07749500
07700725
07742700
07724025
07714610
07717475
07717453
07717745
07700625
07700155
07724190
07717470
07740515
07739405
07739080
07745125
07714620
07739235
07718135
07729505
07715045
07704202
07739064
07745110
07700600
07715005
07727530
07717775
07722100
07727525
07703055
07700715
07700075
07744005
07700070
07714185
07749130
07726600
07739060
07743150
07713175
07703005
07700090
07713265
07713665
07745105
07725505
07745120
07745175
07713110
07724170
07724235
07743578
07747200
07716240
07727545
07724035
07739250
07739090
07739068
07723005
07700360
07700370
07714525
07727565
07713260
07704085
07743562
07714015
07718065
07725500
07716020
07743345
07743455
07704705
07743564
07716280
07743330
07745140
07716055
07747050
07714510
07743300
07734005
07739100
07733040
07729535
07729100
07700720
07704120
07730000
07716290
07733035
07743365
07715035
07713100
07704035
07700640
07716060
07716125
07713283
07724205
07745155
07740500
07729500
07749195
07739580
07713140
07713670
07729510
07713185
07743435
07716213
07700020
07704005
07713015
07703045
07704135
07743485
07714500
07717437
07717765
07747000
07700005
07745135
07742015
07749100
07704105
07739252
07743320
07717213
07743315
07703195
07718100
07718120
07716215
07700250
07744000
07703065
07703215
07713045
07714005
07747250
07727570
07718030
07749225
07715010
07704208
07740010
07700185
07700045
07744020
07718045
07749200
07716150
07749105
07722010
07714600
07716010
07739805
07703000
07704010
07745097
07700085
07726540
07700065
07724208
07749115
07715025
07717385
07714115
07716300
07704214
07714040
07714650
07718145
07743495
07718130
07700130
07704170
07718025
07739220
07740015
07703070
07725540
07714540
07747150
07714060
07714530
07713645
07726550
07700675
07743574
07717480
07704200
07713130
07743090
07718110
07725520
07718015
07726635
07703010
07741600
07713005
07717210
07748420
07700060
07700115
07713307
07740505
07739067
07748415
07743440
07739217
07748410
07713635
07715030
07743425
07713147
07740520
07716053
07743050
07716065
07744430
07700610
07716155
07743100
07700105
07717505
07717230
07713650
07726500
07743568
07739210
07726655
07749120
07713002
07714630
07714580
07744400
07745000
07745095
07725510
07726620
07726625
07714050
07739800
07726530
07749145
07714130
07718055
07718080
07727575
07727580
07740530
07716220
07716075
07713165
07716245
07727595
07704155
07740510
07700635
07700695
07700200
07716135
07703210
07717432
07744440
07724000
07713250
07704053
07714120
07726505
07743360
07743305
07704210
07717705
07749150
07749095
07749160
07714210
07742010
07739400
07749107
07747285
07743430
07713613
07726608
07704025
07704216
07714220
07717433
07726020
07739219
07713020
07713605
07716205
07700120
07748425
07717700
07716000
07714560
07724040
07713255
07743335
07743110
07713620
07745130
07716025
07749165
07700630
07739069
07717500
07724270
07743060
07724030
07713030
07714660
07723010
07717760
07726005
07743145
07715043
07715040
07739215
07749240
07727605
07718002
07743375
07716170
07717740
07749235
07718085
07700190
07718010
07721000
07717810
07740535
07717730
07722105
07739200
07739070
07704130
07714000
07700230
07726555
07714140
07703080
07717233
07741010
07744425
07716185
07713190
07718095
07714690
07700160
07731000
07743556
07749175
07703200
07749135
07749180
07717715
07726525
07741205
07716180
07716270
07714270
07700730
07716140
07724085
07700670
07724070
07724050
07745055
07745090
07745145
07744025
07739050
07739605
07744405
07743130
07743140
07700100
07739230
07745045
07717720
07745107
07745100
07700035
07716015
07703035
07714250
07704075
07726606
07715050
07715015
07703015
07703205
07724200
07747270
07703213
07745160
07745050
07724045
07730005
07716047
07740560
07716225
07724015
07716265
07730010
07745005
07744435
07713107
07740550
07717735
07722005
07727600
07700660
07716295
07739063
07700170
07734030
07718035
07747255
07744010
07727610
07727503
07749143
07743570
07713640
07713295
07739105
07726535
07749185
07749102
07714080
07714640
07713155
07727585
07724055
07700015
07718083
07741007
07726604
07749210
07717209
07743552
07743405
07743350
07714100
07743490
07713120
07716165
07745065
07717225
07749899
07745083
07745035
07727590
07729517
07745010
07703075
07743465
07715020
07724195
07713655
07749110
07724210
07743550
07717410
07724065
07749125
07742620
07734050
07749170
07745060
07733045
07713040
07734010
07716085
07714170
07734055
07734065
07713000
07705000
07717200
07739000
07748400
07717205
07713090
07734070
07734075
07716045
07743160
07704165
07734037
07717770
07747280
07718000
07745070
07734040
07716005
07745115
07700125
07734000
07734035
07729010
07718510
07745085
07716235
07734025
07734045
07734015
07743480
07734020
07745080
07717485
07729000
07743390
07704080
07700665
07700001
07713033
07713135
07734060
07726617
07700030
07749220
07713025
07705010
07740525
07716160
07718090
07727555
07716175
07703030
07724215
07717207
07743070
07749205
07724225
07704070
07739062
07717725
07718005
07704206
