07789375
07785030
07791605
07791090
07790820
07778777
07786795
07787460
07786780
07752310
07750790
07791135
07768465
07781210
07786790
07787480
07786725
07786800
07764330
07787495
07793475
07764390
07791000
07750760
07781195
07776035
07776237
07776395
07786770
07791005
07791180
07786805
07793655
07779710
07778785
07787550
07787485
07790595
07767565
07787510
07784845
07790830
07790850
07778790
07778797
07790630
07790625
07781230
07790750
07790855
07776385
07793270
07750685
07786445
07762020
07787545
07762600
07787540
07787535
07793535
07786735
07792230
07791675
07794200
07786490
07792035
07790645
07787520
07776445
07785080
07786515
07756620
07787850
07787110
07776195
07776415
07776037
07776550
07793870
07790480
07756645
07750765
07786880
07786740
07787003
07786195
07776425
07786500
07776180
07776050
07750020
07750620
07764410
07776700
07763020
07776230
07752135
07750825
07776465
07750795
07752282
07787140
07790525
07790800
07790590
07793880
07794435
07781410
07787490
07750645
07768020
07762230
07762235
07762240
07787515
07762245
07762255
07787505
07762260
07762265
07762220
07752280
07762250
07752140
07786525
07786540
07791220
07793460
07762225
07787530
07787500
07787785
07793210
07792260
07756570
07756650
07756585
07776455
07791080
07788005
07791780
07791795
07789370
07756580
07790835
07790670
07794420
07791165
07756605
07756610
07756615
07756630
07756625
07756635
07793000
07778795
07782190
07793425
07781430
07750710
07756575
07776200
07752170
07750750
07776475
07767440
07752155
07778765
07750680
07750720
07793665
07793690
07794105
07794190
07793010
07781205
07793020
07767025
07793025
07793030
07793035
07778810
07793065
07778800
07782200
07789435
07752005
07793085
07789485
07793095
07793090
07767020
07787700
07793070
07793075
07793080
07767030
07787320
07794440
07791625
07781055
07787300
07767035
07789365
07767015
07794390
07768230
07794400
07792020
07767170
07794385
07793830
07762005
07787380
07750625
07790825
07791200
07791120
07790755
07793875
07781445
07792835
07792845
07792860
07793550
07792850
07792855
07792865
07793715
07793710
07767105
07792010
07793695
07764380
07793700
07786730
07752055
07791857
07792000
07791884
07791893
07792055
07769470
07793650
07791866
07791130
07791255
07791839
07791830
07791875
07794110
07794050
07787670
07787780
07791250
07752150
07752300
07776250
07750794
07764373
07793350
07776209
07786325
07793110
07793135
07793125
07787005
07764310
07791105
07790475
07794115
07764385
07764375
07787855
07794075
07794095
07793580
07775500
07779700
07794100
07792215
07794090
07794040
07794065
07794070
07794060
07791190
07790675
07790880
07788010
07790580
07791785
07779720
07786190
07787375
07769400
07790665
07781440
07767100
07787820
07768210
07781420
07792050
07789360
07791670
07790620
07793645
07763400
07791110
07788030
07768470
07768460
07776435
07793595
07793845
07792365
07764377
07776214
07793590
07793435
07750635
07776265
07778770
07786330
07752180
07750792
07764327
07764360
07776187
07767110
07787370
07786495
07790505
07793348
07786427
07750770
07764337
07778793
07776204
07793575
07792250
07787355
07786485
07793585
07786015
07787150
07786600
07785530
07786440
07786435
07776220
07776185
07786320
07768050
07792210
07790565
07781180
07788035
07787025
07791140
07778763
07794085
07767115
07791275
07786505
07791025
07785070
07756595
07764340
07787345
07782480
07787835
07794055
07793635
07790560
07791095
07790615
07787450
07764350
07766300
07752065
07752175
07790865
07790760
07791235
07790860
07781425
07792420
07792435
07791060
07791030
07781380
07792425
07750675
07792715
07775860
07750775
07786430
07781235
07767010
07764010
07792385
07764345
07792380
07791100
07792370
07768200
07791690
07792395
07775200
07752030
07793165
07792440
07790870
07790790
07793190
07792410
07786280
07792720
07792390
07792355
07756655
07791620
07752285
07791055
07750630
07781435
07793630
07786850
07776010
07776005
07776040
07776000
07767120
07792060
07767125
07767150
07767095
07793160
07767090
07793155
07767575
07766400
07767085
07793440
07768390
07781225
07793215
07791265
07787340
07791680
07787325
07778775
07793170
07787315
07787310
07787305
07767080
07768480
07793175
07767075
07767065
07767070
07767060
07791260
07767050
07750660
07787330
07768385
07791280
07791730
07793365
07790840
07793360
07793410
07793405
07767055
07793390
07793380
07791630
07750670
07787135
07793375
07787115
07793370
07767045
07793385
07793220
07767040
07768355
07793395
07786835
07793400
07786825
07768345
07752283
07786720
07791150
07778650
07791085
07786545
07750640
07768030
07768475
07786550
07791635
07791215
07768000
07786555
07791803
07791842
07787105
07793240
07764320
07792830
07786520
07765650
07776450
07768485
07776440
07776480
07776400
07776015
07778645
07750683
07793464
07778760
07787360
07786785
07790585
07784840
07766350
07793840
07790520
07786450
07787000
07785025
07787100
07756640
07791335
07776460
07793570
07793720
07793660
07793835
07793430
07790635
07752060
07768490
07792340
07750810
07786000
07776190
07778805
07793230
07752020
07793530
07757300
07788045
07787860
07779715
07767435
07750650
07791035
07750780
07778767
07786570
07767430
07791170
07769030
07767405
07786560
07790805
07781085
07791040
07781050
07767425
07791050
07767420
07787095
07767415
07768375
07767400
07775865
07781370
07776235
07790440
07750800
07792225
07785035
07767410
07794080
07781405
07765640
07750655
07792045
07787335
07781075
07791685
07768040
07791240
07791145
07782195
07768220
07787020
07790690
07793600
07776410
07768370
07791790
07776205
07750715
07793225
07756600
07786565
07767700
07776210
07776430
07776380
07791155
07793620
07790260
07793450
07790500
07792820
07791700
07790740
07791600
07790845
07778640
07767655
07767660
07768340
07790510
07750815
07752050
07792240
07792430
07767665
07767670
07786760
07767680
07769040
07769035
07781080
07767685
07767705
07767695
07767675
07767690
07768310
07765660
07791015
07769060
07788040
07791175
07778750
07787825
07781385
07769065
07793445
07769045
07791210
07790190
07753580
07789100
07785325
07785285
07785085
07785050
07785040
07785020
07768395
07768405
07768410
07768400
07764356
07776213
07793465
07786510
07786650
07764354
07793356
07776208
07752295
07769015
07776203
07791185
07787120
07790815
07753040
07753100
07793180
07776420
07787125
07762360
07778817
07791270
07792070
07762370
07791655
07782205
07762350
07790890
07791070
07768450
07769050
07768280
07791610
07776215
07762380
07762390
07768455
07762420
07768250
07781090
07786855
07769020
07768435
07781710
07764300
07787845
07791125
07768545
07768430
07793480
07753600
07793470
07778755
07776470
07785540
07786480
07786425
07786055
07768550
07750830
07764325
07769055
07791010
07762410
07768535
07791673
07768445
07756590
07768495
07768895
07762400
07768500
07790885
07764305
07793463
07781775
07762440
07781730
07781725
07768510
07781745
07768520
07781720
07781770
07790765
07790370
07781715
07767560
07791195
07787130
07786575
07781760
07781390
07781765
07781755
07792005
07781750
07781735
07791075
07769450
07753700
07776225
07781740
07753080
07787010
07781200
07769460
07752130
07776255
07750793
07764342
07776183
07786750
07781400
07784500
07791045
07787830
07788000
07787630
07775240
07768350
07767570
07782210
07769025
07790640
07790515
07787090
07750755
07781070
07752290
07786840
07791615
07793540
07767550
07786315
07776390
07781190
07799899
07793545
07791115
07792405
07786830
07781415
07791160
07787465
07791065
07768260
07768380
07788025
07786745
07794380
07794370
07793340
07794375
07791205
07785065
07752010
07776245
07764362
07793352
07776206
07786197
07793455
07753060
07755750
07752040
07752045
07767555
07764352
07793354
07776207
07787015
07790485
07793195
07790610
07786050
07794195
07791230
07790330
07754200
07783440
07794220
07753020
07792750
07792730
07791695
07793555
07784850
07768870
07767580
07794215
07794210
07788020
07792745
07792710
07781375
07790810
07792040
07792725
07787030
07781220
07778780
07792740
07752145
07776260
07752305
07750791
07764338
07793346
07776188
07792735
07768240
07768270
07791650
07792015
07793150
07792025
07781185
07781215
07792090
07769010
07776240
07786335
07752185
07764322
07764323
07793342
07776193
07769005
07789385
07769000
07768010
07786820
07786870
07769070
07764000
07786723
07786775
07790490
07778710
07791245
07778815
07786005
07790875
07764335
07781395
07787455
07786875
07786215
07790795
07750820
07752000
07793344
07791020
07792350
07784775
