12460019
12467040
12472802
12475002
12475412
12477012
12477052
12477154
12478152
12461076
12462208
12462220
12466401
12477604
12460174
12460254
12460142
12467342
12472506
12460670
12462020
12472355
12460460
12460686
12470080
12470016
12472748
12470010
12470038
12470004
12467006
12470040
12472716
12467406
12460732
12460702
12467338
12467312
12472390
12467324
12467330
12477160
12477042
12477180
12475478
12477320
12470246
12472706
12467378
12465066
12465022
12465086
12465093
12465014
12472760
12470294
12460444
12466410
12462542
12472018
12460414
12465102
12465152
12460496
12472850
12466016
12472370
12472410
12472722
12472368
12472510
12470295
12472072
12466002
12467024
12466110
12472144
12472008
12466130
12465154
12465172
12465052
12472386
12477044
12472504
12472600
12460098
12475220
12470488
12467356
12460086
12466176
12478050
12477011
12465006
12470682
12472700
12466580
12475118
12465096
12470458
12466118
12475190
12467076
12470320
12472171
12467346
12460017
12460030
12470041
12467220
12470498
12470654
12478102
12466124
12472620
12465104
12472141
12472095
12466050
12460200
12462432
12460433
12460060
12465018
12465060
12465110
12465122
12465036
12467228
12465195
12465260
12470072
12465256
12465252
12475194
12466032
12475026
12460106
12460403
12460068
12460082
12462202
12467018
12465058
12465100
12467232
12477038
12472426
12467318
12466122
12472740
12460480
12472340
12466406
12467604
12472016
12478008
12462022
12470070
12460013
12466252
12467042
12472718
12475006
12475204
12475414
12477014
12477054
12477156
12477166
12478154
12461078
12462222
12460680
12460052
12477602
12460692
12478276
12475486
12472022
12472404
12477254
12460868
12470044
12460201
12465120
12470013
12467094
12472744
12470440
12477194
12477162
12467116
12478036
12470050
12466128
12465112
12472610
12467092
12465010
12467096
12470456
12467020
12466114
12477182
12478030
12467223
12460478
12467322
12465166
12478262
12470226
12472416
12460858
12460434
12478264
12470274
12470254
12460854
12465091
12472328
12460662
12472312
12472726
12460652
12466164
12467114
12470652
12475120
12475206
12475416
12477056
12477164
12461080
12462002
12462206
12462224
12465146
12477200
12462024
12460416
12467046
12478151
12477314
12477222
12466062
12478153
12460134
12460654
12475468
12462400
12460852
12478040
12478100
12466152
12460712
12475474
12477212
12475470
12462546
12460009
12462424
12470330
12475060
12472092
12460710
12460688
12466008
12470262
12470270
12478258
12472350
12460408
12470666
12466550
12466504
12466542
12465126
12477022
12467216
12477202
12466030
12466056
12466044
12466004
12477210
12472026
12460110
12478252
12470526
12472856
12460558
12460552
12460554
12460556
12472170
12466256
12478274
12465144
12462016
12470494
12465054
12470600
12466174
12470232
12470064
12470020
12470034
12460718
12477308
12477330
12475472
12472380
12460268
12470150
12477230
12477226
12477312
12477240
12470576
12475170
12470534
12470056
12460856
12466412
12472336
12466408
12470656
12475004
12475122
12475208
12475418
12477058
12478158
12461082
12462226
12465148
12472714
12472012
12470620
12470610
12470671
12470242
12477150
12467210
12466166
12466584
12472094
12472076
12460406
12470018
12470030
12477070
12467606
12472372
12477040
12460270
12470322
12462212
12460152
12466184
12472424
12472702
12460454
12475132
12460146
12462214
12472174
12467016
12465016
12475116
12460256
12460694
12470230
12465157
12472338
12475124
12475210
12475420
12477060
12478160
12461084
12462228
12465130
12478270
12460100
12460438
12472250
12472096
12472028
12472080
12472180
12472318
12460400
12472366
12470036
12472736
12477353
12471052
12460476
12467348
12472810
12477170
12477198
12470062
12460650
12460158
12477190
12477186
12477036
12460132
12460050
12470590
12470584
12467226
12466560
12467602
12467302
12460450
12472822
12466400
12466064
12460112
12460072
12472392
12472400
12472414
12477032
12477248
12472142
12460011
12465040
12465050
12466711
12475104
12466200
12460714
12467120
12460280
12467112
12466108
12466034
12465008
12475126
12475212
12475422
12478162
12461086
12462230
12477311
12470508
12465116
12466700
12472800
12472750
12472811
12472834
12472006
12467002
12467372
12467219
12462204
12475048
12467090
12475108
12470586
12477322
12462210
12475192
12460184
12466014
12460864
12467240
12477246
12465136
12467352
12460032
12460021
12472034
12467310
12466100
12467015
12467048
12472002
12462536
12472102
12472853
12472082
12472090
12465200
12465012
12460188
12460430
12460424
12475372
12470470
12470466
12467034
12470111
12470668
12475128
12475214
12475424
12478164
12461088
12462232
12460178
12470058
12460482
12470560
12467052
12477184
12477024
12470524
12460492
12470244
12472858
12470532
12470558
12470078
12467033
12460456
12460272
12478006
12460870
12478012
12472376
12470514
12470522
12477168
12462018
12460015
12460734
12465254
12460172
12472360
12475216
12475426
12478166
12461090
12462234
12470312
12470298
12478250
12470756
12460138
12470592
12470754
12472074
12472611
12478104
12472160
12460058
12470591
12477256
12470452
12472502
12478014
12462006
12472728
12467038
12466026
12475218
12475428
12478168
12461092
12462236
12470162
12472704
12460664
12460464
12460164
12460682
12467054
12467074
12466012
12470292
12477250
12465056
12462010
12467036
12467398
12475110
12472364
12475030
12475180
12462416
12460040
12460027
12460109
12470291
12477242
12472314
12470594
12470580
12477610
12460023
12472708
12475134
12475430
12461094
12462238
12460114
12460070
12477216
12472500
12472406
12472420
12466160
12478278
12470278
12472384
12470152
12460001
12467014
12465000
12467300
12467206
12472358
12462004
12472396
12466168
12460092
12465170
12478251
12460452
12470450
12470276
12460054
12460572
12470760
12462426
12465020
12470280
12465084
12466042
12478020
12462436
12460730
12460850
12460800
12470472
12466150
12465072
12467316
12462430
12472352
12472078
12460412
12462201
12472150
12460083
12470490
12467200
12467060
12470224
12467070
12467058
12460122
12465094
12467351
12467022
12466112
12467214
12472001
12465181
12472324
12475112
12460003
12467124
12467130
12472356
12460410
12475058
12467026
12466000
12465194
12465098
12465076
12465080
12467332
12467390
12467384
12466402
12460150
12465031
12466120
12467340
12467376
12466146
12470091
12466140
12465145
12472354
12465121
12460284
12460084
12470662
12466010
12460156
12477010
12477000
12475000
12472032
12477196
12465064
12465032
12472176
12460186
12470156
12465082
12466054
12470014
12466028
12465092
12472851
12460494
12460470
12460080
12460148
12472855
12472003
12460431
12477501
12475008
12460096
12470500
12478106
12475034
12470066
12465138
12472602
12470238
12478021
12461022
12467050
12472172
12466102
12478046
12465262
12467208
12460458
12467204
12470582
12470564
12470504
12470663
12467382
12467334
12475136
12475222
12475432
12461096
12462240
12478032
12478272
12472024
12475114
12475138
12475224
12461098
12462242
12466170
12472342
12472628
12477318
12466172
12470758
12460462
12472351
12478280
12466404
12466502
12466426
12470256
12477606
12475102
12477302
12466202
12470250
12472854
12470248
12478038
12462422
12465070
12460404
12465118
12470651
12460282
12467600
12470752
12470302
12472820
12472880
12467314
12477608
12462544
12472738
12475140
12475226
12461100
12460128
12477002
12460866
12460432
12460402
12472832
12466421
12470692
12460696
12470002
12467004
12470658
12466106
12478048
12470496
12477090
12470596
12477025
12460182
12462008
12477600
12470301
12472101
12467230
12477310
12467394
12470484
12477370
12467010
12470574
12472734
12460166
12467408
12460160
12465004
12465193
12472098
12460002
12472746
12470104
12470154
12472178
12460570
12465174
12466250
12465250
12470460
12467218
12467000
12472154
12470000
12465034
12472311
12475054
12460140
12466414
12475460
12462540
12470475
12472640
12470258
12470290
12470272
12470260
12467104
12467007
12465134
12460440
12470572
12467306
12462428
12470670
12460418
12467030
12466018
12472720
12478010
12475010
12477502
12467396
12477506
12477508
12477500
12466510
12477514
12477516
12466712
12477504
12477518
12466540
12466526
12466530
12466522
12466528
12466512
12477512
12477510
12471050
12472516
12467392
12475142
12475228
12461102
12462246
12478108
12460876
12470552
12470234
12475032
12472010
12466001
12477206
12477316
12460102
12470520
12470516
12470228
12477030
12467003
12477214
12470688
12467221
12470314
12472732
12475144
12475230
12461104
12462248
12467078
12475042
12472332
12467202
12460088
12470676
12470660
12470598
12472382
12460274
12460056
12472000
12467012
12475020
12465168
12472004
12462032
12466582
12462538
12478016
12460672
12466204
12467100
12478256
12467308
12460442
12465263
12470318
12472742
12475232
12461106
12462250
12472310
12472240
12462014
12467360
12467370
12467402
12460007
12470068
12472710
12467080
12470454
12460260
12460258
12470478
12475016
12460660
12465150
12460062
12472334
12465038
12467350
12462041
12460448
12460144
12462532
12465106
12460698
12470076
12472378
12477372
12470092
12460168
12470680
12475198
12467380
12467336
12462000
12462040
12462200
12477208
12462500
12462530
12462410
12470762
12467077
12460120
12466040
12467032
12466024
12460720
12472388
12470054
12470510
12477224
12472398
12477026
12460264
12462012
12477050
12467222
12475466
12470046
12472801
12470042
12470032
12472724
12460420
12460190
12460108
12465258
12477252
12461000
12470316
12475480
12475310
12462026
12472703
12478170
12466520
12460210
12470093
12470293
12465101
12470094
12470095
12470096
12465180
12470097
12470098
12460212
12466093
12466710
12466713
12466714
12470099
12470100
12470101
12470102
12470297
12470299
12470303
12470304
12470305
12470306
12470307
12472752
12472353
12472833
12460439
12472830
12472831
12460437
12460435
12465190
12465191
12467044
12460162
12475234
12461108
12462252
12475111
12475236
12461110
12462254
12472428
12475202
12466058
12465140
12460154
12470082
12467008
12470012
12460446
12462034
12460874
12467358
12467028
12466006
12462401
12475014
12470252
12478260
12460126
12465192
12460118
12472857
12472712
12460490
12460550
12465142
12460474
12460560
12460562
12472316
12460090
12470296
12475011
12478150
12460668
12467201
12477071
12467132
12472701
12462434
12472412
12475022
12465132
12472402
12477028
12477192
12479899
12472418
12460262
12460684
12475238
12461112
12478034
12472394
12477020
12477080
12470474
12470240
12460716
12462437
12470506
12470110
12475196
12460666
12460690
12470310
12470300
12466500
12466020
12465068
12475482
12478052
12470542
12470473
12472014
12460116
12475171
12465108
12465062
12467374
12467400
12470048
12472804
12465002
12465030
12466424
12466162
12466178
12466092
12472362
12470562
12475462
12475464
12466116
12475040
12472100
12460104
12467212
12467354
12470674
12460136
12467610
12477306
12466175
12460170
12475100
12477338
12477304
12466190
12466196
12470236
12462534
12460252
12477204
12477244
12460281
12465266
12475240
12461114
12475484
12475476
12477612
12467344
12467331
12470502
12460005
12470220
12470570
12470650
12470566
12470750
12470492
12470690
12472612
12465264
12465114
12462435
12470160
12460872
12477324
12467072
12467056
12470052
12466254
12460266
12477034
12478266
12478155
12472705
12478254
12470074
12460674
12472374
12475242
12461116
12460081
12475182
12475244
12472840
12470672
12462030
12472642
12477300
12472730
12470103
12460130
12470090
12470673
12475106
12472158
12460700
12466090
12460862
12472422
12472320
12475246
12478268
12472140
12460401
12466126
12472146
12470222
12460064
12467224
12467134
12460066
12465124
12460423
12475046
12460436
12470158
12460860
12477152
12460124
12460094
12475250
12475248
12460472
12470476
12460176
12462244
12470512
12470011
12475012
12460025
12475200
12475410
12475360
12475300
12472852
12472252
12472326
12472512
12472614
12472762
12475302
12475362
12477232
12477326
12477334
12477520
12477650
12478000
12461002
12461014
12462412
12462502
12465160
12472882
12472530
12475320
12475380
12477668
12461032
12462520
12465156
12466091
12472532
12475322
12475382
12477670
12461034
12462522
12472534
12475038
12475324
12475384
12477672
12461036
12462438
12466132
12472536
12475326
12475386
12477674
12461038
12462440
12470060
12466134
12472538
12475328
12475388
12477676
12461040
12462442
12472540
12475044
12475330
12475390
12477678
12461042
12462444
12466136
12472542
12475332
12477680
12461044
12466144
12475050
12475334
12477682
12461046
12475052
12475336
12477684
12461048
12472036
12472070
12466138
12475338
12477686
12461050
12466590
12467304
12472030
12472254
12472514
12472616
12472764
12472812
12472884
12475184
12475304
12475364
12477234
12477332
12477364
12477522
12477652
12478002
12478022
12461004
12461016
12462414
12462504
12465162
12466148
12475024
12475340
12477688
12461052
12475028
12475342
12461054
12475344
12461056
12475346
12461058
12475348
12461060
12475350
12461062
12475352
12461064
12472020
12461066
12461068
12461070
12466422
12472618
12472886
12475186
12475306
12475366
12477072
12477362
12477524
12477654
12478004
12461006
12461018
12462506
12465164
12466192
12475036
12466142
12461072
12472005
12466180
12466182
12472518
12472888
12475188
12475308
12475368
12477074
12477336
12477360
12477526
12477656
12461008
12461020
12462418
12462508
12465074
12466194
12466198
12466206
12466594
12470678
12472330
12472520
12472622
12472890
12475056
12475370
12477076
12477358
12477528
12477658
12461010
12462420
12462510
12472522
12472624
12472892
12475312
12477340
12477356
12477530
12477660
12478044
12461012
12461024
12462512
12472322
12472524
12472626
12475314
12475374
12477342
12477354
12477532
12477662
12461026
12462514
12465128
12466592
12467320
12472526
12475316
12475376
12477350
12477534
12477664
12478042
12461028
12462516
12465158
12472528
12472630
12475318
12475378
12477352
12477666
12461030
12462518
