19960658
19960052
19960456
19960070
19960740
19960408
19960200
19960406
19960254
19960242
19960434
19960404
19960804
19960400
19960206
19960742
19960003
19960716
19960420
19960412
19960062
19960810
19960414
19960054
19960011
19960732
19960702
19960042
19960640
19960454
19960428
19960470
19960600
19960708
19960646
19960650
19960610
19960056
19960458
19960632
19960019
19960250
19960704
19960654
19960638
19960013
19960700
19960260
19960001
19960730
19960720
19960040
19960021
19960630
19960626
19960262
19960224
19960060
19960478
19960252
19960432
19960050
19960440
19960204
19960438
19960418
19960264
19960624
19960802
19960402
19960202
19960734
19960706
19960436
19960416
19960212
19960274
19960005
19960714
19960422
19960452
19960230
19960272
19960808
19960800
19960270
19960210
19960048
19960256
19960029
19960066
19960616
19960430
19960410
19960806
19960058
19960044
19960244
19960220
19960738
19960276
19960482
19960246
19960214
19960240
19960232
19960226
19960208
19960222
19960656
19960472
19960228
19960736
19960064
19960812
19960718
19960476
19960652
19960480
19960474
19960618
19960027
19960634
19960017
19960622
19960023
19960636
19960015
19960046
19960620
19960025
19969899
19960007
19960009
19960424
19960712
19960642
19960614
19960426
19960710
19960644
19960612
19960248
19960450
19960460
