13054712
13077109
13058451
13105244
13067750
13042830
13067238
13046429
13060421
13056502
13056481
13068511
13056482
13056470
13050731
13084654
13050023
13053535
13032535
13054806
13053200
13035590
13035600
13097173
13086720
13054696
13054500
13054287
13050588
13050743
13061093
13050712
13049511
13085420
13098358
13052161
13052766
13041445
13045750
13051412
13092597
13106286
13080220
13051155
13059776
13054776
13056483
13050816
13085692
13064797
13092587
13064745
13042093
13067170
13086520
13083530
13059623
13046360
13081360
13061347
13050004
13105806
13098335
13070024
13050072
13105815
13049071
13053260
13058288
13108297
13049436
13049465
13056283
13076007
13030730
13069105
13053314
13083540
13056323
13056391
13073109
13024515
13052532
13050000
13068028
13068628
13068596
13100506
13035010
13049392
13060575
13058214
13049127
13050182
13054809
13080661
13070007
13073019
13058153
13105762
13053278
13058459
13041750
13098035
13105736
13082230
13088180
13092179
13087510
13049457
13106198
13052184
13058700
13045120
13070092
13070012
13053124
13085015
13086501
13098396
13086502
13060467
13058833
13081541
13064071
13065197
13056342
13057010
13056841
13108225
13050723
13057433
13040390
13044745
13049473
13052731
13092200
13080390
13058687
13070290
13086010
13060401
13088850
13091586
13058120
13045340
13060414
13054214
13059601
13059220
13104205
13098406
13083880
13058001
13057042
13058760
13100497
13082609
13068525
13041450
13049430
13092650
13050733
13053307
13051149
13059786
13067160
13088023
13088136
13060651
13080330
13087615
13098776
13088004
13068631
13084603
13070047
13026410
13100440
13063465
13100058
13087070
13082759
13050856
13068427
13105786
13051002
13031855
13061128
13090724
13056467
13087725
13053280
13026135
13033690
13044000
13044505
13050750
13108012
13068211
13032445
13068313
13046385
13049490
13054533
13054791
13084095
13053353
13086020
13101416
13088190
13098321
13073057
13056471
13073070
13075290
13068259
13061390
13082385
13082791
13054205
13054010
13059712
13040745
13081010
13050059
13050584
13081030
13081080
13105574
13098839
13098318
13044400
13056681
13056641
13069036
13069096
13031270
13053040
13049513
13100453
13097171
13034310
13064750
13067733
13083898
13106210
13106175
13054020
13098393
13020081
13056479
13058361
13046370
13104055
13073131
13070183
13045465
13061094
13061371
13083852
13060734
13083894
13083260
13085610
13051232
13058542
13060479
13060853
13082634
13098059
13087680
13045435
13045415
13058774
13068627
13068010
13046365
13087212
13060659
13042250
13076010
13069426
13050622
13084759
13052500
13032397
13051410
13091320
13073014
13075340
13053205
13024215
13065531
13055510
13083700
13084335
13057525
13070063
13053303
13092801
13046020
13096550
13050713
13073039
13084529
13104327
13034000
13061251
13088590
13023035
13070710
13070711
13087390
13091014
13065310
13101109
13050826
13073031
13082700
13052200
13076660
13052740
13057524
13084008
13084551
13046255
13098350
13061110
13054783
13045190
13046210
13085731
13060566
13049008
13097124
13060465
13063221
13060810
13060357
13058771
13056851
13049366
13070008
13084155
13076009
13058573
13100020
13058702
13053192
13087551
13100177
13056343
13091015
13098016
13056552
13034600
13057126
13108010
13060001
13053387
13053397
13064030
13092050
13043770
13070095
13084722
13056706
13083882
13053324
13059010
13053034
13059650
13052166
13056708
13053121
13070089
13091570
13083320
13051150
13091080
13075470
13059011
13044715
13049445
13052511
13104051
13070739
13058080
13058517
13044778
13042260
13060239
13033501
13076090
13086030
13054372
13054400
13054501
13045430
13057435
13056041
13085400
13085754
13040128
13100059
13098414
13087568
13092570
13060245
13024410
13024411
13060267
13065320
13059012
13053365
13092660
13087600
13092140
13083881
13069310
13077056
13068131
13086721
13063040
13059221
13091604
13101518
13080100
13040255
13076263
13057089
13098580
13087750
13045400
13060776
13056701
13059222
13058034
13058216
13076029
13044691
13050086
13060482
13091623
13058703
13083330
13045300
13023178
13073078
13052534
13106000
13107132
13061096
13104305
13105300
13080410
13040235
13044090
13101507
13052059
13034655
13087534
13063400
13058351
13092604
13058171
13087110
13091587
13058129
13063410
13098618
13064702
13091512
13082835
13098018
13106284
13087295
13059187
13052349
13040265
13050670
13045015
13059861
13085325
13104295
13088569
13092480
13045115
13070010
13046225
13069131
13070022
13057414
13065566
13086722
13053188
13098392
13042080
13054617
13082245
13049369
13098755
13049449
13106142
13057039
13058410
13060655
13060104
13083020
13058122
13063431
13098788
13026130
13025250
13025251
13075490
13087291
13061213
13098756
13050587
13082693
13058616
13060624
13059305
13052658
13097189
13069430
13053340
13056388
13054291
13063050
13069392
13096230
13052542
13097121
13081535
13051110
13076640
13069484
13058352
13054627
13077021
13068594
13068301
13057144
13061245
13025030
13013070
13013071
13060881
13040092
13070110
13106252
13050556
13070150
13087723
13046230
13049403
13034675
13049373
13064040
13084750
13065330
13023180
13023181
13060310
13053038
13088240
13041730
13053135
13053356
13053379
13057515
13059630
13042000
13091107
13090885
13030580
13058411
13058295
13054797
13092035
13087754
13084768
13044001
13060720
13060562
13065340
13060811
13060360
13058111
13050109
13033492
13046260
13080110
13049563
13100115
13088652
13070006
13100474
13063060
13053234
13056276
13056010
13035030
13050746
13020290
13105208
13058755
13042251
13051076
13097130
13051059
13085755
13031480
13098834
13070084
13069510
13054299
13053393
13085704
13068629
13068026
13050854
13058353
13097184
13067382
13105787
13051406
13057024
13031290
13087547
13098371
13100214
13056852
13033110
13076050
13088649
13041040
13086061
13060718
13045605
13067380
13085750
13065641
13050551
13065350
13091589
13025230
13040132
13083040
13076628
13060193
13060516
13084559
13106134
13034625
13105626
13096561
13034330
13088500
13041301
13098601
13051560
13086707
13042091
13036225
13030405
13031435
13050035
13050055
13050175
13050575
13052205
13050580
13068247
13092563
13085564
13088641
13088820
13050060
13065810
13105763
13060324
13084400
13067778
13069438
13052502
13088368
13098002
13053511
13023400
13073023
13035091
13104028
13070073
13076140
13031400
13024480
13041530
13088388
13052343
13082710
13084758
13060441
13049005
13058641
13058182
13086130
13040215
13082829
13059635
13058256
13024500
13067760
13051227
13049079
13042832
13046505
13070177
13058033
13105823
13068031
13059668
13086240
13053032
13053001
13057031
13098336
13056410
13077006
13054382
13054567
13054401
13081710
13097185
13098306
13050734
13081240
13040075
13049054
13092690
13082270
13056517
13056558
13084315
13015100
13015101
13069135
13088295
13104053
13053322
13058769
13056475
13098369
13061395
13015102
13101400
13013160
13013161
13070000
13070001
13077024
13040080
13104002
13065040
13060122
13050730
13057558
13087100
13082601
13092482
13091594
13058735
13058130
13075464
13052220
13052168
13052230
13083886
13101290
13058278
13057026
13053298
13067384
13058354
13105319
13056474
13077062
13053302
13098770
13044720
13088250
13067882
13046040
13105642
13050191
13053382
13084405
13060486
13097187
13088601
13053601
13098602
13082330
13060653
13086723
13052340
13069518
13084415
13053220
13070231
13064769
13060011
13054212
13084782
13054211
13082630
13105688
13088643
13098643
13057002
13084621
13100207
13098416
13073080
13053158
13058014
13085460
13092150
13068565
13106122
13051221
13105130
13040400
13104293
13053255
13065567
13059223
13088844
13098422
13084475
13041455
13041150
13105738
13084060
13080420
13061277
13049131
13100419
13064788
13056783
13056448
13040205
13050028
13050408
13033325
13061155
13063145
13065005
13069250
13068616
13061084
13026020
13085392
13058186
13020179
13041000
13023620
13068141
13092860
13051551
13015180
13054402
13020350
13088603
13075410
13054213
13082781
13069072
13054811
13085545
13088784
13101500
13034666
13052479
13052401
13052446
13059791
13059760
13056221
13100099
13077051
13053606
13068431
13083310
13033175
13049264
13044010
13051216
13068149
13041010
13087536
13052770
13087556
13046480
13050520
13069370
13051145
13049065
13051034
13051111
13049438
13054363
13067105
13052056
13084230
13069092
13069001
13100162
13060891
13059676
13053159
13064832
13053309
13085097
13087391
13060781
13046105
13091702
13105640
13024440
13053602
13058355
13088534
13084240
13056341
13056327
13051500
13050113
13044080
13050732
13020110
13035520
13023050
13045200
13054303
13051164
13084766
13098402
13065010
13058562
13049253
13060432
13049407
13083755
13058165
13067415
13084325
13059700
13064070
13058412
13057009
13051038
13065360
13052512
13067615
13035560
13080120
13044650
13067705
13076570
13070016
13090719
13076840
13043780
13069119
13067398
13045220
13052213
13052169
13052231
13056640
13098757
13105554
13059634
13060024
13055516
13064751
13049275
13057121
13058209
13026199
13105500
13105000
13100492
13063450
13059615
13059107
13052506
13052576
13052631
13057553
13088026
13053211
13082611
13059251
13059617
13085733
13101533
13050173
13060568
13092080
13060763
13100410
13052581
13052504
13034615
13034673
13045575
13076130
13054595
13080130
13015290
13015291
13031737
13070145
13051562
13054293
13105321
13024050
13040225
13083890
13082145
13082305
13060107
13060638
13040708
13056384
13049297
13092170
13068575
13030583
13054024
13056336
13056284
13073330
13082638
13033590
13040134
13098582
13084481
13058158
13084751
13060564
13051220
13060759
13069522
13051210
13053190
13061146
13091606
13098750
13045035
13087755
13043020
13076622
13100216
13067386
13040090
13082180
13058516
13069081
13105662
13088006
13059013
13031830
13057104
13053540
13052151
13068127
13092483
13061090
13104032
13032570
13104292
13082612
13084755
13083360
13053022
13060346
13060242
13058704
13059643
13098860
13042270
13026140
13026141
13043540
13043670
13045541
13044502
13045137
13026265
13106080
13045720
13058540
13024510
13105660
13084275
13060761
13052436
13057016
13086250
13105552
13069498
13040410
13104004
13082703
13082692
13082830
13082665
13049414
13053203
13061120
13064718
13105548
13045040
13082613
13020310
13098573
13065702
13083370
13065370
13082633
13098801
13098899
13099102
13105226
13049573
13049589
13088621
13082756
13026060
13046305
13054521
13045570
13049502
13056653
13054800
13031580
13060603
13105055
13060520
13049261
13058387
13052050
13070728
13069500
13060366
13050526
13050030
13084100
13025240
13025241
13025242
13088591
13088602
13061091
13035100
13050111
13056285
13058705
13054295
13046150
13054700
13083050
13067776
13023170
13057074
13101163
13035280
13046300
13085698
13101201
13092588
13067737
13082790
13068103
13063070
13063071
13101141
13050813
13053261
13085725
13045595
13034135
13084420
13044500
13050812
13033570
13081546
13091070
13076420
13056660
13085726
13098442
13082704
13060008
13053534
13080009
13059593
13050654
13060751
13060760
13058725
13052051
13033204
13049411
13060006
13084556
13087601
13056344
13033210
13108022
13058518
13044085
13043490
13088365
13082614
13058563
13098798
13057067
13086045
13050653
13059055
13106246
13030030
13059175
13031659
13091010
13091209
13058032
13085035
13091591
13085721
13067620
13097112
13058297
13058706
13084075
13098784
13031780
13058734
13041275
13042831
13106170
13050814
13087761
13064820
13090590
13056234
13091502
13010170
13073068
13106042
13060634
13085752
13105002
13098589
13098009
13056844
13108220
13049594
13049522
13049492
13082015
13056174
13056114
13105101
13049022
13020420
13053181
13033610
13033615
13025220
13063411
13058731
13060073
13092572
13105765
13056116
13064090
13090751
13053330
13053323
13091599
13035290
13098836
13053281
13067706
13053206
13100110
13105120
13046060
13070159
13059853
13052613
13098561
13049520
13049488
13061086
13024220
13060325
13098764
13045460
13045585
13106032
13082617
13063080
13085312
13060345
13070203
13040420
13057005
13097120
13060010
13046510
13052344
13087300
13053286
13049481
13049479
13045655
13033270
13058413
13056138
13056192
13084701
13098032
13059604
13100153
13106092
13070192
13082810
13023630
13068507
13076005
13059597
13065290
13105308
13085706
13051259
13049463
13106164
13098892
13054632
13049552
13054168
13082320
13068619
13058126
13059231
13091556
13080659
13056485
13081130
13073045
13054507
13054403
13064802
13053630
13067259
13067256
13067253
13067250
13067264
13067262
13067266
13045455
13058191
13053496
13015210
13026510
13098379
13060393
13098376
13076850
13056420
13050420
13059039
13058103
13054489
13085604
13057140
13081140
13076854
13056472
13058653
13058617
13087764
13090771
13080540
13081150
13061372
13056465
13056429
13085800
13105805
13034700
13076853
13076580
13091624
13041350
13081160
13098368
13101620
13080050
13060435
13060273
13060246
13104050
13104072
13101473
13090570
13024530
13056473
13056743
13054785
13051091
13040017
13040146
13070025
13053279
13100570
13042280
13060832
13098603
13092250
13104219
13098328
13082618
13041041
13092490
13080663
13065230
13067605
13064652
13098558
13054404
13045280
13055513
13058143
13032345
13083060
13085712
13046520
13034040
13060288
13043810
13044285
13084080
13057193
13033510
13098837
13088780
13077101
13049087
13033520
13059784
13053308
13049433
13060151
13087602
13100450
13100451
13100309
13050752
13049313
13054481
13098771
13057159
13069003
13054703
13099003
13085500
13058414
13069129
13043760
13052410
13106258
13049487
13049477
13064818
13054000
13051212
13105668
13064100
13057142
13058464
13058378
13107116
13059843
13105568
13106250
13059194
13049266
13064110
13100079
13060601
13060610
13049540
13092630
13076015
13050112
13084612
13058356
13087605
13045110
13105128
13060765
13049121
13098806
13106264
13058561
13030420
13044510
13052428
13070723
13070185
13040295
13058145
13051575
13058167
13096580
13049450
13091563
13064789
13092351
13092806
13054065
13104052
13053533
13044705
13058832
13106140
13051154
13083150
13056345
13053251
13064140
13059678
13085638
13045615
13060237
13106020
13098733
13091420
13051140
13075549
13092130
13070293
13092141
13050032
13091501
13046180
13050553
13042869
13075640
13067731
13041302
13041070
13092360
13081170
13073071
13056436
13053024
13076110
13098410
13057434
13091601
13088530
13101170
13052550
13087544
13056464
13056440
13105804
13053603
13100480
13045295
13067460
13087582
13085240
13057544
13104280
13050857
13024140
13058415
13025290
13100439
13088648
13065070
13061270
13085558
13056487
13052577
13056488
13092142
13023010
13023011
13100103
13060252
13105330
13105168
13049565
13084727
13083830
13105734
13046432
13045085
13098787
13054236
13104054
13069410
13060450
13059303
13098849
13105514
13081180
13098449
13061253
13084085
13049452
13049561
13056078
13060648
13060606
13068201
13097115
13092129
13092015
13092117
13067111
13050120
13045603
13045248
13045113
13060500
13035040
13045125
13035300
13070140
13050031
13098843
13049585
13053179
13068623
13086724
13045495
13059224
13070114
13088860
13053183
13059057
13060170
13058294
13043630
13082619
13058768
13056072
13106104
13051162
13082750
13053197
13050726
13057161
13098630
13106088
13046275
13045520
13073072
13092634
13051420
13041360
13049067
13020320
13054409
13053177
13068537
13073073
13100460
13099006
13100455
13101499
13068303
13100013
13043805
13091120
13051112
13053651
13105822
13085703
13057186
13105828
13058752
13061336
13053262
13107118
13052723
13054641
13069526
13057158
13026305
13070729
13057078
13050066
13076008
13050744
13064752
13101650
13061373
13077112
13058452
13105246
13092605
13067240
13092564
13098339
13092565
13040093
13098326
13030430
13050650
13049404
13098751
13090550
13056480
13026150
13083869
13053039
13053563
13060799
13065071
13024010
13024011
13056088
13015340
13104056
13056266
13069470
13105754
13015097
13023030
13054410
13073320
13073212
13070158
13020360
13026255
13068267
13104062
13100408
13052474
13052455
13052404
13041340
13041430
13010200
13010201
13025085
13100429
13032530
13073240
13100404
13031850
13044340
13068271
13076230
13090700
13075360
13070044
13046290
13097287
13090500
13061272
13087170
13069416
13086745
13041380
13100400
13060225
13068601
13061385
13056484
13101762
13100445
13052228
13052222
13050576
13065270
13100411
13068039
13082814
13061374
13085782
13106002
13034165
13105680
13092619
13057163
13040430
13058135
13060380
13060364
13061383
13057127
13054199
13058820
13053027
13053008
13084753
13051069
13098856
13098646
13058152
13085624
13057139
13065020
13049354
13098441
13098004
13051139
13085758
13099155
13058416
13065381
13080080
13065380
13065181
13051550
13060250
13077066
13059620
13045010
13060512
13067780
13060484
13068307
13058778
13084090
13053085
13086710
13058088
13091550
13058515
13043855
13010020
13088480
13063100
13092555
13031745
13082713
13082694
13082836
13082675
13030100
13100600
13098833
13059611
13030440
13060313
13059687
13060521
13091030
13031590
13076869
13058485
13051078
13081409
13070052
13058651
13054566
13087578
13056172
13045005
13091430
13060331
13044747
13051483
13100160
13058198
13092875
13031285
13050033
13035060
13091509
13058042
13051224
13058623
13058642
13056496
13060020
13088210
13088220
13058756
13052066
13052112
13098413
13054529
13064160
13058164
13065400
13053171
13030600
13052515
13056746
13058686
13050510
13010140
13010141
13010142
13025005
13069360
13101103
13058020
13091050
13057084
13075280
13088650
13070745
13070064
13045530
13040057
13040014
13026308
13052154
13057145
13010250
13059193
13082085
13082622
13088103
13054766
13032402
13091160
13031410
13046575
13064800
13092450
13010150
13010151
13041381
13051103
13058051
13068249
13033580
13033585
13083805
13098537
13030710
13041390
13040055
13049346
13050741
13057143
13020450
13091410
13083866
13086600
13106262
13054419
13051114
13049553
13060789
13057194
13083865
13042020
13059739
13064792
13105848
13042290
13036110
13105810
13105813
13024150
13061384
13100412
13050531
13054511
13057192
13091170
13060384
13056145
13054651
13026055
13015191
13015192
13100215
13054577
13070100
13081700
13100413
13032310
13040036
13060280
13060247
13030740
13092492
13098732
13070742
13070250
13068515
13061143
13032320
13040077
13056491
13097227
13070135
13056497
13081200
13085450
13049012
13076060
13104064
13104066
13056749
13032330
13105844
13050541
13040058
13092520
13101205
13068415
13075500
13075510
13040129
13023075
13073012
13073148
13070178
13012015
13060354
13060314
13085105
13059846
13041400
13058831
13090580
13030301
13032362
13068403
13069061
13058522
13032350
13082813
13032380
13088700
13088645
13098782
13058070
13049048
13065081
13046530
13044165
13085561
13060129
13073010
13073055
13085560
13035530
13088127
13035575
13092566
13052454
13070032
13092567
13104068
13105248
13060492
13060732
13052453
13032335
13035070
13069441
13056332
13054647
13067709
13032435
13051554
13056334
13054655
13070065
13081210
13070023
13087129
13060265
13070067
13032400
13081220
13081720
13101319
13085380
13056346
13059685
13083892
13104209
13051068
13050629
13054086
13054113
13056489
13088490
13052452
13044310
13040440
13098334
13088092
13090860
13032410
13097283
13032420
13097178
13041410
13097190
13050855
13061344
13097181
13068145
13101331
13056169
13058009
13056468
13061240
13081250
13013020
13070277
13070182
13073350
13073360
13073340
13097160
13064740
13101640
13098346
13098329
13097282
13098311
13087488
13088558
13098816
13058093
13075380
13059738
13043500
13041303
13060235
13092803
13050018
13096325
13101302
13101180
13101119
13092135
13064655
13067112
13060433
13050150
13050152
13059590
13044320
13031365
13076630
13052445
13010080
13010081
13056463
13081260
13054157
13031100
13054765
13061370
13085783
13060270
13101312
13104070
13091291
13024240
13073200
13031385
13060522
13088007
13083871
13083875
13060023
13064774
13058654
13058613
13061352
13081290
13064790
13105837
13031375
13100430
13050571
13101322
13098308
13054777
13100362
13031733
13097275
13081300
13042086
13092568
13098317
13098330
13056494
13105803
13081310
13081320
13101324
13056422
13083864
13104321
13085405
13059174
13092380
13046205
13080061
13035420
13085710
13058842
13050729
13098867
13085303
13058392
13105792
13067625
13057023
13100167
13084523
13063120
13031895
13057102
13108026
13069494
13054527
13068137
13060739
13061142
13083878
13068309
13059602
13104014
13060332
13034260
13034670
13041050
13035610
13060612
13052400
13056672
13098568
13084225
13060654
13060103
13083879
13091451
13045045
13049352
13054789
13049577
13098823
13058298
13015235
13058149
13092534
13086701
13023610
13023600
13059022
13053633
13070144
13107228
13058192
13015250
13099103
13083855
13054808
13091000
13024200
13053625
13054623
13091707
13025020
13060518
13060797
13058491
13023430
13091709
13087385
13059682
13045130
13042300
13084125
13104289
13087721
13053214
13076680
13054454
13052637
13105796
13069473
13032450
13105732
13101535
13086709
13053359
13056350
13050621
13105323
13056351
13059020
13100165
13082335
13091582
13105502
13076861
13049001
13092132
13051075
13049435
13049459
13024520
13091596
13097118
13046555
13084609
13098644
13084305
13033169
13054411
13054532
13054493
13049077
13104300
13050126
13050147
13075600
13059856
13087756
13068535
13041311
13101430
13041306
13098349
13049375
13053318
13059664
13073225
13073076
13058531
13084600
13054618
13091202
13084130
13092470
13049069
13057136
13091017
13050820
13084499
13064775
13031380
13098407
13063090
13104074
13054495
13091597
13058286
13026390
13051234
13030470
13069436
13033515
13058000
13101450
13064776
13061266
13061085
13061313
13104076
13084508
13076040
13076120
13088029
13091565
13064777
13081330
13106166
13035620
13060056
13030280
13032392
13035080
13023540
13104078
13084724
13083790
13098355
13088752
13104084
13056501
13084487
13064778
13015310
13015311
13081340
13054782
13097254
13031150
13056493
13044070
13052743
13084140
13049287
13054496
13054412
13083893
13034680
13054661
13083785
13084562
13034560
13097277
13064753
13085735
13049385
13052052
13034360
13060703
13051060
13082701
13104016
13088000
13107020
13068245
13082753
13104290
13059315
13059866
13097242
13059183
13060702
13053383
13050850
13053167
13056228
13056203
13059691
13041255
13041065
13069079
13049093
13054711
13070057
13083200
13059312
13106272
13088730
13088846
13092626
13058222
13054232
13051496
13059309
13059735
13031160
13083430
13056538
13058050
13058221
13083170
13060617
13060102
13073079
13059081
13099106
13056297
13067356
13060668
13051156
13042082
13050817
13064770
13073209
13035090
13061112
13085390
13101460
13097163
13065460
13015025
13034370
13098008
13097117
13045450
13034740
13101672
13049372
13070075
13049482
13049478
13050662
13059638
13058574
13088847
13020330
13104297
13058307
13105636
13057545
13055506
13081350
13056486
13064210
13083863
13054076
13058488
13104286
13092064
13054568
13040094
13054756
13054405
13054486
13044520
13055509
13100223
13059641
13084752
13050515
13090190
13054508
13060452
13036210
13085630
13060152
13096620
13082640
13052165
13088097
13050083
13069396
13040133
13092499
13064331
13056140
13058836
13063030
13045065
13082610
13070300
13076460
13051425
13056125
13056204
13056150
13052325
13059225
13051061
13056265
13054705
13056294
13098034
13067845
13054559
13100222
13067055
13056104
13058453
13069011
13067835
13067815
13098805
13105184
13067680
13053655
13051230
13051255
13051574
13067282
13067312
13085746
13064844
13056752
13059805
13056249
13057177
13053269
13053791
13054354
13056059
13059825
13046493
13061081
13083877
13104080
13097113
13051031
13054650
13065401
13056387
13010010
13101627
13091090
13069388
13069389
13092592
13068413
13088120
13082620
13101628
13061382
13025065
13068401
13044390
13104211
13059842
13098060
13060464
13067392
13058650
13065470
13091465
13060241
13106214
13083856
13100015
13058417
13083460
13056352
13082300
13042310
13050724
13104288
13061243
13056080
13049551
13059851
13053513
13068621
13051478
13060711
13058822
13060641
13098814
13056515
13068035
13054487
13098020
13020120
13058105
13069514
13054593
13057165
13058097
13097176
13060120
13054799
13070155
13041081
13073016
13101132
13065480
13058062
13073021
13092062
13087506
13056353
13087259
13060150
13056430
13056492
13088170
13050514
13061380
13023020
13044410
13034750
13085797
13034550
13061235
13064730
13096631
13040038
13040147
13054420
13050145
13070125
13070072
13010050
13025355
13068539
13059824
13056528
13051072
13053186
13034540
13033020
13054429
13061381
13056755
13040570
13040725
13060674
13060517
13060647
13084490
13080090
13052224
13050434
13034420
13067610
13058037
13058220
13034790
13101501
13049474
13043510
13085235
13070713
13030285
13108048
13076430
13044775
13060051
13104082
13098347
13083896
13100019
13104088
13104086
13084511
13092007
13086120
13063440
13063441
13061351
13068151
13058155
13096260
13070191
13034530
13010240
13035330
13061309
13052444
13065300
13043690
13104090
13050540
13010060
13010061
13056758
13081500
13073329
13096740
13040016
13034595
13061386
13061126
13081730
13081740
13050062
13031875
13087470
13059612
13060784
13054759
13085618
13082811
13043110
13035555
13053502
13104168
13100414
13023230
13056469
13054710
13097164
13050251
13090560
13033760
13085200
13040095
13060395
13020060
13020061
13098324
13034570
13073042
13061221
13061222
13060385
13060111
13031600
13070740
13082621
13043650
13043660
13031890
13052720
13088106
13098797
13045710
13054597
13058454
13106299
13086050
13098596
13100049
13050045
13050088
13051144
13085075
13054552
13073074
13042092
13068327
13058181
13056466
13060636
13060777
13054805
13044035
13057541
13083836
13058321
13058460
13058364
13020340
13082623
13049355
13051065
13056146
13058578
13049296
13050123
13060045
13060130
13050010
13061113
13059646
13088609
13070096
13033160
13046185
13092510
13083090
13059062
13092516
13105752
13082045
13070041
13088008
13054602
13053384
13091598
13052530
13085761
13057182
13058116
13058132
13070771
13101664
13065490
13058360
13092573
13084763
13067431
13104223
13098822
13060007
13034122
13057029
13069078
13098765
13091559
13013055
13020100
13106003
13108280
13091627
13052062
13052121
13058137
13082624
13098767
13092610
13092339
13049345
13059764
13075463
13045425
13088270
13010300
13010301
13058420
13098574
13054612
13030610
13056321
13051418
13060623
13057001
13049252
13031735
13050154
13100009
13058276
13068433
13084723
13059652
13067490
13084360
13054708
13053113
13058280
13056296
13054549
13056678
13090392
13053155
13085759
13064849
13057108
13053796
13056064
13101339
13059830
13067734
13010215
13056219
13091021
13053127
13057113
13087701
13085480
13101311
13087554
13053663
13058228
13059504
13064855
13057110
13058178
13069017
13053664
13059506
13064856
13059782
13057111
13053119
13069019
13058777
13064857
13053128
13082844
13057112
13067841
13088550
13059704
13060443
13053631
13057512
13108230
13085505
13085435
13075570
13098796
13083481
13082625
13054439
13058770
13082627
13058358
13058446
13058462
13092068
13063475
13056719
13091708
13088654
13088221
13034640
13024210
13068113
13051056
13050050
13044700
13085340
13057073
13050852
13059868
13084568
13058002
13058311
13049337
13070108
13060814
13051563
13034480
13049484
13059723
13058134
13098807
13061400
13058655
13058614
13098809
13067779
13051054
13049539
13069488
13067739
13082628
13060283
13060619
13060109
13098027
13077073
13058656
13058618
13044492
13053604
13058150
13056382
13056325
13026137
13100040
13076381
13051422
13056730
13054702
13053101
13050172
13052126
13056291
13060260
13053019
13056149
13100393
13052189
13054519
13067052
13058319
13058455
13051108
13052345
13056526
13044350
13067702
13056677
13069067
13067812
13106058
13106292
13067741
13058215
13058779
13069291
13082691
13067276
13067831
13067303
13064841
13067727
13054075
13067293
13059802
13082827
13056246
13057174
13053266
13053788
13054351
13056056
13085741
13091706
13097201
13031740
13043520
13023410
13085713
13069433
13056022
13064220
13070066
13059591
13060190
13068604
13051074
13015031
13100069
13058331
13049526
13084785
13080380
13080000
13084789
13060422
13088260
13098019
13087310
13060563
13056380
13040096
13054784
13041619
13060502
13106268
13070026
13076626
13069030
13060843
13060363
13058524
13060038
13075150
13054697
13070038
13065051
13098587
13070136
13057550
13036130
13088605
13070074
13101510
13054498
13053665
13056354
13050435
13100158
13090160
13059841
13068505
13059244
13059230
13064862
13051218
13061232
13101159
13031743
13049409
13052225
13054256
13051067
13060635
13058365
13100051
13053115
13058282
13056206
13064851
13105116
13104042
13106297
13053659
13053156
13057116
13053292
13053798
13056066
13044735
13041823
13052443
13051165
13076181
13088010
13031736
13085559
13085140
13060745
13058682
13065500
13060423
13100213
13101127
13084210
13057537
13045475
13042320
13053212
13053161
13070202
13069520
13060769
13080200
13058456
13058851
13064755
13076264
13031775
13059859
13084702
13053224
13056846
13057103
13082837
13082310
13023440
13105666
13080319
13096560
13051578
13049349
13058520
13088100
13049340
13050762
13083190
13058767
13042835
13058382
13058421
13098055
13091208
13057088
13069045
13053531
13050691
13056225
13056214
13104022
13108034
13092349
13086726
13086702
13050013
13030160
13030410
13031695
13031769
13068606
13044065
13046395
13042330
13033500
13084235
13049073
13057172
13056340
13054635
13098735
13054300
13058719
13056356
13058701
13058344
13058444
13058271
13058463
13058316
13053313
13053381
13053360
13056630
13053508
13057085
13020010
13049451
13060649
13060519
13052693
13070068
13057424
13061214
13058010
13058277
13063140
13065706
13058312
13058335
13058366
13073002
13064250
13084615
13042340
13042350
13091607
13059858
13082782
13082751
13052188
13057548
13033620
13104282
13068207
13084725
13083775
13064260
13056179
13059232
13087060
13092621
13058054
13056761
13098405
13044162
13087620
13033630
13069097
13049454
13040097
13058622
13067704
13052450
13052700
13052470
13056074
13073066
13051440
13049105
13056272
13101133
13067630
13060431
13096240
13100337
13101304
13035630
13059173
13059616
13060613
13060604
13050554
13045210
13100086
13045620
13075330
13030620
13054522
13051561
13076617
13057168
13056224
13063190
13083854
13054604
13053256
13042580
13101665
13070099
13020140
13053486
13098890
13042060
13059086
13057083
13064826
13082629
13059233
13059626
13082025
13092559
13054374
13049281
13049494
13049532
13092528
13080430
13059068
13105305
13056223
13052580
13104325
13054515
13069080
13098786
13060724
13092394
13088831
13052691
13061350
13100104
13060645
13060477
13097272
13098342
13098320
13084502
13040450
13051079
13087045
13087441
13091585
13025040
13088862
13025325
13042834
13084772
13052100
13060100
13049085
13031620
13085702
13105751
13070261
13106004
13010310
13088011
13070127
13061071
13067441
13105080
13086703
13057535
13100491
13087566
13025140
13025141
13025142
13086060
13054606
13054506
13104317
13042360
13020130
13100175
13075635
13098548
13059103
13086727
13053233
13060009
13100320
13085145
13045770
13087760
13091595
13044530
13040098
13058156
13070147
13053536
13056137
13060841
13092065
13053193
13092557
13083851
13085764
13098875
13050460
13088130
13050727
13058299
13051236
13050722
13083070
13091132
13100202
13067388
13052418
13059234
13060057
13057035
13043000
13098408
13045670
13060862
13060076
13056268
13059705
13100159
13044540
13059713
13056856
13058544
13053083
13098595
13013010
13091551
13060230
13060072
13050711
13056127
13035110
13085345
13053198
13033400
13098423
13101538
13068227
13054563
13064824
13088320
13049269
13060721
13045055
13057003
13034375
13085580
13085590
13070260
13101626
13060244
13056835
13043100
13092063
13031180
13080010
13010030
13040099
13040325
13075575
13023450
13060430
13098031
13073040
13084624
13023460
13053618
13068233
13057125
13057523
13098539
13067451
13088107
13088613
13088851
13085565
13085205
13085210
13044550
13086728
13061097
13049503
13082702
13082833
13082670
13056764
13053489
13059065
13043765
13058184
13106162
13097238
13064779
13060735
13051166
13073017
13083853
13035506
13045635
13053483
13088280
13053605
13098540
13061150
13057124
13058712
13059302
13065530
13058583
13106090
13041727
13068305
13054235
13054208
13054561
13105628
13034520
13068501
13108014
13105580
13087765
13070080
13087770
13049541
13049566
13083795
13043050
13053702
13056185
13051027
13058532
13087571
13068215
13050802
13059737
13063155
13092392
13040275
13098390
13056682
13068037
13045155
13080020
13104010
13058621
13013140
13106028
13088760
13098570
13015215
13092061
13040709
13092522
13058484
13060367
13058457
13106298
13105203
13098774
13049368
13063200
13064780
13061337
13085798
13061399
13020160
13085799
13060272
13058147
13036220
13049527
13031770
13076000
13077001
13054541
13054608
13056134
13054488
13056158
13073135
13043550
13050190
13044075
13042370
13049066
13056381
13064773
13065550
13082841
13105833
13060266
13026505
13013050
13013051
13013052
13034605
13063330
13060321
13046010
13084571
13105794
13082200
13051222
13044115
13031790
13088604
13073270
13054548
13034030
13068321
13041420
13049374
13056077
13088012
13098730
13084460
13050751
13058434
13056167
13060400
13068235
13055501
13052513
13044780
13049319
13098651
13059633
13060090
13051130
13098583
13045685
13067400
13059189
13083340
13082573
13105710
13084774
13026400
13060722
13070190
13070149
13101203
13105076
13070054
13087726
13075180
13070076
13057107
13108293
13052324
13105674
13058296
13073060
13058713
13046420
13056070
13056015
13059661
13050431
13067781
13049530
13050472
13054485
13051564
13059608
13050422
13087130
13045560
13087050
13087051
13041025
13040010
13073380
13083220
13060048
13010040
13010041
13025357
13050517
13010180
13105045
13076265
13051217
13060662
13070126
13050827
13097286
13064787
13100300
13033480
13058013
13045215
13049384
13106263
13052754
13031559
13056850
13099001
13051070
13052746
13080030
13076625
13088557
13083867
13101767
13061223
13105808
13049316
13042860
13106196
13058802
13059654
13042690
13063390
13063391
13070748
13086055
13058118
13084133
13056635
13080291
13101280
13044560
13088094
13088098
13060262
13060281
13084440
13070164
13060271
13056084
13082816
13101431
13082762
13013120
13045285
13041470
13052152
13090180
13077075
13084514
13060378
13092491
13042840
13101320
13105811
13053120
13085370
13061274
13060373
13031810
13041810
13092009
13049390
13054217
13042094
13050405
13053510
13051057
13106260
13098559
13058480
13106216
13088712
13088608
13052697
13049265
13054421
13060754
13092350
13084195
13056262
13067106
13060123
13064190
13064654
13049255
13020380
13044755
13031650
13045700
13060496
13092330
13025190
13084200
13045188
13045025
13108030
13031420
13053304
13100061
13060296
13034505
13049456
13060112
13070021
13086200
13043720
13043730
13085445
13087392
13084633
13026008
13036265
13105124
13098584
13085734
13061073
13031430
13057164
13082030
13041265
13060731
13058812
13059607
13098581
13070088
13046050
13036140
13043030
13043370
13073038
13082165
13082365
13056675
13036150
13035000
13084215
13054202
13043700
13043710
13092160
13107114
13080060
13024450
13068409
13065560
13045270
13031440
13107230
13023650
13068419
13065311
13058657
13058612
13083470
13059101
13042843
13061262
13053263
13101150
13076411
13035120
13070733
13042863
13054043
13060852
13060355
13060289
13085616
13065740
13063490
13049514
13065180
13026501
13026500
13012000
13012100
13023101
13023100
13057507
13049133
13045225
13083350
13101130
13098575
13058082
13045160
13097101
13052211
13070055
13070051
13024580
13087630
13086730
13097240
13101503
13045565
13065705
13050719
13082607
13070033
13080190
13087190
13085634
13041710
13098653
13061144
13056253
13092511
13041090
13088600
13082110
13058064
13054080
13069021
13070056
13087120
13092586
13043570
13060440
13105654
13030480
13058714
13044100
13088376
13092870
13087640
13056651
13098821
13057017
13053481
13082707
13082685
13070180
13059869
13091522
13087753
13058757
13035430
13097110
13049408
13026275
13105204
13105228
13100443
13063500
13087180
13069035
13088653
13061070
13092300
13050430
13098864
13046200
13042380
13092143
13060037
13070161
13045730
13051414
13070162
13042390
13091508
13084463
13059024
13045640
13064793
13101710
13057100
13057566
13059649
13080658
13073041
13101480
13069408
13056157
13058458
13056767
13041825
13098851
13101229
13041305
13083210
13046445
13098842
13049044
13049383
13053301
13070077
13061224
13085795
13054770
13085285
13053026
13030150
13058157
13050131
13104092
13050523
13049489
13035130
13054191
13088516
13051450
13056770
13104094
13056773
13057091
13056414
13098363
13035140
13101192
13069492
13050051
13105807
13101340
13059422
13033220
13101191
13076268
13090755
13044575
13050400
13046430
13033030
13061225
13101305
13101405
13104096
13050721
13084775
13054215
13052570
13080280
13063210
13059171
13049301
13044710
13054046
13056255
13054793
13099002
13057183
13060844
13051411
13106282
13098023
13056707
13049542
13059181
13069025
13060890
13049135
13091552
13067675
13099007
13045315
13067600
13059677
13083480
13042400
13057138
13100111
13060787
13020440
13075270
13046220
13065825
13060532
13058021
13057170
13067736
13054598
13049389
13067104
13098738
13058620
13091609
13049107
13104296
13060297
13050439
13040701
13092460
13060255
13055610
13059625
13030630
13058715
13044770
13058710
13059026
13058422
13054544
13060341
13085309
13065713
13049429
13098841
13050053
13050079
13097180
13056687
13056168
13101303
13098577
13070770
13084776
13049081
13098812
13088620
13059627
13059235
13033185
13081090
13049137
13031030
13097125
13051442
13058174
13034495
13070087
13084385
13059672
13050034
13092121
13042670
13086731
13087030
13053098
13098554
13082608
13098610
13052649
13091191
13049376
13059097
13058073
13084375
13068217
13049483
13069043
13060587
13054449
13069439
13040704
13100154
13053482
13069394
13045480
13054422
13085125
13065060
13096661
13060483
13034130
13050049
13087410
13056663
13069516
13056173
13056115
13024540
13060583
13083100
13086530
13107222
13082812
13056390
13060362
13060842
13106278
13060572
13033202
13059114
13050064
13104098
13061271
13050745
13060392
13030510
13081690
13091341
13100504
13035320
13054644
13087020
13049448
13052622
13073230
13091553
13026306
13041490
13058519
13042410
13081542
13075359
13098011
13052422
13054281
13060770
13081190
13050002
13104102
13061226
13105802
13031840
13060710
13098332
13034720
13057081
13056421
13042089
13068521
13088536
13054483
13058765
13064757
13091628
13098343
13068547
13054768
13064791
13081680
13041307
13098337
13081020
13052442
13081532
13081705
13087763
13097273
13081040
13081530
13035380
13098367
13064746
13098316
13061307
13098352
13098322
13035385
13031040
13056412
13064786
13081050
13060501
13100211
13056400
13030520
13041308
13070134
13030640
13104100
13030650
13056423
13030530
13030540
13057094
13056411
13092575
13059445
13030670
13030550
13056424
13081060
13040100
13050518
13073369
13105788
13098404
13049501
13056017
13085330
13076266
13082800
13060333
13063020
13032559
13098848
13031090
13097247
13043320
13059860
13087635
13033499
13015028
13025070
13010130
13105074
13059031
13092195
13042836
13092139
13085557
13060661
13070194
13098878
13053184
13059115
13051161
13060294
13056776
13054510
13043600
13060420
13057546
13058423
13063015
13092106
13098445
13024060
13053493
13091610
13056187
13052501
13083110
13092203
13082010
13060224
13057437
13058465
13058850
13104306
13057153
13091481
13040101
13023470
13088564
13069420
13057154
13070160
13042420
13044695
13060071
13030119
13057521
13105698
13044110
13080657
13082360
13059581
13024550
13023250
13083800
13075185
13075460
13087000
13092543
13108002
13088330
13059637
13091440
13015350
13045050
13091060
13065570
13042430
13084469
13106256
13049583
13057041
13054423
13049557
13105304
13051495
13031541
13053104
13090748
13092481
13058716
13056542
13049139
13059113
13082754
13097175
13049278
13070193
13053210
13069095
13083380
13083670
13059116
13059852
13056362
13054615
13023179
13057120
13052412
13051141
13059032
13010213
13086091
13096320
13083895
13064330
13046125
13046190
13026530
13041500
13058112
13058071
13023260
13042440
13070132
13073250
13059609
13082709
13087393
13058017
13086099
13035250
13076550
13092561
13098021
13059780
13060468
13080290
13049458
13060569
13057189
13053217
13083490
13090714
13051205
13070291
13096662
13070123
13046390
13101673
13041100
13040460
13040702
13050020
13088742
13088565
13034390
13108036
13085510
13020170
13053306
13059178
13100089
13085350
13063150
13060800
13063510
13060714
13087500
13101107
13092133
13097111
13063520
13051142
13061078
13084517
13098604
13065192
13088340
13053221
13057106
13049559
13082240
13069053
13052413
13054573
13026200
13056123
13092340
13058083
13098417
13053491
13091511
13108037
13058041
13049512
13024190
13051482
13057421
13026123
13070034
13034620
13067777
13024070
13101420
13104034
13069400
13068273
13041805
13042120
13056432
13059023
13049592
13042130
13091554
13053173
13053361
13046145
13051444
13056040
13060830
13060358
13040102
13059702
13060778
13085640
13068523
13063460
13059104
13052774
13034125
13059657
13084105
13052661
13085551
13056834
13068423
13058101
13087440
13091622
13058301
13033225
13107112
13049284
13057413
13082794
13106024
13061273
13070119
13052232
13052212
13088013
13058084
13052322
13068323
13083780
13070240
13049367
13041309
13057431
13056416
13069085
13046285
13041760
13060240
13101644
13035510
13041318
13081100
13041300
13041770
13058265
13043070
13054513
13054430
13070078
13070104
13088754
13041110
13098586
13057105
13091217
13070121
13106036
13052619
13056122
13056273
13059117
13106158
13091580
13049083
13054103
13054023
13056447
13101461
13056417
13054123
13056490
13050413
13056099
13056399
13053222
13026180
13044570
13067650
13057538
13105306
13041120
13081110
13061083
13092500
13054179
13054082
13036200
13106031
13042140
13104106
13108047
13104108
13104110
13060503
13056222
13060637
13068045
13034120
13045555
13081380
13064758
13097172
13064759
13057184
13033050
13025066
13049480
13032460
13073077
13098333
13092577
13050570
13010090
13084472
13050069
13052441
13068263
13058332
13075370
13075429
13059033
13091626
13101677
13060411
13061300
13054547
13080590
13060282
13068269
13085705
13108296
13090735
13085355
13104104
13042150
13041130
13097276
13088705
13088724
13088715
13088733
13088709
13088718
13088721
13088706
13064771
13064760
13064781
13041720
13056415
13042075
13056098
13054245
13054207
13054497
13040005
13086000
13053310
13053539
13054178
13104112
13097220
13054177
13042180
13092576
13087569
13088640
13054060
13069098
13091205
13061310
13050522
13049314
13049343
13049579
13043060
13031200
13053130
13059666
13057514
13050065
13049112
13051014
13054253
13064370
13056514
13059684
13056264
13088450
13084012
13084643
13040056
13054662
13050585
13049505
13098872
13054663
13106025
13052729
13068570
13091571
13053168
13060293
13104333
13104231
13086732
13049062
13105333
13105512
13060845
13057090
13060412
13010217
13052480
13082792
13058393
13052090
13064380
13033405
13046235
13060783
13033280
13042160
13101350
13056433
13101360
13056094
13034020
13044420
13057504
13041270
13056425
13041815
13070031
13070769
13070292
13082712
13082680
13082695
13054371
13104323
13050128
13050148
13050183
13054591
13059794
13059762
13101351
13054150
13054176
13056312
13043610
13045165
13056095
13056435
13056434
13101361
13050410
13101362
13056426
13050432
13041820
13052451
13101352
13050555
13041800
13050406
13044045
13020430
13020431
13020432
13020433
13073300
13076629
13076269
13054141
13044040
13101310
13050545
13081390
13101353
13041240
13040470
13015315
13025340
13050412
13059679
13098307
13052574
13100171
13098505
13098802
13055601
13023025
13059636
13098803
13091214
13097183
13013089
13065623
13056005
13087508
13088515
13057086
13051223
13053199
13054376
13054414
13051226
13068407
13058330
13065590
13070019
13054607
13065801
13043800
13050402
13042097
13097274
13061312
13054130
13050818
13088736
13085697
13088703
13064748
13101671
13043090
13056251
13104114
13052233
13054107
13031670
13106014
13050853
13049544
13054133
13085730
13070013
13030040
13084285
13059034
13070719
13056714
13058066
13058225
13061343
13054101
13050433
13061387
13056300
13098817
13050008
13091513
13026099
13015000
13015001
13015002
13086004
13058575
13098418
13068105
13043790
13049400
13073379
13040067
13082632
13059118
13013150
13087140
13060291
13052607
13052573
13056853
13057555
13068605
13067794
13034730
13060043
13033600
13054104
13081400
13045637
13050819
13054406
13054517
13054491
13083868
13069380
13092820
13033300
13049510
13065791
13092680
13050007
13041320
13059119
13054132
13054175
13054108
13092578
13061306
13098057
13084726
13058717
13059056
13049125
13056673
13054375
13101321
13070098
13068311
13060021
13032505
13032387
13035170
13050141
13061334
13056313
13101790
13097239
13098571
13098000
13086001
13063530
13034440
13045633
13040480
13087460
13085694
13085696
13085455
13052411
13098310
13054154
13056086
13091631
13056256
13064761
13032500
13054778
13058772
13053204
13092310
13059665
13092505
13084070
13060413
13060611
13098365
13049475
13098304
13064749
13051081
13098383
13068013
13075350
13033490
13051211
13053151
13084110
13100050
13040245
13058367
13059035
13059036
13034760
13054158
13057082
13049123
13091515
13092108
13092001
13090723
13100164
13082834
13084478
13056175
13050579
13045047
13054131
13053325
13081555
13104116
13065708
13060031
13054451
13073370
13098411
13085465
13069454
13063220
13060628
13060798
13052655
13098790
13098781
13067883
13050411
13054664
13083390
13054246
13061210
13033167
13065709
13033555
13046165
13092331
13058141
13104316
13040200
13068573
13045020
13091470
13054064
13065600
13082642
13099108
13070050
13106280
13033720
13080450
13054613
13046435
13082660
13098415
13085020
13041313
13084618
13098447
13056392
13082715
13049038
13058424
13050211
13031680
13084115
13106236
13106136
13065196
13060070
13056271
13042866
13054804
13043640
13092107
13056643
13060812
13100170
13082340
13085335
13053385
13056530
13061260
13044580
13033240
13052427
13108273
13031390
13031800
13056363
13086210
13080140
13031690
13056274
13056704
13063340
13073065
13107224
13053271
13055512
13057547
13050174
13050582
13068503
13058063
13031240
13045060
13092219
13092221
13076300
13064814
13084345
13059750
13052183
13098605
13098642
13080231
13106030
13086070
13049040
13054578
13032405
13068592
13068617
13070111
13069496
13104281
13050011
13054301
13060779
13087200
13092551
13067180
13058482
13068023
13057152
13058676
13100483
13031190
13058568
13067109
13052204
13054440
13054554
13040062
13070116
13057156
13065610
13053030
13097158
13085788
13049119
13091203
13092620
13075300
13053500
13058384
13046030
13058142
13045660
13023270
13065703
13024160
13098440
13057561
13076069
13058343
13052164
13105062
13033370
13097116
13042190
13070070
13070071
13049268
13104020
13054581
13030680
13059186
13058292
13060882
13059854
13100176
13083570
13060767
13015029
13077059
13080460
13049267
13052053
13051132
13069107
13041630
13101233
13064828
13064866
13070060
13059127
13052229
13052221
13059054
13031402
13083400
13092072
13033380
13068425
13076414
13058016
13058385
13069504
13049285
13035680
13055515
13073133
13070188
13044740
13050140
13070230
13073260
13083410
13105530
13091566
13060453
13087734
13073280
13050806
13098840
13086733
13088014
13059689
13088762
13099009
13046240
13057072
13034770
13105064
13087394
13064822
13068622
13070220
13052186
13024030
13068205
13050110
13104018
13084781
13035537
13035005
13098795
13054614
13061236
13060791
13058391
13044760
13058753
13050026
13091558
13042450
13063160
13083870
13084484
13060334
13101506
13068219
13052628
13087771
13053610
13084583
13013065
13084648
13045440
13054244
13098785
13058404
13058369
13105532
13105172
13105332
13091517
13098053
13054370
13087552
13105086
13065190
13085470
13049574
13091516
13056688
13100484
13056858
13077033
13059584
13092880
13091503
13054274
13051409
13059622
13063240
13097264
13082070
13085554
13054596
13098606
13058425
13080655
13044120
13052419
13033165
13085050
13076409
13076270
13046120
13032390
13035180
13058287
13059040
13051105
13056636
13104229
13080040
13087540
13088005
13034450
13053082
13063600
13049462
13057080
13058370
13068223
13050210
13053285
13088477
13041319
13032520
13084493
13054657
13068107
13026330
13105040
13033190
13059703
13061215
13033212
13042460
13052160
13040063
13051404
13051413
13098003
13100218
13092333
13088290
13051213
13026210
13100422
13030270
13070718
13045529
13061201
13098017
13101286
13087550
13098377
13057518
13073400
13088840
13025010
13088362
13052342
13023480
13105678
13046265
13084496
13076627
13085515
13061092
13052429
13050800
13050739
13050760
13053160
13056184
13056042
13060161
13026170
13050006
13080470
13098761
13108292
13053037
13032430
13101014
13035640
13091560
13061111
13065620
13080150
13015140
13033205
13053240
13031330
13040211
13054275
13092370
13088606
13082260
13058172
13043750
13043740
13100470
13058095
13046540
13096663
13064400
13076623
13033640
13033080
13052180
13059673
13032385
13070085
13053666
13058333
13040066
13098885
13059184
13053196
13098850
13067766
13053392
13087772
13032395
13032377
13034685
13033000
13060803
13059587
13058326
13069330
13070139
13056252
13056131
13065631
13041280
13058075
13056240
13059681
13085632
13049412
13082758
13098792
13051137
13030690
13088036
13070015
13051102
13087261
13087397
13087490
13069435
13058044
13059792
13059756
13054535
13041550
13070142
13051209
13023210
13033170
13056364
13052423
13058104
13054654
13056154
13105096
13020180
13098428
13070120
13026063
13056360
13098394
13067843
13058371
13045706
13044125
13064610
13061080
13034150
13073033
13098645
13098620
13058481
13042110
13053213
13064754
13054031
13085048
13050180
13059768
13025315
13058647
13054277
13088482
13053289
13067370
13065712
13024080
13060228
13084435
13064808
13057201
13083883
13063250
13058096
13053226
13050001
13084783
13070020
13085135
13045275
13059582
13058085
13054033
13086080
13092553
13053341
13085175
13070062
13060629
13060748
13087570
13091464
13065630
13049521
13054490
13053028
13042837
13100052
13064710
13063540
13043742
13054787
13046130
13105798
13065640
13088875
13058123
13053031
13052710
13053616
13010190
13091140
13092305
13106001
13091611
13092073
13098650
13058081
13049570
13101181
13041560
13054240
13040074
13059177
13060254
13085520
13083810
13057532
13098760
13056365
13053223
13088035
13054796
13088370
13085729
13052420
13051160
13060712
13023490
13032550
13056366
13088367
13052625
13060231
13058108
13058176
13056845
13057134
13097225
13034630
13034005
13088855
13082705
13059596
13053187
13087210
13052417
13051039
13051407
13051430
13051066
13051416
13051497
13063550
13082315
13060032
13059662
13065565
13065083
13057004
13107010
13031449
13058450
13058739
13035435
13060723
13042470
13053506
13098847
13053272
13084784
13033038
13033650
13054484
13054810
13058270
13054558
13058776
13013040
13092400
13098827
13052610
13023290
13100030
13046175
13031220
13070199
13058273
13056859
13084245
13026460
13026461
13100407
13034499
13056047
13034050
13059313
13042480
13077018
13031530
13052402
13084790
13060115
13025320
13092123
13090615
13050041
13058131
13010219
13064714
13052321
13106012
13040034
13058838
13085552
13041570
13035361
13052067
13052111
13073020
13059770
13040087
13060480
13049493
13033090
13098450
13084586
13054200
13056733
13050021
13054250
13058721
13050753
13057420
13060065
13053395
13053276
13087762
13098409
13098640
13060534
13052163
13051417
13053498
13087580
13091450
13098563
13098607
13106128
13040220
13052484
13057400
13092100
13092005
13088764
13033260
13050121
13070262
13080160
13051555
13052035
13057046
13051225
13051036
13051115
13060730
13101100
13052505
13052575
13052604
13044130
13049386
13091460
13087553
13091700
13054807
13051451
13053274
13098611
13067541
13087504
13043040
13043400
13098897
13033290
13106126
13065050
13064706
13045000
13084565
13087567
13092807
13056860
13045195
13042490
13108032
13065312
13058098
13057423
13065194
13065280
13057069
13041580
13063560
13100178
13088487
13025120
13061095
13070103
13085060
13070128
13088031
13060047
13042872
13059128
13070741
13051552
13108006
13053195
13024230
13105218
13105216
13050176
13040091
13080480
13080490
13092328
13064651
13053023
13100081
13101148
13061234
13024560
13049113
13030260
13101050
13056338
13052643
13053142
13053538
13073032
13059129
13082195
13087221
13087789
13083550
13052185
13097265
13053241
13060478
13060740
13046482
13052203
13046550
13056367
13087511
13058107
13098845
13106274
13085720
13060461
13063042
13058133
13058099
13070137
13049440
13049468
13026360
13105824
13054788
13083420
13034170
13049515
13049598
13104331
13057564
13052726
13049584
13045470
13091204
13035190
13032480
13033040
13031885
13084350
13052320
13051481
13033002
13053084
13084153
13084635
13049576
13058109
13060173
13059185
13084410
13032560
13045310
13046560
13046460
13059136
13054201
13069023
13097214
13056854
13042500
13067350
13098612
13058320
13058341
13049453
13098791
13058835
13100350
13069512
13087220
13100055
13077027
13106168
13067655
13100173
13069117
13052122
13013082
13034460
13025200
13056633
13105015
13056270
13056126
13096720
13054625
13051231
13084786
13049256
13082155
13057038
13059670
13098444
13045725
13033740
13034210
13053287
13053264
13041310
13026515
13013000
13013001
13023102
13100027
13069431
13061072
13044140
13042510
13058426
13106008
13084165
13054680
13053321
13059772
13056282
13064410
13049024
13097237
13051134
13045185
13060172
13024400
13060571
13097213
13031407
13052782
13070210
13060019
13099004
13025170
13088556
13100080
13023500
13085170
13042520
13070259
13086090
13105206
13085415
13050122
13053484
13098846
13068620
13088032
13060530
13085751
13053507
13068611
13069486
13059736
13087230
13042530
13054283
13091210
13053252
13049582
13052751
13058810
13108265
13057150
13031169
13088481
13100155
13098564
13056520
13083891
13098061
13049387
13058061
13080650
13045755
13091467
13015050
13042540
13088833
13097255
13088474
13059599
13059108
13041080
13070195
13059180
13104006
13053613
13057528
13100505
13060222
13105731
13101108
13069453
13085525
13033009
13056522
13063260
13034490
13041195
13057166
13069390
13069551
13069335
13069387
13082250
13061233
13054247
13059651
13105733
13034780
13045630
13056842
13065805
13091603
13052425
13057025
13025087
13098835
13075400
13107040
13053290
13015150
13054633
13059137
13054380
13075520
13106506
13058045
13056513
13065210
13058722
13045690
13034350
13104283
13049302
13101511
13049538
13097162
13101536
13091581
13076419
13076280
13024120
13052472
13082842
13054656
13101206
13104217
13056670
13045610
13100157
13059845
13098608
13087607
13059671
13045525
13025260
13056543
13056554
13091012
13031391
13063430
13063432
13042200
13056118
13056130
13056048
13035371
13084311
13059658
13052416
13056001
13060775
13053194
13083839
13088580
13058011
13083861
13051030
13058800
13059778
13085385
13052167
13045325
13045500
13085040
13033245
13049277
13049099
13060866
13060082
13064747
13092579
13068265
13057565
13069406
13053163
13055608
13046355
13051017
13105760
13053253
13084015
13020079
13082135
13067364
13053352
13034010
13063570
13106040
13070130
13088660
13051024
13058127
13054642
13056141
13057432
13051119
13050071
13058510
13105706
13049342
13049325
13052226
13060221
13092654
13025062
13025060
13025061
13025063
13087505
13056395
13075420
13057517
13046155
13056178
13057169
13020190
13059720
13052202
13060729
13068325
13059690
13092204
13098446
13060462
13046000
13076001
13100291
13052063
13052125
13070712
13034060
13058146
13088300
13058487
13050133
13060824
13059642
13059710
13069428
13054136
13056315
13046525
13091207
13045680
13040490
13049447
13052664
13056244
13082697
13068602
13064420
13060494
13060749
13056314
13054622
13061311
13054626
13056316
13056311
13056319
13054134
13081420
13054109
13060858
13060589
13060524
13060768
13060046
13053317
13056306
13052634
13053316
13040715
13058334
13104291
13060286
13050129
13091318
13067396
13099107
13059310
13076624
13051441
13056857
13082635
13046160
13059138
13044440
13030460
13057191
13106266
13088133
13104060
13053644
13053273
13053288
13108215
13054629
13054520
13060533
13059701
13049318
13100640
13059041
13063170
13070117
13045645
13088540
13088309
13101435
13104118
13058309
13024570
13064734
13042550
13059400
13054588
13082225
13097186
13105315
13031880
13104120
13069427
13050440
13060268
13101773
13060579
13030490
13059016
13087010
13058090
13060451
13054156
13091561
13060536
13098753
13030020
13064430
13092144
13064440
13085701
13085757
13042021
13092341
13060738
13059226
13083250
13023150
13035160
13087548
13088096
13055609
13050454
13050015
13050464
13059789
13059752
13057436
13069101
13060234
13049353
13059865
13053136
13042560
13060581
13056686
13049257
13058310
13058340
13060785
13059603
13049580
13060621
13058372
13087608
13058570
13068133
13082793
13104122
13075421
13070765
13049471
13058012
13050404
13104124
13040500
13053490
13060658
13042570
13104203
13054279
13076410
13077009
13034385
13092224
13052155
13085095
13052150
13092529
13090779
13058170
13041190
13044590
13053378
13053354
13065704
13082130
13049509
13084700
13056539
13069471
13088057
13064450
13082150
13050692
13059585
13049555
13033081
13070079
13059046
13087579
13056524
13092580
13073035
13042210
13101016
13098613
13097252
13056779
13067362
13054044
13083858
13015090
13049323
13060365
13049588
13060279
13086734
13097241
13041635
13060264
13056782
13050740
13059139
13044784
13056785
13059028
13067102
13033440
13033660
13098314
13013130
13088681
13088680
13098883
13056712
13067390
13053166
13050569
13057030
13108205
13098380
13098036
13104126
13088768
13053225
13049032
13050075
13057122
13077071
13105845
13088134
13067480
13060261
13050401
13056280
13053660
13040230
13091574
13050453
13068029
13092102
13026480
13100406
13026370
13050441
13073030
13105516
13034190
13024490
13085693
13087420
13085566
13097191
13050533
13101432
13097126
13035249
13070716
13051083
13051585
13052523
13052520
13053400
13058302
13088150
13076670
13059740
13050452
13067399
13085724
13083180
13101160
13076150
13050081
13067510
13087773
13050171
13068531
13098873
13053320
13056181
13058138
13049262
13068253
13057129
13106291
13092205
13070097
13107236
13087545
13054523
13098808
13060831
13060359
13054290
13053614
13056703
13076560
13085215
13067732
13104128
13053485
13059741
13057020
13045080
13036207
13034145
13050463
13064721
13060497
13098877
13057162
13082831
13091525
13049046
13059146
13104251
13084505
13044429
13044493
13058745
13075309
13064701
13054640
13049446
13049444
13055507
13058572
13070746
13083740
13031835
13108213
13082035
13098874
13054610
13088478
13064726
13049028
13084020
13057411
13106132
13064722
13068225
13104311
13059061
13046565
13056705
13098006
13070028
13059147
13100116
13087150
13060374
13033670
13026285
13057198
13057146
13033505
13088690
13056371
13045305
13060232
13060064
13053025
13043080
13060753
13031490
13044684
13045135
13083000
13034660
13056639
13059848
13059793
13059715
13051093
13033680
13065650
13049537
13060856
13060079
13065660
13056709
13060160
13077036
13052414
13088699
13088691
13054251
13057554
13088390
13050170
13061125
13059148
13084450
13070058
13084030
13056326
13056385
13088028
13100501
13056642
13050220
13053350
13054204
13044150
13042760
13086700
13059316
13088307
13082210
13050044
13046454
13105744
13032545
13056165
13105205
13041705
13092381
13087396
13084276
13033420
13049554
13091040
13054053
13026511
13049485
13096730
13105082
13026040
13108260
13073390
13098560
13054243
13013179
13087555
13104008
13092558
13092810
13098426
13082760
13059042
13058373
13082838
13064798
13058762
13098813
13070717
13058089
13060578
13053242
13104287
13044693
13075580
13060752
13060485
13058374
13054634
13059050
13087099
13060795
13020080
13097223
13098762
13098063
13044151
13104299
13060758
13040240
13060715
13058076
13087610
13087557
13087018
13087560
13023177
13060466
13097244
13049535
13056335
13065670
13092583
13061145
13083450
13059301
13098427
13091557
13069088
13046570
13058576
13049428
13020260
13059243
13098579
13059064
13020040
13042010
13056003
13086260
13084754
13054230
13082603
13099150
13053398
13053388
13098886
13086100
13040510
13049413
13049020
13092320
13059588
13088658
13088671
13058124
13080170
13050462
13083725
13083730
13083735
13044160
13068609
13060096
13057040
13056016
13060106
13057022
13026065
13015120
13015121
13015122
13057503
13049097
13108046
13060449
13087539
13105840
13060823
13060391
13045515
13091630
13042088
13050443
13098370
13092584
13080180
13083130
13060372
13075480
13075320
13092523
13092128
13061308
13081760
13054772
13100486
13050073
13085563
13108024
13085601
13098887
13060329
13054083
13054111
13056506
13050068
13050089
13101674
13052449
13054143
13091463
13031560
13054512
13056788
13050082
13054769
13059647
13085691
13050078
13060377
13059405
13050465
13106005
13097284
13050521
13050143
13069524
13058427
13100029
13050012
13057021
13084175
13060746
13060780
13053284
13059066
13085606
13051136
13058394
13012009
13051135
13060022
13060320
13085628
13053312
13056261
13041610
13058074
13061140
13073221
13073027
13051071
13058053
13060632
13045350
13084170
13086706
13058681
13101058
13087549
13106270
13100033
13085620
13058839
13060110
13060716
13060705
13100172
13056151
13056113
13059656
13053615
13030110
13056013
13052214
13035200
13070036
13070037
13083140
13054276
13060707
13060523
13023510
13082641
13108038
13090391
13040250
13040703
13058711
13098772
13082604
13044131
13063270
13056685
13069086
13058022
13077039
13101011
13058500
13030050
13101018
13051051
13058512
13057006
13057068
13091504
13060253
13054813
13064806
13051125
13051235
13051143
13051086
13098614
13053503
13085530
13073089
13087774
13059227
13098766
13049260
13061131
13045140
13051479
13108040
13100650
13053351
13088472
13088305
13084220
13084340
13092602
13085055
13042610
13040089
13067230
13044170
13088095
13088364
13052601
13100507
13058375
13040079
13076267
13080500
13080350
13100022
13087320
13023660
13098593
13056191
13101204
13088091
13035210
13035220
13031500
13032425
13070101
13087240
13104285
13030700
13073022
13061076
13104036
13108044
13097246
13058169
13054771
13054110
13061304
13097192
13081440
13042087
13054773
13101437
13054781
13031250
13069402
13056087
13098853
13051080
13068237
13045650
13060822
13108270
13020200
13049506
13049406
13060709
13098443
13092571
13060737
13098051
13052435
13100487
13051032
13033105
13052734
13069090
13069031
13083884
13059037
13053185
13097248
13053283
13054594
13051058
13060840
13057123
13049315
13060108
13060639
13060290
13104312
13085360
13084636
13050586
13034665
13015220
13026075
13051402
13082215
13092145
13068315
13085030
13067450
13049507
13056511
13082606
13056553
13056650
13045230
13098354
13076240
13057075
13050449
13049050
13056798
13087450
13082370
13036211
13042851
13099152
13050680
13054193
13054755
13049294
13068281
13075589
13092229
13084280
13105114
13049303
13033100
13049523
13061265
13084120
13085612
13031510
13098884
13058652
13075530
13053367
13050694
13049016
13052158
13098420
13049556
13086746
13084761
13052757
13053170
13105797
13067366
13033525
13105078
13065621
13068625
13058649
13088786
13064470
13104318
13049393
13080210
13067708
13077042
13057137
13049030
13049095
13104024
13060741
13059653
13059754
13053021
13059795
13058274
13053300
13031720
13084639
13045535
13054586
13091339
13049351
13069480
13088489
13049395
13087395
13054803
13056716
13050530
13059790
13059758
13082602
13087724
13051207
13058724
13049578
13031230
13105672
13092190
13053243
13055505
13098737
13086220
13105712
13098898
13090766
13049531
13091313
13053117
13053143
13057032
13030625
13085714
13056188
13056007
13053391
13058036
13058219
13053394
13042620
13026030
13059188
13049042
13106016
13044690
13044641
13054530
13101675
13052181
13049336
13059847
13082570
13106293
13053108
13098861
13033755
13091490
13098012
13054381
13058136
13098880
13098569
13053386
13054557
13101282
13054441
13054582
13049441
13049470
13065820
13056082
13044163
13034198
13056112
13058381
13054237
13105714
13060833
13058067
13058224
13057045
13098419
13059864
13084180
13058736
13056550
13101239
13026270
13053033
13058128
13106290
13049596
13051055
13050241
13050194
13059087
13082572
13049476
13051133
13060725
13058726
13098891
13069123
13070030
13046270
13067645
13091216
13053497
13085306
13067735
13069087
13091206
13088486
13056527
13058766
13085085
13051037
13104298
13088384
13049279
13082711
13052510
13060660
13099005
13053164
13058564
13097222
13098868
13084185
13088135
13070094
13100508
13084005
13050735
13098820
13050660
13084370
13036255
13082325
13058541
13064870
13084574
13049550
13058121
13059182
13087542
13054061
13058092
13044503
13098062
13058534
13035415
13025150
13025151
13025152
13057422
13084757
13108295
13059674
13054482
13086735
13041590
13100151
13051219
13053126
13067542
13054792
13058430
13045410
13060764
13105790
13026230
13057033
13090789
13049018
13041330
13085608
13054030
13098829
13056684
13084455
13023420
13056049
13060663
13108240
13090150
13098879
13054798
13051073
13100064
13056637
13056644
13043310
13035390
13070200
13057157
13060506
13084035
13092361
13083820
13060535
13063041
13087775
13055518
13097229
13049431
13076011
13049317
13083815
13060883
13070310
13057133
13056855
13036270
13049397
13098615
13098338
13035565
13069350
13104040
13098876
13049014
13050461
13107126
13058732
13108285
13092506
13046380
13098616
13068529
13065624
13044190
13070093
13052162
13088230
13045180
13060580
13049335
13100163
13085727
13026100
13068610
13046580
13088672
13060717
13063280
13097245
13054576
13092146
13053174
13051113
13083290
13033130
13100385
13045090
13086705
13057557
13082636
13064620
13049300
13055604
13044095
13057171
13087780
13104000
13060713
13106106
13092574
13085535
13104319
13053122
13053315
13052415
13063000
13084526
13049334
13049432
13054166
13098024
13058094
13051570
13053202
13051171
13046295
13070053
13106295
13032470
13051565
13106229
13067833
13023670
13076112
13033671
13068277
13104310
13051553
13067440
13086736
13050661
13050221
13104220
13056142
13087685
13031520
13060067
13049575
13098804
13059605
13053081
13020210
13051082
13061278
13033230
13056159
13056050
13056021
13061230
13054580
13085787
13056676
13098826
13085160
13100174
13100169
13060415
13050720
13056797
13044687
13077030
13085220
13085130
13087250
13085025
13060033
13061305
13083874
13063580
13045760
13068541
13082735
13082785
13068600
13056160
13056132
13056260
13056230
13058733
13091564
13097122
13054774
13050471
13080370
13080510
13098340
13069490
13046452
13059044
13042630
13013175
13056231
13075430
13059100
13098881
13082755
13082752
13082761
13030300
13058754
13068115
13050810
13098769
13065030
13080240
13053123
13068545
13080340
13086110
13098871
13030310
13020220
13084355
13054795
13067500
13098403
13045260
13082615
13088524
13060573
13058100
13097165
13077103
13056800
13058162
13054648
13098838
13098421
13060626
13059106
13056556
13056372
13090850
13065803
13054528
13058114
13049388
13065191
13058841
13068513
13105766
13087690
13092206
13057188
13035540
13092075
13060491
13085180
13098844
13091200
13057151
13049263
13104130
13054206
13054142
13044355
13073018
13098617
13087059
13063290
13105812
13073069
13088040
13054603
13054137
13056275
13056303
13083860
13080250
13023640
13085485
13058431
13054750
13052737
13058337
13057167
13082075
13051214
13055504
13061345
13058072
13054751
13085225
13040103
13053620
13060410
13083841
13105072
13034180
13034340
13063300
13105010
13049348
13045695
13040061
13091505
13051153
13061141
13058511
13053090
13077053
13054273
13105242
13088566
13082080
13053389
13053399
13053182
13051172
13044750
13104132
13052473
13052457
13049396
13060790
13098014
13088140
13041312
13070118
13082616
13083300
13044015
13057410
13033250
13057533
13106100
13046350
13064650
13058830
13083511
13050442
13049455
13058804
13060344
13060445
13063310
13087785
13041009
13040088
13052540
13058159
13100221
13100152
13049341
13053131
13057077
13056373
13049534
13031260
13050450
13101470
13087480
13054555
13050473
13050470
13043300
13067842
13049052
13054534
13101120
13054085
13054112
13098364
13087606
13050252
13054145
13059586
13053487
13025130
13105658
13085719
13100021
13049600
13060171
13060233
13106010
13055606
13058611
13058432
13097243
13106218
13058289
13082637
13051094
13056803
13050451
13088369
13084190
13090710
13090605
13091103
13050543
13098353
13098621
13050005
13090799
13098366
13100101
13056510
13041304
13056710
13105835
13032525
13090763
13090764
13090765
13105838
13026240
13026241
13070086
13035050
13050560
13061252
13061200
13035388
13046110
13083862
13061275
13088160
13105834
13042220
13010000
13010001
13010002
13100201
13092111
13092112
13092493
13073050
13090890
13088117
13060274
13083500
13088359
13054210
13085732
13098351
13067744
13098040
13098500
13042846
13053550
13026050
13098315
13087541
13065510
13049115
13069434
13054138
13054605
13054518
13097179
13098357
13097281
13040210
13101502
13044210
13058461
13058368
13056164
13060349
13090715
13058091
13056183
13057130
13086740
13067540
13059645
13049109
13059631
13097263
13063005
13052426
13087603
13069528
13082690
13049586
13086741
13060039
13056806
13105829
13085090
13020230
13056143
13085760
13069429
13045405
13108275
13105750
13050052
13098754
13045145
13069412
13060371
13057128
13058525
13053132
13059867
13068624
13091011
13057560
13060312
13060565
13053504
13069508
13090762
13053275
13053364
13054155
13090610
13053087
13050022
13087543
13105716
13105617
13056081
13098578
13050114
13070045
13042104
13087502
13081115
13054609
13056328
13067470
13067764
13058530
13091213
13034800
13050612
13080260
13058065
13059001
13067640
13082605
13050583
13049460
13092357
13092526
13056083
13065680
13092365
13058741
13057425
13052514
13058763
13058395
13056717
13058514
13059734
13084520
13108245
13073180
13036100
13049258
13091319
13092026
13077045
13085230
13082574
13060766
13092358
13049026
13036170
13101207
13045261
13082040
13081450
13090650
13049321
13065690
13040030
13105839
13100490
13106202
13106102
13058291
13051421
13040070
13044220
13081631
13080525
13034645
13097119
13068421
13088110
13064381
13041170
13098811
13067410
13100502
13104134
13056809
13082797
13092596
13085626
13067394
13049004
13054584
13054583
13061122
13050144
13087538
13098056
13050516
13034653
13060870
13060353
13059648
13054802
13097262
13049111
13055503
13105652
13070043
13070109
13098896
13091572
13064785
13054572
13050559
13088372
13052159
13049320
13068251
13101142
13056645
13063610
13085722
13101443
13098810
13090718
13060576
13099200
13059850
13083270
13067354
13098622
13106038
13060229
13100409
13024419
13082786
13033140
13060474
13053232
13060284
13060277
13060275
13090630
13090720
13088118
13054502
13054707
13053112
13056295
13056108
13054599
13067819
13059849
13059766
13057181
13053795
13054358
13056063
13059829
13013110
13059695
13060792
13059692
13059694
13059693
13090768
13067880
13088020
13101134
13090713
13084756
13049545
13105764
13091139
13060504
13054514
13104136
13032201
13056073
13042640
13059241
13070014
13065700
13092585
13051033
13058377
13052223
13053641
13075576
13085717
13050547
13097123
13055519
13049338
13059025
13106224
13053305
13060330
13057534
13056263
13060786
13057508
13091285
13092110
13056662
13060295
13092540
13060813
13049380
13049599
13054653
13056144
13058775
13042650
13088651
13060322
13060570
13050815
13060062
13104304
13098592
13067352
13053209
13098013
13059683
13091629
13059711
13091471
13053111
13054579
13056107
13067818
13064847
13056091
13053658
13059808
13057179
13053794
13053088
13054357
13056062
13056298
13059828
13023280
13046310
13042660
13024110
13061280
13042185
13044047
13054570
13054442
13059659
13058486
13064500
13098895
13087546
13064708
13058144
13058305
13054072
13090730
13083010
13069033
13092683
13059857
13100161
13058533
13054252
13067200
13059698
13050821
13070148
13091567
13064772
13058363
13054231
13050255
13070061
13045070
13067775
13060238
13082125
13106138
13049587
13085045
13084320
13035670
13058160
13058272
13080261
13060567
13098858
13060469
13056008
13084365
13056532
13053114
13056205
13054499
13064850
13053129
13056051
13053291
13053797
13056065
13013100
13013101
13106156
13088430
13064799
13010009
13090709
13061281
13013069
13070129
13036205
13060762
13054562
13064653
13075140
13034240
13031540
13060061
13060473
13076412
13090740
13059613
13049581
13104038
13090750
13086742
13067765
13098857
13055605
13053216
13070143
13101539
13058043
13067665
13082205
13051152
13092054
13052060
13056117
13099109
13108210
13052061
13060742
13049472
13082626
13058030
13060251
13098773
13098734
13100472
13054630
13059619
13060058
13049365
13065625
13058521
13060666
13051028
13082828
13046170
13023002
13010211
13024045
13024035
13087430
13067182
13098412
13084762
13050525
13088525
13054160
13076413
13041620
13053137
13104227
13083838
13083510
13060442
13106034
13049394
13026380
13092342
13085756
13060368
13034140
13054234
13088570
13101121
13057079
13010110
13010111
13025155
13083720
13080530
13083825
13060774
13034195
13101105
13101005
13101208
13070124
13042820
13034650
13054585
13084764
13075610
13106209
13058175
13061299
13059675
13058773
13098763
13100478
13049504
13087280
13105104
13059091
13059067
13044685
13033470
13059855
13031392
13044491
13051064
13058079
13058223
13104206
13056233
13067411
13065710
13057180
13098789
13076260
13083876
13063470
13056267
13049129
13049590
13085728
13060511
13085540
13049500
13058102
13060080
13058113
13040740
13097217
13082275
13051233
13051151
13058577
13059520
13092616
13092582
13054361
13098783
13070027
13088676
13060728
13050805
13100301
13076160
13050016
13020370
13020372
13033045
13040540
13100488
13069002
13057506
13053180
13059862
13041180
13084025
13058380
13077048
13054373
13055607
13058580
13085723
13090727
13050511
13082115
13050811
13091578
13104138
13058148
13060773
13088527
13054271
13060113
13100166
13082375
13052471
13052440
13081460
13054070
13059420
13098313
13060476
13060643
13060794
13070743
13081543
13063590
13097285
13101775
13057092
13056413
13091150
13061082
13097188
13053003
13053002
13053005
13053004
13053009
13053007
13053000
13053006
13101676
13091568
13070112
13091133
13098882
13081544
13101410
13101731
13080270
13040105
13040104
13075765
13024170
13096760
13050590
13101440
13104142
13097154
13061301
13050084
13104140
13031280
13015060
13044360
13040106
13031293
13091100
13030560
13092521
13026010
13091110
13061360
13081470
13088119
13057187
13013170
13100057
13097152
13059568
13059527
13059553
13059532
13059534
13059554
13059571
13059524
13059526
13059556
13059557
13059531
13059536
13059577
13059566
13059541
13059572
13059559
13059573
13059570
13059561
13059546
13059569
13059576
13059574
13059560
13059564
13059522
13059551
13059562
13059558
13059552
13059521
13059578
13059537
13059523
13059555
13059547
13059529
13059539
13059563
13059535
13059525
13059550
13059540
13059575
13059544
13059542
13059528
13059549
13059548
13059533
13059530
13059538
13059543
13059545
13059567
13067703
13082716
13049117
13060066
13051107
13106508
13087535
13051462
13058077
13054775
13032540
13046135
13046140
13068527
13092157
13087380
13070105
13033145
13084145
13070115
13060278
13061105
13104144
13023220
13034810
13068411
13058707
13059242
13091105
13061320
13088750
13097271
13105126
13044689
13092147
13068603
13058433
13076061
13105562
13024130
13083080
13085150
13101212
13049056
13044105
13045030
13069047
13049572
13052182
13070165
13060834
13060361
13064712
13054443
13083840
13060614
13105122
13104216
13034475
13026250
13058304
13088484
13020090
13054550
13082832
13092104
13053244
13053380
13053357
13087727
13082220
13100208
13042680
13045250
13091215
13076310
13083520
13050725
13060664
13091190
13090390
13069099
13045505
13101110
13082763
13070198
13044600
13098557
13060788
13069084
13060347
13060226
13068317
13068607
13049322
13034510
13058306
13055603
13058023
13053632
13056182
13033150
13058154
13030629
13076690
13070133
13049358
13030720
13084765
13098025
13069432
13077074
13025210
13056220
13054038
13050804
13060348
13060014
13051419
13105546
13045320
13060864
13060356
13053134
13054665
13059092
13049293
13052536
13052749
13020240
13049298
13092546
13070744
13098623
13104201
13040000
13060726
13023520
13098828
13044240
13056549
13056664
13085780
13104146
13060053
13058005
13090717
13060003
13090716
13050544
13056843
13052582
13052507
13025350
13059680
13041314
13059093
13026070
13069083
13076070
13088380
13043830
13056504
13033206
13105504
13108020
13061276
13060105
13090790
13044696
13032210
13040707
13067103
13042600
13033320
13077003
13036135
13092595
13100473
13060287
13049282
13056212
13056286
13056229
13060311
13040069
13026470
13015027
13023300
13070752
13070751
13070715
13060719
13040270
13036180
13092113
13056512
13058110
13059624
13060616
13082095
13065195
13064510
13054681
13100150
13091569
13098641
13085410
13092599
13105850
13092640
13097100
13091555
13086265
13087604
13080395
13082120
13069200
13069300
13073003
13015260
13105066
13053494
13098424
13097219
13082826
13105118
13053366
13058168
13064520
13059583
13024519
13069482
13053036
13107234
13058230
13065220
13092550
13085070
13104225
13033253
13059565
13051131
13053701
13106009
13059030
13082789
13082160
13098855
13053653
13053541
13069506
13058742
13058566
13069447
13056012
13035750
13049486
13092228
13058151
13049524
13082050
13097226
13045170
13040285
13032365
13105670
13054203
13080570
13068519
13073013
13060223
13090760
13101462
13068533
13104148
13088099
13098305
13088753
13042096
13087090
13073100
13059606
13035550
13050822
13090780
13035275
13073199
13035505
13035355
13073210
13090600
13020250
13044370
13098382
13098381
13098378
13061303
13031245
13087016
13087017
13076418
13076262
13097269
13064763
13088528
13092390
13088093
13050042
13090670
13040039
13040550
13042090
13098331
13056840
13088483
13059655
13056200
13104150
13087781
13050851
13091201
13044005
13059440
13031310
13085796
13060670
13060671
13090749
13058163
13069320
13033252
13090757
13097278
13056304
13044460
13090810
13064782
13090660
13061321
13101433
13083280
13100302
13050823
13054645
13035260
13091573
13059105
13061302
13030500
13101670
13068135
13070091
13091510
13073025
13044300
13092496
13056419
13030135
13085801
13085789
13050700
13044470
13059455
13056374
13104186
13041200
13041210
13059435
13040008
13040009
13056302
13035570
13090761
13090770
13081480
13058658
13058615
13061263
13083857
13098362
13042095
13100303
13105809
13098356
13097279
13091507
13105827
13105825
13064812
13064863
13060627
13060490
13054040
13101463
13064764
13050513
13060672
13084767
13076590
13057505
13083030
13105676
13087766
13049398
13057135
13069075
13040035
13041220
13058040
13085265
13056301
13060493
13041020
13068257
13056525
13088030
13077015
13044050
13065730
13033710
13033036
13088009
13030115
13041230
13077012
13031020
13060370
13063420
13100468
13100307
13044380
13060035
13091583
13060381
13097193
13056310
13056308
13081548
13040071
13060054
13096780
13100670
13100790
13100800
13100810
13100367
13100820
13100671
13100830
13100672
13100673
13100674
13100368
13100675
13100676
13100677
13100770
13088111
13088112
13100678
13050512
13043840
13040011
13030010
13056110
13010003
13030425
13075250
13101246
13030071
13105556
13060510
13097174
13025080
13026120
13026121
13100420
13067267
13067265
13060285
13060116
13054057
13053154
13088871
13050695
13059300
13059621
13069421
13092527
13091704
13056405
13054564
13091134
13063485
13090820
13035375
13069418
13101143
13051040
13058247
13091340
13051001
13059049
13101306
13051048
13054494
13050076
13097280
13040013
13067530
13056014
13056533
13092691
13054714
13056208
13064853
13105624
13053661
13059470
13059500
13082839
13057117
13053294
13088493
13070040
13015130
13070747
13096323
13067685
13076450
13056170
13056124
13051254
13045355
13051494
13056731
13054074
13054704
13064031
13053110
13053103
13056293
13100395
13054539
13056103
13092524
13067054
13069009
13067814
13064843
13105112
13105182
13108096
13053654
13067309
13085744
13051567
13069076
13059804
13056248
13057176
13053268
13053790
13054353
13056058
13088491
13054084
13053099
13040004
13056812
13097155
13045485
13024470
13081549
13104154
13084645
13070017
13092078
13070197
13087067
13058761
13053215
13056534
13092692
13054715
13058345
13064854
13053662
13059502
13067433
13057109
13058177
13053118
13024180
13106026
13015330
13025004
13025000
13025001
13025002
13025003
13026064
13015080
13015081
13015082
13023570
13049595
13040019
13104156
13053086
13056631
13092367
13092180
13100011
13057043
13088374
13051405
13051415
13092391
13059048
13100107
13054021
13070122
13065802
13091329
13040033
13087611
13070720
13023240
13044025
13045590
13033010
13060471
13025310
13056193
13035020
13057044
13053172
13082796
13061241
13058087
13054297
13053189
13092169
13040020
13080620
13098401
13052483
13106124
13092562
13092615
13050825
13013165
13040021
13035410
13052120
13042170
13056551
13049122
13050763
13057530
13063320
13065591
13098425
13070166
13061124
13056634
13053035
13049283
13034590
13069440
13060884
13100205
13070082
13036215
13084577
13100105
13061079
13098624
13056361
13026310
13063620
13080611
13059017
13056254
13044055
13033035
13053235
13101522
13058405
13053208
13053621
13064720
13104158
13042700
13105801
13060390
13101490
13082190
13090830
13065200
13057007
13054216
13064724
13104301
13068608
13053509
13054289
13045290
13041780
13100308
13105084
13108235
13082090
13106220
13058750
13108008
13070174
13070204
13044610
13064728
13045580
13059618
13034652
13083872
13055511
13044686
13055502
13092531
13054670
13104313
13060513
13042070
13081545
13070106
13058179
13056632
13058806
13097259
13049295
13092631
13067834
13056186
13084445
13065707
13059317
13087776
13045075
13091518
13091530
13053311
13070107
13057185
13044290
13057205
13058764
13026320
13065750
13058440
13098831
13040107
13085695
13091621
13101444
13073110
13075210
13075220
13059644
13060577
13085000
13015320
13040007
13030120
13030117
13030140
13013181
13020415
13058834
13101768
13051157
13050080
13086510
13085708
13082787
13053342
13057543
13069103
13055602
13105160
13040068
13087732
13041460
13054671
13090769
13101508
13090733
13053231
13082643
13030125
13058697
13058677
13087160
13060382
13013090
13013091
13058696
13058674
13058691
13030130
13083650
13058698
13104160
13040003
13031340
13104258
13031350
13030290
13051252
13058678
13058679
13104259
13058688
13104254
13058685
13104253
13058695
13058690
13104252
13058680
13104255
13104257
13058692
13058675
13058694
13058683
13058684
13104256
13058693
13092119
13068255
13040108
13061264
13060101
13060652
13058308
13105830
13057036
13064765
13069502
13051453
13070113
13097159
13097166
13059595
13088683
13049333
13060727
13082255
13092029
13031725
13058441
13098625
13098052
13058837
13101284
13060743
13058840
13023560
13040720
13049347
13100462
13059052
13092211
13106225
13098552
13041790
13049324
13067270
13051062
13034205
13041660
13058115
13085555
13063480
13083850
13085709
13075590
13076416
13087330
13041725
13049491
13053611
13049089
13054302
13052157
13073220
13063010
13063011
13010120
13054757
13031870
13056227
13056213
13082100
13034200
13056375
13049461
13049442
13059094
13060625
13052531
13051116
13057019
13075310
13051170
13042710
13060243
13056652
13015010
13088859
13054801
13104162
13064845
13010100
13020390
13105050
13082780
13058619
13020400
13060095
13091575
13052110
13101111
13052341
13033530
13059629
13057502
13031820
13031865
13041680
13060793
13061322
13085562
13034179
13042084
13058646
13058442
13058208
13052478
13045235
13098818
13058300
13052477
13059038
13059660
13106212
13058303
13058106
13084791
13083897
13099105
13097221
13042720
13098889
13049382
13049597
13058727
13088808
13041030
13059610
13069472
13049101
13054565
13088366
13060555
13070172
13070173
13070176
13070196
13070175
13063001
13035710
13056171
13035690
13082280
13060121
13049402
13087782
13051400
13059863
13065622
13105068
13105618
13049103
13091211
13059696
13076435
13023605
13053140
13059063
13073141
13070187
13053230
13060068
13041260
13058526
13061261
13051403
13026350
13058483
13052616
13088488
13069077
13067762
13057037
13058383
13051423
13051492
13101281
13082708
13088378
13091506
13085425
13053363
13098894
13010091
13050061
13056541
13058751
13092509
13092368
13051009
13034820
13083590
13083591
13083592
13051092
13060755
13088529
13059095
13056815
13057012
13056702
13055508
13051106
13057087
13098819
13030275
13108049
13054242
13088382
13057552
13060744
13088037
13085614
13049003
13083705
13083710
13083715
13088440
13058581
13060650
13092155
13082020
13100168
13139899
13058720
13087729
13042730
13052640
13057540
13098556
13098870
13058402
13058359
13058708
13058758
13057076
13063405
13051063
13058290
13052572
13010230
13035033
13058535
13060063
13060646
13060192
13054059
13056646
13056679
13056460
13083745
13058843
13088661
13061332
13097156
13085785
13098319
13098345
13064783
13010210
13023185
13085110
13065082
13105836
13026302
13105846
13105832
13105843
13105842
13061331
13044639
13081000
13013080
13013081
13035270
13035500
13042230
13090840
13058226
13064741
13100117
13101135
13092159
13105070
13105018
13053254
13083600
13101464
13105036
13101252
13042740
13056523
13084773
13030145
13040001
13020410
13076540
13106208
13058489
13098626
13040065
13041160
13026490
13076810
13058814
13034830
13063049
13091520
13065080
13070270
13073290
13056166
13057501
13049434
13091142
13097182
13098815
13091625
13025300
13070102
13024430
13024431
13024420
13070090
13049401
13059688
13045715
13108255
13054503
13052571
13052652
13070151
13104164
13085553
13097177
13041315
13056163
13098549
13061335
13040076
13040078
13050542
13024100
13040084
13040085
13040086
13052533
13033390
13060515
13060644
13087503
13054042
13098065
13105684
13045625
13106018
13040064
13070780
13031730
13058015
13067761
13040081
13040082
13056347
13060472
13053623
13063630
13092319
13100073
13040054
13052448
13053050
13051100
13050090
13050036
13051089
13024020
13024021
13056376
13056521
13068231
13040059
13040060
13040145
13040565
13040735
13040002
13030105
13104170
13064742
13104172
13054011
13069133
13061323
13082140
13057131
13057510
13013060
13013061
13040280
13059421
13085250
13023040
13083889
13053636
13085165
13085255
13041670
13041671
13100210
13067670
13098597
13057520
13033195
13104315
13098830
13101451
13060049
13086230
13058584
13057412
13056847
13100156
13059707
13054592
13057008
13050192
13040052
13106007
13052403
13063350
13051101
13060574
13058582
13059823
13064830
13070170
13059667
13060820
13059053
13098538
13040290
13091286
13080300
13050436
13054575
13054233
13090729
13053175
13049370
13013173
13087779
13092136
13058743
13033485
13104314
13057562
13050250
13091478
13057027
13042750
13049064
13060340
13065201
13068109
13053282
13053537
13044620
13075620
13092105
13064000
13065701
13064560
13052541
13059073
13067844
13067107
13063360
13056848
13030590
13056535
13058362
13064732
13060292
13106288
13085763
13091521
13098594
13053191
13045240
13056136
13056210
13046515
13085315
13082764
13085155
13054706
13053106
13054720
13085707
13054509
13056105
13067056
13067816
13092512
13105186
13107144
13053656
13069057
13056791
13056243
13057178
13053270
13053792
13054355
13056060
13088492
13068574
13059826
13083873
13091605
13085762
13050177
13059150
13050074
13056818
13067210
13063130
13045675
13026066
13015200
13015201
13056718
13083750
13053396
13033395
13056201
13098015
13065611
13098576
13083859
13086150
13098033
13049410
13054709
13059640
13068437
13097228
13026420
13058644
13104284
13083610
13082783
13092865
13104213
13086131
13031370
13101465
13061324
13081540
13101330
13050824
13098852
13100240
13040109
13100370
13100243
13100449
13100363
13100380
13100371
13100259
13100360
13100361
13026540
13100372
13100321
13100373
13100335
13100315
13100263
13101307
13100391
13100392
13100369
13100238
13100364
13100384
13100374
13100375
13100376
13100331
13100390
13101335
13100377
13100378
13100351
13100340
13100341
13100241
13100250
13100342
13100237
13100264
13100242
13100236
13100306
13100365
13100266
13100343
13100269
13100442
13100441
13100358
13100231
13100267
13100399
13100444
13100359
13100355
13100344
13100239
13100345
13100235
13026340
13100446
13101314
13100325
13101403
13100310
13100268
13100346
13056821
13050552
13100396
13101301
13040006
13064873
13064874
13085382
13036195
13043330
13053201
13058253
13104174
13065821
13059806
13056211
13051257
13058643
13053107
13067710
13054569
13067057
13067817
13064846
13105188
13053657
13054174
13056794
13059807
13057114
13053793
13054356
13056061
13059827
13096326
13054170
13035350
13106022
13050155
13067515
13041480
13104176
13098373
13098372
13098374
13060771
13056655
13059179
13056671
13056680
13056661
13054812
13058035
13058218
13087783
13025050
13067738
13083760
13083765
13083770
13059844
13054553
13052646
13064766
13053600
13064860
13088122
13098572
13098005
13050693
13087340
13052424
13065804
13058125
13058744
13057196
13067790
13061244
13061123
13073139
13026304
13035580
13042240
13073310
13024000
13024001
13104303
13054646
13085556
13060701
13054794
13020070
13040300
13068517
13068239
13082718
13067368
13036260
13060059
13098888
13026009
13092589
13091020
13084040
13042770
13049006
13060821
13098585
13060757
13063370
13049543
13059721
13060114
13034365
13025160
13035730
13053505
13060871
13060854
13060077
13041290
13040083
13044694
13098627
13098553
13097114
13100017
13085753
13056500
13034580
13106006
13092541
13068041
13053165
13088766
13054538
13045420
13054740
13015030
13098302
13050077
13061330
13050581
13057195
13085260
13054587
13049058
13060055
13015095
13024091
13106276
13056824
13059580
13099008
13053358
13049060
13082843
13082696
13061250
13040110
13060276
13025280
13106011
13040012
13031095
13073015
13085636
13052113
13049280
13042780
13060470
13054105
13108290
13064743
13033055
13058443
13056827
13067358
13067360
13059096
13050550
13070169
13054780
13091338
13054540
13059425
13090520
13049339
13092542
13061121
13050181
13082105
13049525
13073037
13050761
13060872
13060860
13060078
13087784
13059821
13086708
13049391
13060475
13091705
13044260
13081550
13040111
13044480
13056457
13083835
13059450
13064784
13054164
13049439
13049466
13020270
13034611
13034001
13025180
13059430
13040126
13059460
13081560
13040113
13050214
13061342
13042083
13105125
13098793
13056830
13081570
13098327
13097270
13040114
13098309
13081580
13098323
13040115
13040116
13056393
13108250
13033770
13098341
13091602
13107110
13045545
13035740
13015093
13023200
13056133
13064767
13061077
13106294
13105664
13059098
13091480
13069404
13082795
13061346
13049138
13026280
13043620
13053169
13064590
13068435
13092103
13053652
13049571
13033385
13075390
13042790
13060399
13084777
13100200
13035745
13070018
13069425
13060376
13104178
13104166
13031427
13060489
13098550
13053362
13084065
13058293
13104294
13057160
13056161
13056011
13098893
13101136
13057093
13049075
13085245
13088854
13083887
13054254
13100063
13065612
13070760
13108045
13075630
13083620
13042800
13060323
13082328
13059314
13057141
13087722
13042838
13058689
13108200
13056177
13051053
13105620
13064630
13085602
13058166
13088038
13076417
13097105
13010160
13041316
13054022
13108299
13105742
13026290
13085058
13098551
13057438
13068275
13064810
13060706
13105004
13063110
13080070
13097157
13050421
13104180
13101769
13098030
13098348
13098301
13068319
13098303
13056409
13101631
13023190
13023191
13070167
13073059
13035400
13060733
13058031
13069082
13104012
13026520
13097153
13080360
13059102
13081590
13015240
13056833
13098555
13050009
13108042
13061279
13068261
13044270
13031550
13087350
13088039
13068405
13088060
13057197
13104182
13088108
13088123
13097257
13025270
13104058
13040310
13105841
13105826
13020280
13101332
13060236
13056431
13084778
13061100
13040320
13067420
13056152
13056180
13052456
13051493
13056732
13053100
13053102
13044569
13050243
13056292
13059090
13100394
13067053
13069027
13067813
13064842
13064872
13107242
13106152
13108028
13043872
13056009
13067279
13067306
13085742
13054078
13052778
13059803
13056247
13057175
13053267
13053789
13054352
13056057
13060495
13092525
13013177
13107140
13067520
13058648
13101283
13096632
13101341
13053116
13054713
13056207
13046415
13057513
13064852
13106160
13059774
13057118
13053293
13056067
13106054
13010070
13010071
13067660
13056030
13050027
13084107
13057536
13059632
13106244
13059639
13106248
13056036
13056037
13053010
13054551
13096322
13084532
13092311
13045665
13085622
13061340
13085781
13105814
13092590
13092591
13098361
13059415
13064768
13061341
13070069
13050067
13044060
13081600
13081610
13081620
13088470
13088518
13098312
13081630
13081640
13081650
13081660
13098344
13040073
13100311
13050403
13056836
13061333
13082706
13085784
13061211
13070009
13059722
13049467
13092593
13064840
13056190
13056121
13054255
13085300
13058640
13056638
13056397
13064411
13092201
13053105
13054556
13054546
13052057
13056290
13101199
13091514
13052409
13051229
13100349
13052101
13069290
13054589
13067051
13067811
13057101
13106154
13107138
13067740
13085740
13067300
13056250
13054071
13059589
13056740
13051502
13051446
13067236
13082055
13067290
13059800
13059801
13056245
13057115
13053157
13053265
13053787
13054350
13056055
13060675
13060676
13097200
13046491
13069458
13065780
13105566
13100054
13060012
13098325
13050424
13060052
13060263
13044782
13085270
13056674
13085275
13068229
13088826
13056006
13104184
13082631
13098359
13040037
13026000
13026001
13026002
13052447
13052405
13056427
13098360
13042085
13053257
13058140
13049371
13053501
13059245
13088727
13088475
13054298
13059069
13050764
13051433
13097215
13098050
13104302
13088485
13067763
13088479
13067108
13067110
13060343
13080230
13068417
13061254
13069530
13108004
13051571
13061242
13086140
13050715
13070059
13058730
13069452
13040330
13040340
13059110
13057526
13053368
13104308
13056071
13097261
13059112
13052153
13051029
13040072
13040117
13088080
13076261
13050014
13040018
13049299
13060028
13035360
13040015
13040148
13031409
13105686
13085280
13040125
13105317
13056536
13059192
13050043
13044630
13101198
13088559
13061212
13105847
13032440
13083580
13040053
13050663
13061130
13083331
13044640
13046500
13101257
13049536
13091579
13059045
13046481
13034160
13015170
13031360
13052760
13051215
13041690
13070146
13060227
13058139
13058523
13034710
13092389
13063003
13059060
13082380
13098780
13085080
13097258
13101002
13068111
13085475
13061202
13058052
13098775
13058173
13054531
13054545
13049562
13049558
13052763
13052535
13058229
13065790
13045490
13044688
13069051
13034705
13083630
13084330
13052054
13052114
13100070
13101680
13026026
13015300
13015301
13024040
13069074
13088124
13105831
13056849
13088665
13101458
13064744
13050572
13105302
13050025
13063380
13087786
13064451
13053150
13056111
13068612
13065285
13073009
13061075
13098022
13087787
13053152
13053109
13044730
13096321
13068615
13064704
13026300
13096324
13050024
13061074
13035370
13054542
13057527
13070749
13054543
13068613
13087211
13068614
13051052
13101285
13053153
13052667
13070131
13054621
13087559
13105138
13064452
13088612
13050063
13050153
13040119
13056002
13068429
13059699
13084779
13056202
13053207
13056531
13057011
13049036
13084045
13083640
13064871
13101259
13104188
13076415
13077005
13083888
13050017
13055500
13064804
13059663
13053639
13050690
13053514
13068143
13046545
13057551
13036160
13100074
13060394
13057426
13044490
13041317
13084135
13084050
13083660
13052476
13050249
13082714
13105550
13026260
13060256
13068618
13052694
13053178
13104309
13068560
13069398
13069414
13098825
13057190
13041700
13073090
13081670
13040350
13049010
13085600
13057430
13060633
13087636
13100485
13056236
13056278
13058723
13041545
13054619
13046280
13045510
13091519
13049564
13092347
13050215
13042810
13054218
13098824
13045175
13058543
13050549
13080310
13057500
13088561
13085065
13023140
13045150
13044692
13044280
13092603
13082730
13053647
13054701
13051251
13098001
13049068
13026005
13059304
13083837
13054560
13054241
13049276
13033008
13060514
13054672
13058119
13098588
13099110
13065800
13085718
13098869
13063180
13063181
13105650
13087609
13044295
13059686
13049091
13058056
13058217
13088861
13092855
13082639
13043680
13091212
13052065
13052123
13041355
13041005
13042105
13085850
13070264
13049254
13090509
13090145
13090816
13092307
13097260
13053277
13060747
13053176
13060074
13088532
13053488
13067430
13092109
13058445
13060034
13056075
13056053
13092329
13044765
13105730
13053492
13060704
13070042
13058803
13058161
13050807
13054590
13088782
13050142
13053133
13040360
13105038
13040370
13052156
13059051
13099160
13059306
13091620
13057155
13097256
13053355
13034230
13056085
13054047
13068439
13049350
13049356
13053162
13059614
13054571
13068147
13080292
13082740
13098562
13084160
13033475
13098010
13098777
13088863
13070039
13056337
13050801
13087757
13056299
13059592
13070035
13052475
13060437
13051401
13082784
13040380
13050535
13082815
13061231
13049034
13059822
13057522
13056147
13054652
13058490
13084780
13059815
13098591
13105849
13098448
13097211
13031093
13087735
13087737
13051432
13105329
13051191
13097253
13085393
13056537
13058495
13069446
13057207
13058659
13056546
13098064
13057216
13100179
13057217
13097224
13098066
13057218
13069437
13098067
13057219
13100180
13098068
13057220
13100181
13098069
13057221
13098070
13057222
13098071
13057223
13097230
13098072
13057224
13057225
13059816
13105327
13101051
13067791
13085394
13057202
13058496
13069448
13061216
13057208
13060298
13057226
13054790
13060299
13100182
13057034
13104307
13059817
13067767
13087738
13051434
13105325
13101053
13054045
13067792
13057203
13058497
13069449
13061217
13057209
13100183
13049259
13054786
13059818
13097216
13051435
13104329
13101055
13067793
13057204
13056540
13069450
13098058
13057210
13067884
13049286
13059819
13060846
13060585
13053138
13101056
13064864
13069451
13098054
13057211
13060849
13097218
13101057
13064865
13057212
13060847
13045046
13057213
13101059
13056544
13057214
13067768
13057028
13101060
13056545
13069455
13057215
