13369478
13360376
13363002
13360734
13360704
13366208
13366240
13368558
13366258
13360085
13366632
13367360
13360622
13362116
13363120
13369030
13366152
13369164
13360420
13360358
13363128
13367530
13360550
13365342
13363558
13360316
13365710
13363270
13368556
13363034
13367506
13363124
13365322
13365348
13363246
13368528
13366272
13363572
13360436
13360400
13360398
13368544
13360602
13362056
13362118
13365428
13369178
13369088
13360043
13363224
13360013
13369026
13366624
13365418
13367276
13366614
13365354
13362052
13363584
13360073
13362070
13365182
13369192
13365426
13362300
13362022
13360318
13366230
13365012
13365512
13360364
13363514
13366134
13369480
13368112
13360246
13360534
13368572
13369512
13360234
13360218
13363020
13363008
13363504
13367000
13367152
13367280
13367250
13367160
13367370
13365314
13365344
13360518
13360236
13360240
13360432
13360422
13360356
13366218
13360372
13368574
13367500
13363508
13368002
13367264
13366606
13362418
13360099
13369028
13360438
13360526
13365720
13360610
13363134
13368548
13363512
13360554
13368506
13362032
13365196
13360041
13362072
13366242
13369090
13360506
13363302
13365706
13360512
13362400
13360230
13360220
13362404
13367566
13363116
13360538
13367286
13369476
13367004
13365406
13365728
13365714
13363232
13363298
13368512
13365170
13363300
13363032
13363210
13363140
13363100
13360614
13366128
13366104
13366220
13360352
13367524
13363226
13360031
13363214
13368590
13363544
13365724
13368530
13367294
13363156
13363150
13360532
13369450
13360009
13360089
13366200
13367030
13366274
13366110
13363308
13363288
13362004
13368532
13365320
13365346
13363126
13360620
13367504
13368594
13365364
13368106
13366166
13367568
13366156
13368502
13365152
13367538
13367558
13369002
13365726
13366262
13366622
13367532
13367268
13368568
13367354
13368578
13360414
13366002
13367266
13367552
13369504
13360378
13360396
13360430
13360410
13360404
13368110
13367522
13366126
13369078
13369084
13369044
13360093
13360033
13363220
13363596
13363296
13360037
13362102
13366276
13360065
13360618
13365162
13367556
13368522
13366636
13360047
13362018
13368542
13368518
13368596
13360049
13365316
13369191
13363550
13366250
13367252
13366630
13367536
13367560
13367002
13366214
13363108
13363294
13366616
13363534
13363556
13362402
13363542
13365412
13365174
13368552
13365420
13363212
13360308
13367356
13368564
13365010
13365000
13366222
13366252
13363304
13360502
13366610
13367262
13363290
13362100
13363312
13368006
13366248
13368566
13367358
13368200
13365734
13369004
13360025
13367164
13369032
13369040
13369470
13369150
13369190
13369250
13369092
13369056
13366100
13366000
13366172
13366270
13366180
13365332
13360081
13360021
13362108
13369482
13369180
13365334
13369080
13367352
13360015
13363106
13367258
13365708
13363026
13368524
13369076
13365504
13363160
13363276
13365424
13362020
13363522
13360027
13363268
13367042
13367150
13368001
13368500
13367290
13367350
13363578
13366212
13366120
13366114
13366228
13368008
13362062
13360402
13360536
13365330
13369024
13366202
13363240
13366246
13365404
13365736
13365184
13360442
13360001
13363000
13363028
13366634
13365324
13365350
13362016
13362082
13363230
13369020
13363576
13365408
13365742
13367570
13362000
13363030
13360051
13368504
13366278
13366024
13366158
13366160
13365302
13369510
13360322
13362046
13363262
13360310
13360604
13366132
13360059
13365186
13360510
13363548
13363506
13369156
13368582
13360726
13360706
13367502
13369514
13368536
13369182
13362104
13368514
13366506
13366508
13365180
13365156
13360710
13363266
13365336
13368510
13365740
13360152
13360302
13363260
13363234
13363252
13363500
13365158
13362408
13368204
13367564
13363274
13367554
13362416
13368554
13363024
13363004
13368584
13363112
13360306
13369472
13360077
13360067
13365516
13360558
13360546
13363562
13360514
13362060
13366502
13363244
13366168
13360314
13360426
13366103
13366612
13367508
13360176
13360194
13365366
13360172
13360608
13360238
13360214
13360196
13360174
13363264
13360212
13363138
13360708
13368560
13363516
13363036
13363570
13363284
13360434
13360382
13368592
13367282
13362028
13367260
13366162
13363102
13366188
13368534
13369158
13360724
13360029
13366198
13360516
13368206
13366122
13360324
13363282
13366186
13360730
13360616
13366210
13365414
13363152
13369086
13369058
13360101
13360154
13360300
13360350
13360370
13360390
13369506
13365402
13360540
13360190
13360186
13365338
13363566
13368550
13363154
13368546
13360418
13360362
13366136
13369162
13368586
13365304
13366124
13367254
13369046
13365016
13363532
13362302
13363142
13363582
13368102
13368004
13363568
13369460
13366184
13365360
13369012
13362304
13363580
13369042
13360552
13362042
13368108
13365704
13363038
13360063
13363010
13365744
13365500
13365014
13365150
13365100
13365300
13365310
13365340
13365510
13363236
13365204
13363228
13362414
13367292
13365514
13362012
13360544
13369060
13369166
13365202
13363588
13363520
13367572
13362122
13363322
13367526
13368202
13360192
13363250
13363248
13365192
13362044
13363552
13367284
13369052
13365716
13369500
13365318
13363216
13369022
13365502
13367528
13362040
13360156
13366192
13360606
13360556
13366608
13363530
13369006
13366112
13365312
13366618
13362085
13362006
13366138
13366600
13367510
13367534
13362058
13367162
13369070
13363114
13363158
13363554
13360732
13365702
13369010
13363574
13360560
13366102
13366206
13362030
13360520
13366226
13366108
13363146
13366028
13366224
13360071
13366106
13366254
13369048
13366196
13360198
13363218
13368540
13368580
13363586
13362050
13366004
13360522
13365200
13365732
13362002
13360304
13367100
13367040
13360017
13360160
13360019
13366604
13360392
13368538
13360244
13363306
13363594
13369160
13365712
13363022
13363006
13366620
13366010
13365206
13366194
13360524
13365358
13360216
13360380
13368100
13365168
13365172
13365188
13363144
13362026
13360374
13366140
13360320
13360720
13360714
13363502
13363540
13363510
13360530
13366182
13362406
13369474
13360508
13360180
13360354
13360728
13369502
13363132
13360416
13362084
13363122
13366504
13366183
13365326
13362088
13363538
13366628
13366256
13366264
13369452
13368526
13368588
13362410
13360083
13365194
13360528
13360003
13360612
13360007
13366142
13362048
13360424
13363564
13363110
13363560
13368516
13363314
13363280
13366026
13366020
13366012
13366190
13360326
13369082
13366006
13365328
13369154
13362106
13365160
13360440
13366626
13369074
13367520
13362090
13362064
13360075
13360150
13366022
13363310
13368562
13360079
13360736
13360702
13360184
13360500
13365176
13360162
13360178
13360700
13360722
13360712
13365164
13363272
13365730
13367562
13365166
13362034
13362086
13362110
13360202
13360232
13360210
13360360
13360087
13366008
13360394
13360412
13362054
13360055
13362008
13362080
13363286
13360091
13368570
13369072
13365352
13363170
13369050
13366260
13367288
13360158
13369458
13360200
13363320
13365738
13363136
13365356
13369899
13360095
13363242
13365154
13365422
13366204
13369456
13368520
13365400
13368576
13368000
13368104
13360170
13360164
13360182
13365416
13360035
13363590
13369454
13360005
13360011
13367272
13363104
13365362
13360061
13369008
13362112
13365722
13369054
13366150
13366130
13366500
13366400
13362024
13363130
13366154
13360097
13362120
13366170
13362114
13363278
13367256
13365700
13363148
13365190
13360045
13362010
13367270
13365410
13363292
13369508
13366602
13360039
13363222
13360542
13363546
13360504
13368508
13362014
13363592
13360312
13360600
13363536
13366244
13365198
13367274
13360242
13367540
13367550
13360069
13366164
13369000
13360023
13366216
13362412
13367102
13369266
13369280
13365370
13369172
13360053
13360057
13369176
13367104
13369268
13369282
13365371
13369152
13369168
13369174
13367106
13369270
13369284
13369272
13369274
13369276
13369262
13369264
13369260
13369170
