18301260
18303110
18303480
18301605
18303150
18301135
18301540
18307070
18305470
18305531
18300750
18305105
18303050
18303190
18305490
18301120
18304807
18303560
18306320
18307360
18307640
18304809
18305185
18301200
18304621
18305220
18300290
18301225
18304832
18301095
18307160
18301620
18304708
18304830
18305550
18303550
18302330
18304852
18307255
18300740
18303360
18301320
18303520
18304040
18305070
18304853
18304370
18300780
18304560
18302380
18301353
18301035
18304878
18300300
18304822
18302240
18307540
18305100
18304755
18304640
18306030
18304110
18301165
18301280
18303320
18301560
18304840
18304470
18301045
18307420
18307630
18300230
18306200
18304800
18304783
18301030
18300340
18302310
18307120
18304790
18301350
18304150
18301236
18305040
18300321
18300322
18300323
18304881
18300040
18300270
18302410
18301105
18307510
18307210
18304715
18306050
18300420
18305030
18300630
18303410
18304770
18307575
18302280
18304695
18304777
18304046
18304047
18304780
18302460
18300090
18300410
18307380
18305270
18305290
18304300
18307130
18300030
18300260
18305310
18301313
18301065
18303590
18301090
18304867
18300310
18301150
18307085
18305534
18305080
18305556
18307565
18300100
18306060
18307370
18304710
18302440
18306043
18306150
18304310
18306410
18306415
18306413
18306330
18306230
18306340
18306510
18304854
18306530
18301360
18304880
18301351
18305186
18305175
18305250
18305178
18304774
18306015
18300700
18304761
18304767
18301583
18304824
18303650
18303215
18304700
18300335
18301640
18307490
18304857
18306035
18301359
18301357
18306140
18304620
18300151
18300150
18303210
18306460
18301231
18301075
18305532
18300450
18301315
18304530
18302270
18303000
18300370
18304725
18301015
18304230
18305090
18303170
18303640
18304797
18300491
18300492
18307596
18302208
18307430
18307680
18301625
18301060
18302370
18300160
18304650
18307250
18304250
18303140
18301595
18301490
18307600
18300060
18300470
18303300
18303430
18305140
18307290
18304280
18306100
18300710
18307460
18307140
18304823
18304819
18304806
18304837
18304827
18304835
18300005
18300250
18304450
18305145
18307576
18307590
18307610
18305142
18305110
18300431
18300432
18303450
18301590
18304410
18306110
18303280
18305350
18300400
18304685
18304776
18304865
18304875
18300411
18304778
18304802
18303510
18301480
18301070
18304320
18304765
18307400
18307620
18305520
18302290
18300170
18300130
18304665
18305130
18303310
18301055
18307240
18304622
18304839
18307670
18301356
18304766
18301361
18307560
18301460
18301352
18304794
18305230
18305187
18307410
18304610
18307597
18302250
18301175
18302340
18305150
18302320
18307470
18307580
18304180
18302220
18302205
18302216
18302215
18306220
18304795
18307230
18304868
18307170
18304626
18305450
18304877
18304851
18307340
18304812
18303020
18303070
18304000
18303340
18301470
18305553
18304430
18300440
18301195
18301550
18307080
18307065
18304440
18302360
18306040
18302400
18300632
18304655
18300080
18301235
18301585
18306130
18304866
18305500
18304200
18303670
18304290
18305530
18303490
18301354
18307260
18303230
18300350
18303620
18302430
18303380
18304590
18306070
18304871
18307190
18303010
18303420
18303400
18304400
18304863
18304757
18301358
18305480
18300081
18302420
18304858
18304100
18301185
18304550
18304441
18307270
18300501
18300502
18304340
18305510
18304170
18303270
18301608
18303005
18304160
18304240
18301362
18301290
18307150
18304140
18300720
18304624
18300070
18300460
18304720
18303160
18303540
18300760
18301366
18305460
18301234
18301300
18302450
18304060
18303120
18305120
18304190
18303260
18305340
18304815
18304090
18304864
18301610
18304080
18304335
18307185
18301500
18307200
18304833
18305505
18303290
18301239
18301005
18307090
18307060
18304874
18303250
18303680
18306080
18305455
18301229
18304816
18304792
18301365
18301580
18304705
18304814
18304680
18303350
18307100
18301107
18300210
18306180
18301170
18304873
18304862
18303610
18304480
18304810
18303370
18304670
18306020
18306053
18305495
18304760
18301363
18302390
18305554
18304870
18301310
18304869
18304510
18301190
18300200
18304490
18300280
18304730
18306120
18305260
18306025
18302350
18304135
18304205
18307220
18307245
18303180
18304735
18304070
18303240
18301146
18302285
18304336
18304020
18301050
18307585
18301210
18307350
18304520
18302300
18304445
18305551
18304050
18301000
18304804
18304623
18304519
18304518
18304872
18303130
18301232
18306210
18303690
18301270
18305020
18304758
18304210
18301520
18306310
18300730
18304745
18301635
18300050
18300385
18300295
18304446
18301630
18306048
18304879
18305190
18304821
18305280
18304570
18304762
18304360
18303100
18304876
18303440
18305170
18300190
18304675
18305320
18304768
18307550
18304786
18307530
18301110
18301040
18303030
18305160
18304690
18304859
18304625
18303390
18301570
18305060
18303090
18303660
18304540
18301085
18306090
18303040
18305010
18306170
18301355
18303330
18305535
18305050
18307615
18300141
18304882
18303220
18303570
18304010
18304750
18301020
18301238
18307500
18304817
18301080
18302200
18304718
18305345
18305475
18306000
18306370
18307450
18301220
18307690
18307570
18304855
18304856
18305300
18304764
18304779
18303060
18304565
18301318
18306518
18306523
18306533
18306420
18306525
18304330
18306440
18306450
18306520
18304825
18306045
18300390
18300610
18304130
18305180
18302230
18302210
18301115
18301130
18301140
18303530
18301160
18301100
18304787
18308899
18300120
18304660
18300110
18303470
18307180
18301108
18304836
18304740
18304860
18300530
18301010
18305552
18307480
18304460
18306190
18307283
18304600
18301230
18305330
18305240
18303460
18301125
18305200
18306480
18306290
18306400
18306505
18306490
18306500
18306503
18306300
18302260
18300010
18300240
18304756
18307110
18300020
18300220
18303080
18301600
18303500
18304390
18307345
18305005
18304861
18303200
18304693
18304030
18300315
18301025
18306038
18300330
18300520
18306350
18304270
18306393
18304350
18306430
18306470
18306390
18304500
18306395
18306397
18306380
18306360
18301510
18304829
18307390
18307280
18306160
18307535
18303580
18301364
18307520
18300180
18301265
18304380
18306270
18306240
18306250
18300360
18300510
18306280
18304220
18306260
18304763
18304580
18301215
18305555
18304771
18301615
18304120
18301155
18303600
18305485
18303630
18301641
18305210
18305533
18305536
