06341430
06364010
06390077
06385023
06322080
06326170
06322020
06327250
06328280
06328090
06321040
06365600
06317320
06364580
06320360
06315260
06382065
06397470
06382130
06345100
06390070
06340145
06340350
06386070
06340690
06355635
06365345
06326130
06326470
06335095
06351435
06335070
06315075
06365045
06351410
06340170
06340450
06310420
06310430
06365010
06331160
06310450
06362045
06365653
06362480
06396080
06351312
06382050
06395240
06326180
06381520
06351260
06328200
06343230
06361330
06322140
06310040
06397010
06397230
06310500
06310020
06321660
06381160
06317100
06327340
06382330
06343320
06343040
06351045
06355465
06365715
06317170
06321010
06321020
06329260
06327090
06351165
06310392
06310330
06380090
06361150
06361160
06355630
06381150
06320380
06361440
06385630
06310340
06327260
06321495
06310350
06365490
06310360
06384070
06364100
06311150
06311160
06386200
06331020
06327110
06396090
06331060
06310190
06386430
06365350
06340160
06361540
06326480
06327270
06365683
06365685
06385600
06365240
06365370
06385560
06327320
06350190
06331100
06385440
06345070
06351405
06335105
06352055
06380340
06322090
06315370
06385830
06386600
06386590
06381540
06385080
06362115
06364110
06320410
06320285
06343360
06395370
06341600
06321030
06326410
06315040
06330110
06341440
06385270
06315180
06315181
06386030
06345740
06385405
06395215
06317000
06341090
06332310
06340230
06341100
06315190
06333270
06315400
06395010
06385420
06365380
06396110
06317010
06385838
06317210
06329300
06343380
06315010
06328070
06310300
06328150
06327290
06331065
06317200
06322320
06340180
06322015
06317035
06397145
06315270
06317190
06332450
06381530
06310220
06320050
06317160
06380180
06330190
06330080
06351325
06397520
06351320
06390060
06345370
06345380
06345360
06345390
06321055
06327050
06341570
06326380
06320260
06345745
06335240
06340410
06397170
06327130
06351327
06327140
06364040
06320120
06330040
06340200
06362032
06330285
06343130
06363300
06321060
06365555
06351080
06341140
06327170
06397480
06340100
06397490
06350220
06385863
06397390
06341730
06345200
06364190
06390079
06365080
06321460
06331090
06332260
06352080
06385640
06397600
06327095
06397330
06365100
06381250
06364020
06380220
06397360
06328300
06363330
06382215
06311080
06343520
06320100
06328170
06315280
06351210
06321470
06321310
06345300
06365730
06385870
06386360
06362310
06335320
06381470
06382140
06351240
06363180
06355570
06365072
06340420
06345750
06329000
06364253
06326220
06326230
06385655
06381320
06381310
06327240
06381300
06311140
06335030
06355280
06317070
06329020
06395000
06381290
06385320
06397370
06355320
06343350
06320300
06386140
06386320
06333030
06386370
06365365
06335100
06381330
06394025
06355580
06362036
06361510
06311050
06386020
06340010
06325110
06364680
06365780
06326190
06362044
06330160
06332080
06332010
06330065
06365383
06310380
06311130
06329270
06386570
06327265
06386230
06364140
06365385
06343560
06345420
06395440
06362260
06329210
06365310
06329220
06355000
06340240
06390300
06397290
06327010
06390010
06329230
06385240
06342130
06329240
06329250
06385040
06397200
06329310
06310270
06364250
06341660
06341665
06381140
06397430
06365720
06397260
06335110
06343510
06325000
06325070
06333455
06332345
06327210
06351000
06380060
06321320
06380070
06332140
06397640
06381130
06327280
06332360
06365075
06340050
06321000
06321001
06345755
06381120
06332230
06322000
06364350
06380050
06364260
06351315
06380350
06386640
06355010
06364270
06385500
06385490
06332145
06385480
06343010
06365200
06327120
06395390
06386110
06365320
06327160
06332440
06345760
06363340
06322220
06361435
06345765
06329320
06351070
06340430
06355400
06345410
06345290
06329330
06333090
06335340
06365455
06397120
06328080
06365450
06365440
06329340
06340210
06310130
06384000
06341740
06380080
06365460
06362048
06332330
06365470
06365480
06341020
06332410
06352070
06332420
06355030
06332025
06363390
06330320
06365485
06360240
06361410
06351317
06397450
06364210
06385020
06326010
06342135
06341215
06341390
06395400
06333070
06396500
06385350
06322200
06386150
06321100
06351140
06331170
06361430
06322160
06386340
06329030
06395420
06361445
06395520
06317410
06345770
06397140
06355080
06327360
06355200
06385330
06352000
06396010
06355175
06321070
06328160
06385110
06345705
06362135
06396330
06386690
06332130
06385140
06330300
06325020
06330050
06365220
06385160
06341750
06386050
06345710
06332390
06352010
06351100
06351322
06326460
06360310
06396020
06332355
06345775
06352060
06397320
06320030
06390610
06315380
06310150
06361170
06385000
06352090
06315350
06365495
06396030
06332090
06385170
06341590
06341450
06355040
06331040
06385150
06396040
06382250
06342150
06350200
06362043
06310385
06328336
06364280
06345080
06328220
06381480
06390225
06320230
06330330
06365150
06385190
06365375
06385300
06342260
06327180
06340140
06343120
06386675
06310140
06395380
06343340
06396120
06342085
06331200
06326430
06326200
06345715
06310260
06329050
06330000
06317050
06315070
06385130
06320090
06341720
06396100
06355510
06330290
06385220
06385210
06385260
06335090
06351330
06335300
06386550
06385122
06321330
06386560
06335115
06317020
06351280
06345400
06343110
06365295
06385180
06385030
06385060
06364257
06385100
06396510
06361370
06361530
06362123
06365078
06384030
06395460
06329180
06341130
06333460
06322350
06322360
06396000
06321080
06317295
06310290
06343250
06310230
06322060
06329280
06345130
06397020
06361125
06333220
06332120
06397350
06328329
06365585
06396140
06335125
06351350
06315340
06365705
06315390
06317300
06310170
06345350
06396050
06390600
06386170
06322073
06396150
06364700
06364720
06328333
06390290
06320330
06382280
06382283
06343330
06342225
06380030
06380040
06340333
06335140
06397130
06341190
06351250
06396160
06397195
06396200
06361525
06396260
06350080
06332240
06320071
06386710
06340380
06328330
06328100
06365210
06341030
06396270
06386740
06381220
06386650
06315015
06320250
06311090
06351048
06333380
06315310
06385120
06321480
06310160
06320025
06351200
06332250
06342145
06315230
06333120
06341200
06382260
06355230
06332170
06364290
06351010
06351375
06381125
06385550
06355469
06385650
06325030
06328000
06350180
06355500
06365625
06321490
06397460
06345700
06322010
06382060
06364080
06342200
06381010
06322410
06322150
06315150
06381340
06382020
06317060
06315140
06387000
06365635
06386660
06396280
06381500
06332280
06364000
06351040
06382240
06331140
06329090
06361030
06396060
06382230
06382270
06380300
06332050
06382000
06341680
06386700
06320080
06390620
06310120
06326340
06320240
06386100
06396310
06351020
06355310
06386090
06350070
06394050
06351145
06345720
06380360
06380155
06315090
06385590
06385124
06390447
06384020
06390448
06384040
06385128
06390443
06395330
06352045
06322100
06397605
06363320
06396230
06341380
06355350
06363310
06326140
06333230
06385570
06396250
06335330
06335270
06340260
06390470
06315360
06340390
06341350
06321120
06321540
06382015
06317130
06381020
06341260
06320110
06396180
06382180
06385050
06310390
06345090
06343530
06334000
06331005
06331008
06381135
06341240
06385200
06362047
06395060
06329150
06395410
06327020
06355520
06328195
06365693
06397500
06386280
06362460
06340680
06340320
06395450
06365040
06365395
06330130
06361490
06361455
06363170
06380200
06329160
06395210
06361220
06390449
06345120
06355430
06345135
06315170
06326100
06332375
06365643
06343140
06361460
06329290
06361520
06332147
06332110
06328210
06329140
06341040
06317180
06325040
06386450
06361505
06332290
06341110
06355060
06317430
06340270
06345040
06317151
06364220
06341220
06332350
06321110
06341290
06330070
06317150
06317155
06317157
06317250
06395110
06332370
06332300
06322110
06327350
06317350
06327030
06321620
06320040
06310310
06394060
06320310
06322190
06360150
06397050
06333140
06340340
06345170
06342250
06365170
06386095
06332100
06350230
06397033
06328260
06355370
06365710
06365405
06320350
06386440
06355120
06363360
06395070
06329130
06321095
06395080
06329410
06326450
06326400
06390020
06326290
06321360
06340110
06352005
06328060
06321625
06395100
06345050
06362380
06395040
06321370
06333110
06317260
06355560
06355070
06332430
06363350
06329420
06395090
06362235
06386040
06355160
06351160
06345735
06320290
06320291
06380020
06380021
06343410
06315290
06395120
06355340
06395160
06310050
06386060
06352050
06345725
06385820
06363380
06322120
06333045
06386220
06321380
06343175
06350040
06321590
06365415
06386470
06363370
06386490
06355210
06385839
06341755
06360160
06390105
06321600
06386500
06395130
06343105
06322370
06341160
06385540
06355462
06365740
06394030
06365030
06390170
06327040
06390160
06327330
06385250
06390130
06390100
06327310
06390190
06390220
06326500
06386460
06365000
06360210
06330230
06390210
06385720
06365530
06385770
06385660
06385790
06386480
06396220
06340650
06341400
06360220
06385670
06385680
06331260
06386290
06355100
06390445
06335310
06361400
06395270
06328050
06396190
06322670
06382150
06315250
06332385
06351420
06382210
06350140
06365070
06365810
06395480
06321410
06385580
06395220
06327300
06315220
06320210
06320215
06321130
06321140
06311120
06396300
06365696
06355380
06390180
06332340
06352030
06395230
06351310
06321150
06321680
06385845
06321650
06321651
06395235
06395530
06385470
06390230
06365615
06365175
06395180
06380190
06310200
06320220
06331030
06320150
06397282
06362038
06328380
06363230
06390080
06343000
06362210
06340440
06397080
06333100
06335012
06333470
06315060
06315065
06333170
06341360
06340060
06335290
06382120
06340020
06332320
06311070
06345110
06382190
06380120
06385510
06385800
06310030
06320085
06330270
06326235
06320320
06321610
06397650
06386010
06332365
06332210
06333450
06345422
06322690
06380210
06382030
06340660
06321690
06317220
06386250
06341230
06385810
06333250
06365725
06340400
06390427
06342180
06317270
06310470
06397510
06320200
06382170
06364160
06340250
06321220
06342190
06365610
06363140
06355055
06333190
06345425
06315440
06330170
06315200
06382220
06386720
06321560
06340030
06381200
06322290
06341300
06333390
06322250
06385690
06364300
06341460
06396170
06343300
06343305
06341310
06321160
06341210
06365330
06385760
06310400
06364310
06397180
06321440
06397280
06355530
06381260
06365130
06386180
06351090
06345310
06397380
06330210
06364050
06322070
06385610
06332070
06361465
06385848
06342110
06330140
06341610
06320355
06317240
06382070
06385840
06333080
06331240
06311250
06390090
06350150
06341710
06386260
06360140
06365620
06321450
06386300
06322230
06342170
06335230
06321340
06396290
06330240
06396130
06386530
06394010
06385380
06395290
06321550
06390075
06365335
06326270
06351060
06360260
06341500
06321170
06343400
06332040
06331110
06340300
06328040
06355450
06384075
06320400
06365285
06328370
06335015
06385860
06385450
06345250
06345270
06321570
06311240
06315300
06365650
06390530
06330280
06390540
06355150
06315030
06361550
06329070
06340360
06361420
06390330
06355260
06328390
06382080
06365155
06390310
06350100
06345210
06345600
06331270
06384010
06362280
06365090
06363280
06325100
06351245
06385390
06364540
06345060
06390402
06330060
06385410
06385865
06332220
06333260
06329710
06397440
06321190
06329055
06364120
06365190
06365192
06390360
06341630
06326110
06397190
06315210
06317345
06386190
06315430
06315120
06365230
06332190
06332205
06386075
06384005
06395030
06365699
06340090
06345240
06335350
06381230
06311110
06310530
06333060
06365340
06332335
06317290
06329360
06381070
06329190
06343060
06390195
06385400
06365260
06390000
06394048
06381195
06320070
06385430
06365135
06342080
06365384
06365280
06361470
06330100
06331215
06360170
06322040
06320130
06363215
06322380
06320180
06390550
06345230
06386680
06328030
06386580
06310240
06328175
06390446
06364030
06390425
06329202
06361070
06365270
06386160
06333050
06381050
06315130
06341520
06317030
06385843
06361515
06328010
06332020
06326160
06326150
06395320
06390040
06340190
06365605
06364150
06315110
06310180
06355300
06355140
06361130
06355130
06341690
06395310
06365347
06345320
06350260
06322210
06390221
06317140
06310320
06340040
06382100
06340370
06361120
06395540
06385710
06326240
06363145
06361450
06395340
06355290
06362410
06328130
06381210
06395350
06395360
06385855
06320060
06364170
06365381
06385850
06329390
06329255
06352020
06351180
06350060
06385853
06361535
06351190
06386630
06341490
06361300
06361350
06386390
06341770
06341530
06329060
06361380
06365645
06333240
06365595
06355240
06341540
06317280
06397420
06342230
06364320
06361290
06331230
06365290
06386670
06361485
06326050
06335050
06361230
06342280
06380010
06341000
06315330
06310460
06390120
06386310
06355190
06343370
06341420
06335000
06333500
06365180
06342195
06331080
06355640
06322280
06394020
06311170
06341640
06326020
06341050
06328155
06335080
06341620
06341560
06341670
06364500
06364570
06395280
06328328
06397110
06333465
06361210
06362020
06345280
06380140
06310410
06335010
06355475
06365760
06351168
06328339
06390560
06322680
06380130
06385340
06333410
06315050
06363220
06330180
06341320
06341170
06329040
06332395
06351415
06332446
06351355
06361140
06355250
06362030
06341410
06311220
06340460
06364340
06355410
06328290
06326000
06362040
06340330
06397210
06333020
06333130
06351130
06397400
06317120
06351170
06385730
06385070
06345000
06350270
06362180
06351230
06364070
06343150
06365655
06360270
06386520
06350280
06363245
06390442
06320270
06381180
06333150
06326440
06363290
06350240
06360250
06355440
06361545
06355540
06326120
06364550
06342140
06350170
06397340
06397300
06361180
06385090
06362120
06330090
06330220
06328120
06321200
06325010
06321210
06328310
06365060
06385280
06341370
06390510
06331210
06343500
06345010
06362125
06332200
06385025
06390200
06362046
06355090
06381030
06397240
06322270
06390400
06332380
06384060
06333420
06321580
06322330
06310510
06380110
06322300
06315410
06326040
06333490
06385740
06315320
06310397
06329200
06322170
06335040
06351400
06321665
06363240
06317040
06380170
06386130
06397070
06341250
06386610
06397085
06335060
06386350
06310280
06320170
06335130
06382010
06390630
06397620
06341780
06350130
06390212
06333350
06351110
06381085
06381090
06381095
06397270
06333330
06333310
06325130
06326210
06332270
06351360
06355050
06342120
06342160
06350210
06333320
06397410
06330200
06355420
06380100
06385750
06326090
06362370
06362090
06333280
06328020
06333370
06340070
06361190
06333340
06333290
06321230
06355460
06384050
06343390
06351050
06326280
06342220
06350010
06362290
06330150
06361200
06364590
06335020
06364600
06333395
06333360
06345220
06333300
06381170
06345730
06331220
06362350
06341650
06365665
06360200
06332160
06332150
06386080
06332000
06331130
06326445
06326300
06310395
06342240
06331010
06345225
06345030
06355620
06385530
06340130
06340120
06385868
06310480
06322260
06390410
06390280
06343160
06317090
06342060
06328270
06311185
06351270
06365745
06397310
06311180
06390320
06310101
06390270
06328335
06364630
06390370
06361010
06330250
06341080
06320340
06390240
06397670
06390430
06310210
06385370
06331405
06350160
06361360
06390260
06390450
06390420
06350285
06331115
06381100
06381110
06355330
06364255
06361475
06351035
06397150
06327275
06390460
06362000
06320280
06361020
06330010
06361390
06361000
06364650
06361080
06364670
06328110
06364560
06390440
06361260
06390222
06331150
06326030
06361310
06322310
06350030
06361320
06326070
06325050
06325140
06385460
06343345
06350050
06390223
06364620
06310370
06310440
06365300
06364090
06321240
06317310
06340220
06341105
06310090
06345330
06322130
06394045
06355170
06355145
06365700
06331180
06351030
06327060
06381040
06335250
06322030
06365235
06361480
06386540
06365695
06390480
06397660
06332445
06351365
06364640
06328331
06311001
06311000
06399899
06328180
06362034
06390500
06390520
06332425
06351380
06390490
06364330
06390150
06361100
06361250
06364660
06355590
06386270
06330020
06330022
06330024
06330026
06361280
06380160
06365570
06361270
06326310
06364610
06360300
06325060
06361495
06351220
06315420
06390050
06365750
06390250
06315020
06386400
06345260
06397245
06395510
06381270
06397090
06343355
06365185
06397060
06342290
06335120
06350090
06365770
06397100
06343290
06386420
06341800
06350000
06341580
06328360
06333480
06328337
06365110
06330287
06341315
06326060
06361555
06362170
06362195
06362070
06362330
06360230
06360290
06362200
06362160
06362050
06362470
06362320
06362270
06362240
06362080
06362150
06362110
06362360
06360280
06362130
06362140
06362230
06362060
06360190
06362220
06343260
06362190
06360180
06333400
06321510
06321250
06355110
06327000
06343270
06345590
06328338
06343280
06385125
06328140
06364130
06382265
06328190
06330120
06340290
06321670
06327165
06332030
06331050
06321050
06330350
06345580
06320160
06386330
06332400
06355467
06365735
06397030
06343240
06350020
06342090
06320190
06385360
06340080
06340000
06343210
06340285
06390350
06342000
06343030
06390380
06345340
06320020
06342030
06386000
06364060
06329350
06322240
06364230
06381080
06343200
06321520
06342020
06345190
06330030
06365675
06321260
06321090
06343540
06326455
06343180
06341550
06317340
06317341
06331250
06332343
06342050
06385620
06365360
06322390
06386120
06310010
06397040
06315160
06341700
06342010
06330245
06331120
06335280
06395150
06326370
06351120
06395140
06390580
06352040
06341150
06365673
06360130
06330345
06328230
06328250
06328240
06321500
06332060
06332415
06351370
06355360
06395260
06322675
06390340
06328334
06343070
06351115
06364240
06395430
06317230
06382110
06362042
06330281
06365195
06315115
06315000
06310490
06340175
06330289
06355390
06343535
06364200
06396210
06343050
06345140
06395470
06363190
06395250
06332405
06351425
06332447
06351430
06365140
06350110
06330340
06325080
06343080
06343550
06380150
06328332
06321270
06321280
06328320
06343170
06321530
06385126
06321575
06363210
06365660
06341480
06332180
06355490
06355480
06395050
06396240
06362010
06355470
06397630
06365050
06330310
06343090
06390110
06343100
06363420
06361500
06331117
06310100
06343220
06322660
06363480
06365630
06385290
06341470
06331280
06310080
06321290
06350250
06341510
06385700
06343505
06385245
06365790
06330260
06385505
06355270
06340150
06363250
06365580
06390405
06355645
06381000
06331190
06390415
06343310
06362420
06397000
06355220
06328340
06396480
06345020
06365800
06395170
06341330
06365575
06365593
06341180
06355550
06365698
06395190
06322050
06317110
06317440
06320000
06341810
06397250
06343190
06329400
06351150
06311060
06386210
06325090
06390390
06322180
06395200
06397655
06382040
06333040
06341280
06382160
06310110
06390305
06333160
06395500
06343020
06345180
06355180
06390140
06331070
06382090
06340280
06386620
06321465
06343556
06341340
06394040
06365662
