11677322
11675007
11673232
11672061
11662301
11668631
11666833
11666832
11675255
11670021
11668326
11665305
11669350
11661575
11671060
11666100
11671465
11677143
11671570
11679340
11674415
11665511
11667015
11665430
11670270
11669410
11671110
11675555
11661650
11661585
11661640
11662530
11662140
11671466
11676465
11665160
11664020
11671090
11672050
11660455
11661760
11667440
11660497
11664000
11660465
11662000
11666530
11676630
11678107
11660475
11662046
11675705
11671030
11662480
11674425
11668355
11675372
11666790
11672372
11666820
11666255
11674340
11674591
11660020
11665520
11670060
11672190
11674610
11666580
11667720
11666821
11667410
11665355
11663005
11660630
11665080
11668318
11668325
11671560
11666340
11670330
11664200
11667320
11675670
11660030
11661680
11668314
11662500
11669400
11677541
11667290
11667295
11662320
11671390
11660010
11677840
11677765
11673420
11666830
11676583
11670450
11667520
11678111
11677110
11675187
11677319
11666515
11676346
11672240
11666315
11677602
11663021
11665445
11671397
11677420
11667832
11660080
11668395
11671046
11677199
11677260
11679050
11672400
11661590
11671003
11677050
11672100
11674280
11665100
11677395
11677358
11677363
11676350
11667834
11671355
11662360
11666305
11674480
11671250
11674481
11662515
11668330
11667570
11666650
11660499
11666834
11672369
11669475
11666700
11675340
11668640
11673585
11661395
11677430
11676700
11664260
11663000
11675360
11669199
11674215
11674310
11674730
11660490
11675020
11667540
11676330
11667715
11679100
11669471
11675377
11670402
11660405
11675510
11660450
11668659
11668365
11670180
11666570
11666265
11669351
11671025
11662170
11661730
11669440
11666360
11667381
11667140
11674835
11668170
11671468
11663220
11671470
11663210
11674220
11663025
11674580
11661180
11670420
11668310
11661090
11669315
11668313
11662670
11677367
11677563
11673510
11673530
11672310
11660110
11675736
11675602
11672130
11665150
11665151
11668075
11675310
11669890
11667441
11670050
11677851
11673230
11673160
11660005
11661000
11678106
11661380
11661210
11671035
11661670
11668190
11677837
11671490
11675573
11667360
11675379
11668680
11667830
11660380
11660220
11675731
11671040
11676250
11663400
11677317
11677316
11677314
11677315
11672063
11677849
11677853
11671045
11665071
11676515
11676435
11666777
11674781
11667010
11667330
11668305
11662410
11671439
11677831
11670260
11665390
11662300
11669180
11666760
11673540
11676690
11665315
11671001
11665335
11669343
11677452
11668316
11669345
11667829
11663235
11667423
11660620
11663480
11675610
11667501
11675732
11673085
11673080
11665325
11675565
11673295
11674680
11665300
11674740
11676693
11667530
11660100
11661405
11675170
11665312
11663170
11663035
11674770
11660610
11660611
11676079
11675080
11674399
11669290
11667510
11676080
11670040
11660550
11663411
11676705
11660500
11675570
11666201
11677410
11674420
11660125
11675740
11675676
11675575
11668005
11677210
11677001
11665200
11669339
11663421
11668100
11676095
11661161
11661700
11675621
11675401
11668222
11669450
11661201
11667400
11675710
11660415
11667070
11668011
11668135
11670190
11661155
11668620
11674790
11676040
11663346
11663050
11672140
11679150
11670150
11675305
11677384
11667844
11673030
11661750
11660410
11669292
11665370
11662230
11663250
11663230
11675700
11669130
11665435
11677842
11660760
11673550
11670140
11677763
11677520
11666640
11660190
11663410
11677835
11678162
11677762
11676685
11666290
11662330
11661540
11677212
11661200
11662055
11665285
11668112
11665330
11675119
11672363
11667160
11663130
11672376
11666610
11677321
11668137
11666837
11666836
11677186
11662580
11663140
11678095
11677863
11661040
11676725
11663240
11661220
11676680
11662280
11662020
11667030
11660360
11673490
11678096
11678091
11662560
11672378
11667842
11666320
11661250
11677362
11661110
11662270
11675522
11675000
11678093
11662380
11672370
11662372
11663420
11676550
11667007
11670280
11672220
11679151
11660060
11676290
11674620
11663440
11677066
11676291
11677000
11667690
11669040
11672350
11677850
11677834
11677822
11673460
11662060
11677382
11671430
11662750
11677053
11667660
11665220
11665221
11677381
11668142
11660551
11661370
11672120
11666380
11667831
11677120
11676390
11675350
11666420
11666630
11671385
11670445
11668105
11664090
11663100
11672371
11667730
11671210
11671206
11671207
11667120
11671211
11671202
11671203
11671204
11665570
11676575
11664220
11661300
11662700
11676670
11671500
11665280
11665281
11679560
11677245
11677264
11662640
11676635
11678099
11666520
11665110
11664160
11674351
11677533
11676647
11664190
11675501
11661162
11675330
11675320
11677031
11677530
11665170
11669281
11660140
11677590
11677600
11677610
11677620
11677640
11677650
11677660
11677670
11677680
11677690
11677720
11677710
11677700
11677730
11677740
11677760
11677770
11677780
11677790
11664150
11660453
11670320
11666060
11679206
11678126
11676026
11676009
11676500
11668168
11671396
11677068
11677235
11677254
11671316
11676696
11663002
11668685
11664060
11677364
11667839
11669171
11662510
11676540
11669295
11661232
11674589
11665510
11670200
11672332
11666710
11668311
11675715
11669309
11677857
11673430
11676160
11677540
11677205
11672315
11672020
11678100
11672355
11676640
11677827
11676590
11667270
11660210
11673481
11669370
11675182
11676380
11660407
11667250
11669313
11660150
11677345
11661150
11676545
11667114
11662250
11663430
11677125
11669352
11677873
11669172
11668138
11675642
11677323
11668627
11668312
11671406
11676615
11674500
11660135
11674470
11665415
11674410
11660494
11669183
11670370
11666240
11666070
11679203
11676561
11669186
11667481
11671148
11678135
11677241
11677259
11671321
11663004
11672070
11679552
11678150
11669195
11672270
11671320
11679557
11677598
11678144
11676711
11676604
11669192
11676022
11677247
11677266
11672260
11678146
11676712
11669193
11676024
11677248
11677267
11668145
11677091
11671370
11679555
11677596
11678148
11676713
11669194
11677597
11672150
11671130
11660170
11665345
11667725
11677377
11677115
11677378
11677379
11677065
11669891
11670380
11666020
11679212
11676495
11675090
11677810
11663698
11663379
11663007
11676236
11678122
11676003
11676692
11676439
11666854
11669182
11667837
11667841
11668208
11674652
11675527
11670025
11667004
11677232
11677251
11677268
11671313
11662523
11668682
11668302
11667833
11668307
11671386
11668219
11674380
11671388
11660510
11666540
11662130
11666831
11677208
11677630
11662521
11665475
11677841
11671310
11679559
11676707
11676564
11669188
11678137
11677243
11677262
11676585
11665410
11667421
11677589
11665380
11671270
11675070
11666840
11666839
11666841
11669304
11672000
11669472
11671180
11674270
11667610
11667740
11660750
11669353
11669200
11676490
11673100
11677291
11668070
11668317
11662455
11662456
11668308
11674670
11666847
11678102
11663008
11661460
11675470
11666780
11668130
11661450
11666090
11666846
11677042
11667835
11673220
11667670
11668136
11676510
11677070
11667460
11677052
11667750
11667745
11676600
11660015
11660730
11676695
11676021
11667355
11667755
11677761
11675640
11660520
11676675
11667812
11669010
11664130
11677440
11661315
11679200
11672180
11665360
11669184
11669198
11661520
11667810
11677318
11666842
11679556
11664170
11673470
11665400
11679250
11666450
11675680
11676415
11661010
11667210
11667680
11675410
11666430
11668412
11662010
11665260
11664250
11674640
11669314
11662690
11662691
11663700
11670170
11673000
11679040
11668165
11677140
11677826
11675400
11671120
11661410
11667110
11669020
11674370
11677376
11677211
11667300
11663160
11677366
11673060
11675623
11672040
11674300
11676485
11663023
11670310
11663180
11662470
11671268
11676616
11675690
11675693
11660485
11661190
11677373
11674416
11663378
11666775
11677328
11666843
11670011
11676000
11660260
11673440
11676110
11677145
11679300
11678164
11676100
11673400
11676370
11671290
11677844
11666250
11673560
11676610
11669306
11667760
11671365
11677385
11675733
11676070
11677220
11669120
11674320
11671260
11665000
11666590
11667700
11668622
11677865
11665365
11669342
11663322
11663320
11677585
11669270
11673180
11661601
11666835
11669332
11669340
11666715
11678105
11665120
11662150
11676625
11677820
11666295
11672390
11679210
11674355
11660495
11678108
11667802
11678114
11662190
11677848
11678112
11667190
11662660
11665090
11678094
11662030
11661550
11661120
11668408
11660070
11664080
11671000
11665140
11669170
11674290
11662335
11666771
11666772
11666773
11669187
11669312
11677040
11667765
11671265
11667005
11672230
11665440
11669250
11665465
11661418
11677608
11677498
11673170
11662720
11674570
11674390
11665490
11676560
11676525
11677150
11674400
11669473
11662705
11662740
11674450
11662400
11661415
11663110
11677046
11676360
11675730
11670030
11666853
11670022
11667681
11675100
11661630
11669110
11662371
11676029
11661310
11677155
11663150
11677584
11666770
11666690
11660530
11676580
11663505
11668320
11662610
11678110
11660195
11662620
11664270
11663200
11663380
11677146
11660155
11677450
11666740
11665130
11662100
11674805
11668180
11668416
11661420
11667230
11670290
11670020
11670110
11665560
11677457
11668143
11667380
11668204
11662440
11668303
11662520
11668020
11676061
11662340
11666330
11660180
11677885
11666051
11675550
11676440
11668336
11668337
11667625
11677185
11672200
11667220
11668040
11668042
11672364
11666256
11678092
11662730
11661350
11669100
11663070
11667800
11671266
11677601
11675526
11675113
11668141
11668050
11677565
11676260
11663080
11678101
11666350
11667420
11678109
11666440
11662460
11677081
11668655
11666190
11671420
11676085
11667770
11668626
11661430
11672110
11660621
11676060
11666280
11676706
11673110
11669301
11669358
11660501
11660454
11660435
11675430
11671245
11667483
11661417
11660200
11677160
11668185
11665385
11679400
11677550
11676270
11671235
11674825
11665405
11673020
11671520
11677329
11677870
11675585
11669090
11679350
11669354
11660600
11677389
11671405
11675490
11675480
11666670
11671376
11676233
11679500
11674830
11660505
11667080
11671149
11674630
11666275
11666490
11677374
11676010
11674650
11674651
11675116
11667705
11675160
11667775
11667560
11673240
11668405
11668414
11660460
11669335
11674710
11668080
11677230
11674810
11668415
11668140
11666510
11667780
11666725
11673250
11674700
11671080
11661720
11668200
11675580
11669291
11675380
11668090
11667550
11671326
11674660
11675566
11668203
11670230
11666400
11675615
11674365
11669230
11667843
11673010
11667164
11669357
11676720
11675200
11660515
11668131
11671170
11670430
11671100
11664100
11665180
11675620
11666750
11671295
11669430
11660305
11667002
11671530
11671531
11674510
11668321
11674411
11675030
11675175
11669347
11667482
11663270
11673280
11674720
11670220
11667500
11671540
11669000
11668000
11666120
11660160
11666480
11671220
11677355
11668657
11673190
11670250
11661030
11675675
11671050
11668304
11667580
11670130
11674460
11669050
11661416
11667310
11671393
11660390
11676691
11669307
11669470
11672031
11666000
11667000
11670400
11669330
11668600
11677135
11677460
11677470
11668202
11673093
11676249
11671550
11671051
11660145
11675009
11677388
11676030
11665515
11675511
11661130
11669346
11673040
11673051
11675420
11660105
11667480
11663660
11667470
11677480
11675553
11662401
11661050
11671293
11661240
11677071
11676714
11677240
11677250
11674550
11677204
11661620
11667785
11661396
11668010
11660457
11677072
11667370
11671469
11668670
11677270
11662680
11671140
11677879
11660310
11674801
11663696
11666370
11661260
11669210
11665425
11667815
11661020
11666848
11666849
11677020
11666829
11666774
11677043
11672366
11660370
11669160
11675521
11664240
11669355
11671002
11667847
11667630
11667790
11674375
11676020
11676645
11676650
11675695
11668309
11675180
11662545
11669305
11661170
11676340
11661740
11668110
11673050
11677845
11669390
11676655
11661140
11675625
11667412
11677490
11661560
11667180
11677130
11670070
11670100
11661070
11667402
11667836
11677061
11677015
11669336
11667375
11668001
11679211
11677369
11665295
11677372
11666252
11677371
11669011
11670015
11662540
11663310
11662550
11669030
11660270
11676241
11677750
11660498
11660525
11677067
11668385
11668410
11671195
11677044
11672367
11666253
11663290
11677165
11677566
11675660
11662160
11678090
11677361
11663324
11663326
11677846
11671440
11668166
11671441
11671442
11660496
11666251
11674690
11662050
11668342
11668343
11665555
11669460
11663190
11660570
11675040
11677180
11671480
11662210
11677282
11677090
11661470
11660445
11667850
11677175
11663325
11670090
11679310
11661500
11670010
11670000
11667751
11667752
11671023
11667260
11666751
11672334
11663020
11667340
11665610
11660690
11663040
11669338
11669331
11674440
11671450
11662745
11668671
11663090
11669337
11674590
11664010
11662710
11669070
11676698
11668660
11665450
11673231
11669311
11667241
11678124
11672330
11668630
11669310
11669300
11669321
11661205
11667395
11674490
11674750
11670360
11668367
11672373
11671200
11671201
11671205
11674360
11674800
11677060
11667422
11668360
11677881
11662047
11676400
11674260
11676710
11677534
11666631
11665585
11667221
11674760
11669181
11668060
11669334
11660165
11674540
11666140
11668407
11667385
11666730
11669485
11667170
11677082
11668146
11670080
11666285
11666270
11668673
11667255
11672362
11675450
11671391
11677280
11674602
11665270
11661490
11674430
11670440
11672250
11660420
11671190
11673140
11676120
11662200
11665590
11666541
11671010
11665550
11677033
11662045
11671240
11665420
11669260
11662743
11665250
11665251
11661600
11671280
11663701
11666845
11666823
11677828
11673130
11677809
11677847
11677101
11671230
11674560
11669474
11660650
11677581
11677405
11666160
11669481
11660700
11665020
11668411
11676320
11666050
11676111
11665340
11668350
11675720
11661480
11674350
11671392
11665540
11666735
11669080
11667045
11674385
11678103
11677045
11667795
11671065
11677830
11672141
11676620
11661690
11675520
11669333
11677190
11677290
11662180
11662630
11663280
11673120
11672080
11661610
11673055
11661390
11677300
11665495
11665210
11666080
11672201
11678134
11676704
11676081
11676509
11669185
11677239
11677258
11679199
11677301
11660120
11674330
11662240
11666851
11666852
11666850
11675390
11670410
11673021
11674588
11660456
11670350
11663015
11679207
11678132
11676702
11676505
11671052
11677238
11677257
11671319
11677884
11671020
11660175
11666736
11677855
11669302
11668111
11665395
11677195
11669348
11670390
11663010
11676090
11679202
11678136
11676504
11677242
11677261
11676660
11668300
11677310
11669380
11676310
11666844
11666680
11665525
11675685
11665350
11660040
11660300
11660340
11675110
11669341
11677325
11676715
11668030
11675300
11677047
11660280
11664120
11666410
11664050
11678104
11677856
11676300
11667150
11677560
11661320
11660680
11665040
11677829
11677111
11677833
11662454
11675374
11670012
11674240
11662090
11668621
11673570
11667825
11676140
11662650
11664140
11660090
11678160
11675120
11675150
11667640
11666260
11660740
11665010
11667020
11661570
11667430
11673586
11676520
11673561
11668675
11675590
11671460
11671410
11671400
11668417
11671411
11677350
11673290
11660406
11667805
11677370
11667200
11676230
11677341
11668192
11661710
11677359
11669344
11667735
11667280
11670120
11663330
11660470
11668015
11665240
11673260
11662035
11673270
11668404
11663690
11677080
11660430
11669349
11674520
11674530
11675560
11663045
11666800
11677320
11677500
11676535
11677843
11676150
11660185
11669240
11660640
11665070
11678097
11676665
11665230
11662450
11677861
11664210
11668623
11660720
11673480
11673482
11661080
11672360
11664040
11666300
11669060
11670403
11675595
11662570
11673500
11667060
11674230
11662420
11668375
11676412
11667590
11668610
11666500
11668677
11668380
11660330
11660400
11674210
11675010
11674820
11660480
11668150
11666200
11675600
11668225
11672032
11672170
11673200
11677330
11677048
11668624
11672290
11671380
11678140
11669190
11676503
11677032
11676025
11660459
11668125
11663703
11679208
11676242
11676023
11676007
11676694
11666856
11668102
11675682
11667006
11675641
11677234
11677253
11671315
11667424
11663001
11671398
11668684
11671461
11671389
11661230
11666824
11666170
11679558
11678142
11676709
11676601
11669191
11677246
11677265
11668400
11677335
11677041
11666822
11671580
11663009
11676425
11668335
11679450
11672030
11677583
11676248
11662490
11677340
11672280
11668215
11667826
11669293
11675140
11667390
11666560
11666310
11672060
11667846
11675060
11675050
11665600
11668409
11670401
11660670
11665050
11675650
11665310
11665311
11660710
11665030
11677564
11667848
11677010
11675188
11677011
11679000
11671160
11671150
11666838
11663702
11662310
11677858
11675523
11669296
11677035
11665480
11673070
11669294
11661231
11662760
11677854
11667240
11675691
11668315
11678166
11664280
11675460
11671145
11668120
11675605
11670240
11663221
11670210
11665460
11676130
11673410
11667710
11673300
11663342
11679899
11666130
11667490
11677049
11666858
11666857
11666859
11677852
11663450
11671070
11672090
11676413
11663460
11673562
11672160
11668370
11664180
11676530
11677034
11671375
11671053
11671054
11677156
11662688
11669360
11663470
11667090
11662350
11669150
11660290
11660411
11660540
11671146
11671147
11671231
11671232
11677824
11677859
11665320
11677100
11677386
11675035
11661330
11669480
11677201
11660565
11677867
11677532
11667491
11669280
11663340
11663341
11673013
11660580
11669320
11661440
11661580
11677209
11660130
11667828
11675500
11675502
11661160
11670160
11674780
11661770
11677360
11669325
11660451
11666150
11676480
11663323
11679205
11678128
11676697
11676502
11671394
11671431
11677236
11677255
11671317
11663003
11677882
11668686
11676403
11672171
11677365
11672365
11679550
11677331
11665190
11665191
11664070
11676595
11661576
11677089
11660452
11670340
11663704
11679204
11678130
11676699
11661552
11674521
11675622
11677237
11677256
11671318
11663011
11677883
11671399
11668155
11663060
11663695
11679600
11662511
11678098
11677030
11668205
11666460
11666525
11666470
11672010
11666055
11671063
11677764
11667450
11661400
11667827
11662390
11660250
11662220
11671075
11666030
11675190
11660660
11677326
11677860
11676450
11666600
11665500
11664230
11664161
11664110
11675250
11662080
11670019
11677562
11676405
11661060
11668345
11668406
11660240
11660230
11674250
11663377
11660440
11677607
11660458
11672340
11660705
11667050
11677055
11673580
11662430
11667820
11677021
11665530
11673150
11669220
11676351
11677368
11676430
11670300
11663030
11675630
11675370
11666010
11669303
11679209
11672361
11676239
11677599
11676005
11666855
11669197
11667838
11677233
11677252
11671314
11667411
11668306
11676062
11668683
11668340
11675692
11671387
11668217
11672331
11679201
11678138
11676708
11669189
11674771
11677244
11677263
11660560
11667350
11677832
11677593
11677606
11672377
11676410
11676420
11678116
11673520
11673505
11676280
11662040
11662260
11677327
11666861
11666860
11666862
11663260
11661340
11668376
11673450
11679010
11663697
11663006
11677313
11677876
11678120
11676001
11676436
11667612
11667840
11668201
11668223
11675008
11675524
11667003
11675643
11677231
11677249
11671311
11675741
11662522
11668681
11668301
11668221
11677203
11672333
11665470
11667143
11677595
11676570
11676565
11666395
11677570
11666776
11668390
11677535
11667650
11669356
11669155
11668175
11666660
11668650
11667040
11667041
11671510
11677580
11677510
11677531
11677836
11669140
11663335
11665290
11677400
11675005
11677390
11677016
11675440
11661360
11671330
11666210
11679554
11677594
11678152
11669196
11676701
11677200
11677604
11671360
11676050
11677591
11671340
11677592
11677609
11663321
11666220
11668160
11663120
11676605
11666720
11677603
11663347
11660320
11663022
11662600
11663300
11677375
11677289
11668625
11668144
11663345
11666180
11660021
11676245
11666230
11677380
11660050
11673210
11677605
11666737
11660590
11677311
11666869
11677821
11677561
11676470
11672210
11668207
11668319
11677800
11661100
11676401
11661530
11673305
11677823
11677825
11677582
