18972058
18970228
18970140
18972106
18970306
18970284
18972052
18970280
18970330
18972038
18970062
18970007
18970174
18972064
18970132
18972008
18972118
18970023
18970200
18970344
18970212
18980035
18970017
18970218
18970348
18970248
18970020
18970336
18970202
18970277
18970230
18970154
18970056
18972050
18970268
18970292
18970192
18970168
18980030
18970311
18970019
18972116
18980014
18970240
18970272
18970059
18970204
18970266
18972026
18970210
18970352
18970180
18970138
18980022
18970190
18970184
18970148
18970144
18970146
18970021
18972000
18970025
18972125
18972102
18972090
18972104
18970005
18970178
18970254
18970275
18972012
18970244
18980036
18980010
18970208
18972126
18970064
18980008
18970256
18970342
18980006
18972120
18970191
18970216
18972124
18972084
18970052
18972004
18970222
18970262
18972002
18972062
18970322
18972036
18970031
18970213
18972028
18970324
18972128
18972082
18972054
18970032
18970224
18970294
18970274
18970160
18972080
18970302
18970270
18970282
18970060
18970296
18970162
18980032
18972040
18980034
18980001
18972032
18970314
18970300
18970258
18970250
18972068
18970027
18972112
18970166
18970310
18970276
18970226
18980002
18970165
18970042
18970220
18970236
18970332
18970304
18970206
18970074
18972066
18970252
18972034
18970290
18970334
18970326
18970011
18980024
18972070
18970070
18972022
18970312
18970001
18972010
18970182
18970142
18970135
18970350
18970172
18970003
18970136
18970037
18970040
18970150
18970029
18970346
18972114
18970278
18970066
18970130
18970050
18970015
18980004
18970238
18970286
18972129
18970214
18972006
18972030
18970072
18970058
18970234
18972110
18970345
18970164
18972072
18970198
18970264
18970013
18970055
18972122
18972020
18970158
18970152
18970283
18970044
18970035
18970054
18980018
18970156
18970232
18970338
18979899
18980899
18980016
18970176
18970068
18980012
18970076
18970313
18970063
18972100
18972086
18972088
18970242
18972060
18970046
18970320
18970328
18970134
18970308
18970246
18970260
18980020
18970194
18970196
18972056
18980031
18970340
18970033
18972024
18970170
18970009
