18745039
18745017
18745005
18745063
18745126
18745100
18745001
18745080
18745047
18745027
18745506
18745532
18745019
18745023
18745518
18745520
18745534
18745508
18745502
18745029
18745090
18745025
18745061
18745120
18745104
18745015
18745538
18745528
18745055
18745051
18745069
18745112
18745007
18745500
18745033
18745124
18745071
18745510
18745514
18745003
18745009
18745114
18745102
18745059
18745011
18745110
18745512
18745536
18745530
18745106
18745522
18745067
18745021
18745053
18745122
18745524
18745041
18745116
18745057
18745035
18745504
18745043
18745031
18745049
18745037
18745108
18745516
18745526
18749899
18745013
18745045
18745065
