13157138
13154152
13150194
13150262
13152038
13152066
13152128
13152272
13152428
13155176
13155066
13155512
13152226
13155186
13150284
13150198
13152184
13155166
13157072
13157046
13155462
13152342
13157532
13157538
13152048
13152062
13157350
13155052
13154086
13154282
13155458
13157608
13157596
13155018
13154028
13157260
13157206
13155180
13152308
13155172
13152394
13152412
13152494
13150260
13157324
13157308
13157110
13157082
13152338
13152088
13150690
13150568
13155162
13154054
13155110
13154062
13155464
13155126
13155182
13154046
13157300
13157584
13155446
13154026
13155508
13150015
13150062
13150526
13150136
13150102
13157172
13157130
13152112
13155484
13152244
13152230
13152172
13157170
13157158
13155420
13155054
13155532
13152020
13152034
13152042
13157084
13157574
13150270
13150104
13150068
13157136
13150118
13150172
13150162
13154030
13157074
13152460
13152426
13152414
13152390
13157186
13155104
13155422
13152306
13152290
13157272
13157196
13155014
13155064
13155038
13157570
13155522
13157116
13157270
13157198
13150142
13150566
13150582
13152032
13150664
13150676
13150642
13152220
13152190
13157600
13152444
13152378
13154154
13155428
13157290
13150702
13152162
13157346
13154300
13157080
13155106
13157262
13152398
13152284
13157356
13155036
13155016
13155478
13155528
13155488
13152178
13157540
13154044
13157204
13154276
13152014
13157592
13157124
13154294
13155128
13155486
13155460
13150294
13150536
13152234
13150704
13152152
13150550
13152288
13152312
13150011
13150140
13150310
13150580
13150540
13150572
13150528
13150027
13150154
13150612
13150598
13150180
13152248
13152186
13152456
13152422
13152002
13150007
13155426
13152458
13152424
13154280
13150266
13150064
13155430
13152240
13152332
13151352
13157414
13154296
13154070
13157460
13152340
13152314
13152372
13152044
13152036
13157296
13154274
13154068
13150278
13157302
13157542
13154088
13157530
13154080
13154048
13150708
13154042
13152502
13152496
13157044
13154050
13152410
13152396
13157326
13157306
13152450
13152416
13154272
13154066
13155130
13150029
13150156
13150178
13157070
13157032
13157040
13150288
13157594
13155160
13150186
13150148
13155492
13155468
13155108
13150019
13150082
13150520
13150132
13150314
13150114
13155444
13157348
13152176
13155102
13150712
13155424
13152440
13152430
13150001
13150618
13157042
13150696
13157000
13150634
13150264
13150192
13152238
13152160
13150714
13150116
13150282
13150170
13150164
13155524
13154052
13154158
13154082
13157602
13152072
13155506
13152448
13150718
13150031
13150120
13150158
13157078
13150286
13157048
13150176
13155504
13157150
13152492
13150017
13150110
13150524
13150312
13150134
13157582
13150033
13150174
13150160
13150112
13152164
13154306
13154090
13154290
13154270
13155482
13152252
13152278
13152374
13152334
13152318
13155178
13155450
13152446
13155010
13155060
13155040
13155044
13155004
13150594
13152182
13154304
13157134
13157322
13157310
13154310
13157320
13157312
13152346
13157286
13157416
13157400
13157334
13152254
13157284
13157418
13157398
13157336
13157102
13157088
13157176
13157142
13150306
13150009
13150686
13150590
13157598
13157266
13155440
13152158
13155452
13155006
13155056
13155042
13155012
13150302
13152012
13152224
13152180
13157392
13155132
13152400
13155520
13155500
13154064
13154150
13154084
13157578
13154024
13155068
13155174
13152280
13152242
13155032
13152316
13152006
13150268
13155456
13157536
13152506
13150682
13150636
13157174
13157156
13155168
13157274
13157194
13152304
13154072
13152498
13150694
13150632
13150276
13152418
13152452
13152256
13155164
13157462
13157268
13157202
13157352
13157200
13157086
13157143
13155184
13155134
13152276
13155448
13157358
13152386
13157154
13157108
13154302
13155034
13152122
13157390
13157362
13152282
13152174
13150146
13150680
13150638
13150188
13155470
13152274
13150650
13150700
13157004
13152030
13152040
13152022
13157466
13155100
13155072
13150296
13150538
13152232
13150706
13152154
13150548
13157190
13157278
13157422
13157394
13157340
13155170
13154314
13150716
13150534
13150562
13152064
13150672
13152046
13150646
13157148
13155188
13155494
13157006
13157184
13157030
13157106
13157026
13157590
13157360
13157420
13157396
13152049
13150021
13150122
13150522
13150274
13150130
13152222
13150200
13150144
13150190
13150640
13150662
13155002
13152016
13152084
13152126
13150678
13152380
13150592
13150620
13150630
13150684
13152000
13152094
13155080
13155070
13157010
13157020
13157114
13157132
13155082
13152118
13157328
13157298
13157354
13152008
13155046
13155000
13152116
13152344
13152246
13152300
13157146
13152388
13152490
13157544
13155502
13152258
13157152
13154156
13155190
13152454
13152420
13152004
13152092
13157580
13155526
13154278
13150003
13150616
13150692
13157104
13157188
13157122
13152096
13150308
13152302
13150106
13150016
13152348
13152442
13152382
13155442
13155476
13157276
13157192
13154022
13150542
13155050
13155480
13155530
13155510
13152120
13152098
13157344
13155062
13157182
13155474
13157330
13157292
13157534
13155472
13150196
13152110
13152100
13152070
13157280
13157606
13150584
13155454
13157288
13157140
13150025
13150152
13150182
13150290
13157112
13150614
13157008
13157024
13150596
13152114
13150280
13150304
13157294
13152384
13157464
13157338
13157282
13154298
13152010
13152090
13152124
13155030
13155020
13159899
13150298
13150300
13150546
13150710
13152156
13152336
13152286
13152310
13152392
13152228
13157090
13157178
13157100
13150552
13154060
13150668
13150670
13152050
13152060
13152150
13152260
13152270
13152320
13152330
13152370
13152462
13152470
13154020
13154040
13150560
13157546
13157304
13150018
13157576
13154043
13157144
13150037
13150070
13150272
13150100
13150080
13157180
13157264
13157410
13157402
13157332
13151350
13150108
13157120
13152086
13154032
13152292
13154308
13152170
13152504
13157412
13152236
13154312
13154292
13157604
13150066
13157022
13155058
13155466
13155514
13155490
13152250
13152188
13157342
13150648
13157002
13150698
13150660
13155008
13152166
13152376
13152500
13152472
13152474
13154260
13155140
13157470
13157572
13150060
13150035
13157468
13152476
13154262
13155156
13157472
13152080
13152068
13152018
13152074
13157118
13157076
13152082
13152478
13154264
13155142
13150532
13150564
13150674
13150644
13150666
13157474
13152480
13154266
13155120
13155114
13155144
13152482
13155122
13155112
13155146
13152484
13155124
13155148
13152486
13155150
13150005
13150544
13150570
13150688
13150600
13150610
13150586
13150013
13150138
13150530
13152488
13155152
13155154
13150023
13150292
13150184
13150150
