06725016
06726487
06728610
06710220
06709520
06716776
06711510
06716858
06724850
06726330
06723235
06727718
06700553
06727184
06700625
06715377
06706072
06719510
06715382
06716570
06719270
06708160
06722210
06725161
06710700
06713250
06716737
06721505
06704517
06711150
06727215
06700573
06703520
06708395
06700360
06727425
06726765
06717095
06702600
06719305
06708460
06720060
06715580
06726400
06725153
06727177
06706220
06717080
06707323
06706215
06716223
06706205
06726750
06717250
06704610
06721536
06717255
06706165
06708200
06716774
06726313
06700519
06728320
06710450
06712145
06710560
06702285
06719695
06710750
06729235
06709600
06729160
06725152
06709300
06729462
06727702
06720153
06727722
06702814
06729260
06716635
06726180
06720398
06714190
06726160
06706080
06704507
06729350
06728400
06726265
06725005
06710420
06717220
06704285
06726645
06704260
06710280
06725056
06711485
06715715
06717625
06729264
06712105
06710040
06726473
06721390
06706095
06709490
06702212
06702610
06720375
06724185
06727400
06700110
06717520
06710055
06703740
06702815
06708590
06717700
06724060
06719052
06705230
06720300
06722320
06717065
06703480
06713290
06724055
06721300
06711125
06716860
06709135
06717505
06709540
06717655
06727700
06720393
06716335
06708570
06704215
06727163
06726635
06706160
06726670
06707035
06710663
06728315
06727740
06727714
06711255
06717075
06701202
06707215
06719680
06701082
06712185
06717355
06715607
06710805
06716820
06725162
06725104
06709302
06725060
06716710
06708370
06729451
06700178
06703180
06723070
06721502
06727510
06706062
06727203
06727311
06706090
06725163
06727625
06704512
06700158
06710625
06726461
06720459
06725077
06700639
06727179
06726470
06726150
06709175
06726770
06700290
06700453
06717645
06719550
06716550
06702125
06716560
06727110
06714375
06703300
06721430
06704670
06704760
06703305
06711385
06701012
06704600
06716347
06716115
06722380
06700193
06720431
06707210
06716862
06705320
06700535
06700533
06700613
06727415
06725130
06712111
06709660
06722410
06715250
06703140
06712215
06705280
06727706
06716864
06727710
06709560
06707070
06719455
06719525
06721330
06725280
06704487
06720110
06725043
06727189
06725145
06729312
06716340
06722260
06720120
06713560
06719251
06700471
06708735
06721555
06704310
06700510
06727200
06711197
06719015
06707055
06722020
06720125
06716830
06704557
06724830
06727196
06716866
06717240
06719670
06720366
06714465
06716322
06727724
06726460
06713570
06703445
06704280
06703750
06713400
06703420
06727742
06712205
06721120
06715125
06710120
06700595
06709665
06715780
06700662
06729300
06707060
06714415
06719480
06716640
06717205
06719051
06708111
06721525
06726210
06719260
06714390
06720395
06713300
06726270
06705420
06716255
06701072
06728060
06728085
06728010
06728020
06728030
06728040
06728050
06728070
06728080
06724110
06724825
06700498
06716345
06706085
06715500
06709255
06726220
06715785
06700130
06712460
06712110
06703788
06707355
06713580
06725215
06705615
06703370
06725260
06727025
06729330
06716170
06700487
06720371
06719640
06709245
06705560
06700517
06708321
06702820
06704715
06727192
06725063
06726450
06700069
06725040
06700296
06715525
06725055
06727620
06728420
06726466
06716530
06729470
06727220
06716300
06717160
06700458
06729335
06729490
06725100
06729360
06726482
06700465
06705120
06726478
06726452
06725166
06725146
06722090
06708740
06727135
06704445
06727420
06710410
06727181
06700251
06726477
06724838
06716317
06715435
06708331
06701475
06716525
06721556
06704465
06700283
06703793
06724210
06725270
06716350
06721123
06706100
06712120
06729265
06722345
06704185
06719255
06702573
06700567
06706025
06700270
06700300
06704150
06704146
06719512
06700569
06710265
06700590
06724135
06712165
06715375
06709710
06728018
06702800
06700523
06709160
06711411
06700430
06726300
06704245
06714370
06700565
06729205
06726740
06710184
06700499
06719070
06702716
06723000
06722555
06724130
06729472
06716260
06719410
06712405
06704270
06700520
06716267
06717270
06719540
06715750
06715530
06700479
06700653
06727405
06726060
06714410
06715515
06724851
06724015
06702718
06721055
06716868
06710180
06726760
06700630
06704450
06700483
06719390
06726484
06702811
06703220
06726730
06729250
06701270
06724861
06721350
06713610
06712106
06709150
06720490
06720495
06719005
06707315
06727035
06702806
06716160
06702700
06707325
06729466
06729225
06701250
06720426
06716555
06710505
06722290
06711460
06700173
06726305
06715713
06726732
06703390
06702350
06729525
06704815
06720462
06714354
06702602
06723270
06710795
06702015
06706015
06702615
06727704
06721210
06711420
06729215
06727720
06702370
06705630
06700180
06716510
06702507
06720500
06729080
06703791
06720155
06726471
06710605
06708705
06709675
06713630
06715725
06716155
06715685
06716580
06715410
06724800
06724080
06729210
06719535
06715110
06726230
06715450
06710200
06709025
06702712
06704650
06709460
06719520
06703250
06706190
06704500
06704515
06702479
06702455
06711028
06726476
06728645
06700153
06720149
06710620
06720448
06724145
06701215
06726030
06727712
06715861
06701212
06720355
06707320
06727165
06708670
06702425
06727708
06709615
06703210
06721050
06704195
06702435
06710405
06700607
06717125
06725165
06717360
06729220
06728120
06724858
06702483
06708440
06700617
06704510
06721230
06710440
06712400
06703060
06729458
06702655
06702000
06712195
06711205
06724200
06724035
06713565
06716892
06716040
06716565
06725106
06707365
06706064
06727728
06722395
06705485
06706250
06708360
06716767
06720445
06710590
06700415
06719434
06727716
06713230
06720423
06702838
06706230
06719310
06712150
06712116
06720050
06721535
06715867
06714470
06704550
06700241
06707360
06706360
06704720
06712410
06704630
06704620
06711152
06705635
06709270
06725120
06709510
06711210
06711181
06700459
06725045
06703170
06710545
06729100
06700558
06715772
06727610
06720690
06726605
06703470
06702385
06709305
06723048
06705471
06724860
06715840
06721559
06719460
06721380
06725200
06724856
06711175
06704225
06700420
06722060
06705535
06702620
06721551
06724840
06712160
06726735
06716650
06717245
06726245
06726260
06705130
06708715
06708250
06712430
06717320
06716245
06721558
06715365
06724849
06705585
06706200
06709610
06721545
06721552
06717088
06729030
06709470
06700295
06720295
06716735
06704555
06705140
06700057
06722200
06716542
06723220
06716337
06703320
06716180
06726375
06700148
06722500
06721460
06726320
06715570
06720090
06702570
06709340
06719465
06719330
06717162
06716772
06705370
06727430
06726727
06726660
06710430
06700620
06708230
06711215
06722295
06714440
06702674
06715100
06722030
06711183
06700090
06710790
06729120
06714455
06720413
06703055
06706050
06705550
06706082
06708280
06710780
06704764
06702135
06700095
06725085
06720146
06713160
06708385
06725154
06706055
06706077
06711410
06720255
06721530
06715605
06729461
06701247
06729067
06702822
06727410
06706045
06706060
06722305
06708311
06700213
06715670
06700253
06702160
06720458
06708450
06726250
06708070
06710785
06716520
06702355
06724190
06708190
06700255
06716302
06702210
06708210
06706022
06715420
06708040
06726490
06702557
06714180
06726483
06706057
06720040
06708180
06710520
06722425
06713100
06725015
06707300
06703530
06726615
06715600
06704145
06729464
06729469
06704152
06704154
06721515
06715665
06722285
06719620
06719405
06719420
06726600
06717170
06726410
06729345
06725062
06712155
06717070
06720390
06709330
06715710
06703540
06721125
06710360
06700513
06711400
06703160
06727217
06706005
06726725
06720455
06705540
06717122
06721030
06721010
06702230
06726755
06713455
06707050
06715775
06720270
06700670
06727240
06702537
06717620
06715130
06728345
06708050
06714300
06719514
06727435
06728640
06719415
06720734
06700218
06717140
06719257
06708345
06704562
06711100
06703380
06717210
06720600
06714380
06702270
06703510
06700075
06703350
06703550
06721122
06700137
06721220
06706065
06710540
06702465
06717630
06721435
06725157
06710340
06704410
06705490
06705500
06725103
06703260
06700470
06724040
06721215
06716870
06722035
06724120
06704425
06726335
06717465
06720385
06703792
06715790
06719400
06700675
06717310
06702810
06721550
06728330
06721565
06728012
06702804
06728015
06705645
06721562
06717660
06715380
06723226
06721500
06707340
06704482
06725210
06702824
06708270
06722325
06703280
06711187
06722120
06711435
06701242
06704155
06705605
06720419
06703290
06715690
06712385
06724205
06724075
06720409
06708380
06705115
06720070
06726190
06727309
06729535
06700298
06727160
06705160
06725400
06727302
06714220
06725112
06709500
06725012
06727250
06726469
06703460
06729465
06726780
06702410
06702280
06717639
06720350
06720250
06708301
06710270
06701217
06701211
06724001
06703790
06702830
06711155
06710400
06709550
06709570
06709705
06717725
06728325
06706155
06701022
06710815
06705515
06720407
06700239
06700505
06720457
06708120
06726345
06716769
06728360
06726782
06728017
06719320
06711195
06725075
06722330
06722255
06720280
06716810
06703115
06716630
06725230
06705459
06713420
06716695
06702673
06726784
06702812
06716872
06703330
06700628
06717082
06706070
06728536
06701252
06710820
06721145
06713120
06728090
06719485
06722550
06700279
06702445
06711170
06728532
06708620
06724847
06724020
06715760
06715712
06722125
06723200
06715430
06713445
06715738
06722355
06703770
06722350
06716240
06724853
06716355
06705425
06721250
06717340
06711430
06725140
06700105
06704565
06727225
06702405
06716683
06710765
06723260
06702420
06708290
06712370
06716623
06716768
06710570
06723225
06715615
06729086
06726786
06728155
06726225
06702808
06710760
06724105
06717330
06706075
06729200
06720730
06714050
06702130
06702140
06702802
06716851
06702657
06705340
06717755
06702832
06715680
06720530
06717636
06725050
06705270
06727605
06713320
06728355
06711280
06710755
06720710
06720369
06708400
06717243
06709049
06727075
06727060
06708140
06726630
06716705
06724852
06701092
06700192
06700204
06701087
06701090
06712200
06700185
06727730
06711480
06727010
06700450
06719050
06719530
06726744
06719660
06715845
06716210
06713030
06700260
06712440
06721320
06720360
06711090
06725105
06715805
06722100
06720157
06705380
06705190
06727734
06727736
06702836
06727738
06713440
06707235
06711330
06711515
06728305
06716852
06700581
06700575
06727732
06727105
06700495
06722310
06711160
06700579
06700588
06700252
06706063
06727205
06719076
06726775
06705150
06720373
06720415
06706192
06704375
06700466
06709290
06726472
06703135
06725076
06717247
06719075
06700162
06725185
06717290
06700583
06715795
06719079
06716247
06700555
06716200
06720405
06727055
06710310
06705495
06704750
06717275
06700494
06716315
06716235
06715535
06719035
06724155
06716205
06716230
06716220
06728410
06720480
06727190
06720400
06717195
06713170
06729140
06728110
06711520
06711470
06715120
06716882
06720418
06711085
06700560
06704660
06724857
06707225
06716310
06728335
06719424
06700515
06704756
06719027
06716263
06712103
06716725
06716320
06726310
06722400
06724030
06715105
06728340
06726736
06715470
06703150
06705590
06719290
06704625
06715830
06707310
06726454
06702819
06702817
06716590
06726370
06716655
06711260
06713410
06729315
06716884
06710043
06707230
06711080
06714400
06716854
06729305
06726120
06716217
06702607
06709350
06727300
06728122
06729515
06728650
06709045
06708420
06729370
06727117
06715705
06726485
06726491
06705055
06704345
06709177
06711130
06726489
06713260
06729130
06725155
06704235
06700147
06727305
06715677
06716720
06726620
06711250
06709370
06726492
06714210
06727210
06725158
06725030
06716212
06726035
06726050
06714230
06709020
06700170
06717350
06724805
06700060
06706105
06717217
06726272
06727170
06700080
06717180
06723090
06727186
06727350
06727175
06719259
06716202
06727315
06725070
06729385
06723229
06703285
06708480
06716690
06711212
06720712
06704220
06708341
06700633
06704800
06705233
06721124
06717126
06714240
06703001
06703000
06720702
06722270
06700127
06727630
06726100
06714200
06729088
06717190
06717365
06709285
06729505
06717185
06727145
06725035
06728500
06708645
06708415
06700462
06714290
06700145
06707100
06706026
06714205
06725110
06711508
06706083
06727187
06725080
06710070
06720716
06726650
06729510
06705462
06719440
06716207
06721540
06710580
06725109
06728128
06726486
06729320
06707220
06726742
06710042
06708520
06727615
06710412
06706010
06705232
06712465
06726703
06719025
06726627
06728130
06716360
06726385
06704762
06716665
06722205
06720427
06708630
06717105
06721553
06716750
06704435
06708225
06717150
06708130
06727115
06720724
06722280
06705530
06717647
06726000
06716762
06715835
06708430
06710185
06717127
06700115
06714150
06706020
06709220
06717768
06717764
06717772
06717770
06717760
06717774
06717762
06717766
06729455
06704115
06704125
06704105
06704135
06705600
06702475
06720150
06729070
06729463
06714430
06721560
06717172
06709240
06710810
06715850
06723250
06715860
06719370
06728300
06705415
06700503
06704315
06700157
06710667
06705290
06705200
06700610
06726475
06704300
06700235
06700380
06703505
06700390
06700469
06726285
06716537
06705300
06712210
06729040
06726788
06713140
06729020
06724025
06716888
06716342
06728016
06721480
06705640
06726790
06716685
06721554
06709700
06705180
06729468
06721113
06716110
06711032
06700070
06716332
06712358
06715660
06715825
06713590
06720610
06702660
06726340
06702250
06702240
06716659
06708170
06706061
06713130
06725025
06729060
06703725
06709170
06703310
06706069
06729076
06708030
06725065
06700467
06714350
06723224
06729355
06716035
06725108
06725095
06720704
06716030
06720290
06725150
06720720
06729050
06709620
06723050
06715400
06700287
06705240
06700220
06717400
06714395
06727085
06703590
06703580
06724854
06726746
06716070
06702605
06712190
06716120
06719475
06700292
06704758
06728350
06719065
06704455
06713270
06719254
06720148
06704262
06719600
06713550
06726465
06711500
06707205
06710600
06716140
06724846
06724845
06729077
06720417
06701241
06701237
06706240
06704385
06725107
06722265
06706035
06722560
06717100
06705050
06727212
06709280
06706030
06729410
06707200
06717280
06728542
06705520
06719020
06701010
06722390
06710290
06711340
06724050
06719045
06710380
06700600
06727095
06729325
06719360
06717133
06705580
06722385
06726479
06713330
06715360
06725295
06724848
06702110
06723005
06726462
06720732
06727182
06725160
06700065
06729375
06717060
06728124
06727307
06720728
06714280
06700050
06706235
06726480
06703100
06700507
06719429
06723223
06704387
06706023
06710403
06726463
06729520
06725010
06700637
06729110
06711375
06725017
06720722
06717040
06717130
06721507
06721557
06727525
06725068
06715601
06725057
06714460
06708245
06714450
06724065
06709230
06727603
06704485
06716215
06724835
06726090
06705110
06706145
06704175
06721140
06709075
06723221
06724815
06710688
06706040
06704001
06719340
06710160
06700640
06710285
06710670
06714360
06726040
06716327
06726130
06706150
06720726
06700275
06712170
06728505
06708235
06712360
06726380
06708750
06708730
06729065
06726110
06729500
06710655
06706135
06707370
06710060
06702195
06712100
06700229
06726333
06704470
06715630
06717515
06700310
06713240
06716238
06703190
06705445
06720714
06721564
06703794
06704475
06710100
06717165
06728310
06701080
06700516
06700190
06700525
06703240
06720169
06720165
06720163
06720168
06720162
06720160
06722405
06715675
06722315
06724827
06716680
06727045
06700562
06701220
06720447
06720425
06715820
06727120
06710660
06715700
06715865
06720105
06710550
06710610
06725020
06710675
06724140
06700100
06700649
06702490
06711038
06710602
06715800
06721080
06719470
06705570
06721117
06700650
06719500
06715127
06702215
06722110
06727130
06721100
06709530
06702150
06726290
06713165
06710275
06710645
06704810
06716874
06709310
06712380
06703796
06716755
06721135
06702617
06703303
06729061
06703230
06725156
06711165
06708150
06724070
06702710
06702675
06728625
06728630
06702155
06726610
06708220
06704365
06729395
06702145
06729400
06727600
06727178
06710603
06708710
06716500
06714260
06708413
06700146
06719630
06717710
06709047
06716572
06720140
06700222
06705170
06708725
06705360
06722045
06720382
06709095
06709105
06700545
06700550
06710870
06710875
06709055
06702658
06700549
06700547
06710865
06700538
06700544
06709125
06709085
06700541
06700539
06704415
06700410
06710510
06709115
06710855
06700542
06724165
06720430
06728430
06729082
06717200
06702395
06700063
06727505
06727195
06727245
06719150
06729150
06716890
06725061
06725064
06719650
06711488
06721568
06722055
06705510
06704230
06700350
06719675
06726390
06706021
06720718
06700460
06700463
06727063
06702826
06729365
06713450
06705625
06716770
06712450
06727520
06727155
06704389
06720708
06727500
06702290
06705231
06720485
06700219
06725190
06705545
06719385
06705405
06716330
06717092
06729090
06724810
06724175
06700155
06704290
06710665
06721070
06717260
06707065
06700665
06711275
06721240
06716856
06721360
06705250
06728540
06700254
06706225
06722080
06721260
06700464
06709650
06711440
06721563
06717615
06724170
06725125
06710140
06700642
06701085
06703780
06701075
06711350
06717293
06721270
06708240
06705235
06729010
06717600
06714250
06715864
06709345
06707305
06704335
06717300
06724180
06710045
06701245
06701450
06720380
06709200
06729530
06729380
06720456
06726481
06725290
06727003
06713190
06708410
06700605
06713220
06710438
06700197
06702612
06713180
06706196
06721510
06719080
06726488
06727172
06710630
06703490
06710507
06725240
06710650
06720460
06716250
06721217
06726464
06713200
06726080
06721520
06721522
06717503
06716305
06704392
06723010
06715770
06716312
06727180
06723227
06709670
06707335
06703450
06709360
06729245
06704165
06709030
06720650
06700578
06702665
06702670
06703225
06726640
06709065
06710647
06726360
06727000
06716357
06703430
06700635
06704355
06701200
06717120
06727020
06715520
06702828
06727090
06729170
06714285
06710860
06717525
06702714
06719437
06704000
06716575
06729310
06700673
06712355
06727191
06721310
06703440
06717352
06716352
06716100
06729069
06703783
06700035
06722365
06728100
06717642
06715505
06724005
06720055
06721060
06716876
06704400
06724045
06701240
06720080
06726625
06702260
06715150
06705350
06724823
06702180
06715510
06716558
06716225
06702345
06702335
06709625
06716825
06700282
06700490
06707375
06719010
06716195
06704305
06720260
06728534
06722040
06704313
06725220
06707373
06721105
06709535
06700530
06706210
06720387
06700425
06722070
06703785
06715720
06717110
06700139
06709260
06716740
06726355
06712395
06727515
06702380
06711495
06723230
06708470
06721290
06716878
06711490
06728370
06716060
06726738
06729450
06706110
06722095
06722050
06729340
06719280
06708350
06726365
06700175
06705220
06726700
06726705
06706140
06708080
06706068
06709015
06708000
06707000
06705030
06703030
06700020
06701000
06726717
06704552
06714445
06704567
06726358
06726722
06701260
06728150
06701265
06725052
06701268
06701262
06701255
06701275
06701257
06725164
06716130
06723222
06719040
06726353
06723255
06715050
06710065
06717500
06700457
06724100
06719077
06710530
06711285
06708260
06709575
06702567
06726350
06719060
06729390
06712390
06702390
06716045
06708660
06700455
06728615
06728620
06719030
06729454
06729453
06710240
06710260
06711040
06717705
06729452
06727260
06700615
06717215
06716663
06728635
06708640
06725159
06722340
06703710
06722275
06708540
06716522
06709580
06727185
06724150
06700055
06703705
06702809
06702813
06723055
06721561
06728014
06725300
06702834
06703570
06715385
06713265
06702816
06702300
06717090
06704640
06702821
06702823
06706067
06717086
06706059
06702415
06721115
06729899
06700400
06726720
06708510
06711140
06726255
06717081
06709680
06720706
06717325
06700159
06708700
06704240
06727125
06706115
06715550
06711030
06708090
06726665
06703360
06716800
06710800
06702157
06713280
06710850
06729063
06711036
06715863
06715862
06728530
06715866
06712175
06716886
06704712
06723100
06723060
06708722
06708675
06717295
06725250
06712455
06722250
06716653
06724010
06710050
06726715
06711120
06712115
06716835
06702170
06703560
06721370
06711034
06716050
06712180
06708490
06721121
06720700
06729062
06704250
06700120
06721567
06706120
06726275
06714425
06719300
06716675
06719350
06710415
06707240
06711320
06714420
06724160
06717285
06729457
06729459
06729456
06726240
06716227
06713310
06721110
06716535
06701077
06714355
06711185
06708100
06716760
06720440
06700125
06703797
06717730
06727140
06720135
06716080
06715810
06715610
06700160
06700231
06716627
06703400
06729460
06709450
06719250
06705210
06716055
06702237
06726235
06702175
06724195
06716020
06702235
06703110
06704295
06709320
06707330
06704805
06724855
06702205
06720438
06708065
06719545
06720403
06700571
06727065
06717335
06716150
06705260
06720450
06727550
06722375
06715300
06729075
06705505
06715200
06727150
06711450
06717720
06714405
06716880
06721470
06722430
06711020
06708745
06715115
06726280
06722360
06704754
06711050
06709035
06727545
06705620
06729206
06701210
06710435
06710669
06726468
06704317
06715815
06727726
06711370
06711380
06723120
06700405
06711310
06711300
06700133
06726020
06717175
06727173
06717510
06703355
06729471
06703500
06702190
06710601
06729467
06727188
06726325
06709046
06700475
06726734
06704710
06704705
06717715
06726474
06729073
06727535
06711360
06714385
06726170
06704700
06715730
06711190
06711270
06708610
06706125
06717235
06700149
06703799
06700245
06719380
06728538
06705481
06705512
06704330
06709655
06704707
06711180
06712220
06729230
06716765
06716633
06705565
06721569
06720439
06703798
06704702
06715708
06717635
06701235
06717135
06716190
06704148
06703410
06721537
06711290
06721566
06713600
06715350
06702225
06716325
06720434
06727070
06703760
06726105
06709190
06726015
06703730
06722370
06716307
06722420
06701020
06711505
06717085
06727530
06723228
06719610
06720680
06727227
06720442
06721440
06726295
06717610
06706245
06727005
06724125
06727040
06702165
06713150
06725115
06723080
06727080
06700281
06720100
06727100
06703340
06709048
06703200
06708580
06727015
06716730
06729084
06704473
06704325
06705575
06703125
06704255
06721130
06726315
06727174
06710775
06726675
06705555
06726200
06703600
06700230
06713040
06702497
06703795
06700370
06706130
06702185
06704490
06724820
06700485
06702575
06726070
06704717
06702365
06716715
06708390
06708530
06705435
06720130
06704205
06726453
06729240
06704505
06716670
06715792
06717230
06710680
06708720
06704320
06719047
06704560
06705045
06719431
06713500
06705610
06703270
06713460
06705525
06710710
06707350
06701070
06717265
06706194
06710500
06703255
06722300
06700227
06726455
06729066
06708600
06709605
06710425
06703720
06722415
06711200
06704752
06701017
06716757
06716540
06700660
06724859
06714270
06702650
06716700
06725066
06719690
06720384
06704275
06708060
06727540
06728126
06725067
06702115
06719427
06702818
06700208
06726140
06728600
06728605
06709180
06725090
