19860126
19860106
19860244
19860001
19860136
19860112
19860222
19860031
19860019
19860007
19860005
19860226
19860238
19860216
19860208
19860210
19860025
19860246
19860104
19860011
19860242
19860214
19860003
19860100
19860021
19860232
19860132
19860110
19860236
19860218
19860015
19860224
19860114
19860230
19860200
19860122
19860120
19860234
19860009
19860240
19860204
19860102
19860202
19860134
19860128
19860108
19860027
19860206
19864899
19860013
19860029
19860124
19860023
19860130
19860212
19860220
19860017
