11515040
11534560
11534730
11538020
11500460
11500690
11533520
11534120
11510280
11534140
11523330
11534005
11534580
11510200
11500660
11535220
11534030
11500430
11510080
11543100
11523250
11535400
11500044
11534300
11531070
11534310
11533010
11531100
11510130
11534865
11533170
11510150
11538140
11546000
11539000
11531110
11531420
11533560
11510220
11534240
11531060
11520170
11534880
11500240
11542190
11500480
11500610
11523020
11500550
11538075
11510110
11500730
11523200
11500320
11538085
11538150
11515140
11500380
11523300
11523030
11525070
11570110
11510020
11500010
11523160
11500260
11500390
11500040
11500590
11542170
11538060
11533080
11510070
11547230
11547220
11547050
11515060
11540330
11500290
11538110
11531030
11533270
11530080
11547240
11500100
11534230
11531400
11510120
11500160
11533280
11500400
11531120
11500150
11555010
11510260
11510300
11530140
11550040
11533000
11547250
11500420
11530020
11534100
11500048
11531130
11556000
11510040
11500510
11531370
11500630
11534250
11530000
11535370
11535075
11531250
11500090
11500530
11530170
11510050
11540210
11535290
11533120
11531140
11510115
11500050
11570139
11548050
11543120
11543090
11531150
11531350
11570100
11531240
11538275
11500500
11548000
11547000
11547010
11538040
11515170
11540260
11525150
11538230
11531430
11520069
11538160
11533290
11534810
11538255
11533460
11550010
11535360
11548100
11543350
11535015
11548190
11548210
11543370
11548170
11500340
11548180
11543380
11533390
11534080
11531050
11542205
11548020
11547040
11543310
11573000
11553000
11531330
11510140
11500615
11530190
11570190
11548120
11543360
11533100
11538170
11534570
11533500
11531160
11525060
11538260
11510039
11534060
11550020
11542220
11535230
11534290
11533140
11530060
11533040
11533060
11543300
11533030
11530030
11530180
11510310
11535240
11534540
11531000
11531440
11500650
11535320
11538080
11542250
11500410
11530100
11533360
11515120
11535040
11515180
11523000
11538025
11515160
11533430
11533295
11500360
11523110
11500540
11500710
11510210
11535005
11531260
11530130
11500042
11540220
11505025
11533420
11538220
11531380
11525119
11510290
11533190
11538030
11515220
11510060
11500190
11500180
11535090
11500700
11542040
11500560
11515000
11535025
11523060
11523140
11542100
11533445
11523080
11534090
11538130
11500046
11570200
11523280
11531040
11530110
11500255
11525010
11543105
11545000
11536000
11533260
11542230
11535060
11510180
11510270
11531020
11534840
11542010
11523320
11523150
11534040
11510170
11531270
11534160
11525158
11525050
11540250
11534170
11538065
11531280
11520160
11534550
11535022
11538180
11523090
11500250
11500670
11523070
11542060
11530160
11535250
11535020
11533220
11533400
11515090
11505030
11547260
11525020
11523220
11530200
11533510
11531410
11534180
11535260
11533300
11534190
11500005
11510010
11505018
11533480
11534770
11540340
11540240
11531340
11534110
11534780
11500030
11523050
11543140
11515150
11550050
11510190
11534850
11535080
11500680
11535010
11535070
11534820
11534200
11500300
11500490
11534010
11538280
11523270
11533070
11523120
11534020
11570170
11523240
11535300
11534000
11533370
11534740
11505010
11505019
11525030
11533580
11533200
11531390
11531010
11542180
11538105
11533340
11500580
11500350
11510095
11535055
11500740
11520060
11525000
11535280
11531290
11510035
11500120
11542110
11540320
11538100
11531170
11534050
11531300
11523260
11538095
11520120
11570180
11533465
11533410
11535210
11538250
11535310
11500470
11533470
11500450
11531180
11542210
11542140
11533540
11500220
11540000
11534220
11535050
11500110
11542001
11534750
11534070
11538190
11510030
11500230
11530090
11500210
11533495
11570010
11523190
11533575
11534510
11542160
11520100
11523290
11500620
11538270
11540310
11523170
11531190
11500440
11515080
11523310
11533160
11542020
11542200
11533050
11530040
11534130
11533150
11530070
11538265
11542240
11534800
11534790
11534895
11534530
11530150
11534720
11534890
11534710
11500055
11540215
11530010
11533210
11520110
11525090
11510240
11540350
11534260
11500520
11533230
11535065
11540290
11531200
11500370
11533530
11525159
11534855
11535270
11520150
11525140
11531310
11531360
11515200
11520140
11525130
11535380
11535390
11523130
11535000
11510025
11535350
11548090
11533590
11505000
11510000
11510001
11510002
11510003
11520000
11535340
11548080
11543340
11523210
11533250
11533330
11540280
11548110
11510049
11534870
11515130
11534590
11515190
11500245
11533320
11538070
11540230
11538120
11525110
11520090
11500020
11538200
11542050
11533020
11542090
11510090
11520030
11520040
11510100
11535100
11535030
11520080
11540100
11543000
11500130
11570000
11543210
11533130
11530050
11538090
11520130
11520135
11500200
11540200
11548001
11547020
11510250
11550030
11548220
11570140
11542055
11548040
11543320
11548150
11500310
11520010
11531210
11534210
11535035
11542070
11500170
11515210
11573100
11547200
11548160
11550060
11520050
11540270
11533570
11505020
11534830
11534150
11500280
11534885
11531220
11533110
11533350
11538010
11530120
11599899
11500270
11515050
11538240
11534760
11538210
11547210
11500140
11500325
11534860
11523180
11548060
11543330
11570150
11542130
11525100
11548070
11543130
11543160
11520020
11534270
11500570
11533550
11555000
11500640
11510160
11523040
11531090
11500060
11531230
11542120
11523010
11535200
11500070
11500600
11548030
11543110
11548130
11525040
11500080
11500330
11543200
11533450
11570130
11542085
11548010
11547030
11570120
11533240
11533440
11515070
11533180
11534520
11531320
11543150
11570160
11534280
11548200
11543390
11538000
11548230
11548140
11538050
11542150
11523230
11542030
11500720
11542080
11525080
11533490
11510230
11523100
11533415
