19885322
19883436
19885510
19885326
19883426
19883052
19885346
19885360
19880232
19885516
19885540
19880226
19885590
19880700
19888024
19883142
19883132
19883152
19880019
19889020
19885302
19885580
19883104
19885520
19883536
19883502
19880400
19888036
19880007
19880208
19885524
19883144
19888040
19883108
19885362
19889014
19880508
19883250
19880045
19888004
19883020
19880011
19880222
19888502
19883540
19883514
19880074
19880586
19883026
19883200
19883412
19883056
19880270
19880540
19880078
19880047
19880057
19880402
19883042
19880562
19888056
19885016
19883244
19883232
19880212
19885010
19883432
19880023
19880029
19880572
19883562
19883140
19880576
19885564
19880702
19885572
19887002
19883512
19885304
19883114
19883024
19883030
19887018
19883520
19880502
19888038
19883428
19888022
19880031
19883550
19887006
19883004
19885022
19883062
19883154
19880202
19883002
19883023
19880522
19880006
19883156
19887000
19883136
19883036
19883208
19883544
19880055
19880254
19880051
19883000
19883116
19880242
19883130
19888008
19880256
19883424
19880005
19880204
19885024
19885500
19885578
19880043
19885020
19880027
19885538
19885562
19880524
19883050
19883236
19885804
19885532
19885308
19880037
19887016
19880554
19887008
19888032
19885012
19888002
19883402
19888010
19880276
19880556
19887020
19883122
19883535
19885552
19880552
19883522
19883518
19883038
19888006
19885576
19880806
19880039
19880578
19880580
19885340
19880258
19883044
19880230
19885332
19887010
19885348
19885810
19885364
19880534
19880504
19885506
19883230
19885344
19880001
19885808
19885026
19883210
19885358
19885001
19883158
19888026
19885354
19885554
19889002
19885512
19885028
19885550
19880804
19889004
19889016
19883016
19885596
19880013
19880224
19880800
19883054
19880274
19880041
19883400
19880015
19880240
19885014
19880053
19880512
19883410
19885342
19880500
19880404
19885320
19883150
19885802
19883212
19880049
19885548
19883242
19880009
19880220
19883100
19885570
19883138
19885566
19883018
19888020
19885374
19885582
19885300
19888044
19885324
19883430
19888054
19880260
19885376
19880059
19885528
19889018
19887012
19880021
19889000
19880228
19880250
19888034
19883032
19885508
19888500
19880558
19883240
19880530
19880406
19888030
19883206
19885356
19880280
19887014
19883160
19885544
19889012
19883548
19888012
19885522
19883112
19880808
19883414
19883162
19883022
19883408
19880234
19888014
19885352
19885592
19880206
19885536
19880544
19880025
19880574
19883406
19880506
19885328
19883438
19883120
19885382
19885004
19885502
19880704
19888504
19885306
19885800
19880408
19883034
19883506
19888018
19880076
19889006
19885330
19883006
19880061
19885600
19880035
19880570
19885008
19883008
19885574
19885002
19880560
19880584
19883560
19883508
19885594
19883434
19885006
19888046
19880272
19880070
19883510
19883532
19883504
19880072
19880003
19880200
19885806
19885546
19888501
19880210
19883220
19888052
19880290
19883530
19885504
19885560
19887004
19883246
19883234
19885310
19883106
19888042
19885372
19885030
19885350
19885598
19883538
19880532
19885378
19889010
19889008
19885370
19885542
19885384
19887899
19888899
19889899
19886899
19885584
19883014
19883060
19880017
19888000
19883248
19880063
19888048
19883058
19888028
19883204
19883202
19883102
19888505
19883500
19880582
19885514
19883238
19880282
19888050
19880236
19883012
19883040
19880802
19888503
19880550
19880284
19885334
19880510
19885530
19883422
19883542
19880252
19883404
19883010
19885534
19880033
19880520
19883546
19883110
19883534
19880542
19883134
19880410
19883420
19885568
19888016
19883564
19880706
19885526
19880238
19885380
19883516
19880278
