09952535
09952370
09952340
09952385
09952388
09940310
09932060
09950461
09961251
09931160
09961253
09972240
09931494
09931070
09931310
09972250
09972220
09942021
09972430
09950809
09943450
09973005
09962250
09910500
09960100
09960105
09980100
09940430
09980550
09960490
09990560
09942082
09971360
09930425
09962100
09913070
09951020
09911050
09950561
09930360
09920480
09952455
09973051
09981175
09972210
09990310
09942090
09950700
09990720
09931495
09931280
09931520
09951110
09910170
09970210
09990805
09974220
09941090
09942120
09970265
09971640
09931493
09931000
09950060
09962650
09961090
09960179
09952580
09961080
09991010
09940300
09974150
09991085
09980252
09970270
09962135
09942080
09980253
09980254
09914030
09972200
09960440
09981030
09980160
09940440
09972370
09972375
09981205
09920720
09932095
09960420
09943480
09952113
09913090
09930260
09943460
09972061
09940400
09962270
09941580
09911260
09952305
09980260
09963070
09931417
09950820
09930293
09980203
09974110
09981470
09981090
09990215
09990400
09960555
09962280
09941049
09910730
09973330
09931565
09974365
09942088
09942089
09972140
09960290
09972160
09981488
09920550
09941120
09973080
09910330
09972170
09942109
09962180
09961690
09973047
09950842
09941640
09970180
09970242
09911330
09990500
09910640
09980243
09980530
09980791
09961320
09910710
09980018
09980330
09960230
09951050
09961190
09951000
09942084
09920540
09932030
09932055
09960510
09990470
09990540
09951008
09960405
09920250
09912050
09951070
09930330
09961430
09910030
09911160
09942000
09910050
09950260
09942076
09911420
09981105
09970160
09970280
09960050
09972410
09972150
09972130
09961522
09980030
09931412
09980700
09993330
09970243
09981160
09972110
09943550
09931500
09990240
09990290
09930422
09972100
09970450
09980745
09930424
09974300
09931570
09932150
09920410
09930433
09942051
09910320
09930431
09941621
09972090
09990320
09942160
09942061
09950150
09950775
09980485
09972230
09921050
09921188
09910650
09950792
09993320
09952200
09952555
09911470
09930310
09990190
09941660
09990815
09973280
09952210
09972070
09990070
09972270
09911010
09960750
09970430
09991040
09972060
09952205
09942075
09950010
09913130
09950825
09941650
09951140
09951320
09921290
09974140
09942270
09912265
09911390
09952222
09993030
09920200
09952233
09941220
09940040
09940120
09920360
09981190
09973010
09951007
09931230
09941417
09952115
09952108
09952130
09952110
09952160
09974125
09972040
09960670
09972030
09931090
09941167
09972020
09941740
09941754
09972010
09951530
09952480
09980400
09940595
09971000
09912230
09912235
09942071
09971010
09941270
09950563
09920130
09912170
09951480
09974385
09942240
09960430
09942440
09931660
09993130
09971020
09962310
09920230
09960580
09960583
09951006
09941045
09930434
09930438
09930446
09930444
09930445
09930439
09930441
09951180
09961840
09950562
09941060
09952333
09941180
09930436
09930435
09930442
09961760
09943070
09930443
09930437
09930429
09940465
09962510
09961100
09960540
09911610
09930345
09911200
09961240
09913140
09921380
09921390
09941046
09941300
09972350
09981010
09940320
09942210
09971630
09971030
09970220
09974100
09931020
09971040
09912270
09912260
09971060
09971070
09931421
09950080
09940535
09940545
09943100
09940538
09950640
09930240
09993260
09921070
09974040
09981240
09951550
09950781
09962720
09942110
09990270
09950776
09971080
09980170
09920390
09962220
09952158
09962390
09961180
09931400
09952335
09950630
09920470
09980092
09951010
09941033
09921310
09971330
09931120
09931250
09931260
09950791
09910450
09952515
09971320
09971300
09971270
09941751
09914050
09981020
09993240
09991110
09970269
09961420
09951520
09941050
09910535
09973052
09971290
09971280
09971260
09990740
09952206
09993100
09961640
09971230
09940447
09960545
09971240
09931140
09971220
09950530
09962580
09952490
09960470
09921040
09980781
09910300
09931470
09960110
09961510
09950250
09971210
09943110
09972400
09970240
09930530
09940470
09993325
09940560
09921090
09930335
09991170
09971110
09911510
09931290
09931110
09971100
09971120
09971190
09971180
09971130
09931460
09951450
09981145
09952465
09951420
09911290
09960438
09960090
09993010
09912240
09992100
09974270
09990660
09960690
09962140
09941205
09910760
09931175
09962620
09960407
09943020
09971170
09961350
09950777
09971150
09931650
09990260
09960415
09981490
09931350
09911130
09911135
09980660
09980665
09911430
09950050
09952365
09973050
09913160
09911540
09974120
09930544
09914040
09920270
09973310
09952315
09960401
09931600
09990510
09970250
09971560
09940600
09981530
09980093
09930548
09980800
09910070
09951390
09992050
09981270
09950770
09921170
09921186
09960620
09952105
09950120
09912205
09941413
09972312
09912120
09912210
09912100
09912080
09912090
09971610
09942103
09950705
09973190
09952495
09972397
09941260
09932085
09962130
09951273
09962230
09960422
09990200
09960400
09962560
09942085
09962120
09990420
09990410
09990170
09910120
09941753
09931510
09921020
09993250
09920000
09962700
09972314
09930477
09980235
09974340
09993190
09962550
09913240
09972290
09914010
09952460
09952520
09941057
09990650
09952355
09952395
09951440
09920640
09962370
09961400
09961670
09931530
09931491
09950450
09920560
09913040
09963020
09942070
09930551
09942073
09942190
09981180
09941230
09940550
09940265
09931055
09981155
09921185
09993070
09961810
09960260
09931620
09931582
09961820
09950570
09941160
09941059
09931496
09941163
09962360
09972355
09980190
09961133
09992110
09951470
09961088
09931015
09970470
09961852
09961853
09971620
09980590
09912020
09942095
09942098
09912140
09980300
09980220
09931423
09974035
09931422
09960178
09962350
09960409
09952225
09963040
09963060
09942072
09952325
09980370
09943010
09970262
09961442
09941540
09990730
09932330
09962470
09951030
09942083
09950130
09961520
09970260
09962610
09971160
09941365
09941210
09940444
09961140
09961310
09961241
09961105
09974332
09980210
09931040
09981185
09950850
09963290
09971540
09931300
09981485
09960040
09941240
09940100
09941170
09920010
09961470
09911615
09911030
09962590
09911265
09911575
09962240
09930410
09990230
09961720
09960010
09913195
09992090
09931340
09920165
09942060
09910115
09921130
09990220
09952380
09951560
09974333
09990710
09920520
09941010
09952390
09980130
09970170
09961700
09941750
09961157
09963530
09963520
09963560
09963570
09963510
09963580
09963500
09963540
09963550
09963590
09921030
09921028
09921029
09951497
09962460
09912320
09950715
09981135
09981170
09952345
09980630
09952560
09993150
09950690
09952375
09980247
09952227
09911380
09931025
09962260
09911400
09930380
09941280
09942420
09913220
09960442
09911360
09981140
09920580
09991020
09962440
09952415
09980650
09920575
09920572
09920578
09920579
09941202
09941201
09950300
09950615
09931030
09931360
09930426
09974334
09931130
09961500
09981125
09910770
09941656
09952565
09961152
09974380
09911340
09960170
09962380
09943092
09981200
09981210
09952400
09930460
09960020
09951004
09950838
09951333
09974320
09990570
09950750
09960210
09961155
09960340
09961550
09980025
09974030
09990610
09940510
09952510
09962340
09981121
09952470
09962600
09950730
09980480
09962640
09912030
09961830
09942031
09931418
09970410
09971798
09971250
09961780
09930295
09941070
09970267
09931670
09910020
09942300
09920175
09990105
09961151
09980240
09931111
09911000
09920450
09912280
09990100
09980570
09950160
09960700
09931680
09942100
09930690
09963030
09960450
09980790
09992030
09981510
09940270
09950400
09910260
09961390
09961666
09981450
09913080
09950030
09981123
09990399
09931410
09974000
09973104
09952219
09971550
09943200
09973103
09942074
09960503
09942140
09963050
09910040
09930290
09993315
09910700
09993290
09951270
09972310
09941412
09962330
09960480
09961254
09971370
09990808
09980760
09950800
09940596
09943440
09941690
09911460
09962320
09931065
09960432
09940290
09980000
09981060
09980005
09914020
09910660
09931419
09931430
09990680
09990430
09940130
09980610
09931700
09973100
09973101
09911630
09942041
09941611
09991130
09991080
09991060
09973290
09941755
09973240
09973090
09961590
09973200
09950540
09963330
09973270
09941140
09920190
09980410
09993000
09931468
09943094
09973102
09940450
09920710
09921080
09930292
09980248
09921230
09921280
09960650
09971510
09941290
09941295
09942400
09971530
09950330
09942077
09981000
09960220
09992080
09970241
09941430
09911570
09940190
09980008
09952410
09960140
09941150
09960525
09951230
09974310
09990810
09973006
09912200
09941655
09940420
09951120
09980780
09941080
09991780
09930540
09950798
09951260
09990550
09910130
09950580
09952433
09973150
09930550
09974345
09950430
09932180
09972325
09912268
09970348
09970344
09910310
09911500
09973040
09973041
09973045
09931273
09925000
09935000
09961655
09973043
09973042
09913020
09950835
09963000
09942260
09970342
09961370
09950600
09950550
09910150
09981195
09940060
09972380
09974160
09981482
09973053
09973345
09941040
09941035
09910460
09950779
09921300
09980070
09980072
09971570
09950490
09990515
09970350
09970290
09912263
09941053
09942410
09941020
09942030
09911280
09951150
09951100
09941015
09962430
09941166
09960538
09910520
09950789
09910360
09972326
09973105
09932020
09961630
09941030
09961610
09963340
09972327
09932120
09970150
09950772
09931150
09912220
09920400
09960177
09961250
09951225
09911090
09910002
09950796
09940540
09931450
09973320
09920370
09991050
09961255
09910225
09930280
09961360
09910480
09932070
09930421
09950575
09950170
09910180
09932140
09950675
09931497
09950460
09973180
09920210
09932210
09973250
09962355
09950620
09962500
09974020
09961256
09970370
09940170
09910580
09974375
09972001
09971485
09961850
09951090
09911350
09910570
09990395
09941355
09950020
09960320
09920140
09920135
09940315
09942500
09910010
09980580
09960180
09951500
09961450
09992000
09920730
09974010
09960150
09932341
09942040
09981220
09961220
09961125
09920160
09910670
09910400
09941115
09940150
09950240
09971490
09911020
09960070
09940460
09974260
09930480
09912040
09951360
09981215
09961252
09941155
09970420
09911070
09950740
09960240
09913200
09930680
09941415
09910380
09980200
09930340
09980150
09960120
09980181
09930470
09972180
09961050
09910750
09960410
09910490
09912060
09974200
09950590
09950310
09980120
09951009
09920170
09950803
09951160
09990630
09951170
09980245
09961070
09990670
09951510
09981484
09931240
09940370
09931378
09910001
09940350
09973020
09910060
09920060
09990245
09911080
09930432
09920610
09913210
09980488
09981122
09974405
09911100
09960176
09950480
09951460
09931080
09910110
09990040
09991210
09930430
09931498
09932220
09951570
09980710
09980720
09950370
09950810
09950610
09972315
09950220
09941410
09941411
09980620
09931466
09913000
09990330
09921340
09952435
09930700
09971200
09950566
09971199
09950782
09952170
09940490
09973048
09932360
09911140
09920680
09920300
09962410
09960425
09950230
09980640
09951370
09911590
09961290
09980270
09961680
09950565
09972311
09941161
09993310
09981420
09913010
09941044
09931050
09974070
09950410
09940520
09940590
09981290
09920630
09912160
09960710
09950500
09921350
09952550
09930220
09972328
09990180
09961505
09961330
09981480
09941041
09913060
09961854
09970341
09941100
09931610
09932340
09911320
09980310
09971600
09990480
09960250
09951005
09930760
09990520
09931390
09940340
09932300
09971193
09993110
09961525
09931270
09974330
09940410
09940500
09941250
09981150
09990103
09930510
09973120
09961800
09952485
09993050
09910630
09972395
09910000
09911170
09931060
09910720
09951080
09960080
09960085
09972080
09960548
09920280
09972280
09930390
09942081
09951310
09913120
09910370
09960088
09990060
09971400
09971525
09971380
09971450
09971520
09971440
09971410
09971350
09971390
09950785
09980730
09961580
09974180
09950774
09962290
09913110
09981110
09990450
09913050
09950845
09942230
09930555
09960190
09960360
09980540
09972390
09972425
09961200
09980390
09911110
09940555
09951410
09993270
09961000
09971420
09981380
09910680
09951350
09950350
09951340
09951300
09971480
09920595
09960310
09920080
09961455
09981390
09951330
09973044
09980250
09974050
09970175
09972360
09911620
09932350
09990530
09921005
09971602
09993020
09931372
09980770
09910230
09943050
09910740
09940180
09990000
09911550
09950040
09961158
09992020
09940445
09940330
09960200
09962490
09974395
09961859
09942170
09943490
09932250
09910560
09950725
09960300
09932130
09931490
09961170
09990102
09990030
09971196
09950100
09921160
09960508
09960130
09911040
09930490
09980015
09992040
09980490
09932260
09941760
09950520
09961131
09940442
09974339
09981100
09911450
09990140
09990600
09990460
09990380
09920100
09951580
09952525
09981120
09921200
09963370
09962300
09974065
09980256
09980262
09980264
09980258
09931077
09980263
09913230
09931078
09980261
09990195
09911495
09980265
09980257
09980259
09940390
09943030
09921210
09950807
09911580
09950793
09921180
09970460
09993060
09932100
09960590
09921000
09940210
09940200
09981005
09951190
09962110
09980075
09951475
09910220
09960030
09972260
09972385
09974420
09992010
09980280
09911440
09910160
09990045
09941420
09943093
09961503
09980783
09941190
09971430
09913030
09942087
09960460
09992070
09952530
09961857
09990812
09992060
09940010
09912300
09960586
09974290
09950670
09973380
09941051
09980786
09981130
09980788
09971580
09981115
09951003
09991095
09921250
09941480
09941380
09941570
09943060
09990800
09943090
09952368
09952350
09952545
09952430
09974331
09941110
09962200
09990155
09931170
09941390
09942111
09973350
09971500
09950685
09940597
09974085
09980799
09943091
09931416
09931370
09950680
09962450
09921240
09941630
09993080
09920650
09910250
09960445
09931374
09971660
09973000
09940260
09961020
09913190
09931200
09921010
09910200
09951200
09991190
09940455
09931414
09910440
09940221
09980080
09980010
09981250
09942020
09960740
09952312
09990110
09931071
09932170
09931415
09931469
09950510
09973234
09973233
09973230
09930423
09921370
09930200
09910340
09943410
09932090
09940000
09932160
09943510
09930560
09974240
09943080
09930210
09930215
09932050
09943430
09930450
09950420
09932080
09920110
09993220
09920350
09931210
09950778
09920025
09932290
09960280
09942079
09950695
09952320
09952208
09991075
09972313
09952405
09951496
09973130
09980060
09962375
09961040
09991200
09930535
09950799
09920260
09974400
09950320
09990590
09970347
09960435
09930428
09974230
09950840
09943140
09950665
09952428
09980340
09974055
09971340
09972005
09910620
09974360
09961460
09961620
09942430
09960330
09980205
09991000
09974280
09951280
09950360
09930370
09993305
09910540
09950780
09921190
09971470
09941720
09961260
09961150
09961130
09942086
09942180
09973340
09920490
09981165
09940110
09921150
09921182
09971460
09940580
09940585
09943120
09912207
09971670
09971203
09943420
09961515
09931275
09931010
09973300
09971206
09931560
09950200
09993120
09920090
09961570
09970330
09950000
09990020
09952245
09940530
09931440
09952230
09931640
09931411
09993040
09960060
09990035
09970300
09980074
09950745
09970215
09930350
09970200
09943130
09951465
09980012
09961790
09952450
09930285
09941130
09911480
09940030
09970440
09932110
09991140
09972316
09963350
09963310
09963260
09963261
09963280
09963300
09963320
09963262
09963360
09931413
09930270
09980040
09980078
09942101
09912130
09970120
09990026
09990620
09911060
09960408
09962210
09931467
09993160
09980110
09993280
09972300
09960500
09960505
09960660
09990340
09932240
09973370
09980450
09980560
09952570
09990440
09941520
09941360
09921100
09921184
09951278
09910610
09990580
09962520
09942011
09990104
09961512
09951490
09973049
09951495
09942490
09974250
09980230
09942250
09961257
09951499
09962125
09960550
09981260
09930291
09961770
09970230
09962420
09974080
09912340
09962540
09952330
09911410
09960418
09930420
09993180
09993210
09993230
09912190
09920340
09973030
09973046
09981032
09980085
09971780
09910470
09971760
09920150
09980087
09971793
09971790
09971795
09961730
09971770
09971750
09974095
09950140
09980082
09971788
09980089
09980088
09971765
09971762
09971764
09930500
09981037
09971800
09971785
09980084
09980086
09981035
09971772
09974130
09911270
09960000
09951220
09990090
09942099
09941200
09952575
09981500
09960520
09921245
09940020
09990350
09942010
09912000
09943400
09952420
09943470
09974190
09950470
09990405
09974060
09960610
09980600
09952203
09931540
09950560
09950190
09972320
09961710
09920590
09974105
09980380
09951540
09920320
09999899
09961856
09951002
09981300
09981360
09961540
09930296
09930427
09950795
09920460
09993335
09962570
09920690
09931220
09972095
09961851
09952425
09943000
09951060
09961154
09932280
09990820
09961132
09980690
09980470
09931072
09941350
09941531
09921270
09931405
09912250
09970346
09950848
09973070
09910240
09961301
09952353
09990057
09990055
09990690
09961855
09960730
09910690
09921003
09920290
09990050
09962710
09951040
09911300
09942480
09991030
09952155
09942102
09961340
09980237
09962630
09980440
09941710
09941711
09973220
09920020
09931480
09930580
09920050
09930630
09930590
09920055
09930670
09930730
09930080
09920030
09920040
09930740
09980255
09930650
09943040
09930710
09930660
09930640
09930645
09930610
09930620
09930720
09974115
09931550
09960527
09941560
09912010
09952505
09990106
09920700
09940230
09931380
09921320
09971650
09993300
09950569
09962400
09920530
09950340
09974410
09942078
09952240
09993170
09952590
09950794
09940070
09972420
09981070
09971381
09931180
09993140
09990244
09981520
09980076
09952308
09951485
09951498
09930570
09930545
09980239
09950786
09981133
09980460
09931330
09961665
09951240
09981230
09993090
09961300
09960600
09960605
09940280
09993301
09921330
09950805
09931375
09951430
09974045
09972340
09962105
09952215
09990390
09931005
09991070
09950760
09931590
09990150
09990250
09951400
09980750
09990280
09961600
09932000
09950815
09910530
09941162
09980740
09943520
09940160
09911310
09962255
09981540
09911482
09970340
09990160
09952211
09974370
09961858
09960428
09981370
09980003
09981126
09932040
09970310
09931190
09960412
09911190
09974075
09914060
09960270
09962480
09974390
09961210
09942200
09920600
09921140
09911485
09981340
09920220
09950045
09930294
09990770
09961343
09950765
09981400
09980290
09941400
09993200
09990101
09941055
09974335
09952440
09950650
09950771
09912180
09912201
09991100
09931492
09990120
09990360
09991120
09991090
09951380
09990300
09932190
09920500
09920380
09932082
09932084
09911520
09931420
09990625
09990415
09990080
09961441
09942096
09952540
09952360
09950110
09974355
09950830
09981127
09950790
09921110
09921183
09961650
09980320
09950755
09942050
09963010
09961160
09981124
09940050
09990010
09930475
09981550
09911490
09974170
09931373
09980090
09980095
09952175
09952120
09952140
09952150
09952145
09952135
09960530
09960535
09930400
09952500
09920660
09952165
09952125
09920330
09910350
09960720
09941670
09913150
09950180
09910080
09961030
09980405
09980406
09940360
09952318
09981080
09921400
09980797
09920670
09974090
09941757
09980020
09932320
09971425
09914000
09942093
09941490
09941370
09941550
09942091
09941620
09942107
09980185
09941460
09941530
09941600
09942104
09950735
09941440
09942105
09941500
09942097
09941510
09942092
09942094
09941470
09941450
09942106
09941610
09942108
09980180
09912150
09970343
09950440
09981050
09990210
09911180
09962730
09961110
09961530
09961660
09974350
09950710
09962275
09980793
09910140
09910550
09980795
09960640
09952310
09980670
09974210
09960630
09950720
09960175
09910190
09972330
09981430
09932230
09940220
09941445
09940240
09980241
09980249
09951275
09943210
09941233
09973400
09950551
09941235
09941375
09950783
