17302286
17300538
17310022
17302226
17302340
17302242
17305418
17305414
17305150
17305332
17300178
17300037
17307230
17300122
17300516
17310046
17300192
17300558
17305304
17305336
17305324
17302146
17302180
17302166
17307241
17307032
17307006
17300196
17300552
17310014
17300102
17300007
17302000
17302040
17302028
17302108
17310026
17305412
17300045
17305404
17305261
17305420
17300126
17300134
17300124
17307332
17300172
17307252
17302376
17300304
17305032
17300500
17300066
17310050
17305426
17300504
17305162
17305180
17305178
17307270
17305172
17307266
17305152
17305062
17310052
17300190
17300039
17307342
17307371
17307350
17300019
17305060
17302302
17300189
17307380
17305402
17307282
17305040
17305122
17305280
17302188
17302223
17302206
17305002
17305190
17305077
17307298
17307204
17307014
17300322
17300194
17300330
17305010
17300176
17300182
17302312
17302114
17302379
17302172
17302120
17300064
17302122
17307290
17305006
17300174
17300132
17307024
17302174
17302238
17302352
17302274
17302280
17302240
17307061
17307036
17302021
17300021
17300110
17300130
17302260
17307040
17305306
17305301
17305296
17305112
17300351
17300129
17302232
17302344
17302246
17302334
17302326
17310032
17300027
17302370
17305132
17305181
17307373
17305232
17302102
17300355
17305148
17305192
17305030
17305028
17300043
17300067
17302124
17300100
17305064
17307286
17305076
17307302
17307338
17302306
17302364
17305184
17300522
17300536
17302150
17302367
17302262
17310004
17307224
17302171
17302104
17302346
17302248
17302236
17300556
17307372
17302024
17300051
17300062
17302130
17300168
17300033
17302160
17302090
17302176
17307374
17305128
17307328
17305052
17302294
17300562
17307250
17310028
17300336
17300055
17300104
17305071
17305104
17300041
17307318
17307308
17307306
17307296
17305196
17305230
17307375
17305400
17305200
17305260
17305286
17305270
17300060
17302313
17302128
17307028
17305034
17302010
17300056
17302020
17302230
17302348
17302304
17305141
17307336
17307292
17302140
17302182
17302221
17302202
17305234
17305020
17305014
17307044
17307246
17307201
17302110
17305012
17305134
17305140
17307364
17307304
17307310
17307020
17305126
17307038
17300338
17305008
17307011
17305036
17305183
17305174
17300506
17302366
17307265
17307248
17300071
17310048
17307334
17305143
17307362
17302315
17300031
17300188
17300009
17300521
17300512
17300022
17300011
17307008
17300166
17300524
17300510
17300035
17300354
17302368
17310016
17302030
17300063
17310018
17300350
17300302
17300514
17300005
17300125
17300518
17300532
17300520
17310008
17302142
17300057
17305142
17307320
17307316
17307274
17300008
17302222
17302208
17305156
17305194
17305176
17305110
17302303
17302284
17307322
17307314
17310030
17305170
17302186
17302362
17302224
17302241
17302210
17300342
17310024
17300353
17305106
17302026
17302365
17300123
17310044
17310054
17302268
17302308
17302288
17302310
17302342
17302244
17302228
17310042
17307242
17310012
17307016
17302332
17307054
17307052
17307070
17307060
17305038
17307046
17307222
17307206
17307220
17307210
17300306
17307254
17307018
17307240
17307226
17307208
17307030
17307396
17305124
17302378
17300184
17300054
17302100
17307228
17307377
17305144
17305424
17307330
17310010
17305410
17300191
17302168
17302170
17302350
17302296
17302300
17302234
17307294
17305338
17310020
17300014
17302008
17307388
17305056
17305108
17305058
17300065
17300106
17305000
17307200
17307012
17302374
17300160
17305294
17305284
17305186
17300128
17300534
17300332
17305188
17302360
17305300
17305070
17305022
17305100
17305050
17305130
17305042
17307288
17302320
17302316
17300042
17302270
17307379
17307352
17302282
17307394
17307260
17305428
17302112
17305074
17307300
17302144
17307381
17307354
17302126
17307244
17307202
17307048
17307072
17307268
17302190
17302250
17302220
17302200
17305054
17307383
17307324
17307384
17300502
17302290
17305120
17305114
17305416
17305146
17307370
17300003
17307262
17305026
17302317
17300029
17307390
17300025
17302330
17300030
17305340
17305310
17305288
17305274
17305292
17305264
17300334
17307026
17307004
17300120
17302328
17310006
17307312
17307062
17307050
17300180
17302094
17302162
17300049
17302044
17302004
17300523
17300508
17305331
17305303
17305322
17302148
17305282
17307385
17307276
17307340
17307243
17307022
17307280
17302314
17302372
17302324
17307392
17300540
17300352
17300164
17300017
17302292
17305024
17305004
17307042
17305266
17307245
17307034
17305268
17305326
17305334
17305302
17300058
17305182
17302264
17305272
17305290
17307376
17300069
17300162
17302184
17309899
17310899
17305154
17302266
17302318
17305179
17302322
17305422
17302106
17300024
17300170
17307386
17307272
17305320
17305308
17310002
17310040
17302204
17300061
17307382
17305430
17310000
17307326
17307284
17300013
17300550
17300530
17300526
17307378
17300340
17302164
17302141
17302092
17302178
17302022
17305072
17305102
17302042
17302006
17300108
17300059
17305177
17300001
17300127
17300112
17307010
17300560
17307264
17300310
17302311
17300023
17305330
17305262
17305312
17300015
17305298
17305328
17300186
17300300
17300101
17300053
17300308
17300047
17302002
17300012
17302272
