17908100
17902178
17900514
17900662
17911210
17911054
17902326
17906254
17906238
17906212
17906206
17900654
17900548
17910010
17910008
17900019
17906000
17906038
17900083
17906102
17904172
17904170
17904150
17904190
17904098
17904224
17904080
17904232
17904070
17904162
17904056
17910246
17910416
17900718
17906722
17910302
17910264
17904348
17908526
17908568
17906714
17911106
17910108
17908518
17908552
17902312
17906444
17906426
17906448
17906450
17906422
17910030
17902102
17911232
17911196
17911148
17904460
17902642
17902674
17902698
17902732
17906454
17910342
17902686
17902626
17904402
17904206
17904372
17904340
17904334
17906816
17900642
17910110
17906850
17904388
17902634
17904050
17911168
17910258
17900700
17902654
17902660
17902710
17902720
17902320
17902662
17902630
17900233
17902016
17900360
17900362
17900231
17900229
17902014
17902012
17900752
17911324
17910344
17902690
17902688
17906704
17906812
17906264
17900235
17906442
17906428
17900267
17900350
17906802
17918024
17902304
17918012
17902646
17902644
17902670
17902672
17902702
17902700
17902728
17902730
17904236
17904456
17908220
17906344
17902154
17908578
17910112
17900269
17906710
17904380
17900366
17900364
17900227
17900225
17902010
17902008
17904032
17902160
17900055
17910054
17900053
17900103
17902171
17904458
17900388
17900748
17906724
17908014
17906032
17911242
17911190
17911160
17904450
17911180
17911170
17911134
17904448
17900696
17910214
17911092
17900199
17906328
17900506
17900532
17900510
17906808
17911002
17904452
17911198
17908102
17910106
17908516
17916026
17904416
17916008
17902028
17904004
17900139
17906258
17900722
17902048
17911042
17910046
17906844
17906292
17906278
17906256
17904044
17910086
17910088
17900007
17900005
17906008
17911250
17911188
17911162
17910244
17904324
17911226
17911244
17911246
17900392
17900261
17900263
17900352
17900265
17900171
17906030
17900648
17906274
17902599
17908104
17904352
17910308
17900716
17906728
17906750
17908556
17910250
17910018
17910016
17900023
17900025
17900087
17900608
17910240
17906838
17904220
17904204
17910024
17910022
17900027
17900029
17900089
17906282
17906262
17906260
17906312
17906306
17906284
17910208
17904194
17911166
17900356
17910102
17908514
17908550
17916030
17908018
17910064
17910062
17900189
17900187
17900109
17916012
17908524
17904082
17904068
17904230
17904226
17904300
17904320
17911144
17911074
17911164
17900726
17911256
17900758
17906300
17906296
17910404
17908532
17900680
17902172
17904062
17906726
17906748
17900760
17900734
17906266
17906270
17906236
17906214
17906118
17906200
17900602
17904086
17904066
17900610
17900528
17900530
17902632
17902680
17902678
17902692
17902694
17910262
17900644
17900512
17900646
17900606
17900400
17900736
17906114
17908106
17904154
17900678
17902310
17902024
17904000
17900145
17900143
17906338
17900079
17906302
17906294
17900081
17906100
17906042
17906050
17908564
17900790
17908012
17910418
17911400
17904342
17900792
17902150
17902170
17911202
17911062
17900542
17902156
17904440
17900183
17900253
17900161
17900061
17906022
17904384
17910334
17902162
17906350
17906364
17904240
17908530
17904196
17904214
17904054
17900682
17911236
17911192
17911158
17900271
17910052
17910270
17902652
17902650
17902666
17902668
17902706
17902704
17902724
17902726
17900193
17910066
17900191
17900111
17910402
17900688
17900255
17900163
17900017
17910234
17900564
17904184
17904182
17904156
17904186
17904216
17900742
17906720
17906746
17900784
17910338
17900674
17906250
17906240
17906210
17906208
17902324
17916036
17910430
17902026
17904002
17900141
17900209
17900127
17904022
17911066
17910044
17900047
17900097
17900768
17906272
17906116
17902100
17910058
17910114
17910230
17911016
17911044
17911228
17910200
17911240
17911046
17911230
17904392
17910238
17902300
17908226
17906702
17904414
17908520
17902736
17918022
17904238
17910408
17902318
17906028
17906318
17900730
17900714
17902104
17902032
17904008
17900135
17908538
17910426
17906458
17906566
17900684
17906320
17904472
17910330
17916016
17916010
17904084
17904168
17916032
17906006
17911186
17908504
17904426
17900720
17900782
17906836
17904164
17902738
17906216
17910254
17906820
17906832
17906352
17906362
17906204
17904464
17906034
17902640
17902608
17906052
17911206
17911058
17911010
17906036
17911006
17906218
17911150
17911076
17904252
17910202
17900518
17900660
17900550
17900560
17900650
17900652
17910242
17910300
17911000
17911102
17910348
17910400
17910222
17902020
17900239
17900149
17900073
17906040
17910422
17904064
17900500
17900237
17900534
17900540
17900566
17902040
17902018
17904166
17904034
17904096
17906590
17900129
17900251
17900159
17900063
17906024
17908224
17908502
17908004
17911224
17904428
17910216
17916020
17900764
17904092
17900370
17900372
17900217
17900219
17902002
17904028
17911182
17911142
17911078
17911028
17900686
17906810
17900526
17908570
17900756
17908008
17900544
17904332
17910346
17910428
17906252
17908214
17908204
17908522
17906310
17906308
17904306
17902622
17902616
17904234
17910000
17906316
17904410
17904462
17904442
17906324
17910090
17910092
17900003
17900001
17908508
17908546
17906440
17906430
17908528
17900520
17900656
17918016
17906314
17911332
17910094
17908510
17908540
17904400
17906846
17906706
17902314
17900728
17900257
17900165
17900013
17906020
17906012
17906446
17906424
17900698
17916014
17918000
17910116
17904188
17908576
17900516
17906104
17906110
17918018
17908216
17908222
17908544
17911096
17906334
17910206
17910248
17906404
17902052
17906460
17906550
17906560
17904412
17906800
17906712
17902046
17906366
17902308
17906708
17908536
17902182
17906744
17908000
17908554
17902302
17900690
17900770
17910236
17911110
17902620
17902618
17900754
17900788
17904424
17904454
17908016
17911280
17904446
17911322
17904094
17900694
17902022
17900147
17900075
17906346
17900077
17904192
17911018
17902108
17900354
17906814
17904408
17904376
17904346
17902684
17900524
17902606
17908202
17908500
17906202
17910256
17910406
17910060
17904198
17904212
17904322
17910040
17910038
17900041
17900039
17900095
17904474
17910068
17910320
17910210
17910260
17910310
17900374
17900376
17900213
17900215
17902000
17904026
17904218
17908574
17900712
17900015
17904470
17906332
17902316
17904378
17906592
17910212
17910002
17908562
17904200
17904326
17904312
17900398
17900396
17900203
17900205
17900744
17910232
17911284
17904256
17900243
17900732
17904406
17906456
17906568
17902328
17902164
17904152
17911104
17911098
17911120
17908566
17918006
17902034
17904010
17900133
17908558
17902696
17911326
17906558
17904174
17906842
17900746
17900378
17900211
17904024
17908200
17902152
17902330
17910014
17916034
17902638
17902676
17902734
17910410
17902612
17918002
17900021
17900085
17906818
17900195
17906004
17911282
17910028
17910026
17900033
17900031
17900091
17910432
17906280
17902628
17902610
17911154
17911068
17911024
17906806
17900259
17900169
17900167
17910082
17910078
17900043
17900045
17910084
17910080
17900011
17900009
17906010
17900185
17910072
17904222
17908022
17910218
17900504
17900780
17910006
17900672
17904302
17910204
17906830
17906822
17906276
17906112
17906322
17902602
17902600
17900676
17902648
17900692
17906848
17911320
17904178
17904158
17904180
17906452
17906410
17906420
17911286
17908542
17904308
17906342
17916028
17906326
17910424
17918020
17910220
17900402
17900670
17900664
17900612
17902636
17906804
17908208
17908210
17911208
17911056
17911012
17911100
17902306
17904370
17904360
17904090
17904088
17904208
17904210
17904328
17908572
17908218
17904160
17908002
17911204
17911060
17911020
17900774
17911258
17908506
17910020
17900738
17906234
17900241
17900153
17900151
17900069
17900071
17916022
17902158
17906354
17906360
17900502
17906740
17900207
17900125
17904020
17916004
17902624
17904330
17904382
17906552
17904386
17911328
17904060
17902682
17910050
17910048
17900051
17900049
17900099
17900101
17906340
17910012
17904176
17911152
17911072
17911026
17904048
17911140
17911136
17911080
17911090
17911032
17911146
17911070
17900245
17908020
17911008
17911040
17911108
17908024
17910042
17904430
17911234
17911194
17911156
17911130
17904254
17911184
17900724
17902604
17906834
17904314
17900604
17904394
17904420
17904466
17900522
17900658
17916002
17900247
17900155
17900067
17916018
17910004
17910252
17911330
17900786
17902664
17911004
17900173
17900201
17900117
17900119
17904014
17906598
17904250
17906700
17910420
17902044
17904468
17911212
17911052
17911014
17902722
17902708
17906596
17911252
17900766
17908560
17906754
17904052
17900249
17900157
17900065
17906026
17900600
17916000
17915899
17917899
17919899
17910340
17900740
17906730
17906752
17904040
17904390
17910070
17911248
17904422
17900179
17910104
17902042
17900562
17908212
17918008
17904404
17906556
17906840
17900368
17900223
17900221
17902006
17902004
17904030
17902030
17904006
17900137
17911222
17911048
17908580
17910326
17910336
17916006
17904350
17910306
17918004
17900762
17900386
17904356
17904354
17910328
17902180
17910304
17906554
17918010
17900175
17900177
17910098
17910096
17908026
17900390
17902050
17900113
17904046
17904374
17904344
17900640
17900614
17911200
17911064
17911022
17902036
17904012
17900131
17906402
17910322
17910332
17904358
17910324
17904042
17908006
17908010
17900772
17911260
17904444
17916038
17900546
17902174
17906742
17910414
17918014
17900197
17900115
17900059
17910056
17900057
17900105
17900107
17906348
17906368
17906400
17906232
17911220
17911214
17911262
17911050
17906002
17906594
17906286
17906304
17906290
17906230
17906220
17906330
17910412
17904202
17916024
17902106
17911030
17900181
17900380
17910036
17910034
17900037
17900035
17900093
17910032
17908534
17904304
17906336
17902614
17902322
17910100
17908512
17908548
17900382
17900384
17900750
17900123
17900121
17904016
17904018
17902176
17911094
17911126
17900570
17906580
17906880
17911128
17911270
17911402
17911404
17900572
17900710
17906578
17906882
17911124
17911406
17900574
17906576
17906884
17911122
17911408
17906574
17906886
17911410
17906572
17906888
17911132
17911412
17906570
17906890
17911414
17906564
17906892
17911416
17906562
17910074
17900394
17910076
17911254
17908206
17900358
