17471040
17470094
17471310
17471020
17472002
17471324
17471368
17472220
17472188
17472224
17471412
17471382
17471358
17471394
17471000
17471362
17471446
17470043
17472270
17472264
17471460
17471314
17471042
17470029
17471432
17472260
17470084
17470088
17471448
17472222
17471442
17471330
17470023
17471332
17471444
17470112
17470072
17470049
17473010
17473002
17470132
17471426
17470007
17471008
17471306
17471001
17472214
17471002
17472258
17471420
17470037
17472286
17471464
17470136
17470011
17470516
17472180
17472000
17471422
17471410
17472204
17471438
17471320
17471392
17471340
17471300
17471050
17472196
17471328
17472236
17472252
17470126
17470031
17471018
17471342
17470214
17471318
17471046
17470051
17470060
17470019
17471336
17471440
17470064
17472240
17470086
17472182
17470082
17473302
17471370
17472228
17470124
17470025
17471436
17471434
17472232
17472265
17470096
17470122
17470090
17472256
17470012
17472192
17471402
17471360
17470003
17471380
17472194
17471334
17472284
17470518
17471400
17472230
17471352
17472242
17471408
17471006
17471034
17470062
17472280
17471430
17470100
17470200
17473300
17473000
17470210
17473502
17471048
17473500
17472202
17472206
17471404
17470514
17472200
17472190
17471364
17471326
17471388
17472186
17470074
17472246
17471406
17471428
17471022
17471322
17471024
17472238
17471338
17470001
17470114
17470120
17470033
17472262
17471366
17470021
17471036
17470510
17470500
17470017
17470076
17472304
17472290
17470092
17471424
17472198
17470039
17471014
17470102
17471012
17472208
17470116
17472248
17471354
17471004
17470041
17470078
17471308
17471030
17471016
17470080
17472244
17470010
17472272
17472282
17471350
17470520
17472302
17470047
17470070
17470055
17470098
17470009
17471450
17471390
17471356
17474899
17471031
17470512
17471312
17470053
17472210
17471386
17470015
17470130
17470035
17470110
17471044
17470013
17470134
17470005
17472234
17471304
17471032
17472254
17472300
17472294
17471466
17470045
17471344
17471384
17471462
17472292
17470066
17470118
17470027
17471316
17472250
17471010
17472226
17472212
17471302
17472184
17470212
