19830077
19830073
19830045
19830268
19830208
19830802
19830412
19830408
19830043
19830212
19830266
19830240
19830220
19830087
19830264
19830242
19830112
19830011
19830005
19830007
19830025
19830272
19830049
19830232
19830021
19830075
19830622
19830600
19830001
19830106
19830116
19830059
19830638
19830636
19830063
19830224
19830200
19830019
19830017
19830504
19830079
19830248
19830228
19830041
19830065
19830033
19830260
19830252
19830031
19830626
19830003
19830244
19830081
19830110
19830404
19830108
19830410
19830620
19830610
19830416
19830634
19830250
19830206
19830602
19830222
19830104
19830628
19830234
19830009
19830013
19830055
19830037
19830015
19830630
19830071
19830089
19830230
19830039
19830053
19830083
19830118
19830057
19830402
19830502
19830047
19830270
19830202
19830067
19830027
19830114
19830400
19830091
19830800
19830640
19830100
19830069
19830085
19830226
19830204
19830051
19830023
19830029
19830262
19839899
19830604
19830102
19830035
19830061
19830608
19830500
19830632
19830210
19830246
19830414
19830418
19830606
19830406
19830624
