13354142
13352040
13354052
13352252
13350314
13359260
13354128
13352214
13350218
13354160
13359002
13359004
13354006
13354034
13352038
13354130
13354120
13354002
13352136
13354012
13352132
13354102
13354058
13359048
13352218
13350037
13350072
13352206
13359274
13352220
13359282
13350206
13352034
13359262
13350043
13354030
13359286
13350302
13352046
13350060
13350047
13359292
13354110
13359302
13352042
13354010
13359110
13354124
13359024
13352244
13352114
13359268
13359800
13350074
13359102
13352102
13352120
13359044
13354036
13354062
13352204
13352200
13350316
13354028
13350226
13359028
13359298
13359256
13354134
13354140
13352116
13350222
13352124
13350220
13352000
13352248
13359266
13350013
13354112
13352212
13359056
13354100
13354164
13350308
13350009
13359300
13352234
13359022
13350051
13354054
13352108
13359272
13354016
13352130
13352006
13350066
13350031
13352028
13352122
13354024
13359252
13350306
13352022
13350080
13350084
13350015
13352246
13359126
13350027
13359034
13350326
13352026
13359284
13354132
13359020
13352216
13354162
13352138
13350062
13350212
13352238
13354108
13354146
13354104
13350310
13350320
13352242
13352052
13352100
13352048
13354050
13354000
13359018
13354014
13350053
13354122
13352024
13359016
13354008
13354066
13350029
13350312
13350324
13354144
13350019
13359124
13350011
13350076
13352008
13354060
13354064
13350025
13359000
13352230
13352210
13359296
13350064
13352140
13350001
13350045
13359040
13352112
13352142
13350224
13354150
13359112
13350049
13352240
13354042
13359804
13359036
13359032
13359134
13359254
13359030
13350210
13350204
13359052
13359014
13352002
13350070
13359132
13350214
13359200
13352004
13359250
13359276
13350328
13359010
13352044
13354106
13359280
13354114
13359270
13359806
13359046
13359258
13350202
13354004
13350300
13352036
13350200
13359054
13359802
13352106
13354148
13350216
13352020
13354040
13350068
13350304
13350208
13352202
13359290
13359104
13352222
13350021
13354126
13352236
13359294
13350322
13359006
13354018
13352134
13350035
13352032
13352118
13352050
13352104
13352030
13359050
13350318
13354032
13354022
13358899
13359899
13354020
13350003
13354152
13359120
13359008
13359122
13352250
13359038
13350041
13352010
13354056
13350017
13359042
13350082
13354038
13354154
13359130
13359012
13350033
13359264
13352110
13354026
13352232
13359026
13350007
13359100
13350039
13350078
13350005
13350023
