15823062
15823046
15823019
15823027
15824502
15823100
15823222
15823110
15823120
15823122
15823058
15823202
15823124
15823054
15823003
15823220
15823199
15823200
15823108
15824500
15823031
15823040
15824518
15823204
15823104
15824520
15823048
15823029
15823052
15824522
15823009
15823044
15823042
15823023
15823210
15823138
15823060
15824514
15824512
15824504
15823218
15824510
15823132
15823136
15824519
15824526
15823011
15823001
15824524
15823015
15823056
15823216
15823050
15823142
15823208
15823021
15823214
15823212
15823134
15823190
15823140
15823126
15824516
15824508
15823106
15823198
15823197
15823193
15823192
15823191
15823196
15823195
15823017
15823130
15823224
15824899
15823025
15823013
15823206
15824506
15823194
15823005
15823007
15823128
15823071
15823072
15823073
15823102
