06810690
06814655
06805070
06805090
06817030
06805330
06835398
06807543
06804284
06846105
06810150
06823400
06823180
06843140
06804080
06816672
06846670
06803170
06833030
06820120
06810840
06840290
06815310
06816015
06806070
06803160
06813230
06813225
06810695
06835276
06824105
06823590
06840295
06815000
06815001
06815435
06804270
06810093
06844007
06807461
06804300
06803280
06805311
06804175
06824245
06814635
06807510
06803045
06803050
06805245
06804130
06835214
06803300
06814400
06805300
06826130
06823010
06845075
06835393
06845140
06804282
06817102
06814050
06804340
06826520
06807680
06807250
06813130
06816075
06806175
06806095
06833137
06816310
06814615
06824154
06835510
06823150
06815640
06803330
06807110
06844205
06814155
06840160
06814560
06803415
06817105
06835250
06814100
06835212
06816540
06843373
06810497
06803260
06810835
06843160
06814005
06843190
06846590
06815620
06810790
06846650
06820460
06806000
06843020
06835370
06835375
06823575
06810420
06814620
06824164
06810810
06835517
06807020
06810850
06807420
06824145
06815240
06840003
06826450
06816180
06807100
06844600
06823260
06815270
06845220
06835530
06835660
06810860
06814210
06820470
06845349
06845295
06840450
06845360
06835120
06824520
06844360
06805280
06844350
06810880
06810874
06806150
06804440
06820140
06813280
06824158
06846540
06813380
06810820
06810385
06815460
06814165
06814555
06814000
06814365
06825023
06826280
06814275
06826345
06820450
06845115
06833090
06803200
06806010
06807520
06824270
06846515
06810858
06810882
06807812
06810200
06846070
06845400
06845020
06843070
06804330
06816410
06835244
06835340
06803130
06844120
06814410
06824605
06843110
06833195
06817110
06826110
06817375
06845270
06845271
06846045
06845416
06845415
06813180
06816140
06826020
06824030
06826340
06825050
06805370
06844200
06826410
06803335
06846513
06805120
06803340
06807340
06810270
06845180
06803440
06826400
06844230
06810781
06845298
06845348
06807270
06845130
06805140
06845405
06845320
06806030
06835515
06814130
06810620
06803450
06814090
06826200
06805260
06817165
06807818
06826310
06835519
06826170
06803350
06814190
06825007
06813155
06816655
06813080
06810560
06807210
06824166
06843300
06820100
06810210
06843130
06840310
06833145
06826245
06823360
06817370
06813085
06813140
06814006
06844050
06825030
06840275
06823090
06824152
06835525
06826370
06815350
06815625
06846190
06813220
06826330
06846600
06835380
06814135
06815300
06814137
06846125
06845315
06835170
06844305
06824140
06805100
06843360
06835310
06835245
06835260
06816185
06817155
06823020
06833130
06816013
06807819
06814390
06813090
06810190
06805360
06804150
06814150
06845330
06845100
06833150
06817174
06846050
06816220
06807410
06823330
06820180
06807535
06826202
06826420
06805295
06826230
06826115
06826055
06804445
06804220
06806600
06805055
06804180
06844130
06810180
06810492
06815470
06804450
06813060
06803425
06826184
06810600
06816160
06820420
06820425
06814530
06846505
06846800
06846830
06846115
06846110
06835280
06835282
06807230
06824160
06820051
06814120
06846760
06815610
06820071
06806111
06803100
06835100
06835220
06845187
06804205
06835675
06843700
06833050
06817380
06804170
06835285
06835284
06823490
06840040
06810080
06807070
06810670
06804280
06845293
06843462
06824440
06824350
06843380
06807817
06810610
06804335
06823430
06824400
06840370
06807575
06823220
06815440
06823510
06835330
06813000
06813275
06815315
06807320
06810252
06820360
06820050
06814180
06807565
06846610
06816290
06843050
06810872
06826390
06843000
06835514
06846740
06826140
06803320
06835397
06820515
06820380
06813350
06804410
06823480
06844290
06840320
06810580
06810510
06826525
06806080
06803203
06840060
06813470
06816475
06816335
06815480
06835425
06816340
06816330
06816470
06846040
06816005
06813165
06813100
06814015
06826001
06826000
06826355
06820327
06820325
06826067
06826065
06840090
06805200
06833310
06826240
06810320
06835130
06823450
06843250
06807572
06815360
06840300
06807802
06810250
06826176
06825070
06816630
06844145
06844155
06844295
06845560
06844695
06844690
06845500
06845505
06845550
06845195
06845205
06845065
06826500
06810130
06805380
06810530
06814605
06816665
06807040
06846030
06810862
06807260
06814020
06845170
06824320
06815410
06807567
06807150
06807400
06815318
06845340
06844220
06826415
06806415
06805390
06846250
06803090
06805050
06820005
06805060
06803255
06820130
06806220
06810011
06820210
06820480
06805315
06806155
06806235
06807205
06807685
06805254
06833360
06843260
06810800
06804392
06803180
06804370
06817360
06814125
06845430
06803230
06803005
06843550
06835450
06804210
06843030
06826545
06835399
06835406
06844030
06844080
06823420
06814370
06845300
06803140
06803220
06835502
06817120
06803275
06803277
06803000
06803002
06804185
06803001
06803137
06803135
06803215
06846560
06815317
06807570
06823550
06810660
06844240
06804000
06823190
06813490
06815200
06806020
06804110
06805250
06803325
06806050
06805285
06826212
06820225
06814230
06824120
06815390
06824240
06833086
06833085
06844330
06813360
06840220
06813460
06807585
06835680
06835395
06804360
06807530
06810305
06823280
06814525
06814380
06814637
06805337
06816270
06816530
06835160
06816020
06835460
06823290
06843448
06810100
06824161
06816380
06835420
06833071
06826070
06816652
06814626
06814627
06815370
06803460
06843225
06840255
06843180
06813190
06823130
06840330
06843560
06824280
06844270
06807814
06804030
06810090
06810095
06814360
06826360
06805160
06820200
06807470
06833100
06824300
06805290
06846210
06823050
06807440
06823350
06807580
06816110
06807280
06823530
06803120
06814290
06810350
06804135
06843585
06816667
06810615
06816150
06816490
06823470
06844060
06820030
06840105
06846025
06807360
06846550
06816510
06844280
06846575
06816060
06824210
06833141
06814126
06810630
06804250
06806060
06804140
06826225
06814260
06843025
06817100
06835394
06815290
06835430
06823560
06803080
06817090
06846170
06835387
06845178
06810300
06817070
06835270
06804286
06814105
06826040
06843389
06833065
06833095
06846500
06824510
06845030
06846270
06814009
06844265
06805335
06814545
06823120
06826510
06810370
06843490
06823040
06807200
06804365
06843470
06815100
06816350
06816625
06835248
06823600
06810390
06816500
06814350
06823030
06807710
06810310
06844250
06835600
06820390
06810070
06840400
06803205
06806045
06806225
06807000
06807545
06823460
06844140
06844375
06844313
06844312
06835390
06810750
06813330
06815430
06823580
06807500
06810496
06820440
06810480
06823568
06846160
06845250
06820400
06814340
06820190
06846640
06824050
06814320
06824020
06810631
06810625
06823320
06816190
06826530
06820435
06816662
06843310
06824060
06807240
06817200
06817180
06817355
06817230
06817175
06826320
06826300
06817235
06817350
06817365
06817210
06817220
06815130
06810360
06826050
06833020
06826150
06807540
06813020
06806170
06806090
06835480
06806040
06845010
06823255
06835162
06844620
06846010
06807830
06826206
06835670
06824392
06824361
06824365
06840350
06826186
06824168
06815010
06824250
06820510
06820290
06845183
06844260
06810770
06806400
06803190
06803225
06806410
06814175
06816252
06826235
06807550
06826180
06820165
06823035
06824080
06835005
06835705
06835580
06820405
06820000
06820347
06820345
06820185
06820415
06823301
06823475
06823300
06823210
06824040
06825120
06815260
06806440
06813240
06823520
06816360
06843350
06824100
06843420
06816130
06816120
06823160
06833110
06803480
06835210
06810498
06820020
06824390
06840360
06845230
06803060
06807170
06844650
06813120
06813170
06807801
06805020
06806510
06805195
06806100
06805395
06814182
06814330
06803410
06807560
06826480
06846230
06810665
06806115
06817130
06835290
06835295
06835246
06835168
06815250
06825020
06825045
06825015
06803360
06844100
06810730
06815210
06826088
06807690
06843210
06835522
06803470
06846630
06814003
06814001
06803445
06803447
06840375
06840125
06846235
06840001
06840000
06845160
06820110
06815600
06844070
06845210
06845410
06845325
06835521
06843570
06810355
06823565
06823451
06816040
06817000
06816550
06810115
06810005
06813015
06810315
06813265
06810607
06810605
06826085
06840410
06806420
06843270
06824165
06806110
06814070
06814213
06844090
06803370
06807050
06846455
06815320
06816050
06846710
06807480
06803270
06814110
06814160
06814161
06826301
06826302
06826290
06826315
06843200
06826105
06824405
06826080
06816080
06816085
06840020
06843565
06840170
06810170
06835392
06823570
06823440
06824275
06835274
06814405
06824175
06824445
06824395
06824340
06824000
06806025
06833500
06846035
06845345
06846000
06845347
06810700
06810559
06813310
06803285
06833300
06833370
06833125
06805393
06810215
06833083
06805075
06817170
06843445
06803047
06820060
06824010
06840100
06826182
06824090
06816610
06824097
06823540
06844630
06815180
06815150
06823566
06815110
06816240
06843575
06843195
06844370
06843455
06844001
06843720
06844000
06820070
06833105
06805440
06805035
06846810
06805135
06810000
06810856
06807010
06845240
06846130
06843080
06826060
06813160
06810876
06835400
06824125
06823170
06816070
06804040
06814060
06820340
06816657
06810460
06826270
06823390
06810500
06833135
06803510
06846457
06816255
06814629
06814630
06843340
06813410
06816480
06803310
06824500
06810852
06820350
06843410
06835140
06844170
06823340
06817080
06826350
06804060
06810113
06810465
06823370
06826512
06820490
06835700
06835701
06835445
06835080
06835279
06835278
06843230
06816600
06814335
06814310
06814270
06843446
06846730
06814080
06820310
06803240
06845310
06840050
06806145
06823230
06815650
06805040
06807380
06807430
06840030
06823070
06844190
06820010
06826430
06835070
06805350
06810110
06825080
06845305
06820370
06807375
06835242
06835320
06810417
06815220
06804320
06806160
06807300
06815005
06846081
06846570
06814170
06803380
06810440
06806520
06806550
06806580
06806560
06806500
06806530
06806540
06813440
06835060
06843465
06843005
06824110
06823240
06816000
06815330
06820255
06820240
06814010
06826208
06824425
06810091
06817020
06846220
06833200
06835470
06840420
06843240
06814203
06816545
06835235
06843010
06845070
06846038
06845420
06845235
06845176
06845175
06810640
06826305
06820025
06835040
06835055
06805256
06835010
06823080
06846580
06846680
06833080
06833081
06833155
06833156
06845280
06844660
06820205
06816450
06810290
06814040
06840110
06844020
06845080
06845239
06807805
06814030
06843280
06844300
06804380
06806525
06806445
06840005
06803420
06825110
06843377
06810220
06825055
06806035
06805270
06844040
06835503
06840070
06835410
06805110
06825000
06806015
06807640
06833140
06843205
06814002
06815280
06813235
06813290
06805150
06820300
06804310
06817270
06824490
06846020
06835030
06810450
06810430
06810854
06816430
06813070
06835164
06805235
06805170
06846835
06805080
06807130
06807650
06835050
06835020
06835000
06807140
06846510
06804285
06820500
06814200
06823085
06835275
06813005
06810868
06820280
06803035
06825090
06846595
06806120
06846720
06805320
06810120
06816250
06807350
06843185
06823610
06825021
06815405
06845200
06843100
06846750
06833040
06840130
06835422
06820330
06814008
06816440
06810410
06820150
06820090
06807370
06846660
06835350
06824170
06844005
06817150
06814640
06814127
06807060
06814645
06825060
06806570
06806590
06813010
06833010
06815140
06843500
06846620
06813480
06845185
06806425
06823060
06845238
06835610
06845237
06810495
06824480
06816650
06845110
06810415
06815340
06833070
06833055
06833510
06833077
06833330
06833331
06820430
06810160
06805355
06843151
06843245
06843150
06843387
06843385
06833380
06843460
06843461
06843740
06816620
06806228
06813390
06804190
06806230
06816670
06824070
06840200
06823110
06805310
06813030
06835180
06843290
06835110
06846120
06845260
06815050
06814650
06835505
06813450
06810833
06816400
06810042
06806430
06810036
06835315
06824600
06824130
06814225
06824260
06823250
06810045
06810018
06835385
06805340
06826220
06804303
06815090
06814215
06813110
06810254
06843400
06826460
06826440
06844670
06810014
06815070
06814610
06835360
06817140
06810740
06824011
06846095
06846260
06820265
06824220
06810340
06845040
06833073
06817167
06833131
06810010
06835230
06825028
06820270
06804230
06805252
06806210
06804010
06810595
06805255
06805391
06820040
06807822
06816280
06824450
06846200
06805190
06845120
06814115
06807160
06833170
06806140
06845190
06845168
06815400
06810032
06807030
06813150
06835435
06810027
06804420
06810025
06813210
06810020
06815040
06804290
06824410
06840210
06810030
06807490
06807120
06816555
06803210
06817010
06810050
06844680
06826250
06843120
06835432
06810060
06843710
06810012
06835240
06824420
06844215
06844340
06813340
06824470
06843040
06810047
06824162
06810022
06817160
06810026
06810015
06810697
06813234
06810028
06835190
06823500
06807825
06813430
06840095
06806240
06823310
06845215
06804070
06810710
06843370
06826380
06816253
06810034
06846090
06846450
06846265
06805230
06835396
06835404
06810040
06805240
06843730
06804395
06807335
06807600
06824330
06810830
06815020
06814600
06807180
06826204
06840280
06813200
06823572
06803272
06846530
06835391
06813420
06816677
06845150
06820160
06833210
06844315
06815170
06835166
06816257
06807815
06823620
06807816
06817240
06810280
06816460
06810590
06833505
06835045
06833320
06835520
06835277
06804050
06835415
06807310
06814140
06803250
06846700
06843170
06814205
06805253
06810780
06826030
06804100
06807450
06818300
06818200
06818100
06818000
06830000
06830100
06833390
06843145
06805180
06806125
06826010
06804240
06807090
06816675
06840055
06816370
06807832
06807835
06807833
06845167
06843390
06807330
06845285
06804350
06807840
06804390
06825022
06826295
06825100
06824460
06843220
06820295
06835490
06843015
06846520
06816520
06820080
06820220
06805130
06845090
06804283
06807290
06804302
06835440
06833350
06833355
06803430
06817040
06846180
06816100
06817450
06816030
06815490
06816155
06810240
06844180
06840190
06826385
06825024
06840250
06820260
06849899
06844210
06845050
06816390
06844148
06844298
06844158
06840270
06814505
06845060
06835685
06840010
06805030
06835472
06804385
06835150
06846150
06824200
06805001
06824035
06833060
06843330
06826090
06824310
06823270
06805010
06824230
06843375
06840080
06840430
06824370
06840293
06825040
06814280
06817190
06833107
06833160
06813385
06824190
06844380
06824380
06826522
06824485
06824430
06804260
06826174
06835630
06807810
06807800
06824095
06833151
06840285
06845000
06845085
06845135
06814535
06820410
06845510
06845165
06825025
06835090
06835086
06820320
06816660
06846458
06814550
06810680
06846140
06840150
06810878
06835405
06803290
06824180
06816300
06826515
06814625
06823100
06823410
06810720
06807485
06813050
06846545
06825095
06843090
06816640
06843520
06843521
06843750
06844390
06823000
06825026
06843480
06813500
06820221
06826540
06826550
06824150
06826172
06807826
06804020
06823380
06843440
06803150
06810864
06813400
06816010
06813125
06807390
06835500
06833120
06804160
06815060
06844150
06826490
06810490
06843060
06815080
06806005
06840340
06826160
06807827
06815190
06804225
06826100
06805210
06814128
06844010
06805392
06805257
06844110
06805251
06824255
06820301
06835518
06820250
06816260
06810550
06833180
06845290
06814510
06810555
06815380
06844640
06844610
06805125
06846805
06846240
06840365
06846241
06844385
06846037
06815120
06843510
06843463
06815160
06813260
06807820
06846456
06807220
06816230
06816170
06823200
06807315
06815030
06840180
06816258
06810260
06803070
06816320
06825044
06825043
06826260
06815420
06814540
06810470
06814240
06823140
06810330
06810255
06806527
06840325
06833035
06824290
06814220
06840120
06810870
06826190
06810866
06813270
06826210
06817250
06803110
06807190
06810380
06845097
06833025
06805220
06810570
06814520
06803229
06825027
06824535
06826120
06824156
06846690
06803273
06803400
06817060
06820223
06846060
06803040
06835523
06810650
06806435
06810140
06807080
06844335
06840265
06845095
06844310
06846075
06843450
06823567
06840260
06820170
06810400
06815230
06826470
06833075
06804090
06810013
06810493
06835516
06803245
06803235
06807175
06815630
06810540
06817173
