06933250
06902185
06903405
06922406
06933850
06912035
06928295
06920190
06906160
06932850
06931860
06926360
06914455
06910110
06924780
06919680
06920010
06918030
06930310
06904710
06906110
06910845
06907160
06907660
06911325
06930410
06904720
06902225
06911850
06901230
06901830
06900360
06917480
06933430
06929175
06929225
06930030
06901155
06902155
06922530
06933410
06932710
06902570
06920520
06903630
06916420
06932370
06933710
06904730
06906630
06901787
06928790
06921365
06906540
06915100
06906120
06928275
06910580
06931540
06901775
06911135
06907330
06921690
06920130
06911785
06907110
06901050
06905700
06912180
06912420
06921550
06918130
06921150
06905820
06900725
06900345
06907140
06906520
06900200
06929345
06900320
06929340
06929420
06909180
06929115
06926860
06911055
06921315
06928040
06929015
06910100
06914670
06925830
06913015
06902160
06928845
06912570
06911640
06911425
06928495
06923110
06930320
06929630
06929600
06933340
06900060
06928815
06906230
06901017
06901240
06907600
06901020
06901540
06917620
06900375
06928750
06901150
06905140
06900650
06901260
06918170
06926620
06911865
06911145
06921820
06932310
06920590
06903660
06904750
06900110
06904740
06900120
06933100
06901430
06931800
06900450
06900350
06917790
06933330
06918160
06901490
06929275
06931240
06920070
06900105
06912510
06918110
06905380
06932410
06931870
06933010
06932150
06902090
06926780
06911035
06910210
06910150
06922700
06917640
06933610
06928453
06905590
06920810
06905530
06912125
06905630
06917460
06900260
06902285
06901815
06900285
06905760
06921590
06910730
06929610
06927320
06915560
06928100
06921780
06924300
06923010
06920620
06904480
06920050
06901480
06928120
06923070
06925640
06921240
06904460
06923090
06900330
06928330
06911460
06932830
06932750
06907150
06921200
06906500
06911060
06923130
06926660
06900075
06900160
06914050
06929013
06929045
06928230
06928830
06928080
06900665
06928485
06915120
06908080
06900705
06902060
06908700
06907380
06933760
06912080
06900455
06900670
06930025
06906020
06928345
06912300
06919370
06900090
06900195
06913100
06908400
06901590
06921355
06920110
06921120
06918120
06906580
06919700
06900465
06906530
06911350
06915020
06914600
06919400
06921360
06926800
06919810
06917810
06915060
06920665
06917770
06922460
06901520
06909120
06915750
06931840
06905340
06919820
06926760
06911140
06932320
06900065
06905720
06910790
06933130
06920570
06926680
06911045
06920170
06901015
06930300
06931740
06932840
06900460
06900635
06930345
06911440
06911195
06928865
06930360
06911710
06910710
06902045
06925680
06932290
06919730
06905350
06914730
06913300
06933650
06909370
06930140
06927340
06919340
06905300
06905750
06909590
06930400
06911700
06905160
06931160
06910015
06900125
06900710
06921405
06902180
06909410
06921220
06923330
06920580
06920240
06918090
06919800
06926590
06905650
06923170
06933880
06902100
06914030
06902030
06903425
06919690
06931630
06929385
06906590
06926740
06900675
06911855
06900080
06900185
06921810
06914735
06911110
06901785
06911115
06912162
06906690
06910770
06910780
06906180
06906190
06930390
06906450
06905510
06921350
06905500
06911170
06902075
06905660
06924820
06917530
06921650
06905730
06926700
06902205
06900215
06912425
06911355
06902055
06900680
06928770
06900645
06928305
06931810
06928475
06930530
06930500
06927380
06901550
06931660
06918260
06912385
06932415
06905830
06930340
06929230
06933740
06904230
06930240
06931580
06907100
06912095
06922770
06921580
06932250
06911175
06914055
06901010
06905680
06910740
06929480
06933030
06910230
06912680
06912155
06917780
06931220
06929120
06911360
06910025
06900130
06931770
06929425
06905040
06928285
06928455
06900510
06933020
06919350
06907300
06901790
06930430
06902105
06912165
06920670
06921620
06911430
06911050
06920260
06912010
06928110
06900405
06900315
06900410
06919010
06917420
06900370
06900250
06915580
06905400
06929570
06926720
06931120
06928860
06911630
06900290
06931600
06910620
06910680
06928842
06920510
06921310
06917560
06921330
06930220
06921305
06931820
06912330
06919360
06933680
06928335
06921345
06929375
06931320
06901145
06901160
06900295
06929335
06924660
06902560
06900530
06923500
06920685
06931550
06918140
06933450
06905420
06933270
06928340
06921300
06931760
06912360
06929035
06930280
06933290
06932470
06906400
06931790
06933700
06909680
06933320
06906250
06930160
06918180
06907220
06911030
06906680
06929370
06902565
06926340
06901630
06920675
06905800
06906380
06905790
06912390
06905190
06913105
06913010
06908040
06922740
06922800
06920400
06909310
06905320
06910760
06931140
06900145
06914680
06905410
06905260
06911027
06905430
06932465
06933060
06907360
06930250
06928850
06902235
06928090
06933800
06932860
06933730
06929040
06929300
06900325
06931700
06926300
06921670
06920600
06917630
06911445
06912220
06902265
06920360
06922810
06922750
06905550
06929055
06910340
06903420
06905060
06931560
06921610
06919030
06900265
06900115
06900070
06900117
06931570
06900140
06926320
06903050
06902550
06929415
06905210
06931100
06902050
06911435
06913050
06900425
06905310
06905290
06909600
06907720
06924150
06909660
06911670
06929365
06900695
06905130
06931020
06904450
06904200
06901715
06901660
06901062
06926480
06903870
06909390
06905780
06905250
06921320
06917670
06905170
06931280
06905640
06919390
06931200
06900235
06907170
06911065
06933750
06928810
06909470
06906510
06913200
06910640
06901470
06901350
06906130
06910115
06911427
06911250
06901730
06917150
06915080
06926440
06902575
06924670
06929510
06925360
06907350
06902700
06901025
06929330
06900308
06920800
06928265
06901110
06900280
06901300
06930520
06933590
06906570
06912020
06911185
06911860
06911790
06911075
06918080
06933870
06901120
06929245
06900225
06923150
06924700
06901290
06900700
06928020
06907630
06911800
06901310
06902020
06901410
06933660
06901035
06911340
06926380
06929500
06933040
06933770
06900100
06906670
06907210
06902070
06901040
06901055
06922380
06919710
06933280
06924160
06924740
06900390
06900415
06902150
06919130
06906200
06932260
06924650
06912540
06900660
06922710
06914615
06931680
06912620
06909550
06902120
06902275
06928795
06912393
06915040
06906390
06933550
06928840
06900715
06902125
06902095
06912025
06932460
06928320
06906140
06910125
06907620
06900535
06900525
06930290
06900340
06911020
06910840
06913045
06929220
06928855
06906240
06929405
06901030
06906220
06929020
06932155
06909350
06929050
06929110
06924430
06910400
06901340
06900220
06900380
06911605
06906260
06923190
06900055
06920550
06917610
06922400
06919650
06912140
06910330
06900245
06901105
06901740
06901032
06920690
06922040
06902040
06906100
06907550
06927010
06911260
06924760
06910520
06910120
06928255
06916340
06914805
06928250
06911314
06921190
06928800
06906025
06928050
06901220
06932160
06920680
06904560
06931750
06921375
06931180
06927360
06900735
06926420
06911125
06919660
06933160
06933510
06922640
06919070
06933220
06900640
06902525
06911285
06902025
06901450
06932300
06920820
06922790
06903645
06929235
06902555
06929030
06902245
06928780
06911090
06933570
06912150
06913055
06933180
06911070
06932730
06906620
06922780
06918040
06921340
06917600
06914745
06900730
06921640
06921720
06911370
06929180
06912055
06920220
06922480
06912387
06913060
06909160
06933190
06911300
06901460
06902255
06933050
06930210
06929170
06902685
06912030
06932175
06900095
06900445
06911190
06929185
06919050
06931720
06931710
06901125
06927135
06920860
06905610
06928070
06911410
06905570
06905710
06932330
06903415
06931300
06905050
06907180
06900300
06900255
06900365
06900685
06928835
06932820
06901420
06918050
06911475
06919740
06902035
06920530
06900505
06929355
06923080
06906560
06910050
06922045
06905280
06926220
06905220
06921070
06920780
06910600
06902110
06900385
06902580
06920560
06921630
06933370
06917590
06919670
06933310
06928825
06928805
06920320
06901130
06912170
06900690
06928280
06907120
06900085
06900190
06912135
06902115
06933860
06931530
06911310
06912335
06911840
06921790
06901570
06907230
06909630
06909260
06916300
06901115
06900240
06906550
06922430
06930330
06930420
06920230
06906660
06902735
06911330
06920300
06905360
06933390
06928060
06912000
06900050
06903615
06903160
06921230
06905600
06932420
06906270
06905560
06905330
06920380
06928500
06919330
06907280
06908020
06921130
06913005
06914200
06912530
06921370
06917820
06930020
06919090
06919110
06910720
06900230
06921710
06921180
06922540
06933115
06901505
06914665
06902215
06910550
06900310
06928470
06919320
06906320
06900720
06933690
06911180
06932165
06933300
06920280
06907610
06903400
06901135
06931690
06933210
06914650
06933090
06922730
06922050
06931590
06902175
06901560
06912285
06912435
06910610
06910010
06909720
06901045
06923160
06907290
06929400
06910070
06912015
06921110
06929215
06902715
06930200
06917580
06911810
06903675
06932480
06915160
06903690
06912120
06900520
06908060
06933140
06912370
06911550
06932490
06902080
06905200
06931040
06921160
06920540
06921140
06914170
06905120
06906170
06930370
06914495
06902710
06930380
06917440
06902145
06905240
06907580
06905390
06923230
06926280
06901835
06905180
06921740
06932400
06911315
06900205
06925620
06914675
06932800
06929025
06926240
06913070
06911375
06932170
06900155
06901280
06901210
06914070
06926840
06911805
06900430
06902085
06929265
06900655
06901060
06926540
06905150
06931080
06918070
06928465
06917550
06911165
06921090
06901845
06930440
06931260
06926500
06926260
06921800
06915140
06906150
06920340
06922070
06926520
06920610
06918060
06920030
06915790
06915770
06905740
06901600
06917800
06917650
06932810
06900440
06931830
06910700
06930510
06931640
06907800
06930230
06912345
06933260
06909560
06907590
06912145
06932395
06905520
06901005
06911520
06921250
06910690
06920150
06929525
06931850
06901440
06912355
06922410
06901620
06921660
06922420
06909700
06911320
06922390
06917570
06933230
06901780
06900305
06934899
06904470
06923200
06911150
06921770
06907190
06928450
06914655
06933470
06902585
06901107
06911025
06905450
06926820
06921700
06921750
06921730
06921600
06921560
06921760
06921680
06901530
06901770
06930010
06914740
06905540
06929430
06910590
06911455
06933150
06900470
06929010
06928010
06911365
06912395
06907760
06909610
06912130
06903410
06930150
06932405
06921100
06928270
06931620
06901140
06928235
06921335
06900210
06926510
06906370
06931060
06922520
06922510
06922500
06922490
06908150
06907270
06932600
06933080
06931610
06930350
06933890
06905580
06911760
06933200
06912160
06928310
06905690
06923100
06904215
06919300
06926580
06926400
06922060
06921080
06933240
06905620
06905370
06926460
06917010
06920660
06920420
06926600
06904245
06911825
06901650
06922470
06900515
06926640
06900420
06911040
06923180
06933170
06928350
06910220
06933630
06933110
06922720
06905230
06900435
06907130
06905770
06928820
06912365
06910020
06901510
06931650
06905270
06905810
06919720
06911155
06929520
06918150
06926560
06917520
06911160
06900395
06929190
06917400
06931670
06901610
06907200
06901500
06929360
06932390
06911465
06900335
06910350
06905440
06910750
06910630
06918020
06928240
06928245
06909050
06911405
06911795
06929255
06928030
06919380
06912205
06912175
06917660
06912210
06921570
06921210
06928760
06906210
06924690
06921325
06928290
06907320
06927310
06917540
06900740
06901065
06931780
06900150
06902065
06912520
06912415
06903600
06903060
06932700
06913040
06913035
06932770
06900135
