13445292
13448365
13445276
13448257
13445104
13448261
13445488
13445490
13445520
13445500
13448283
13445402
13445450
13445572
13445526
13445548
13445512
13445472
13445362
13445552
13445436
13445270
13445260
13445484
13445570
13445540
13445504
13445454
13445544
13445528
13445510
13445096
13448368
13448448
13448265
13445090
13448383
13445064
13445070
13445201
13445082
13445191
13445220
13448162
13445032
13445009
13445372
13445392
13445406
13445380
13445062
13445222
13445208
13445290
13448367
13448363
13448262
13448372
13445422
13448292
13448252
13448273
13445410
13445444
13445564
13445556
13445522
13445404
13445448
13445568
13445524
13445550
13445514
13448254
13448277
13448286
13448253
13445480
13448264
13448463
13445400
13445360
13445298
13445470
13445442
13448160
13448150
13448356
13448290
13445434
13448369
13448353
13445092
13448384
13448267
13448271
13448255
13448355
13448285
13445294
13445042
13445195
13445204
13445056
13445040
13445003
13445094
13445296
13445254
13445081
13445080
13445364
13445252
13448295
13448288
13448278
13448371
13445474
13445376
13445048
13445088
13445076
13445050
13448251
13448293
13448300
13448281
13445280
13445432
13448459
13448452
13448302
13448304
13445426
13445560
13445558
13445562
13445017
13448284
13448464
13448379
13448280
13448378
13448387
13448377
13448451
13448289
13448370
13448166
13448354
13448382
13448389
13445083
13445256
13448268
13448296
13448386
13445023
13445089
13445230
13445228
13448446
13448272
13445238
13448164
13445388
13445456
13445391
13445530
13445542
13445508
13445300
13448357
13445486
13448466
13445566
13445482
13445390
13448163
13445200
13445234
13445038
13445206
13445058
13448450
13445452
13445384
13448351
13445025
13445209
13445224
13445030
13448266
13445446
13445408
13445102
13445428
13445084
13445078
13448360
13447501
13445103
13445430
13445412
13445240
13445250
13445001
13445557
13445440
13445516
13445523
13445420
13448462
13448461
13445101
13448385
13445190
13447502
13448350
13445095
13448465
13448161
13448364
13445272
13445386
13445259
13445506
13445532
13445458
13445374
13448390
13448282
13445060
13445087
13445074
13445424
13448352
13448291
13445015
13445021
13447500
13448392
13445044
13445194
13445202
13445054
13445093
13448259
13448381
13448362
13448270
13448447
13445019
13445226
13445210
13445478
13445370
13445011
13448260
13448301
13448388
13448287
13448391
13445546
13445034
13445554
13445274
13445258
13448361
13448376
13448258
13448151
13449899
13448263
13445105
13448380
13448165
13445382
13445502
13445460
13445028
13445236
13448303
13445036
13445013
13445476
13445368
13445091
13448294
13448279
13448269
13445232
13448305
13448256
13448458
13445086
13445278
13445005
13445366
13445085
13448358
13448457
13448310
13448460
13448167
13445046
13445072
13445052
13448453
13448445
13445007
13448152
13448153
