18873350
18873354
18870806
18870576
18870594
18873472
18870050
18873122
18870822
18870076
18873506
18873517
18870622
18873120
18873384
18870737
18870708
18873462
18870570
18870007
18870772
18873516
18870540
18873140
18870744
18873480
18873450
18870742
18873004
18870702
18873489
18870036
18873490
18873006
18873426
18870046
18870514
18870500
18873525
18873507
18873356
18870821
18870703
18870019
18873358
18870704
18870530
18873126
18870804
18870766
18870698
18870598
18873510
18873142
18873114
18870512
18870044
18870025
18870210
18870600
18873412
18870738
18873144
18873436
18873434
18873360
18873500
18873400
18873446
18870690
18870736
18873505
18870696
18870714
18870021
18870604
18873396
18870815
18870082
18870140
18870580
18870820
18870612
18873420
18870816
18873362
18873146
18873364
18870011
18873460
18873503
18870710
18870504
18873466
18870610
18870144
18870802
18873402
18873486
18873366
18870078
18870017
18870052
18870722
18873132
18870146
18870801
18873368
18870694
18870518
18870040
18873382
18873508
18870746
18873481
18870574
18873370
18870750
18873136
18870818
18873410
18873406
18870732
18873424
18873369
18873380
18870160
18873392
18873418
18873504
18873456
18873414
18873416
18873398
18870005
18870074
18870716
18873444
18873000
18873110
18873523
18870590
18873128
18870037
18873487
18870572
18870034
18870826
18870720
18870062
18870070
18870532
18870680
18870018
18870706
18870542
18870620
18870805
18870592
18870072
18870013
18873521
18873522
18870825
18870811
18873440
18876300
18873442
18870726
18870502
18873512
18873353
18870813
18873448
18870056
18873148
18870692
18873112
18873394
18873390
18873514
18873422
18873430
18870546
18870015
18870728
18873124
18870829
18870578
18873520
18870030
18870712
18870809
18870596
18870024
18870042
18870510
18870060
18870808
18870618
18873449
18873432
18870003
18870740
18870520
18873501
18870828
18873488
18870022
18870700
18870522
18873491
18870080
18873138
18873482
18873492
18870807
18870516
18870038
18870148
18873485
18873404
18873130
18873474
18870730
18870724
18873454
18873388
18870819
18873464
18870718
18870054
18870824
18873118
18873002
18873008
18873352
18873428
18873484
18873468
18870506
18879899
18873470
18870058
18870142
18870149
18870810
18870524
18870803
18870602
18870800
18870748
18870817
18873483
18870827
18870582
18873386
18873453
18873134
18870150
18870032
18873116
18873458
18873355
18873452
18873518
18870812
18870734
18873502
18870020
18870048
18870023
18870584
18870212
18870544
18870614
18870616
18870001
18870760
18870762
18870814
18870764
18870770
18870009
