15612434
15612422
15608353
15610430
15610162
15610482
15608302
15614004
15608490
15607378
15604320
15600490
15600436
15600242
15600262
15600282
15600308
15600322
15600301
15601052
15601034
15610732
15608132
15600418
15601296
15600380
15600394
15600381
15606128
15606102
15606066
15612238
15600088
15601006
15601012
15601146
15604030
15603390
15603418
15603436
15604022
15603380
15600506
15610378
15610386
15612424
15610686
15604076
15604096
15604150
15604168
15604230
15610624
15612226
15610226
15600346
15608114
15601136
15604142
15610202
15600336
15601130
15601174
15601220
15601322
15600548
15604082
15604102
15604144
15604174
15604227
15604000
15608278
15608310
15600631
15600434
15600428
15603530
15601270
15612456
15603686
15603664
15600614
15607050
15607051
15607032
15607014
15603000
15600019
15600312
15601062
15601070
15600320
15601096
15601200
15601234
15600214
15600224
15607388
15601004
15607190
15607146
15607130
15607116
15607022
15603069
15603070
15606008
15606012
15614008
15603692
15603382
15600006
15600004
15601000
15600005
15601024
15601030
15612470
15607176
15610026
15607184
15610154
15607152
15607178
15607186
15610028
15610743
15610376
15601268
15604148
15604170
15604229
15610008
15601288
15601260
15603266
15603292
15603516
15603490
15610036
15607192
15600040
15607145
15607134
15608418
15610196
15610122
15600010
15601056
15601040
15610414
15610192
15604346
15604008
15610370
15605217
15610230
15603552
15600328
15604316
15604054
15605219
15608486
15603102
15610356
15608124
15610682
15608328
15603554
15604004
15610504
15606312
15607076
15607160
15607138
15607100
15607110
15608509
15608384
15608360
15600580
15603522
15612398
15610218
15600396
15610650
15610727
15610733
15606062
15603446
15610046
15610084
15610112
15610085
15610632
15606112
15606180
15606326
15606330
15601308
15600049
15607120
15606316
15601244
15608372
15604002
15601282
15604318
15601274
15604352
15610662
15612440
15612450
15601098
15608276
15604016
15607384
15614024
15606028
15606054
15608282
15606324
15603462
15604184
15604222
15603536
15608356
15604216
15603542
15604198
15604215
15610164
15610510
15600082
15600162
15600144
15600274
15608338
15610400
15608020
15610212
15603650
15600061
15601302
15612128
15612096
15600340
15604312
15604060
15612204
15600637
15600596
15603784
15603802
15603528
15601242
15610741
15610004
15607056
15607096
15607020
15607122
15600030
15600028
15600118
15600029
15600307
15600306
15600286
15600348
15601250
15601248
15610354
15604162
15610737
15600650
15612106
15610210
15612410
15608135
15608061
15608100
15608110
15608159
15608301
15603730
15600374
15600644
15612406
15601092
15608004
15607008
15612394
15612436
15601312
15612046
15612012
15600070
15603093
15606196
15614002
15608280
15601014
15603364
15600635
15610502
15600648
15607044
15607002
15607045
15606040
15606038
15603045
15601154
15601188
15604020
15604310
15604070
15604090
15604154
15604036
15601230
15604072
15604092
15608488
15600368
15612254
15607174
15606034
15603039
15603132
15607352
15600634
15603346
15608028
15606030
15606052
15612126
15600238
15600420
15600250
15600055
15603319
15603471
15601016
15612114
15612202
15612120
15612121
15612154
15612052
15612008
15600064
15607042
15607043
15607005
15607004
15603006
15600001
15603007
15612151
15612134
15612152
15612042
15612153
15612043
15612032
15601020
15604332
15610680
15600334
15600640
15612438
15608484
15610392
15601160
15604033
15600228
15608300
15603412
15603432
15603420
15610066
15610462
15610054
15603778
15608056
15603444
15612050
15610006
15612014
15612026
15600198
15600186
15606120
15606114
15606178
15606340
15612266
15610432
15604336
15610132
15610072
15610470
15601018
15614012
15610506
15612460
15600578
15607358
15603414
15603342
15603024
15603340
15603256
15603302
15603313
15603312
15603480
15603742
15603764
15606184
15606190
15607158
15607074
15607064
15607034
15600576
15612430
15612472
15608396
15610038
15610053
15610076
15610080
15610140
15610170
15610166
15614010
15606162
15601222
15600338
15603442
15608332
15600414
15600391
15600358
15607094
15603066
15607114
15607024
15606002
15606022
15600616
15608472
15600122
15607006
15612178
15603663
15600344
15600079
15600126
15608374
15608448
15610620
15610507
15610616
15604340
15607380
15603678
15603647
15606198
15608034
15601253
15610664
15603030
15610442
15610484
15608116
15603518
15603492
15610040
15608038
15610010
15612072
15612061
15612060
15608462
15610486
15608460
15608507
15600211
15600584
15600514
15600500
15600492
15610350
15610208
15601254
15603728
15608398
15603653
15601182
15608386
15607386
15610684
15600633
15603710
15603698
15604178
15604225
15601246
15601100
15610670
15603694
15606101
15606077
15606182
15606314
15608420
15605220
15608508
15608432
15601280
15607136
15607112
15607092
15607026
15608482
15610676
15608290
15612418
15601316
15603649
15610742
15608442
15606126
15603544
15612196
15604084
15610228
15608148
15601236
15612400
15610730
15601320
15600423
15600425
15600244
15600424
15612142
15612174
15610020
15600046
15603078
15604364
15608002
15608154
15608286
15601300
15604356
15608502
15608388
15604010
15610346
15603018
15603349
15603019
15603348
15603316
15603476
15603746
15603768
15604108
15604128
15604188
15604220
15600034
15600128
15600278
15600366
15601318
15608314
15607350
15601013
15600200
15600210
15600232
15601172
15612236
15612206
15604164
15604232
15612264
15603804
15607354
15610740
15608304
15608272
15600234
15600182
15600478
15601216
15603105
15603352
15601208
15612214
15612220
15608288
15603426
15612166
15608066
15607156
15612246
15600598
15600612
15601132
15601170
15610002
15612004
15612024
15600166
15600192
15600178
15600270
15600260
15600258
15601023
15608400
15610118
15600031
15600124
15600284
15600362
15600168
15600146
15600170
15600272
15600378
15614031
15614014
15604354
15603494
15612224
15603722
15604074
15604094
15608150
15610204
15600654
15608018
15608000
15610636
15600653
15603688
15608466
15604330
15612408
15603262
15603294
15603512
15603484
15612454
15608416
15603114
15603344
15603314
15603478
15603744
15603766
15604110
15604122
15604192
15604218
15606020
15606006
15603016
15606010
15603015
15603374
15603394
15603395
15603416
15610362
15606048
15607046
15607000
15606024
15614000
15605214
15601084
15601228
15600236
15608316
15606332
15606170
15606310
15604234
15608022
15600643
15607154
15607078
15607066
15607028
15607030
15607067
15610396
15603021
15607394
15604322
15603726
15606164
15603063
15606195
15606194
15603750
15603718
15603672
15603644
15608062
15601278
15610426
15600636
15608088
15601094
15603564
15605212
15603788
15608350
15610450
15604126
15604190
15604219
15603782
15600472
15600522
15600538
15600480
15600646
15610690
15612051
15600470
15610384
15606336
15606320
15601144
15603438
15608474
15606344
15608342
15603684
15603662
15608450
15600130
15600140
15604344
15608130
15608306
15605216
15601256
15610380
15610404
15608500
15608390
15601106
15610382
15612138
15612164
15605222
15604180
15604224
15610617
15610630
15604194
15604217
15608480
15610729
15603328
15608274
15608308
15610648
15608138
15612426
15605213
15608348
15608104
15603732
15603458
15612262
15610672
15604156
15604160
15612212
15605218
15606100
15606078
15612416
15604362
15600504
15604124
15600600
15600610
15601284
15601138
15604116
15606130
15606104
15606068
15601192
15612002
15612022
15608144
15600440
15600240
15600266
15604348
15604176
15604226
15601134
15610696
15610206
15608492
15603051
15601306
15604045
15600544
15600438
15600594
15600620
15608140
15610668
15601232
15610348
15604048
15607188
15610030
15604134
15606166
15606200
15610731
15608430
15607376
15603550
15604324
15608340
15610622
15612110
15608464
15612420
15606070
15600512
15600534
15601210
15601176
15610734
15601238
15601298
15603099
15603376
15600354
15612240
15606074
15603054
15601292
15604182
15604223
15603560
15608106
15601082
15603754
15603496
15603566
15601314
15607010
15603010
15606000
15603009
15610364
15604334
15612396
15606106
15606072
15603498
15603558
15610642
15600194
15601140
15604131
15610232
15610344
15608478
15604132
15606174
15608068
15603431
15603428
15603430
15603094
15600097
15601022
15601262
15612242
15610694
15604326
15605201
15608422
15603546
15612462
15603448
15608408
15610358
15600400
15600356
15608134
15604338
15603772
15604106
15604136
15603540
15601190
15612402
15607118
15606050
15606064
15610420
15610222
15610120
15610496
15610398
15610402
15608050
15603514
15603486
15601304
15608334
15601088
15608086
15610434
15603562
15608084
15610056
15607260
15610480
15607272
15607340
15603144
15608355
15608336
15603422
15603408
15603410
15603434
15603440
15610628
15610012
15610626
15604118
15604120
15603661
15603682
15600174
15600150
15600112
15600094
15601008
15601010
15603736
15610446
15612168
15604051
15612030
15603087
15608468
15608312
15610490
15600641
15608048
15608060
15610042
15610090
15606341
15612390
15608131
15610051
15606173
15612380
15600482
15600530
15600528
15608424
15608136
15610176
15610422
15608428
15608470
15608120
15601086
15608270
15601240
15603330
15603300
15603276
15606338
15606322
15606032
15603036
15603130
15603037
15603131
15600524
15600540
15606172
15612211
15607072
15607162
15607170
15607180
15610018
15610092
15612108
15612222
15612250
15607048
15606342
15612480
15612490
15612059
15604196
15608476
15601310
15601264
15603756
15608108
15600352
15612244
15608324
15601102
15610698
15600302
15600292
15608326
15601152
15610448
15603450
15604200
15608404
15604342
15600647
15604328
15608444
15608032
15601162
15600574
15604146
15604172
15604228
15603776
15601142
15610640
15600254
15601272
15610638
15612104
15601156
15604039
15612234
15612102
15607040
15607038
15607041
15607012
15603003
15603004
15600017
15600016
15601060
15612428
15601258
15610428
15610512
15610615
15610725
15610660
15610099
15610114
15610100
15610101
15610068
15610474
15600618
15601184
15601204
15600120
15610372
15607058
15607070
15607098
15607124
15600376
15608412
15610678
15600502
15608354
15607346
15610082
15610063
15610064
15610477
15610065
15610476
15610466
15607150
15607140
15607080
15607090
15607068
15603651
15610739
15604152
15604166
15604231
15610022
15603652
15608122
15606042
15604012
15610412
15600264
15600256
15600382
15600390
15608102
15608133
15603660
15603670
15603659
15600342
15604130
15604186
15604221
15604233
15603460
15607060
15603786
15608382
15605215
15610360
15600542
15610692
15608156
15604368
15608160
15608346
15603762
15603714
15603680
15603648
15601224
15610198
15601148
15600398
15608046
15603532
15600652
15605209
15606334
15606318
15600510
15600508
15606168
15603138
15601276
15610738
15610158
15610508
15608344
15608054
15612256
15604211
15604202
15610498
15601212
15607052
15607016
15607017
15600023
15600022
15600300
15600324
15600298
15612020
15600073
15603096
15603097
15603140
15614030
15614016
15614017
15603048
15603136
15604360
15600588
15600590
15600622
15600630
15603700
15608414
15601072
15601080
15601050
15601032
15610393
15608014
15603724
15608082
15603738
15600518
15603274
15605203
15610044
15610078
15610050
15607250
15605204
15600294
15610674
15612432
15612468
15603452
15606108
15610374
15608506
15603524
15612258
15608330
15612074
15600570
15600526
15600486
15600432
15608402
15600642
15606122
15603656
15603658
15607372
15600582
15607390
15603526
15608284
15608311
15608092
15600226
15608158
15601186
15603734
15610646
15603111
15607132
15603780
15604358
15608126
15601266
15610728
15601290
15608152
15604078
15604098
15612228
15610088
15610116
15610488
15608440
15608426
15610666
15608352
15610688
15601150
15601158
15610070
15610472
15612208
15608452
15604080
15604100
15607374
15603712
15603696
15604006
15608458
15603322
15603500
15608341
15608322
15603142
15608044
15600176
15600280
15600148
15600110
15600309
15600310
15600100
15600311
15601054
15600101
15601036
15612146
15612150
15600218
15600220
15600190
15600230
15600184
15600160
15600154
15600086
15600116
15600085
15603384
15603402
15600172
15600152
15600114
15600091
15600092
15601002
15603392
15608052
15600639
15608008
15608030
15612252
15610102
15610130
15610124
15610190
15610180
15610423
15610410
15600416
15612124
15612112
15612054
15612006
15600058
15603084
15614022
15605221
15600370
15610138
15610172
15603057
15608112
15607054
15607018
15600025
15600304
15600290
15610644
15605202
15603126
15603362
15603400
15603372
15603396
15612232
15603752
15603716
15603674
15603645
15610200
15601178
15610340
15610234
15600036
15610032
15600037
15600142
15600276
15600372
15610224
15603502
15608394
15612162
15600430
15607348
15612192
15600586
15612248
15612270
15600592
15612170
15600212
15612040
15600196
15612028
15600077
15600164
15600076
15603378
15603120
15603360
15603121
15603258
15607280
15607252
15603404
15608006
15603504
15603510
15603290
15603280
15603520
15608042
15612194
15612176
15603488
15600645
15607172
15607182
15610024
15612044
15612140
15612172
15600013
15601058
15606025
15603074
15606026
15606056
15603075
15612260
15610096
15610726
15610520
15610521
15610522
15610523
15610736
15608358
15608320
15601090
15608012
15604335
15606014
15600516
15600536
15607061
15607036
15607062
15607063
15608370
15612090
15612078
15610000
15612058
15610214
15600474
15603548
15612458
15600252
15600288
15608318
15610086
15610478
15610048
15610060
15610058
15600426
15600392
15600332
15612098
15612130
15612099
15612070
15612057
15612056
15612000
15600052
15603082
15603081
15606076
15606160
15606132
15606110
15603060
15612048
15612011
15612049
15612010
15600067
15603090
15606192
15606044
15612268
15601286
15607270
15607262
15612412
15610160
15600476
15603252
15603269
15603270
15600422
15600350
15608392
15610438
15603456
15600007
15601038
15601087
15601180
15610492
15607392
15610342
15608010
15610194
15610178
15610156
15610460
15607342
15607276
15607256
15605210
15610134
15610150
15610073
15610074
15610464
15601226
15613899
15614899
15608024
15600364
15604014
15610352
15610634
15604042
15600410
15600402
15600360
15610440
15603690
15603326
15603298
15603278
15612144
15612190
15612180
15604350
15606036
15603042
15603134
15612076
15603123
15603790
15603370
15603366
15603406
15603424
15603464
15603324
15603470
15603745
15603800
15604018
15605208
15603774
15604081
15604104
15603117
15603356
15603033
15603250
15603271
15600326
15603260
15603310
15603295
15603296
15603482
15603740
15603760
15605200
15601294
15603538
15608118
15605205
15607356
15604366
15608410
15610034
15600043
15600044
15603071
15603072
15603073
15606016
15601202
15600638
15600216
15600222
15601214
15606060
15606046
15600546
15601026
15603454
15605207
15608040
15600632
15605206
15608446
15608406
15608090
15610385
15612265
15607344
15608036
15610500
15603657
15607382
15608380
15610014
15612080
15612092
15612132
15612062
15612156
15610052
15610062
15610061
15610151
15610152
15603354
15607278
15607254
15603272
15603254
15601206
15606124
15606176
15603264
15603534
15608016
15610468
15610388
15610390
15610394
15607274
15607258
15610110
15610104
15610111
15612230
15612210
15610098
15600296
15600329
15600330
15612122
15612100
15600180
15612158
15607360
15608026
15607370
15608454
15604114
15610216
15604057
15604314
15608080
15608070
15603556
15603654
15610136
15610174
15600651
15603268
15612136
15612160
15612466
15606004
15603012
15603720
15612198
15612452
15612414
15610424
15600649
15612055
15608064
15612464
15603655
15610494
15608142
15601218
15600572
15600520
15600488
15608147
15608128
15608146
15608145
15603350
15603318
15603474
15603748
15603770
15610220
15608456
15610436
15610444
15601252
15612200
15600415
15605211
15610735
15600532
15600484
15601025
15603676
15603646
15614006
15603027
15600412
15614018
15612404
15612392
15608504
15604213
15604212
15604204
15603108
15608498
15604112
15608496
15610016
15610094
15612094
15614020
15604140
15608494
15604138
