07956090
07930240
07985070
07935000
07995010
07941030
07913100
07906060
07905120
07994130
07992000
07996120
07952030
07936170
07908190
07906000
07909000
07943020
07903150
07914120
07941010
07910160
07901085
07911070
07907080
07906040
07934210
07934310
07917185
07936060
07985130
07934140
07910150
07994010
07986010
07911180
07952120
07996110
07910020
07912110
07941080
07941125
07903170
07955220
07903060
07997060
07944120
07913150
07914270
07988070
07987320
07902255
07903190
07950130
07950015
07911020
07945120
07980082
07985305
07953280
07910197
07950005
07945030
07944130
07950270
07905110
07917000
07994120
07991100
07908120
07908140
07905150
07913110
07916115
07990030
07950010
07916010
07944050
07951250
07990065
07940010
07904070
07985120
07904060
07988075
07987100
07951000
07951310
07944040
07991110
07942170
07987010
07951180
07945140
07942290
07930020
07916030
07902090
07902070
07903090
07951240
07903030
07995030
07910070
07950070
07907050
07920080
07904080
07905040
07934100
07910190
07918000
07990076
07941060
07929030
07956010
07985030
07996080
07902040
07904020
07903100
07988050
07942000
07908060
07942010
07985170
07988060
07991120
07994020
07942210
07909030
07909170
07986150
07986100
07940120
07911250
07942160
07921170
07906070
07914260
07901010
07901070
07942100
07912060
07911300
07918010
07917115
07943090
07910005
07930200
07930210
07930220
07902180
07943185
07915015
07986060
07935070
07985020
07985200
07990040
07934450
07921300
07921310
07921320
07940135
07909080
07988000
07906110
07911370
07914020
07911150
07914170
07906020
07905100
07902005
07918100
07904010
07951300
07934410
07991005
07936070
07980065
07921100
07934180
07905130
07905050
07917170
07987040
07901005
07909085
07915005
07902080
07917110
07985280
07904150
07940170
07995150
07987270
07908160
07908170
07940110
07996100
07997020
07934010
07956030
07956050
07902170
07902185
07911340
07911350
07934150
07942140
07980005
07920000
07944135
07992080
07992010
07945100
07980050
07915090
07955000
07935020
07935060
07942070
07952140
07955090
07951070
07934370
07951160
07936000
07936150
07980075
07916120
07988030
07942250
07943100
07997050
07930190
07987160
07911345
07985230
07915070
07985260
07998060
07904160
07990050
07908010
07940030
07998070
07942040
07942080
07918020
07906030
07934420
07936180
07901120
07902150
07902000
07913140
07909040
07945050
07980090
07953110
07915030
07950190
07951110
07920110
07953150
07980025
07957105
07945085
07994000
07945020
07953180
07951190
07980010
07957072
07945180
07953190
07951120
07980015
07953200
07932220
07945035
07903160
07987150
07934160
07908020
07985040
07957080
07911220
07914310
07920020
07980080
07932010
07950170
07915080
07953040
07911270
07991025
07911367
07950095
07906080
07912150
07918120
07992120
07945010
07953130
07920100
07957115
07914160
07901021
07945110
07902225
07918030
07929080
07934095
07952230
07913070
07934130
07980060
07995120
07950000
07955030
07950040
07902230
07929060
07929010
07906090
07909090
07942200
07934085
07907010
07911330
07908040
07912030
07941130
07911140
07907040
07944080
07935050
07921090
07917140
07996200
07934220
07934020
07916170
07918040
07902060
07957020
07914250
07951163
07908130
07936200
07991050
07911344
07940090
07934070
07934330
07934320
07911130
07915020
07908070
07910110
07953030
07992110
07997030
07909060
07909055
07942090
07985010
07940050
07912010
07901095
07914050
07990093
07912120
07912125
07912100
07921000
07911275
07936155
07901180
07910010
07985310
07987090
07918050
07910000
07988065
07910230
07956060
07936120
07951280
07955125
07992020
07942150
07990075
07901000
07943000
07991045
07902110
07951230
07930130
07943140
07902050
07942055
07940180
07917010
07943080
07909140
07901105
07941040
07903140
07998050
07985140
07917020
07930030
07917050
07918060
07995110
07996050
07952180
07934340
07944170
07901030
07916140
07930090
07980066
07910030
07902190
07908000
07990020
07995170
07991000
07930170
07934250
07995020
07930070
07996160
07932000
07950160
07911280
07911364
07916000
07918070
07918080
07987020
07996000
07956080
07942220
07996140
07936090
07907060
07987140
07929065
07991085
07901045
07957100
07955020
07912115
07942280
07987080
07986020
07987060
07903000
07985060
07904110
07987300
07903135
07902240
07990080
07994030
07940000
07941000
07950180
07943030
07902250
07929070
07904090
07987050
07903010
07995040
07902020
07980095
07986140
07934230
07950060
07935010
07904100
07956040
07942190
07917105
07909100
07942225
07951170
07930110
07980040
07955120
07952220
07942155
07910210
07910220
07913050
07940060
07955050
07955160
07909160
07985015
07936030
07952060
07955040
07916100
07912130
07942240
07944150
07934360
07934030
07934260
07953260
07911105
07955065
07934190
07901110
07951010
07908180
07955070
07917150
07916090
07990035
07934165
07906105
07955060
07952210
07991080
07930060
07908050
07994140
07951100
07913190
07950120
07912105
07902030
07912135
07980000
07951290
07909050
07950280
07952010
07901003
07952090
07950220
07908088
07991040
07943060
07957120
07992030
07917220
07910195
07901160
07904040
07953261
07992090
07901111
07950050
07989000
07989030
07989020
07915050
07986090
07944160
07936025
07945095
07945090
07930100
07903130
07911210
07943190
07908165
07944070
07914230
07903040
07903050
07903180
07990045
07907000
07907070
07991170
07904155
07920030
07943110
07996060
07991150
07941100
07995155
07952000
07911276
07917160
07941021
07909110
07930000
07934110
07953010
07909120
07911051
07905020
07950250
07997000
07996040
07997040
07940160
07911290
07940080
07916070
07996030
07990100
07944060
07940150
07956020
07917190
07943200
07911278
07914200
07992070
07901155
07910130
07987310
07991180
07910180
07991030
07929020
07997010
07911120
07990090
07908080
07918065
07919000
07919010
07934430
07996005
07911277
07911073
07913080
07991140
07911050
07983000
07997320
07953270
07936080
07980030
07997310
07930140
07951200
07908100
07913160
07934090
07934440
07944180
07942130
07987005
07914045
07905140
07952170
07914010
07990025
07916050
07910090
07996130
07911310
07930040
07902220
07943010
07911200
07934350
07913090
07902215
07914130
07986130
07950100
07943120
07930080
07911170
07952020
07940200
07990070
07904050
07934200
07985190
07906100
07932060
07987170
07917100
07911260
07952110
07921010
07986070
07985080
07906065
07952190
07941090
07986120
07952150
07934080
07916095
07998030
07930050
07914240
07909020
07942110
07917200
07908030
07985160
07945070
07915040
07920090
07953020
07901130
07953080
07952130
07916110
07945060
07950240
07951090
07915010
07920045
07914060
07916020
07906075
07903080
07951140
07913120
07930180
07915120
07945040
07920050
07980085
07921115
07943180
07957110
07990060
07991160
07936185
07914080
07985005
07953070
07910140
07943160
07985250
07987180
07985000
07985300
07987280
07987290
07986170
07908110
07917060
07910015
07935100
07929050
07998010
07930250
07936190
07941120
07940140
07941070
07988010
07907020
07990095
07911010
07901100
07903055
07911025
07986050
07930230
07956070
07940020
07991090
07904000
07903200
07956000
07957000
07934270
07934170
07930010
07986040
07906050
07934290
07916150
07901060
07910060
07912000
07910040
07910050
07987030
07902010
07902015
07941150
07914220
07934280
07942165
07936100
07940130
07906010
07904140
07903070
07911160
07929040
07930120
07985240
07904120
07904180
07987110
07985100
07986080
07986160
07912020
07902095
07941110
07936050
07913000
07989010
07942030
07998015
07942050
07912070
07987070
07902160
07911075
07911030
07901170
07901080
07920035
07909010
07952070
07952080
07952155
07992150
07945000
07953250
07951210
07992040
07980070
07950140
07951060
07991125
07944100
07992160
07953170
07980020
07910080
07945025
07991020
07916040
07941020
07951020
07910170
07934240
07936110
07911190
07941160
07940190
07987285
07904190
07986000
07996010
07920010
07955010
07996180
07944000
07987055
07941170
07941173
07904030
07915000
07941200
07991015
07991060
07988040
07934390
07917180
07911343
07999899
07934060
07985220
07988020
07902210
07940070
07940075
07955075
07934040
07957060
07957010
07957050
07957040
07929100
07934050
07902200
07902120
07950230
07944140
07951030
07992050
07915100
07992060
07952200
07953115
07994080
07934380
07941050
07929000
07995290
07995210
07995220
07995180
07995190
07995275
07995280
07994150
07985150
07994160
07995250
07995270
07995240
07995260
07995230
07996150
07945080
07920040
07932130
07936020
07914040
07951080
07942300
07942270
07907005
07904130
07944090
07912040
07911100
07909150
07902100
07901140
07906085
07903020
07991010
07994100
07996020
07940100
07903120
07908150
07911360
07934120
07911320
07917120
07914150
07907030
07915110
07911230
07914100
07932020
07950150
07951050
07920070
07943095
07991035
07992015
07985180
07985110
07992130
07991130
07953140
07932120
07980120
07946100
07955170
07955150
07955140
07955190
07952100
07950090
07952160
07950080
07988055
07917210
07901090
07909065
07909070
07944030
07987130
07985050
07987000
07998000
07998100
07996090
07936010
07957070
07914090
07986110
07934400
07942205
07985210
07914140
07903110
07914000
07916160
07934300
07994110
07946010
07953230
07950260
07980115
07994040
07946060
07946000
07980140
07953240
07980130
07953160
07951270
07915060
07946090
07994070
07995200
07946080
07950030
07946040
07994050
07946050
07955110
07950025
07994060
07946070
07950020
07994090
07946030
07953220
07957075
07911090
07901040
07904170
07901020
07914043
07995000
07996070
07991065
07942120
07914110
07901150
07901050
07936040
07907065
07953000
07946110
07995115
07917230
07919020
07921020
07922000
07946200
07919090
07921110
07919100
07921120
07921130
07921140
07921150
07921160
07946120
07918090
07919030
07921030
07922010
07946130
07919040
07921040
07922020
07946140
07919050
07921050
07946150
07919060
07921060
07946160
07919070
07921070
07946170
07921080
07946180
07919080
07946190
