17400812
17402084
17404540
17404042
17402336
17406504
17404030
17400382
17404542
17401132
17400362
17400017
17401112
17400062
17400034
17400302
17402018
17404104
17400816
17409030
17406664
17406520
17406300
17402050
17400154
17402666
17406676
17404102
17406490
17406206
17406120
17400306
17400164
17400156
17404270
17404244
17402608
17401128
17401100
17404516
17404532
17404314
17406510
17400852
17400826
17406108
17400862
17404046
17402700
17402644
17404426
17400136
17400102
17402626
17406004
17404506
17402642
17406542
17406502
17404510
17400150
17406432
17404514
17406518
17404044
17406474
17406188
17406450
17401108
17401180
17406530
17400824
17406414
17409046
17404036
17406470
17404048
17402098
17404078
17402752
17402606
17402220
17401126
17406112
17406192
17406444
17406500
17406678
17400134
17400100
17402374
17402650
17406654
17402370
17402368
17402367
17406548
17402016
17402352
17402332
17404072
17400050
17406186
17406448
17402364
17409050
17400072
17404423
17402770
17402066
17400042
17400009
17404630
17404522
17402756
17402060
17406318
17402786
17404298
17402048
17400331
17400322
17400384
17402216
17402042
17404416
17409018
17404290
17404408
17402062
17402378
17404618
17402764
17400104
17400140
17400108
17400144
17404366
17406335
17406466
17402005
17400085
17406020
17406204
17400090
17406040
17400005
17406330
17406460
17406010
17406322
17406180
17400044
17402032
17404336
17406478
17401088
17401034
17406462
17402058
17402612
17404032
17402390
17402044
17401046
17402610
17402386
17404418
17401116
17406116
17406486
17402022
17402856
17404600
17402778
17404538
17406532
17400110
17400146
17406341
17402672
17402646
17404356
17400868
17402362
17400007
17401194
17401204
17406304
17400368
17404402
17401166
17401198
17401084
17406426
17406408
17402342
17401192
17401158
17402354
17400814
17404246
17404016
17404024
17402384
17404526
17404106
17406494
17404064
17404528
17404530
17406038
17406184
17406446
17406034
17406028
17406406
17402776
17404610
17402622
17404534
17406306
17404284
17402056
17404518
17404224
17404278
17404362
17404326
17406496
17402664
17402308
17401202
17401176
17404202
17404082
17404220
17404280
17402010
17402381
17402320
17402330
17400376
17404050
17402338
17404428
17401168
17409000
17402200
17402096
17406026
17404228
17404276
17404422
17406308
17401172
17401200
17401086
17406044
17406662
17404260
17404226
17404304
17404424
17404502
17402072
17401040
17401030
17402360
17406524
17406650
17401050
17401124
17401012
17402686
17409040
17404310
17404406
17406538
17402754
17402766
17404324
17402366
17409038
17406546
17400820
17402632
17404524
17406472
17406440
17402028
17404344
17402302
17406310
17402080
17402506
17400106
17400142
17402600
17402504
17400818
17402850
17402854
17402340
17406686
17400046
17400092
17406670
17400091
17402001
17406312
17402640
17406046
17406122
17402372
17402620
17404286
17402388
17404412
17404034
17406314
17401024
17402392
17400364
17402090
17402396
17400864
17402602
17404308
17406674
17404054
17406404
17400138
17400310
17400120
17402358
17404296
17404254
17402784
17402004
17402070
17400830
17400860
17402852
17404038
17409014
17404312
17404084
17402344
17404114
17406480
17406336
17409044
17404368
17406110
17401036
17406410
17400060
17400036
17400015
17401134
17406668
17409054
17409016
17400084
17402003
17404334
17400314
17400152
17400354
17400374
17406526
17406506
17406534
17401104
17406332
17406666
17409008
17404504
17402046
17406106
17404313
17409042
17400076
17400340
17400854
17406347
17402634
17406436
17400370
17400810
17404110
17406442
17401136
17406006
17409012
17400162
17406333
17406000
17400840
17406210
17400160
17400332
17400308
17400116
17406516
17401082
17401160
17409036
17402648
17404206
17406428
17406208
17402690
17404208
17406508
17406022
17406660
17404274
17404240
17406182
17406438
17409032
17406002
17406420
17400300
17400350
17402356
17409020
17406512
17402006
17406464
17404338
17404536
17402054
17406100
17406200
17404012
17404000
17404328
17404248
17402310
17406008
17401016
17406032
17406036
17401140
17404626
17406422
17406402
17404068
17409022
17404614
17402100
17404612
17402624
17404512
17404028
17406030
17406488
17402012
17401090
17406498
17404364
17404086
17406434
17404352
17406476
17400101
17401156
17406351
17406024
17404250
17404014
17404088
17404292
17404052
17400064
17400032
17400019
17402092
17409004
17400866
17404360
17402301
17409034
17400088
17404332
17400001
17404322
17402668
17409052
17409010
17406656
17409048
17401164
17402502
17401196
17401162
17406345
17401170
17406484
17401208
17401182
17406102
17402030
17404342
17401102
17402014
17404300
17404210
17404230
17404256
17406339
17406350
17404432
17404410
17400148
17400338
17400112
17402782
17404404
17402059
17404330
17400066
17400030
17400021
17401114
17406482
17404520
17400130
17400312
17400118
17406416
17406468
17404243
17402688
17402208
17400094
17402040
17400048
17402304
17401092
17402382
17404628
17402684
17402068
17402206
17400304
17400166
17402218
17402652
17402346
17402350
17400858
17406338
17406212
17404204
17406544
17404358
17401184
17400380
17402064
17406202
17402082
17401020
17401178
17402682
17401122
17401154
17404282
17402762
17402674
17402750
17401190
17402400
17402380
17402772
17400013
17401006
17400038
17402300
17404414
17409002
17406652
17406048
17400358
17406522
17404316
17400372
17406400
17400095
17404070
17404258
17404222
17404302
17401042
17406680
17406114
17402680
17404066
17402774
17402500
17402398
17402604
17402204
17402394
17400366
17404632
17406514
17402780
17402202
17402036
17401152
17406316
17406302
17406190
17400388
17400390
17400068
17404616
17401130
17402094
17402334
17402008
17401026
17402002
17402365
17404340
17404350
17401120
17404022
17402210
17406424
17402086
17406684
17404288
17406658
17404430
17400850
17400082
17400316
17400352
17404508
17402026
17404346
17402670
17402859
17401032
17404076
17402088
17400079
17401022
17408899
17409899
17402758
17402760
17402630
17404080
17404100
17400078
17400330
17400320
17400360
17406412
17404200
17404294
17404252
17400074
17404002
17404101
17404010
17404060
17406104
17404026
17400378
17404112
17400011
17401008
17400040
17404306
17409024
17400070
17406672
17402678
17404622
17400386
17400334
17400822
17402038
17402628
17402376
17406320
17406342
17401044
17400114
17400856
17400336
17400158
17406042
17400003
17404074
17401138
17400096
17400052
17402306
17406540
17400098
17400132
17402052
17401010
17401002
17404620
17402020
17402768
17404420
17401206
17401186
17402654
17401004
17404040
17404108
17404320
17404318
17404602
17404500
17404400
17404624
17402212
17401014
17402676
17402214
17404354
17404062
17401000
17401110
17401080
17401048
17401150
17406430
17401106
17404348
17402024
17402034
17404020
17404272
17404242
17402000
17400086
17402660
17406682
17406492
17409006
17406118
17401118
17402662
17406536
17400080
17400356
17400318
17402858
17406348
17401174
17406344
17406528
