16450160
16452080
16452076
16459044
16459010
16451094
16451158
16451138
16451100
16450003
16452042
16450178
16451164
16452088
16452016
16452048
16452094
16450170
16450162
16459000
16452172
16452154
16452006
16452162
16452158
16450158
16459012
16459050
16459046
16451004
16450017
16450039
16450150
16450126
16457800
16450180
16452002
16451102
16452040
16452032
16450011
16451172
16459038
16459030
16459056
16451170
16451166
16450148
16450184
16450037
16450128
16452204
16450005
16451016
16450172
16451174
16452014
16452156
16451178
16451150
16450019
16450029
16450136
16451022
16450188
16451000
16450140
16452004
16452090
16451080
16451070
16452066
16450106
16454004
16452198
16451038
16459020
16459042
16451088
16451066
16451042
16451160
16451140
16450025
16451064
16451030
16451026
16454012
16454002
16458002
16451108
16450051
16450104
16450047
16452008
16452074
16452010
16452024
16452174
16452060
16451106
16452186
16451134
16450102
16450045
16458006
16450174
16451044
16451018
16459002
16459016
16451036
16451020
16452018
16452020
16452030
16450110
16458008
16452028
16451014
16459054
16452084
16452050
16459052
16458004
16451130
16451040
16450033
16450186
16450144
16450132
16452064
16450031
16450142
16450134
16452092
16452150
16451082
16452022
16451180
16452070
16452072
16450049
16459014
16452170
16452062
16451152
16452046
16459040
16459008
16452096
16451112
16452202
16452160
16452068
16452190
16451034
16452152
16459018
16450156
16451110
16451104
16451162
16451142
16451032
16452178
16452184
16452082
16451008
16451046
16451010
16450176
16452180
16452176
16451012
16450009
16452188
16452194
16451084
16450053
16452026
16459034
16451068
16451116
16451090
16450013
16450043
16450001
16452086
16451092
16451156
16451136
16451114
16450015
16451118
16451062
16450108
16452192
16452044
16459036
16450027
16451024
16451002
16452000
16451154
16451132
16459022
16457899
16458899
16459899
16452196
16450021
16451060
16451176
16451120
16451050
16452200
16459004
16458000
16454006
16450023
16450112
16451048
16451006
16450120
16452012
16454010
16454000
16459032
16459006
16452182
16450035
16450146
16450130
16450154
16450122
16450041
16450100
16450182
16450152
16450124
16451086
16450007
