16480070
16480042
16480130
16480182
16480084
16480005
16480033
16480318
16480015
16480308
16480188
16480096
16482050
16480080
16482004
16480168
16480180
16480124
16480072
16480001
16480302
16480122
16480009
16480003
16480184
16480023
16480040
16480082
16480190
16480025
16480021
16480162
16480102
16480013
16480002
16482010
16480126
16480090
16480092
16480046
16480166
16480098
16480320
16480044
16480100
16480031
16480164
16480056
16480075
16480116
16480029
16480134
16480104
16480154
16480112
16480138
16480156
16480314
16480060
16480006
16480108
16480300
16480120
16480304
16480174
16480186
16480052
16480136
16480011
16482008
16480094
16480074
16480132
16480128
16482012
16480062
16480312
16480172
16480158
16480152
16482006
16480118
16480066
16480310
16482057
16480007
16480106
16482002
16480054
16480170
16480160
16480316
16480110
16480058
16480114
16480019
16489899
16480027
16480306
16480017
16480050
16480064
16482000
16482055
