16707130
16707190
16707188
16700061
16700136
16700300
16700180
16700204
16700172
16702258
16700073
16707014
16707108
16702252
16700039
16708128
16700386
16700338
16707172
16705242
16702140
16702132
16708070
16702156
16702302
16702292
16708344
16708324
16705262
16702264
16702272
16702162
16702145
16700033
16700322
16700138
16708002
16705472
16707184
16707150
16708374
16702520
16708322
16705370
16700344
16708290
16708332
16702128
16700166
16705222
16705358
16700308
16700051
16705282
16705214
16705202
16705234
16705366
16705268
16708090
16700150
16708154
16708042
16700210
16705294
16702254
16700011
16708152
16705478
16708348
16708328
16708088
16708250
16708144
16708150
16705264
16705448
16705402
16707012
16702510
16702046
16702068
16702050
16705486
16708304
16702256
16705444
16705408
16708256
16700200
16700160
16700142
16702122
16702108
16700065
16708030
16708028
16700134
16705354
16700164
16700156
16707176
16707124
16702324
16705286
16705208
16705220
16702184
16702170
16705458
16705356
16705342
16700336
16707024
16707100
16707126
16708368
16707198
16708000
16708330
16707182
16700094
16700122
16702000
16702054
16705436
16705288
16705290
16705306
16705310
16702200
16702026
16700081
16700162
16700154
16705252
16702078
16702032
16707134
16707196
16707174
16700047
16700376
16700312
16702088
16702016
16700043
16708124
16700382
16700092
16705410
16700368
16700017
16705398
16700116
16700037
16700077
16707106
16700005
16700063
16708062
16708026
16708360
16705216
16705382
16700360
16705446
16705406
16708298
16702018
16702090
16707022
16702294
16702310
16702300
16700009
16700374
16700100
16705254
16702702
16705260
16702304
16705430
16705462
16705390
16705236
16705204
16708076
16700202
16702262
16708048
16708262
16702190
16708306
16700041
16700384
16708126
16700334
16705272
16705226
16708064
16708258
16708100
16708270
16705454
16705396
16702010
16702082
16702060
16702274
16702160
16702124
16702106
16708342
16700075
16700013
16700372
16700102
16700110
16708044
16705364
16700196
16700090
16700087
16708294
16708300
16702172
16702120
16708284
16705476
16708092
16705344
16702028
16700083
16705210
16700031
16700362
16700332
16700324
16705374
16702042
16708268
16705028
16708310
16708340
16708320
16705200
16702002
16702008
16700019
16702260
16702306
16702288
16700152
16702130
16702102
16708032
16708010
16707152
16708094
16708096
16705394
16707002
16708280
16708014
16708158
16708308
16707186
16707154
16700055
16700378
16702040
16702174
16702112
16702070
16700318
16702500
16705218
16705292
16705018
16705024
16705338
16705482
16705022
16705460
16705392
16700045
16708122
16700380
16700314
16705404
16700021
16700366
16700352
16705470
16708364
16708334
16705284
16705212
16708266
16700120
16700118
16700112
16702158
16707122
16707136
16707194
16707170
16705000
16708120
16702062
16702250
16702204
16702168
16705314
16705380
16705320
16707120
16700025
16700023
16707112
16705330
16705302
16708118
16700029
16702086
16702014
16708142
16708086
16707178
16702056
16705238
16705372
16705266
16708138
16700388
16700340
16705224
16700198
16707016
16705228
16702154
16707008
16705484
16700069
16707110
16705232
16702052
16702182
16702176
16702066
16705450
16705400
16708040
16708346
16708362
16700190
16700186
16707006
16702326
16705424
16708302
16700194
16700184
16705020
16708082
16708046
16702186
16705300
16705296
16702512
16705376
16700320
16700035
16700192
16707030
16707102
16705304
16707180
16707132
16700346
16700098
16700007
16707104
16702178
16702280
16702276
16702180
16705378
16700003
16700212
16700208
16708012
16708020
16708034
16705456
16705428
16705388
16705250
16705442
16705026
16708336
16705324
16708038
16702328
16705464
16705386
16700304
16700057
16700130
16702100
16702092
16702020
16705480
16708050
16708254
16708098
16708060
16705010
16708326
16707192
16702074
16702036
16702284
16702080
16702030
16705368
16705206
16707158
16707140
16702266
16702202
16702146
16705244
16708338
16700001
16705248
16702286
16702110
16705452
16705352
16708132
16708072
16705016
16705432
16700392
16708274
16707000
16707004
16702320
16700342
16708006
16700140
16702188
16702150
16708372
16708296
16708366
16708272
16705246
16705322
16705348
16702142
16708136
16708080
16707128
16707160
16705350
16705032
16705012
16705440
16700350
16705334
16708112
16708292
16708252
16708350
16708264
16702152
16702600
16702064
16702268
16702166
16705422
16702024
16700079
16705420
16705412
16705014
16700306
16700053
16708114
16707142
16708156
16700027
16700364
16700348
16700326
16705474
16700015
16700370
16700114
16700310
16700049
16705256
16702034
16702126
16702104
16702076
16705438
16705434
16708286
16710001
16702270
16702164
16702044
16700059
16700182
16700206
16700302
16708260
16708066
16708102
16708110
16708024
16708008
16705240
16700316
16700390
16702022
16705258
16702322
16710899
16709899
16708134
16708074
16707010
16702282
16705030
16708700
16702004
16705280
16705346
16705384
16702084
16702012
16702700
16708116
16708352
16708282
16708004
16700096
16705340
16702290
16702072
16702038
16700132
16700170
16700168
16707162
16707138
16705230
16705360
16705270
16707020
16708016
16700124
16708288
16705332
16705312
16707018
16700330
16705326
16705336
16702058
16705362
16708022
16708130
16708068
16708036
16708140
16708084
16708160
16702144
16708370
16705426
16707156
16700085
16702006
16700067
