14842574
14840402
14842084
14845214
14845238
14845252
14840282
14842592
14846892
14845196
14842086
14845394
14845406
14842326
14842368
14847326
14842106
14840500
14847394
14840248
14840512
14845346
14840308
14840300
14840298
14842302
14847028
14842602
14847310
14847290
14847204
14847172
14847010
14840372
14840318
14845126
14845162
14845198
14845328
14847272
14845232
14842570
14840312
14842580
14847052
14840232
14840188
14840190
14840045
14845038
14845310
14845312
14845306
14847226
14840400
14842608
14842518
14845142
14840096
14840083
14842052
14845024
14845096
14842560
14842600
14847222
14847396
14847372
14842556
14840156
14847284
14840510
14842568
14840334
14842578
14847330
14847366
14841028
14845184
14845372
14845182
14847236
14847322
14842572
14842500
14842496
14840098
14847126
14845172
14845194
14845334
14842024
14847442
14845298
14840502
14840242
14840280
14847018
14840230
14840340
14840350
14842248
14847008
14847048
14845212
14845240
14845290
14840506
14840174
14842066
14842130
14847098
14847132
14845074
14845012
14842284
14842004
14845276
14842002
14842202
14840184
14840039
14845046
14845044
14845078
14845098
14845022
14847148
14847022
14842352
14847398
14847370
14842314
14842320
14842494
14842450
14842372
14842088
14842506
14847276
14847258
14840392
14847460
14847414
14847454
14847300
14847420
14847060
14847298
14847190
14847184
14847062
14847114
14840264
14847342
14847354
14845358
14845408
14845374
14847462
14847474
14847452
14840150
14840023
14840168
14840170
14840025
14840112
14840087
14840090
14847020
14847004
14847002
14840292
14840071
14840114
14842018
14847174
14840059
14842269
14842310
14842324
14840276
14842530
14842520
14847316
14847212
14847280
14847166
14842132
14842546
14842470
14842046
14847320
14847408
14847380
14845416
14847014
14842068
14842128
14842544
14842472
14840320
14840370
14840522
14846894
14847180
14842538
14842484
14842562
14842620
14845418
14842548
14842468
14840033
14840029
14847000
14840031
14845052
14845050
14845060
14845062
14842342
14847228
14847250
14845120
14845110
14845030
14845180
14845400
14845398
14847146
14847344
14847274
14847350
14840262
14840304
14842536
14842488
14842016
14847124
14847230
14845122
14845164
14845294
14845414
14847296
14840236
14840200
14840051
14840226
14848899
14840001
14845000
14842276
14847446
14845274
14845220
14845230
14845258
14842074
14842120
14842218
14842250
14845300
14840374
14847242
14842212
14840386
14845384
14845332
14841020
14841010
14840316
14847430
14847470
14847444
14840296
14842006
14842032
14845188
14845338
14845190
14845132
14845152
14842338
14842090
14847178
14840182
14840180
14840222
14840220
14840270
14840326
14840358
14842014
14842510
14842558
14842514
14842334
14842358
14840176
14840210
14840015
14847070
14847164
14847144
14840228
14842092
14847318
14847278
14847220
14840380
14847006
14840376
14842554
14842336
14842356
14842094
14842126
14840330
14840364
14840118
14840069
14845034
14842300
14845020
14847390
14847382
14845042
14845136
14845156
14845204
14845206
14845246
14840328
14847110
14847056
14847100
14847058
14847154
14842454
14842072
14842122
14847046
14845160
14845202
14845210
14845242
14845292
14845264
14842594
14847362
14847334
14847208
14841024
14840360
14842566
14845066
14845064
14845002
14845004
14847412
14847364
14847332
14847270
14845314
14845304
14840092
14840085
14842054
14845390
14847428
14840352
14845138
14840094
14847196
14845296
14842060
14842058
14841032
14841002
14845316
14845302
14840063
14840067
14840116
14840065
14842020
14842260
14842312
14842256
14847068
14847084
14847140
14841004
14840234
14840192
14840047
14845036
14841026
14847302
14845348
14847054
14847400
14842216
14842204
14842350
14847340
14847356
14840294
14841022
14845386
14847012
14847064
14847294
14847202
14847176
14842512
14840514
14840164
14845270
14840158
14840160
14840520
14845268
14842096
14847042
14841000
14845158
14845208
14842564
14845218
14845234
14845256
14847206
14847168
14842614
14842102
14845356
14847256
14847376
14847410
14847254
14847218
14840354
14840338
14847088
14847138
14845094
14845018
14842290
14842244
14840178
14840212
14840278
14845336
14847422
14840204
14840027
14840172
14847200
14840314
14847116
14847086
14847080
14847072
14845140
14847122
14847234
14845170
14847336
14847360
14847128
14840390
14847252
14845382
14845104
14842354
14842118
14845178
14845272
14842098
14840310
14840154
14840037
14845326
14842214
14847032
14840035
14847392
14847374
14840162
14840378
14847304
14840100
14840079
14842036
14847324
14845330
14841034
14845216
14845236
14845254
14840504
14842534
14842490
14845134
14845154
14842242
14842232
14845404
14845396
14842340
14845048
14845076
14847468
14840384
14845266
14842598
14840152
14842026
14842064
14842030
14847406
14847352
14845262
14845342
14845282
14845402
14847404
14847368
14842618
14840322
14840368
14842100
14845322
14842622
14845354
14847182
14847194
14847192
14847260
14842596
14847118
14845072
14845070
14845008
14845010
14842282
14845350
14842550
14842466
14847050
14847026
14840382
14840238
14847016
14842070
14842124
14847424
14847170
14847216
14847214
14845176
14847156
14847082
14842456
14842486
14842576
14840240
14840202
14840053
14842272
14842306
14842330
14842364
14847096
14847134
14845090
14845080
14845014
14842286
14840508
14845108
14842210
14842208
14842516
14845392
14845412
14842082
14845380
14840332
14840362
14841038
14841008
14840019
14840021
14842050
14847464
14847450
14842532
14842504
14845150
14847024
14842116
14847466
14847448
14847378
14840516
14842616
14847034
14847040
14847112
14845068
14847130
14845106
14845028
14845128
14840246
14840268
14840266
14840302
14847264
14847120
14847090
14847092
14847150
14847152
14845318
14845284
14845260
14842264
14842252
14840017
14842460
14847432
14847472
14847440
14842610
14847210
14847044
14842322
14842370
14840388
14842220
14845352
14840394
14840272
14840244
14840274
14842540
14842482
14842458
14847240
14847314
14847286
14845378
14845244
14847262
14845186
14845340
14845192
14840224
14842464
14842234
14842236
14842240
14842266
14842452
14842492
14842502
14845278
14845344
14845280
14847476
14847328
14847160
14847162
14847158
14847224
14847142
14847066
14847094
14847136
14845092
14845016
14842288
14845324
14840324
14840366
14840526
14847030
14847306
14845166
14840011
14840013
14842042
14842062
14849899
14840061
14842000
14842222
14842590
14842230
14842246
14842278
14842552
14840081
14842048
14847198
14847282
14845006
14842280
14840206
14845168
14840007
14840009
14842040
14842508
14840186
14840166
14840043
14845032
14842200
14842008
14842612
14842542
14842480
14842606
14840250
14842274
14842304
14842332
14842360
14842362
14842114
14845388
14845040
14840057
14840288
14840290
14845100
14840049
14847478
14840005
14840003
14842022
14842034
14840055
14842270
14842308
14842328
14842366
14842104
14845376
14847308
14847292
14842462
14847426
14845286
14845250
14842604
14845102
14845026
14845130
14840077
14842056
14842076
14842080
14842110
14842044
14847338
14847358
14840356
14840336
14847232
14845124
14845422
14845320
14845200
14840102
14840110
14840073
14840075
14842038
14842012
14842010
14840518
14842112
14840306
14840252
14840260
14840524
14847238
14845174
14841006
14845420
14842134
14845288
14845360
14845370
14845410
14841030
14842262
14842254
14847312
14847288
14840041
14847402
14841036
14842206
14840208
14840286
14840284
