17450352
17450084
17450340
17450334
17450506
17450025
17450180
17450104
17450106
17450342
17450220
17450370
17450017
17450500
17450072
17450354
17450310
17450007
17450058
17450508
17450520
17450033
17450356
17450019
17450190
17450088
17450320
17450186
17450021
17450364
17450005
17450056
17450518
17450368
17450214
17450003
17450086
17450174
17450192
17450510
17450366
17450102
17450336
17450172
17450160
17450076
17450013
17450324
17450037
17450176
17450031
17450502
17450009
17450001
17450054
17450306
17450090
17450170
17450514
17450039
17450074
17450015
17450011
17450300
17450360
17450029
17450326
17450078
17450372
17450330
17450050
17450516
17450308
17450380
17450060
17450362
17450374
17450064
17450504
17450070
17450216
17450023
17450376
17450066
17450304
17450035
17450322
17450082
17450332
17450218
17450210
17450052
17450302
17450100
17450080
17450182
17459899
17450184
17450027
17450188
17450899
17450068
17450178
17450062
17450338
17450512
17450212
17450350
17450312
