13184539
13185580
13185194
13185071
13187172
13183772
13184631
13187042
13183302
13185083
13185157
13186654
13183408
13184452
13186371
13184517
13184695
13188285
13185043
13185414
13185041
13185057
13187094
13185141
13185065
13185008
13188141
13185829
13186541
13185378
13184662
13183647
13189312
13183839
13187192
13184872
13186004
13183352
13185480
13183167
13188307
13185704
13183300
13189247
13183234
13184275
13189286
13185018
13183848
13185420
13183351
13186580
13184667
13184310
13185570
13187130
13185885
13189105
13184532
13185802
13183005
13183801
13185044
13188273
13183258
13187234
13184453
13188010
13188084
13185552
13188050
13183886
13185652
13188171
13188041
13187242
13184675
13186585
13184871
13183301
13189231
13183292
13183303
13187002
13189300
13186704
13183160
13188261
13184440
13187233
13183788
13186584
13185668
13188231
13186542
13186611
13185100
13185880
13187058
13187051
13183815
13184600
13183235
13183627
13183892
13189871
13183190
13184460
13183354
13186587
13186430
13184528
13184340
13183232
13185350
13187159
13185462
13185351
13187164
13186230
13183440
13183260
13183420
13189128
13183823
13184862
13183224
13185221
13188301
13188191
13188042
13185011
13186637
13186646
13187240
13184821
13185164
13184213
13183510
13183629
13184742
13183540
13186579
13185014
13183020
13184456
13184040
13187174
13185538
13188221
13186528
13186521
13183862
13187070
13185624
13184887
13188066
13185489
13185002
13184454
13184661
13185267
13185530
13185230
13185139
13183833
13188001
13185540
13186581
13185142
13185160
13186382
13189303
13183427
13185473
13185112
13183246
13185606
13185188
13186231
13185134
13184712
13184732
13186688
13185364
13185394
13183021
13189225
13189276
13185080
13185172
13183622
13184322
13189882
13189886
13184884
13183825
13186443
13183353
13185640
13183750
13184879
13189132
13184701
13183778
13186460
13185023
13184230
13187062
13185055
13183850
13189295
13186576
13183889
13185450
13185270
13186217
13186351
13186425
13189152
13183827
13186420
13185381
13188064
13184090
13185542
13187241
13188092
13187066
13185722
13187165
13188264
13187113
13183554
13183633
13183180
13183585
13185690
13183835
13188251
13183410
13183555
13189116
13189119
13186716
13183257
13185755
13183350
13189275
13184590
13183691
13186031
13185581
13185333
13183304
13189866
13189253
13185522
13185546
13189232
13187022
13188240
13185840
13183222
13185619
13186544
13186680
13183683
13183349
13183767
13189233
13187045
13187036
13189114
13186493
13183357
13184522
13184410
13183223
13185354
13186692
13189859
13183133
13185848
13187243
13186621
13186180
13185550
13188291
13184300
13184663
13185280
13185483
13185370
13184822
13185171
13185361
13184276
13185362
13188292
13183847
13185051
13188095
13183450
13186484
13184321
13183580
13186547
13188070
13184030
13186412
13183359
13183355
13189261
13183358
13184875
13187147
13185724
13186463
13189229
13188151
13185740
13188190
13188252
13187030
13183513
13184380
13187133
13187050
13187190
13185723
13187151
13189257
13189249
13189228
13187155
13185390
13185152
13185582
13183361
13189260
13188116
13185663
13184623
13184212
13189255
13184890
13184897
13189872
13187142
13187044
13183803
13185785
13183805
13183807
13184854
13187158
13185122
13187163
13185577
13185529
13185079
13186549
13185687
13188212
13186464
13183363
13186021
13183263
13183252
13188105
13185728
13188030
13186629
13188249
13186626
13188140
13186682
13189277
13188125
13186607
13184838
13186604
13184889
13189307
13185382
13183111
13187073
13185136
13186632
13184672
13185302
13185191
13187063
13184642
13189129
13188114
13186310
13188120
13186235
13183809
13187065
13184646
13184888
13188210
13189302
13187183
13185553
13185132
13187112
13188237
13187093
13183310
13188013
13183866
13183581
13183428
13184622
13187053
13183367
13183602
13184690
13187258
13187203
13187239
13187181
13184529
13184650
13186721
13185353
13189280
13185702
13186462
13183365
13187153
13185432
13185146
13187014
13185074
13185574
13185870
13185173
13189133
13185275
13187072
13187071
13185847
13183293
13187043
13186513
13189304
13186603
13187237
13184360
13185555
13187082
13186520
13185398
13185526
13186030
13185622
13183360
13183362
13185085
13186599
13185140
13184150
13186070
13185627
13185605
13186583
13184643
13188245
13184853
13185826
13186270
13189236
13183369
13183364
13183368
13184671
13185182
13185004
13185696
13189264
13184855
13185827
13183661
13183663
13186533
13184851
13188040
13186380
13185654
13186023
13186491
13185380
13185583
13185168
13183673
13187084
13185845
13189227
13185162
13185562
13186215
13185608
13188054
13185551
13189256
13183813
13188293
13187160
13185513
13188053
13185345
13183632
13185331
13183414
13186216
13186213
13184687
13183163
13188011
13186543
13186616
13185824
13183113
13185110
13186702
13183551
13183595
13185063
13187011
13187001
13183631
13186218
13185864
13183591
13185017
13185133
13183710
13185544
13185391
13185403
13187275
13185145
13185689
13184683
13185831
13186204
13185413
13183869
13184020
13184883
13188255
13185849
13189109
13185397
13185584
13185154
13189150
13185180
13183597
13185512
13185539
13186424
13186340
13183885
13185422
13183150
13185001
13185461
13187211
13186475
13185556
13187201
13185323
13183216
13186435
13186362
13188031
13183259
13184525
13185554
13184553
13187085
13185433
13185600
13183370
13185189
13186410
13184654
13186237
13186550
13186240
13186480
13186010
13185310
13185564
13183789
13184861
13188170
13186470
13185220
13188200
13188274
13184880
13183251
13183080
13188281
13185460
13187170
13184206
13185211
13189118
13185823
13185101
13185882
13183311
13188051
13186452
13185332
13189314
13185665
13185091
13186170
13186054
13186020
13186250
13186220
13184580
13184655
13184483
13184486
13185371
13188055
13185478
13185187
13184330
13184234
13183082
13183754
13188263
13188002
13186014
13186514
13185585
13185184
13184559
13185360
13184502
13183371
13183120
13188250
13183858
13188161
13185883
13187200
13184610
13186280
13185575
13186598
13185115
13184850
13188220
13189203
13189262
13184620
13184653
13189108
13184621
13184656
13183762
13185052
13187156
13189248
13183690
13187049
13185790
13189240
13187144
13189266
13185648
13189265
13189283
13188132
13184876
13186492
13189281
13183433
13186500
13185649
13183786
13183845
13186633
13183480
13183852
13185405
13186525
13187067
13187057
13188129
13185113
13187110
13183863
13186390
13185161
13184320
13183090
13183115
13185402
13185495
13183884
13186625
13188081
13189293
13184506
13183282
13186185
13189309
13183248
13185886
13184891
13185853
13183270
13185586
13186634
13189294
13186708
13183374
13183378
13183376
13189263
13183373
13187052
13183379
13183375
13185131
13183888
13189209
13189881
13185565
13187236
13185850
13185019
13187179
13187115
13184271
13185481
13185192
13185520
13188286
13185121
13184734
13187208
13183895
13186100
13187132
13187150
13183787
13184050
13187123
13187205
13185174
13185265
13185463
13187219
13186232
13183844
13183681
13184673
13183785
13187157
13187152
13187161
13183312
13183817
13186300
13188122
13187064
13188180
13189288
13188090
13183372
13185780
13187194
13187090
13183763
13185872
13185800
13189104
13183829
13189115
13188113
13188117
13183811
13183887
13183766
13184858
13184641
13183377
13187193
13185120
13183290
13185320
13186686
13185549
13183434
13184521
13185587
13186474
13189252
13188063
13183279
13186535
13189284
13185183
13185482
13185200
13188282
13188142
13189238
13185843
13183131
13185846
13189311
13187114
13188056
13186554
13186545
13185851
13183200
13187141
13183628
13183116
13184120
13189110
13185878
13189285
13189244
13183692
13185056
13186602
13187228
13184010
13189113
13185588
13186372
13184543
13184713
13184773
13184733
13183407
13187212
13185392
13185379
13185531
13183436
13185680
13189134
13189212
13184868
13187041
13184509
13185700
13186005
13185163
13183816
13185828
13184632
13185527
13184647
13184201
13189111
13186001
13188021
13188303
13186706
13187080
13183625
13185070
13185830
13183490
13184865
13186432
13183790
13183429
13187256
13188289
13185765
13189136
13184570
13184864
13185573
13183030
13189297
13189239
13185116
13185098
13183871
13185692
13185821
13185094
13189137
13185111
13186586
13183881
13188222
13185825
13189226
13189267
13187046
13184651
13184674
13184561
13185301
13185190
13186370
13184743
13186190
13184741
13188260
13185341
13186720
13183542
13183165
13183589
13183110
13184692
13187126
13184430
13184290
13183236
13184100
13184481
13185400
13185501
13184550
13186233
13183380
13188270
13185042
13185007
13183582
13184060
13186710
13185344
13185493
13183015
13188201
13188235
13189298
13185430
13185411
13189861
13186511
13185548
13185177
13185170
13186613
13184200
13183893
13186223
13185607
13185324
13185252
13184874
13184670
13185165
13183611
13184665
13188302
13186700
13186002
13185496
13185186
13183865
13183405
13184180
13184274
13184465
13187182
13183470
13186714
13185502
13184110
13183112
13184070
13184693
13185844
13188230
13186642
13183617
13186624
13186490
13185485
13183230
13186684
13184272
13186622
13185053
13184080
13188083
13183520
13185376
13184510
13184527
13183151
13186501
13186361
13184451
13187251
13186421
13184508
13187215
13185560
13184530
13183495
13183599
13185321
13186510
13188061
13186110
13184493
13184494
13186291
13184832
13183040
13188300
13184472
13184011
13183091
13188211
13188020
13186627
13184223
13187214
13187249
13188080
13184866
13183212
13183601
13183249
13183626
13185016
13185421
13183592
13186606
13189862
13187220
13185033
13185572
13186222
13185050
13186320
13183846
13186373
13188065
13187207
13186609
13189885
13183532
13183612
13185431
13185504
13183623
13183857
13185251
13185523
13184544
13186160
13186055
13186718
13185561
13185181
13186150
13186360
13188288
13185040
13188290
13186638
13184700
13183842
13189296
13189287
13186620
13186582
13185614
13185471
13186350
13183500
13184458
13185343
13185475
13185650
13188131
13183050
13184390
13184730
13184703
13184756
13184681
13183780
13183765
13183381
13184894
13184770
13184459
13183641
13189258
13184551
13183836
13183460
13185725
13187101
13189308
13186431
13185636
13189138
13188280
13188304
13185015
13184224
13183603
13183431
13188165
13184682
13187120
13186325
13189102
13185877
13185396
13186260
13185545
13184696
13184676
13189234
13185726
13188104
13185081
13189235
13189241
13183664
13187146
13185803
13185150
13187154
13189103
13186619
13185634
13185609
13184470
13184541
13184660
13189289
13183130
13185117
13184878
13189310
13187175
13183531
13188062
13188060
13189278
13189299
13184860
13185541
13185603
13184420
13184260
13184555
13184222
13186400
13184170
13183541
13183587
13187091
13187056
13185114
13184202
13185054
13184350
13187095
13187238
13189107
13186221
13189130
13186502
13187134
13188124
13185090
13183670
13187059
13187083
13187048
13185601
13183821
13187047
13187173
13185672
13189140
13184649
13185472
13186608
13188181
13183832
13188101
13186612
13186252
13188043
13186003
13183615
13185143
13183781
13183880
13187232
13187252
13183320
13183671
13187254
13185250
13185524
13183783
13183878
13186080
13189305
13185082
13185020
13183521
13186140
13188306
13183281
13187213
13188144
13187217
13185559
13185366
13184457
13186712
13183512
13186482
13187209
13186011
13185148
13188265
13189301
13184554
13184516
13186690
13183834
13184492
13189873
13183840
13183856
13183876
13184666
13186694
13185841
13183782
13183879
13186120
13183227
13187004
13187206
13187248
13189864
13184731
13184753
13186623
13185604
13185005
13185506
13186615
13185367
13186698
13183843
13185012
13183867
13189279
13185571
13184869
13185612
13185492
13188152
13184496
13183382
13183210
13183383
13183411
13189290
13184490
13183313
13183819
13183864
13186234
13187055
13187040
13183761
13188162
13186450
13185010
13185528
13185490
13183401
13184190
13185072
13189200
13189887
13186433
13183321
13187131
13184061
13186614
13183851
13189251
13188271
13188110
13185678
13189141
13188115
13185630
13189292
13183261
13186053
13186012
13188097
13185656
13185721
13184220
13183650
13185276
13185852
13184657
13185576
13185616
13183409
13187218
13186175
13189205
13187075
13187149
13185813
13187031
13183831
13184744
13183011
13186588
13186523
13184235
13187257
13184231
13183384
13186471
13189313
13186674
13184775
13188121
13187103
13187235
13189142
13189120
13189121
13187178
13184778
13188283
13188253
13186437
13183271
13184531
13186639
13185322
13186589
13186618
13189144
13185393
13184723
13185377
13188045
13184461
13184491
13186577
13187216
13185660
13189145
13186597
13184624
13184160
13186000
13184526
13184505
13184668
13186033
13185304
13185144
13188305
13185084
13185077
13185801
13184270
13188091
13185412
13183114
13185401
13187119
13185240
13185479
13185307
13185300
13185213
13185340
13187074
13183432
13187145
13184882
13186631
13186375
13185305
13185261
13183751
13183755
13183530
13185013
13184754
13186006
13186635
13185158
13185368
13184071
13186214
13188022
13183877
13184685
13183214
13187177
13185563
13189888
13186442
13183171
13184702
13189208
13184560
13184652
13188112
13183662
13187180
13185745
13189254
13185547
13186476
13183385
13185760
13183674
13183330
13186473
13183331
13185729
13183322
13183387
13184121
13183841
13183390
13183400
13183394
13184895
13186423
13185795
13185860
13187244
13185698
13186292
13183342
13183413
13185543
13186644
13185176
13185352
13187105
13184664
13183231
13183388
13185102
13185876
13185694
13189217
13185558
13188182
13183169
13183161
13184500
13185503
13186532
13185147
13184711
13184450
13188130
13188192
13185151
13186130
13186219
13188172
13183395
13184547
13183389
13186032
13183332
13188150
13189146
13186524
13186546
13183771
13183838
13187167
13186461
13184863
13189230
13185093
13183323
13183392
13183768
13186050
13186052
13186042
13186051
13189291
13184273
13189250
13185770
13184640
13184648
13183391
13189211
13185651
13187060
13183393
13189148
13186422
13184205
13185676
13183386
13189306
13186503
13185682
13184885
13187032
13189117
13184896
13184750
13188232
13183693
13183505
13186203
13185195
13187162
13186591
13183240
13183242
13185881
13186481
13188082
13183569
13185096
13185022
13185198
13184757
13187013
13185073
13185064
13185868
13184886
13183583
13184686
13186243
13186212
13185730
13187255
13185330
13185395
13185369
13186548
13189863
13189282
13185491
13186610
13183398
13187081
13187035
13187245
13185532
13188272
13183642
13189106
13186617
13184514
13186290
13183630
13187135
13184870
13183170
13183283
13183435
13185521
13183701
13183702
13183720
13188242
13183743
13186678
13186676
13186670
13186652
13186668
13186664
13183340
13183412
13183890
13183733
13183740
13184873
13186672
13183341
13183345
13186656
13183703
13183742
13186658
13183891
13183734
13183704
13186666
13186648
13183723
13183700
13183714
13183741
13183711
13183721
13183732
13183882
13183746
13183731
13183730
13183744
13183894
13183745
13186662
13183713
13183722
13186660
13183712
13186650
13183724
13184881
13184499
13188111
13185061
13184081
13188254
13185149
13183397
13189201
13187003
13187111
13188202
13183344
13184867
13189259
13189245
13184250
13189237
13183218
13183672
13186440
13185095
13187166
13183604
13184694
13184771
13183396
13184704
13186531
13188071
13183356
13183875
13183764
13183791
13185185
13188167
13185647
13186090
13185092
13183682
13185484
13189213
13189215
13185750
13183399
13187184
13187005
13188000
13189101
13184210
13189219
13185727
13187021
13185638
13183100
13185670
13188052
13183272
13185618
13185629
13185674
13185684
13185645
13189242
13183346
13183620
13186696
13185536
13183522
13183621
13184556
13184752
13183220
13183600
13184507
13186636
13183849
13183010
13183291
13183640
13185000
13185488
13185404
13185206
13185399
13185363
13185175
13186483
13183013
13185557
13187253
13184755
13185511
13184745
13184721
13187015
13184735
13184898
13187148
13185423
13183247
13186522
13183425
13185138
13183343
13184630
13184645
13184546
13184307
13186040
13186043
13186041
13184777
13187023
13185078
13184839
13188266
13185075
13185076
13184776
13187016
13184722
13184000
13184677
13186013
13183773
13189153
13189214
13184720
13188233
13185260
13185476
13189883
13183593
13183550
13183406
13188109
13185842
13185887
13187171
13184130
13189112
13187210
13185686
13186600
13186605
13184467
13189149
13186330
13185706
13185666
13188160
13185632
13183770
13186640
13185035
13188072
13184877
13183837
13183250
13183208
13183045
13183255
13187176
13186242
13186241
13185470
13185500
13185498
13186022
13187140
13187202
13185775
13188032
13189206
13183348
13186441
13187100
13186530
13187012
13186512
13185155
13184772
13185062
13185866
13187250
13185661
13189207
13184684
13185196
13184705
13185514
13183559
13183567
13183561
13183563
13186578
13186601
13183347
13189243
13183680
13189204
13186534
13186540
13184859
13185610
13185658
13183752
13184141
13186315
13187010
13185153
13184740
13185205
13185535
13187054
13185862
13185820
13185708
13184542
13186628
13184680
13183883
13184540
13184512
13184691
13185643
13184221
13189246
13189210
13186472
13185097
13185210
13185464
13184140
13188262
13185135
13183280
13185410
13184857
13187104
13185383
13185375
13189202
13185620
13184751
13184710
13187229
13187061
13188103
13186210
13183624
13185474
13183229
13186205
13186202
13186200
13186201
13186211
13183684
13187168
13184552
13183660
13185879
13187191
13185537
13187143
13185342
13183610
13185003
13183590
13184856
13188100
13187020
13186590
13187000
13184495
13184480
13183366
13184893
13184211
13184852
13185602
13184280
13187102
13188287
13187092
13185510
13186381
13184251
13183415
13184820
13185365
13187116
13189880
13189855
13184801
13184802
13187260
13189089
13184830
13187125
13183784
13189891
13189868
13184811
13189098
13184831
13189869
13184812
13189099
13189870
13184813
13184840
13184814
13184841
13184815
13184842
13184843
13189874
13184836
13189875
13184835
13189876
13185810
13184834
13183645
13183417
13184837
13187117
13183870
13189856
13189860
13184803
13187261
13189090
13185811
13185812
13183419
13184833
13184823
13183243
13187118
13189884
13189857
13184804
13187262
13189091
13189315
13183418
13184824
13189858
13184805
13187263
13189092
13187204
13184844
13184825
13184806
13187264
13189093
13183416
13184826
13187121
13184807
13187265
13189094
13184827
13187122
13189865
13184808
13187266
13189095
13184828
13189889
13184809
13187267
13189096
13184829
13187124
13189890
13189867
13184810
13189097
13185814
