17180310
17180066
17180070
17180418
17182112
17182168
17182132
17182146
17180434
17185004
17182124
17187064
17182126
17180366
17189122
17187016
17189116
17187042
17180106
17189002
17182090
17182114
17180108
17180064
17180003
17180340
17189004
17187024
17180104
17187022
17180322
17180100
17180094
17182154
17180112
17182014
17180334
17182140
17182136
17182166
17180039
17182018
17180410
17180045
17180060
17180350
17180051
17180344
17180076
17180420
17180324
17180092
17180043
17180414
17187074
17182162
17180019
17182108
17187038
17187032
17182092
17180380
17189014
17187072
17180354
17183000
17180430
17180392
17180398
17180426
17180001
17187044
17180358
17182122
17185022
17189114
17182128
17180336
17180308
17187060
17187034
17185008
17187030
17187010
17182004
17187056
17189000
17182002
17180352
17182012
17180084
17185000
17187012
17187062
17180428
17187048
17180396
17180049
17180326
17180047
17185024
17180320
17182150
17187070
17182134
17180098
17187054
17180416
17182100
17180025
17182022
17180082
17187046
17187014
17182148
17180005
17180062
17187076
17187080
17182142
17180302
17182102
17180027
17180031
17182104
17180332
17180041
17187020
17180037
17189006
17189012
17180314
17185006
17189104
17180306
17187040
17180074
17189010
17189102
17180080
17180078
17180009
17180090
17180086
17180368
17185014
17185012
17180424
17180356
17187036
17180316
17180432
17180362
17189008
17182152
17180035
17180372
17180402
17180338
17189108
17180017
17187050
17187052
17182016
17180342
17180029
17182164
17182020
17182180
17180007
17180072
17182130
17180300
17187018
17180400
17182144
17182160
17180360
17180013
17187068
17180318
17180096
17185020
17185010
17180021
17182170
17182000
17182110
17182010
17180394
17180422
17180390
17180023
17180404
17180406
17180370
17180015
17180304
17182120
17180033
17182106
17180412
17189899
17189126
17180011
17180102
17180364
17185026
17185016
17180312
17180110
17185002
17180330
17185028
17185018
17187000
17187066
17189112
17189106
17189124
17182006
