18775504
18775512
18775072
18775510
18775045
18776020
18775003
18777004
18775092
18777002
18775070
18777000
18775084
18775050
18775516
18775080
18775526
18775056
18775546
18775548
18775090
18776006
18777020
18777012
18775007
18775086
18775522
18775058
18775011
18775098
18775082
18775019
18776014
18775094
18775037
18775035
18775540
18775066
18775544
18776000
18775536
18775064
18775033
18777006
18775502
18775508
18775500
18775023
18775530
18775031
18775060
18777010
18775052
18775009
18776016
18777016
18775528
18775520
18775013
18775538
18776008
18775039
18776010
18775104
18775099
18775021
18777008
18776018
18777014
18775100
18775074
18775532
18775542
18775005
18776004
18775017
18775027
18775001
18775062
18775524
18775054
18775041
18775043
18775029
18775025
18777018
18775514
18779899
18776022
18775106
18777022
18776012
18775096
18775534
18775506
18776002
18775088
18775068
18775518
18775076
18775102
18775015
