15869098
15863122
15869052
15869096
15868236
15860228
15860031
15860208
15863106
15860262
15863098
15863072
15863060
15868130
15868126
15860011
15863120
15863114
15863092
15863100
15868124
15863708
15869066
15869018
15860204
15860106
15863108
15861503
15863052
15869090
15863034
15863206
15860112
15869072
15860230
15860029
15860244
15868220
15860017
15860100
15860059
15860035
15860260
15860220
15860120
15860114
15860015
15863702
15860005
15869060
15860110
15863134
15869028
15860258
15860013
15860224
15860033
15860202
15869086
15860200
15860216
15868104
15868086
15868024
15860036
15868216
15869074
15869040
15869064
15868122
15869088
15869100
15860274
15869014
15868050
15868040
15863208
15863704
15869070
15869032
15863074
15863706
15868092
15868030
15869068
15868234
15860242
15860057
15863030
15863024
15863006
15860206
15860232
15860027
15863210
15869000
15868114
15863080
15863104
15863202
15863212
15869002
15868116
15860001
15868084
15868022
15863008
15860025
15863036
15863004
15860051
15868210
15869042
15868226
15868078
15868018
15863094
15868074
15868014
15860226
15869092
15863132
15869004
15868118
15868058
15869058
15868120
15863204
15860007
15868232
15860246
15860104
15863220
15863214
15863002
15860053
15868230
15860055
15863222
15869084
15868076
15868016
15863228
15868108
15860102
15860043
15868090
15868028
15860256
15869006
15868132
15868202
15869020
15868070
15868010
15860270
15863136
15860009
15860003
15868068
15868008
15860044
15863010
15860023
15863090
15863022
15868138
15868112
15863078
15860108
15863112
15869025
15863000
15860049
15860210
15860006
15860240
15861505
15868054
15868106
15860278
15868222
15868072
15868012
15860019
15863020
15863014
15860276
15868066
15868006
15868080
15868020
15861502
15863200
15861500
15860272
15863082
15863130
15869036
15860238
15863076
15868100
15863056
15869046
15860236
15869114
15860116
15860010
15863070
15863062
15863700
15861504
15869034
15863012
15860021
15863096
15863058
15863040
15869044
15868102
15868064
15868004
15869024
15869012
15860008
15863124
15869080
15863038
15868062
15868002
15863224
15869094
15869050
15869054
15869038
15869022
15860212
15860039
15869056
15860222
15869026
15868082
15863500
15863502
15863504
15863506
15863508
15863510
15860250
15869041
15860254
15860118
15868204
15863128
15869062
15867899
15869899
15860233
15868136
15868110
15860037
15860252
15860218
15860214
15863054
15860264
15863050
15863226
15869016
15869008
15868134
15868094
15869048
15869030
15860047
15863110
15863032
15860122
15860041
15863710
15860004
15861501
15869102
15860045
15860266
15863126
15869010
15869082
15863102
15868088
15868026
15868001
15868060
15868200
15869110
15869128
15869130
15868224
15869132
15869134
15868228
15869136
15869138
15869140
15868032
15869142
15869144
15869146
15869112
15869148
15869150
15869152
15868052
15868206
15868208
15869116
15868038
15869118
15868036
15868212
15869120
15868034
15868214
15869122
15868056
15869124
15869126
15868218
