14948442
14948148
14942300
14948130
14944150
14945222
14947024
14942392
14944086
14948592
14940154
14940151
14948576
14944102
14943018
14944136
14940540
14940572
14949000
14940844
14948386
14948042
14947424
14949006
14943226
14940004
14942326
14948432
14948440
14947262
14946128
14942362
14943030
14943022
14948354
14948096
14942016
14948022
14948352
14940142
14940244
14944046
14943480
14945084
14943192
14948874
14945372
14942186
14942166
14942136
14947394
14948414
14942036
14944056
14946170
14945258
14948438
14943460
14943246
14940384
14943484
14942398
14943170
14940564
14942172
14942130
14942122
14940476
14940010
14947006
14946018
14946238
14947382
14946168
14945342
14948026
14945144
14946004
14945368
14947110
14940544
14940502
14940193
14947020
14947088
14947396
14943322
14940254
14942134
14947430
14940606
14940007
14947004
14948828
14948836
14940400
14940390
14948346
14945274
14947400
14945052
14942084
14943252
14945196
14944174
14940530
14940524
14947386
14947418
14940850
14940190
14945002
14944002
14944010
14944034
14945082
14944122
14944148
14940079
14940586
14944050
14946014
14942144
14945286
14943492
14943510
14943536
14944026
14942205
14944048
14942100
14942170
14942098
14942046
14942050
14942022
14945336
14940880
14943498
14947102
14949010
14945168
14942150
14942094
14947244
14943144
14947352
14942380
14947436
14940258
14944114
14948868
14940252
14948364
14940890
14945166
14948110
14948156
14943196
14944060
14943456
14943036
14940466
14943002
14945312
14943496
14944092
14942340
14940620
14940648
14948444
14948150
14940874
14949008
14948006
14942012
14943152
14943154
14943256
14942116
14948866
14948004
14948032
14946178
14948094
14948358
14943168
14943128
14943134
14943140
14945108
14948112
14940076
14940554
14944160
14940884
14940121
14940058
14940628
14944074
14947022
14947032
14942334
14948152
14945024
14948332
14949004
14942394
14948842
14942356
14943148
14942282
14940446
14943320
14940534
14940520
14940514
14944108
14948404
14940882
14942052
14948830
14943494
14942064
14948434
14943430
14944000
14945020
14945001
14940160
14940240
14945174
14947420
14945010
14945068
14945098
14945142
14945178
14945262
14945032
14948056
14942004
14945100
14942358
14945282
14943012
14944142
14945318
14948862
14943454
14942090
14942372
14940872
14944072
14942302
14948154
14945316
14940145
14940148
14940588
14940610
14940650
14943524
14946180
14948850
14940552
14949016
14940139
14940246
14947114
14947090
14945352
14942096
14942062
14945226
14948090
14948348
14947136
14945272
14948356
14946012
14945334
14947106
14947086
14947048
14945008
14940133
14940064
14940612
14940644
14945176
14942188
14948872
14942054
14942314
14942132
14948074
14948122
14943232
14943240
14947038
14945232
14945304
14945270
14945264
14945254
14940692
14948396
14945162
14944028
14943486
14943198
14944020
14944130
14944018
14944120
14943446
14940576
14940211
14940444
14940414
14940388
14943242
14947068
14943194
14948852
14946008
14940456
14948562
14947108
14943016
14946208
14940022
14948044
14947120
14944154
14945056
14946002
14945338
14947016
14942042
14943436
14940130
14945242
14942034
14940242
14940223
14940376
14940220
14940187
14940492
14940199
14940592
14940067
14940602
14945198
14948102
14940658
14940046
14940043
14940630
14945230
14942344
14940250
14944076
14940229
14949020
14943050
14947258
14940438
14948060
14942194
14944014
14944004
14940624
14940646
14947012
14943244
14945192
14945092
14948370
14948088
14948076
14948864
14942086
14942184
14947062
14947036
14943248
14940482
14948098
14948344
14948134
14947416
14940070
14940616
14940656
14947358
14942092
14945364
14948368
14940094
14940178
14947384
14940842
14947118
14948838
14940832
14940852
14942198
14947040
14942286
14940494
14940196
14940500
14940512
14940522
14940556
14943228
14943254
14945106
14942160
14942182
14940654
14945322
14940858
14947010
14944156
14945200
14948054
14947380
14947014
14947084
14940382
14940410
14940440
14943212
14946206
14946124
14940404
14946130
14940031
14948024
14948012
14948360
14947242
14948128
14945330
14949018
14947414
14942336
14942338
14942354
14944096
14940256
14945212
14945204
14942068
14945070
14944040
14940034
14948420
14940460
14940546
14940550
14940570
14940632
14940640
14940670
14940694
14940830
14942000
14942074
14942080
14942118
14943000
14943110
14943464
14943470
14944070
14944036
14945018
14945040
14945058
14945060
14946000
14947018
14947034
14947064
14947100
14948000
14948036
14948040
14948070
14948402
14948410
14940454
14940542
14940510
14940504
14947426
14945164
14942348
14945028
14942388
14940458
14948058
14942294
14944098
14944100
14942296
14942396
14946122
14946172
14945034
14942352
14948082
14945170
14946126
14948378
14940001
14947000
14940470
14948008
14948030
14945066
14944038
14943518
14944152
14943208
14940214
14946204
14945146
14942168
14945148
14948572
14945313
14942060
14943438
14947428
14948876
14943124
14943118
14943160
14943180
14943190
14943270
14943216
14943250
14940488
14943532
14948848
14948594
14945086
14945090
14945110
14945138
14940484
14945310
14945290
14947390
14942008
14942038
14945240
14948020
14946210
14943230
14940025
14947354
14948002
14940468
14943116
14942018
14946174
14943500
14946010
14943034
14943106
14943462
14943474
14942066
14947392
14940868
14943520
14943534
14942112
14940028
14943200
14947046
14940578
14943444
14949012
14945072
14946006
14944054
14945064
14945094
14945140
14945180
14945250
14945244
14945350
14945132
14946140
14946164
14945276
14942072
14948118
14948160
14944118
14943218
14943260
14948428
14940016
14940100
14940172
14940584
14944058
14944112
14947126
14940580
14945302
14947026
14942102
14948084
14948086
14948380
14943258
14942158
14945190
14945182
14940532
14947116
14943434
14940888
14943452
14948374
14948382
14947050
14947080
14947370
14947128
14940672
14940702
14940682
14945054
14948384
14946156
14946160
14945308
14946176
14943202
14943172
14940608
14945122
14945112
14946016
14940472
14948846
14945224
14943538
14943004
14940474
14943540
14948046
14945074
14943150
14943126
14943478
14948114
14948158
14942058
14942350
14948350
14944144
14945124
14945114
14947376
14947070
14945022
14943184
14943166
14940886
14942032
14947122
14947372
14948870
14945366
14944176
14940562
14940618
14940652
14944140
14945374
14945280
14944094
14948336
14945080
14948073
14948062
14946132
14946152
14943032
14947260
14947124
14945004
14948858
14944134
14945102
14940574
14940870
14945260
14944104
14947240
14943204
14943114
14943164
14942114
14945014
14942106
14948394
14944030
14943102
14947248
14940538
14942390
14947402
14943006
14942288
14945030
14943432
14944146
14940478
14943008
14940434
14948854
14945078
14943514
14947432
14942190
14943448
14946136
14948598
14943010
14944080
14948048
14940037
14947412
14945332
14943472
14943122
14943156
14943528
14943530
14940023
14943186
14948028
14942196
14944180
14943488
14940594
14940660
14940600
14940674
14940840
14945300
14945278
14944024
14943490
14948390
14948342
14948100
14948430
14942082
14942164
14942138
14943220
14943476
14945006
14940854
14942010
14943544
14940416
14940448
14940112
14940049
14940862
14948844
14948162
14942378
14947060
14947054
14946196
14943458
14942014
14946184
14944042
14947266
14948596
14940490
14940560
14948116
14947042
14947410
14944106
14948376
14946182
14940226
14942120
14940558
14940248
14942342
14945036
14947480
14947264
14940406
14940430
14940422
14942002
14944016
14940013
14948126
14948146
14943542
14944082
14942103
14944052
14940604
14940582
14948072
14948330
14946202
14942154
14942140
14945096
14943092
14943020
14942056
14944088
14945026
14942376
14947254
14942306
14942104
14942290
14948542
14948366
14942110
14944044
14943522
14943516
14945346
14943142
14942360
14940136
14940163
14949014
14940073
14944022
14942156
14943440
14945012
14945214
14946166
14942152
14942142
14945340
14942316
14947002
14943108
14942162
14940846
14943224
14940217
14945234
14948552
14940124
14940061
14940622
14940642
14940626
14944116
14948398
14947072
14947044
14940876
14940091
14940181
14942386
14947250
14948050
14948424
14942330
14940878
14943264
14948322
14943266
14948324
14943268
14948326
14940103
14940169
14940378
14940408
14940436
14947028
14947082
14947030
14946198
14947130
14948578
14940085
14940848
14945202
14947066
14945016
14944012
14942206
14942384
14947268
14948392
14942310
14943512
14942298
14940386
14940412
14940442
14942320
14942322
14942324
14943162
14947378
14946200
14946120
14946236
14946190
14946154
14948436
14945306
14945284
14948124
14940202
14940205
14940464
14940420
14940450
14940452
14940486
14948334
14945218
14946134
14947052
14947374
14947074
14945216
14940088
14940184
14944078
14947104
14949899
14948416
14940127
14943146
14943450
14945076
14942108
14942088
14942070
14942006
14940480
14942280
14940462
14947252
14943222
14944090
14942304
14948574
14943482
14942284
14945160
14946138
14945150
14946150
14946162
14940712
14940676
14940680
14940710
14940700
14940690
14944032
14945120
14945116
14945134
14945104
14946192
14947256
14945038
14945288
14945050
14945062
14945126
14945130
14945344
14945206
14945210
14945238
14945252
14945172
14942346
14943112
14943210
14943206
14948878
14942044
14948120
14943214
14940109
14942020
14942030
14947112
14942318
14945136
14945194
14942312
14945220
14945236
14945256
14940115
14940052
14943285
14943182
14947246
14940372
14948034
14948010
14948840
14940418
14940208
14943442
14947434
14940856
14947388
14942292
14940118
14940055
14948388
14946194
14947132
14940106
14940166
14940370
14940260
14940402
14940432
14943090
14943100
14943014
14943120
14947350
14948078
14945320
14947134
14940536
14945314
14948834
14940614
14940864
14940019
14940097
14940175
14940866
14948372
14940860
14944084
14943526
14945370
14948080
14942040
14948362
14948092
14947398
14948014
14948104
14948340
14948590
14948550
14948560
14948580
14948540
14944132
14944110
14945348
14942124
14948052
14940040
14948400
14948412
14948446
14948564
14948570
14948422
14947422
14942308
14949002
14940082
14940590
14942332
14948426
14943287
14943280
14947440
14946244
14945152
14948610
14943289
14943276
14947442
14946242
14942870
14945154
14948608
14943278
14947444
14946240
14942872
14945155
14948604
14943274
14947446
14946246
14942878
14945156
14948606
14943272
14947448
14942876
14945158
14947450
14942882
14947452
14942884
14942888
14942898
14944170
14946216
14946228
14947460
14940897
14947476
14942874
14947458
14942880
14942886
14944138
14942890
14947438
14947456
14942892
14943132
14942894
14942896
14943130
14946218
14946232
14947462
14940896
14946220
14948136
14947464
14940895
14948138
14947466
14940892
14944184
14948144
14947474
14940894
14944172
14948142
14947468
14940374
14940380
14944158
14944182
14948140
14947470
14940157
14944178
14947472
14947478
