19640037
19640102
19640312
19640580
19640534
19640382
19640047
19640342
19640082
19640340
19640386
19640334
19640318
19640031
19640084
19640080
19640078
19640702
19640232
19640710
19640242
19640582
19640528
19640570
19640566
19640324
19640025
19640510
19640508
19640021
19640257
19640290
19640538
19640108
19640562
19640514
19640522
19640546
19640712
19640306
19640578
19640550
19640548
19640352
19640700
19640230
19640362
19640258
19640506
19640564
19640310
19640294
19640544
19640045
19640584
19640300
19640011
19640536
19640308
19640502
19640022
19640322
19640336
19640228
19640356
19640033
19640316
19640338
19640574
19640390
19640039
19640202
19640251
19640222
19640009
19640061
19640706
19640206
19640223
19640253
19640304
19640041
19640051
19640023
19640296
19640504
19640572
19640226
19640380
19640043
19640576
19640560
19640556
19640358
19640035
19640106
19640314
19640015
19640264
19640200
19640090
19640360
19640255
19640262
19640256
19640220
19640292
19640302
19640370
19640350
19640346
19640246
19640204
19640003
19640309
19640526
19640542
19640540
19640019
19640029
19640320
19640344
19640100
19640224
19640017
19640384
19640270
19640027
19640104
19640076
19640086
19640001
19640530
19640049
19640552
19640708
19640586
19649899
19640298
19640704
19640007
19640067
19640088
19640208
19640254
19640244
19640013
19640532
19640354
19640388
19640512
19640266
19640252
19640072
19640060
19640066
19640070
19640062
19640064
19640558
19640068
19640074
