17350126
17350684
17350234
17354134
17357228
17350276
17352130
17352168
17352408
17350686
17350100
17352146
17357220
17357218
17350606
17352454
17352488
17350238
17350035
17350310
17357004
17350074
17350080
17350304
17357278
17357240
17357026
17350031
17357234
17352026
17352140
17352134
17350224
17350240
17350326
17350352
17350308
17350134
17354140
17352028
17354016
17354022
17352206
17352190
17352170
17350136
17350612
17350354
17357210
17352432
17352132
17352156
17350356
17350086
17354012
17352438
17352450
17352182
17352212
17354122
17352444
17352484
17357216
17350702
17350128
17350062
17352144
17357270
17354204
17352104
17352030
17357006
17354222
17354070
17350041
17350202
17350228
17352036
17350688
17350330
17350104
17354130
17354100
17352456
17350122
17354038
17350094
17357030
17352404
17352128
17352154
17350023
17352418
17352420
17354136
17350212
17354030
17350143
17357274
17357246
17352428
17352014
17350033
17350206
17350003
17350262
17352412
17352152
17352122
17350098
17354080
17352100
17350146
17357008
17352000
17354076
17350116
17350120
17350630
17352458
17354144
17357268
17350328
17357272
17357232
17352452
17350070
17352184
17352008
17357202
17350338
17352038
17350602
17352214
17352482
17352416
17352216
17352434
17350150
17357020
17357014
17352106
17354206
17352498
17350294
17350296
17350618
17352002
17352046
17354214
17354064
17350140
17350019
17352114
17350254
17350013
17350278
17350025
17352194
17350270
17352198
17352160
17350092
17350130
17352490
17352464
17352492
17352468
17352496
17350043
17352460
17352120
17350260
17352040
17350332
17352164
17350272
17350009
17350258
17352426
17352150
17352414
17352118
17350340
17352032
17350324
17357252
17352022
17352004
17354224
17350300
17357244
17350090
17350266
17352124
17350264
17350084
17350112
17357010
17350322
17352430
17354062
17354086
17357024
17350210
17352402
17352042
17350088
17354142
17354034
17354068
17354084
17352442
17352446
17354150
17352126
17352448
17354112
17352044
17354014
17354020
17357012
17357204
17352204
17357022
17350015
17350252
17350064
17350027
17350244
17350302
17357284
17350007
17354164
17352172
17350142
17352486
17354168
17352024
17352012
17350220
17350608
17354208
17352034
17352010
17350222
17350037
17350208
17352162
17354040
17357226
17354174
17354114
17354026
17357264
17357230
17350298
17350336
17352050
17352048
17352188
17354110
17350334
17352200
17350082
17354132
17354158
17354082
17350001
17350706
17352116
17352174
17352180
17350226
17352436
17352480
17350017
17352210
17352186
17350600
17350096
17350614
17354088
17354054
17350342
17357280
17354152
17357266
17352466
17352406
17352424
17354216
17354104
17357028
17357200
17354170
17350132
17357208
17350320
17352136
17354028
17354116
17354056
17357282
17350360
17357212
17350292
17352192
17352166
17350274
17354118
17352020
17352016
17350312
17352142
17354160
17350358
17352422
17350620
17350053
17350102
17350060
17354106
17354102
17350616
17350700
17350682
17352208
17354074
17354120
17350704
17352410
17354220
17350242
17350306
17354058
17354050
17357242
17354032
17352504
17350280
17350290
17354156
17354202
17354166
17350124
17354090
17354052
17350144
17354210
17352102
17352470
17352502
17350314
17354060
17350118
17350680
17352202
17352400
17350230
17350072
17350051
17350604
17352112
17350362
17350232
17350660
17352101
17350021
17352148
17352110
17350628
17350344
17350047
17357214
17352462
17354172
17350205
17350039
17357260
17357000
17357221
17354226
17350610
17352472
17354148
17350626
17350200
17350152
17350045
17350138
17350622
17352196
17354024
17354000
17354162
17359899
17357250
17350350
17357002
17352494
17352440
17350250
17350005
17350011
17350256
17350624
17354072
17357206
17350236
17354146
17354066
17352006
17350029
17357286
17354218
17354010
17352052
17357224
17354154
17350066
17357276
17357248
17357222
17354211
17352500
17354138
17354108
17350068
17350110
17357262
17350204
17354036
17350114
17350049
