11635711
11641806
11630119
11630414
11633114
11633506
11640788
11630057
11630061
11635726
11635354
11641030
11635167
11631356
11640444
11640446
11636202
11634044
11633850
11635158
11633136
11635028
11641801
11634064
11633420
11640724
11633101
11633416
11634016
11634018
11635152
11630065
11635336
11631030
11633044
11633016
11635165
11630127
11630342
11641220
11631074
11635162
11640736
11633418
11633124
11633104
11633012
11633120
11640212
11630332
11640720
11631068
11630338
11630107
11631458
11635166
11635312
11635314
11635706
11633802
11640704
11635334
11633809
11634020
11635160
11633410
11640740
11633502
11631454
11631456
11630398
11633808
11630366
11640228
11633072
11630003
11633080
11633122
11633084
11641228
11641424
11640412
11630376
11631038
11640502
11633516
11630123
11640010
11640709
11633054
11634006
11634008
11630087
11630392
11633852
11635170
11633858
11630019
11635116
11636302
11633812
11636101
11630360
11636402
11635118
11635120
11631090
11635146
11641704
11631014
11633064
11635142
11633090
11631372
11630091
11635102
11631016
11633058
11635304
11640722
11640508
11641702
11640728
11640730
11641010
11630105
11630300
11633842
11631002
11640524
11633014
11631094
11633130
11630025
11631026
11640525
11640514
11633102
11633406
11633004
11631058
11633020
11633112
11630121
11631076
11633002
11641616
11635004
11630137
11641802
11630001
11640002
11640200
11630045
11630334
11635154
11640420
11630328
11635010
11633528
11636100
11636000
11640402
11630302
11630501
11630301
11630508
11640414
11634004
11630320
11635016
11635110
11633024
11630346
11630348
11630029
11635704
11630077
11630394
11630349
11633096
11635138
11630037
11630402
11630113
11631398
11633042
11631406
11631408
11635306
11631374
11634074
11633518
11640230
11633434
11633400
11630434
11640430
11640766
11630404
11640404
11630406
11630408
11633510
11631350
11631088
11630388
11630316
11636204
11630362
11635722
11630312
11640004
11635724
11633038
11631046
11631402
11635346
11630356
11630510
11633424
11640418
11634050
11630412
11631085
11640432
11640743
11634038
11631000
11630099
11631028
11635172
11630073
11640782
11640784
11633856
11631024
11630103
11641204
11631020
11630083
11630384
11630390
11641422
11641602
11641604
11641606
11630063
11633816
11631386
11631388
11633086
11635300
11640206
11635114
11630115
11631044
11634066
11631008
11635308
11635324
11631022
11633414
11640754
11635122
11635124
11641224
11633018
11635134
11630089
11640764
11635030
11633810
11630502
11630055
11633034
11633032
11640426
11634024
11640226
11633106
11633108
11630380
11633514
11630009
11641610
11641420
11633132
11630109
11630382
11630011
11641409
11630013
11630015
11630504
11630506
11630422
11635342
11635328
11635330
11635014
11640422
11641620
11633430
11640747
11633050
11633000
11630067
11630364
11640745
11634002
11633806
11630354
11635174
11630330
11640416
11633040
11640738
11633520
11634028
11641404
11641406
11640408
11641804
11630005
11635320
11640510
11640424
11633036
11641810
11640716
11640718
11635322
11635006
11631050
11640758
11640760
11640012
11631364
11633110
11630139
11635340
11641210
11633062
11640746
11635168
11640710
11630318
11640509
11630059
11635126
11633128
11631390
11635338
11640428
11640008
11634034
11640712
11641408
11633008
11630097
11631070
11640436
11631370
11641226
11641002
11634040
11640749
11631006
11630081
11630306
11633056
11633512
11631084
11634030
11631394
11641216
11633826
11641812
11641809
11641022
11640434
11634026
11641000
11641200
11641400
11641202
11640520
11640522
11641416
11631360
11631362
11640702
11635370
11640768
11633060
11631040
11631400
11631401
11631451
11631351
11631001
11634068
11640780
11635136
11631078
11635372
11633834
11633022
11633126
11640223
11635318
11630370
11630374
11630378
11634058
11633832
11631052
11635502
11635800
11635700
11635600
11635702
11631018
11630418
11630420
11630039
11633134
11640218
11633508
11631404
11631080
11631082
11633052
11635302
11635500
11630500
11631376
11630133
11641612
11641432
11630043
11641428
11633030
11633066
11634062
11630358
11640406
11641808
11631042
11633432
11640224
11640214
11640216
11633530
11633436
11633854
11634070
11634072
11640512
11633408
11631384
11640748
11640708
11630093
11631034
11633118
11640516
11630027
11640734
11636104
11633402
11641006
11641814
11630049
11636006
11631032
11633848
11640410
11630111
11635104
11633428
11631062
11635332
11633412
11641805
11630340
11633006
11630129
11640438
11631392
11633840
11634042
11633088
11633076
11631452
11631060
11630372
11633074
11641608
11640442
11633504
11641410
11641800
11641700
11641600
11631066
11636103
11631064
11630396
11630326
11636200
11636300
11636400
11636500
11630023
11630131
11640006
11641206
11641222
11631010
11630141
11633836
11633838
11630041
11633800
11635344
11635018
11635022
11635020
11640750
11640761
11630101
11635130
11640786
11641208
11633828
11635718
11640208
11630304
11634060
11633078
11631004
11630308
11630416
11633814
11635728
11635144
11641430
11633422
11633818
11630051
11630069
11630075
11641024
11641026
11641008
11641014
11641016
11641018
11641020
11650004
11635712
11640752
11630117
11635326
11630368
11640204
11631048
11635012
11635175
11640744
11641414
11633048
11631396
11641411
11640506
11635316
11633098
11633100
11640210
11630350
11630352
11641028
11630310
11635100
11635000
11634003
11634012
11641004
11631352
11631054
11634048
11634032
11631056
11630079
11630053
11630314
11630031
11633026
11630007
11631036
11631086
11641418
11630400
11633092
11635002
11640778
11641214
11641402
11634046
11635348
11635350
11635352
11635374
11635504
11635150
11636010
11636110
11631366
11631378
11636102
11640518
11634052
11631382
11631380
11634056
11631012
11630095
11634054
11640770
11640772
11640774
11640776
11630017
11641426
11635710
11633068
11633070
11633500
11633046
11630432
11640726
11635164
11631092
11633526
11633534
11640201
11640400
11640500
11640700
11631072
11630135
11630085
11630033
11630035
11633426
11630344
11640706
11634022
11634036
11641401
11633404
11635132
11630047
11633820
11640756
11633532
11639899
11649899
11659899
11634010
11633822
11630322
11630125
11640202
11636404
11635108
11635106
11635602
11641412
11635310
11633531
11636108
11640714
11640742
11636002
11631368
11635720
11630424
11630426
11633082
11630021
11640222
11635716
11635148
11641218
11640762
11641012
11640220
11631358
11640440
11633028
11636008
11634014
11636004
11634000
11633804
11641415
11641417
11633010
11635140
11633094
11633844
11630071
11641614
11631450
11630430
11636106
11635708
11640014
11640015
11633407
11633116
11635112
11633522
11635714
11635008
11641618
11635024
11630428
11630386
11633524
11650002
11633846
11641706
11630410
11640732
11631049
11641212
11640504
11635026
11635128
11635156
11631354
11640001
11630324
11635356
11633824
11635358
11633830
11630336
11635360
11635362
11635364
11635366
11635368
