13337113
13340669
13331296
13330310
13338190
13345420
13331613
13336700
13343820
13341112
13337015
13349752
13330490
13331330
13348895
13348764
13331507
13345732
13348420
13348423
13338208
13343743
13343480
13348778
13339613
13330130
13333140
13333246
13338260
13336151
13335366
13343250
13348834
13345411
13341750
13346560
13349077
13340612
13331641
13331036
13336274
13343460
13340122
13341633
13331767
13349070
13348651
13331511
13337330
13335590
13336334
13333576
13341765
13335380
13335360
13335552
13335696
13333553
13347432
13344605
13331153
13334230
13349212
13345424
13336028
13336087
13336067
13349083
13343490
13347402
13348695
13347633
13337102
13330560
13336267
13330530
13330615
13334150
13345330
13342510
13348870
13342250
13339620
13333557
13332601
13338720
13345788
13331484
13349118
13348688
13345430
13348844
13349234
13341124
13341011
13331314
13337422
13340501
13342401
13348775
13331228
13336760
13343450
13335200
13337143
13331760
13334060
13331202
13340614
13349387
13339180
13344170
13349046
13336152
13340274
13330500
13340385
13331653
13349152
13331642
13349400
13335110
13345290
13335130
13349005
13331191
13345650
13348838
13335630
13349336
13331338
13335040
13344571
13344658
13349351
13331762
13348652
13345409
13349253
13340561
13345443
13349374
13339530
13345700
13337235
13349798
13349762
13334280
13347155
13340213
13340212
13349333
13348663
13347160
13340211
13337051
13341634
13349375
13344280
13330200
13331226
13343843
13340751
13336240
13346050
13335541
13331318
13333250
13341200
13334020
13347395
13348150
13344189
13331186
13339555
13337101
13340730
13332598
13332075
13341012
13332190
13337140
13344411
13344630
13344270
13336357
13340650
13331754
13331000
13348020
13345001
13348300
13348303
13343801
13341030
13331312
13349816
13349772
13336231
13349372
13349207
13343710
13343150
13345791
13348756
13349341
13340379
13347404
13336805
13342505
13337315
13349706
13349071
13333430
13348290
13348293
13349306
13331162
13348180
13337122
13347340
13347644
13348868
13331594
13343560
13348722
13338560
13349062
13349165
13348672
13340705
13331490
13348530
13348533
13345425
13348380
13348383
13340486
13348833
13347645
13346510
13349255
13341470
13332200
13335610
13337214
13333570
13340480
13338750
13348160
13340828
13345446
13332052
13348751
13338470
13349403
13336354
13337167
13348679
13331492
13336262
13331610
13347431
13347446
13349011
13349726
13336204
13346610
13340634
13341620
13348620
13336019
13331172
13346250
13338740
13340355
13337130
13341553
13345350
13348892
13348654
13340375
13343811
13335550
13331637
13341501
13332491
13339290
13336252
13343320
13340704
13338205
13348897
13343840
13331513
13345180
13340712
13332565
13332226
13340381
13330390
13344010
13340711
13334030
13348783
13349335
13348739
13335542
13339611
13346230
13330660
13333560
13333300
13333310
13336434
13341022
13348807
13336401
13341021
13336711
13336362
13338430
13332166
13336300
13343780
13338120
13337413
13346400
13348500
13348503
13331203
13336512
13349031
13331486
13348610
13337163
13336275
13332202
13336273
13333450
13349080
13330585
13330555
13334160
13331606
13336206
13331184
13347433
13349121
13336086
13336033
13340190
13340771
13349045
13341013
13332183
13348641
13347406
13347444
13347436
13332150
13348630
13348776
13348832
13348770
13348701
13348846
13337141
13332492
13348643
13331227
13331710
13332550
13341232
13341231
13346412
13346408
13346072
13346070
13337000
13343720
13331225
13347439
13349322
13331222
13348847
13337211
13331215
13345444
13345451
13332496
13331030
13348874
13340710
13348030
13348653
13330160
13336309
13347443
13333564
13347396
13347654
13347617
13343630
13346520
13336744
13337425
13340533
13341623
13332809
13337112
13340670
13340727
13343815
13334320
13336172
13339550
13342480
13340772
13331052
13337044
13333050
13334190
13348719
13333490
13344321
13344642
13331362
13342020
13348821
13342402
13342162
13333020
13330690
13331183
13331682
13332685
13337418
13340487
13335691
13331684
13348820
13340662
13332553
13348835
13345250
13349225
13349052
13345441
13332506
13349105
13348732
13348704
13335320
13348550
13348553
13349251
13348631
13349712
13340620
13338570
13331353
13345730
13336081
13346270
13330150
13340110
13331168
13341450
13331187
13345414
13340263
13333130
13330020
13339070
13343740
13330240
13338751
13334210
13336112
13335010
13330260
13341640
13331224
13332651
13331160
13331180
13349794
13336223
13336440
13336528
13336224
13343821
13338170
13330480
13336255
13338330
13349846
13349186
13348790
13342022
13342254
13331284
13335500
13331687
13342131
13342210
13349822
13337414
13344120
13348836
13349312
13336173
13337110
13335543
13340755
13331058
13331310
13349806
13349768
13337111
13336225
13339300
13341113
13343670
13345785
13335370
13335390
13340273
13344090
13341050
13340757
13340753
13335160
13336740
13341020
13349792
13336365
13345080
13342050
13333440
13336431
13344020
13335544
13339400
13333240
13340756
13330180
13340451
13345421
13332675
13336701
13336732
13336602
13336522
13342410
13339340
13347450
13347310
13332164
13336235
13335310
13330600
13348852
13349391
13348873
13335357
13348450
13348453
13346040
13339614
13335300
13331514
13331756
13348681
13348685
13339220
13349373
13330700
13331703
13336017
13331001
13335681
13348750
13348632
13331344
13348877
13347459
13348669
13330420
13331677
13331473
13340701
13349842
13343782
13331298
13343270
13331292
13341042
13335090
13332163
13349405
13338710
13331683
13349730
13336713
13343822
13341010
13334220
13340269
13341045
13330110
13349082
13331500
13332191
13331480
13333567
13338550
13342340
13341053
13330005
13339030
13337257
13346450
13336259
13349710
13339585
13335361
13338229
13340826
13331371
13332803
13338130
13349728
13332160
13333539
13332070
13332180
13330270
13349380
13340373
13349377
13340164
13337041
13336432
13347412
13346310
13345325
13337560
13343352
13330220
13342111
13331274
13340763
13332680
13337212
13349385
13348817
13342450
13331164
13343650
13348882
13348633
13348850
13338590
13348691
13336205
13331034
13334390
13349081
13349202
13348050
13349310
13336803
13345452
13336258
13337165
13340276
13343730
13343827
13343746
13340663
13331752
13333566
13349300
13349030
13349060
13349065
13348816
13342100
13348815
13333220
13341221
13338140
13333055
13339365
13338165
13338315
13335410
13333395
13334345
13335305
13333245
13333015
13335345
13330470
13336730
13349756
13336276
13348010
13348012
13348014
13340488
13340636
13330430
13331320
13340766
13335235
13335230
13344560
13336610
13336529
13336502
13339430
13341230
13337561
13335120
13338020
13347060
13336236
13336243
13347100
13341769
13340377
13340530
13343500
13340768
13348813
13348814
13346573
13348260
13348263
13338217
13340267
13332100
13337114
13345050
13347350
13340380
13348849
13331651
13337162
13349339
13331655
13348871
13331508
13348540
13349365
13332793
13348634
13336318
13337562
13349389
13339540
13337259
13341490
13340115
13349408
13345750
13332772
13340152
13346260
13331173
13337426
13349044
13347185
13347140
13331240
13337148
13337420
13336351
13340822
13349338
13348854
13348763
13348772
13336337
13331165
13340155
13347413
13345121
13338690
13344311
13344666
13348777
13339490
13336201
13343700
13339065
13331741
13348893
13348862
13341630
13340125
13343280
13331639
13336256
13337147
13349366
13349382
13338206
13342301
13340160
13332123
13337045
13338660
13348856
13333534
13346540
13349308
13333295
13331711
13331503
13331169
13349076
13331736
13340863
13340484
13340722
13331765
13346160
13331512
13331493
13348869
13337142
13339565
13346180
13333535
13338450
13345770
13347320
13331723
13338730
13349352
13336290
13345415
13349724
13340112
13348655
13340102
13336755
13331370
13349087
13332777
13339160
13340852
13349407
13339280
13338480
13349321
13330280
13331764
13345740
13343800
13345190
13348872
13333572
13349361
13331223
13342261
13348851
13344480
13341635
13338212
13349700
13332571
13343362
13347630
13344371
13344663
13333512
13343830
13339590
13348867
13348091
13344655
13344635
13337260
13349378
13331483
13332586
13335020
13338100
13344055
13331712
13340632
13347600
13340600
13337300
13331585
13340858
13336753
13347130
13337255
13347636
13341550
13337416
13334340
13336513
13339230
13348090
13346150
13338210
13338752
13347394
13341751
13335685
13347452
13332184
13341622
13331201
13343010
13331766
13343000
13337417
13349182
13335369
13338680
13337240
13332676
13349346
13342152
13348745
13346190
13337145
13340570
13340837
13340773
13340350
13340370
13340214
13343812
13340481
13331501
13331494
13331742
13349003
13345006
13331520
13348860
13345815
13330565
13330535
13330655
13330695
13330315
13330425
13345678
13345690
13345755
13345605
13345705
13331005
13348670
13331630
13346175
13346495
13348575
13346443
13346523
13348455
13348386
13348295
13348235
13348165
13348825
13342262
13331462
13331580
13331482
13348754
13340264
13334090
13331185
13340183
13336322
13332690
13340384
13345340
13340300
13330040
13337123
13342412
13337050
13348898
13344580
13336741
13348881
13340400
13349056
13348824
13341220
13349063
13340860
13349100
13336023
13331700
13331099
13339090
13340114
13331657
13336430
13336708
13336508
13336527
13336748
13336655
13336735
13336408
13349047
13341760
13332051
13347441
13348190
13337424
13340268
13344400
13341500
13332205
13340562
13332072
13331690
13335150
13348390
13348393
13348642
13349720
13344430
13344540
13331721
13330300
13336270
13348843
13343040
13330145
13345115
13344115
13345125
13344325
13345360
13344425
13344565
13344610
13346055
13346615
13343813
13348716
13341759
13348726
13332231
13339617
13347370
13349115
13346340
13331463
13346416
13346414
13346345
13346080
13340713
13336065
13336022
13347453
13344040
13333150
13331776
13348270
13348273
13349261
13349275
13339130
13346490
13340181
13331020
13348590
13347624
13332216
13349844
13342212
13346073
13336226
13345410
13336731
13331260
13333290
13333522
13336164
13336232
13348718
13339150
13336410
13336402
13341601
13331282
13346480
13331094
13347500
13332110
13348683
13348674
13340616
13348675
13337013
13331658
13348697
13340648
13336452
13349227
13346200
13331214
13348733
13338510
13345400
13336331
13331632
13338226
13345140
13333296
13335687
13339170
13344180
13346570
13348863
13349085
13338245
13332806
13331676
13348748
13336202
13340851
13348656
13338460
13349128
13344022
13342021
13349334
13331021
13336160
13334310
13336514
13332671
13336220
13340202
13331276
13330630
13342112
13336750
13340210
13341128
13339410
13332724
13349820
13335400
13343873
13340752
13336501
13335340
13341111
13336525
13346530
13348310
13348313
13348864
13336710
13339260
13343824
13331212
13338350
13345170
13349327
13345600
13349138
13332187
13331583
13332493
13349326
13333554
13339240
13337043
13336251
13336407
13331730
13332604
13339560
13349716
13348735
13345270
13348762
13338214
13349068
13349386
13348480
13348761
13349040
13337410
13349103
13341462
13343340
13335695
13341602
13335684
13332592
13331636
13332790
13331453
13330250
13333340
13335070
13347458
13347330
13332203
13348883
13345300
13331182
13345765
13349750
13349800
13348689
13348671
13349123
13347434
13332507
13348837
13331680
13337415
13341471
13338530
13335620
13339420
13343744
13331717
13348758
13349037
13349059
13344030
13330665
13339140
13346120
13346253
13331023
13336742
13337564
13337250
13343825
13335355
13340835
13334180
13340827
13340201
13338410
13337304
13340563
13343030
13338202
13349814
13341041
13332000
13332171
13344000
13343495
13344650
13343022
13344182
13338010
13347530
13347418
13347400
13334080
13336761
13336745
13331300
13337423
13340640
13340301
13345780
13349041
13349049
13345060
13341052
13334110
13337120
13336155
13347435
13346170
13348210
13348213
13349217
13349359
13348690
13349376
13340855
13348767
13340667
13341000
13349812
13337421
13340502
13346220
13337565
13349840
13349826
13330055
13334050
13339320
13339305
13349411
13331489
13349008
13336264
13331154
13346440
13349353
13340121
13331155
13349183
13348673
13349808
13349770
13336435
13349796
13349048
13341014
13336163
13332682
13336200
13346010
13346012
13346402
13346404
13346406
13331213
13332497
13334040
13333120
13331348
13347180
13336500
13336653
13349229
13336340
13343804
13339470
13340760
13336062
13332206
13332774
13331252
13349053
13347445
13347407
13332689
13348823
13340504
13349818
13349051
13331324
13348779
13349388
13336171
13341043
13336712
13340383
13346470
13331759
13330330
13332212
13333360
13344260
13336034
13336084
13336306
13348717
13333445
13331351
13332810
13333540
13330680
13331758
13331335
13340378
13343570
13345686
13346430
13336150
13349185
13331332
13333555
13337252
13336345
13348657
13345120
13347682
13349231
13331400
13344250
13333577
13330370
13336438
13348460
13348463
13331643
13348676
13330230
13346210
13343842
13332215
13348866
13331622
13341624
13331509
13345809
13343020
13346625
13349714
13335640
13336807
13348684
13344440
13332498
13332213
13348708
13348120
13348350
13348352
13348354
13348356
13348357
13348358
13348359
13345456
13339582
13348140
13345803
13348280
13348283
13348747
13331451
13346550
13349708
13341502
13336064
13336020
13345240
13330550
13340723
13345160
13344600
13330450
13349396
13349221
13349184
13346460
13348430
13348433
13346030
13331693
13331220
13332781
13332776
13333400
13348879
13348730
13332054
13349254
13348714
13340550
13347408
13347447
13347437
13333390
13349371
13349209
13348400
13348403
13330605
13332556
13337149
13332503
13333574
13348200
13339360
13330380
13333556
13348720
13340832
13348664
13332551
13331100
13340483
13336032
13333410
13349035
13349324
13348040
13331221
13345670
13335680
13331472
13341700
13332672
13345280
13348687
13335660
13331673
13336315
13340870
13349078
13343100
13347020
13338515
13349222
13346426
13346424
13346365
13346100
13332688
13344095
13337200
13338228
13330400
13348692
13346410
13348490
13348493
13330340
13348370
13348373
13334120
13349216
13331192
13349086
13333550
13332189
13340628
13339190
13332201
13348320
13348322
13348324
13348326
13348327
13348328
13348329
13337166
13349232
13332071
13341632
13346020
13332186
13338420
13344070
13348662
13344230
13349344
13331488
13331010
13340624
13331471
13332684
13331719
13349732
13344315
13336325
13349381
13331211
13349364
13336294
13340618
13348635
13348080
13337160
13348840
13332778
13339510
13349393
13340820
13335140
13339040
13344105
13331600
13340120
13331751
13337251
13349206
13348100
13349354
13340452
13340405
13349331
13331757
13336263
13331722
13349032
13337144
13332185
13347510
13349357
13348680
13348773
13333100
13335180
13337164
13343358
13347360
13348771
13336328
13333350
13349125
13335693
13349271
13349108
13340770
13336504
13333541
13333460
13338490
13335362
13343550
13331715
13340831
13331619
13344500
13348470
13348473
13344110
13335686
13343160
13339310
13347627
13347653
13347397
13347438
13343600
13338242
13340735
13333210
13346600
13332559
13335368
13343170
13345720
13340721
13344290
13333000
13334170
13331024
13338234
13340610
13348713
13332193
13331674
13331461
13337258
13342130
13336705
13340220
13337060
13349802
13349764
13331290
13344638
13349272
13340859
13348560
13348563
13340450
13345794
13338041
13331656
13344460
13331634
13333492
13333558
13341400
13331363
13336433
13342161
13337055
13347409
13345797
13331188
13330190
13330215
13336650
13331470
13345731
13348782
13335220
13348743
13331013
13339270
13348698
13349390
13341753
13344360
13331364
13342460
13331288
13349033
13345800
13333110
13342160
13331065
13337014
13332169
13340200
13340180
13340260
13340236
13340184
13336601
13336523
13336436
13331055
13331368
13337042
13348853
13340116
13348240
13348243
13348727
13342121
13348725
13349304
13331372
13333498
13337132
13345683
13331450
13348884
13345423
13346370
13333496
13349328
13348841
13335170
13331506
13348694
13348644
13330620
13332679
13348744
13335365
13336153
13331631
13348110
13349370
13349203
13331485
13340111
13345450
13346330
13333420
13349069
13331232
13346060
13336303
13331340
13349187
13345710
13339600
13344300
13349718
13340564
13340834
13348875
13348658
13340569
13333470
13345454
13332508
13338580
13332495
13345130
13339370
13344470
13349233
13330800
13348678
13344675
13344221
13331515
13331647
13345422
13348865
13340372
13341552
13332502
13349355
13341752
13331369
13347190
13336702
13331046
13347610
13342500
13340278
13342051
13331516
13331272
13349055
13349058
13337065
13340764
13335545
13336174
13333532
13333518
13340830
13330320
13330801
13330650
13348848
13332494
13340703
13348780
13344633
13349330
13345783
13340520
13349384
13349200
13348645
13345812
13349181
13349072
13348855
13348760
13348650
13348648
13349088
13349302
13349415
13348710
13349262
13331648
13331504
13336521
13336603
13331294
13330640
13334260
13333561
13348885
13344520
13345210
13341491
13349279
13349260
13336254
13340622
13349395
13349307
13338047
13341031
13347615
13332211
13345004
13330440
13341756
13349084
13349050
13332188
13339615
13332773
13347455
13349325
13332154
13338204
13349226
13344340
13331743
13331597
13331170
13336312
13340270
13336801
13340277
13343745
13344210
13333571
13344645
13331738
13348636
13340272
13331768
13335356
13334370
13349215
13345773
13348709
13331696
13331739
13333563
13331733
13334350
13331487
13336271
13331265
13340271
13348510
13348513
13331769
13332151
13332677
13349064
13333280
13331481
13333536
13348886
13343680
13337253
13332673
13340825
13332779
13339568
13340824
13332505
13334330
13331732
13332152
13348724
13343784
13337121
13342520
13343510
13336250
13340187
13345320
13331174
13331342
13348736
13345230
13331671
13348659
13336222
13338700
13333538
13332687
13340194
13348070
13348072
13348074
13348076
13348078
13340266
13334410
13348250
13348253
13341460
13339575
13340754
13330590
13336348
13331280
13334380
13342413
13349219
13349223
13347641
13336293
13334130
13348891
13344511
13344660
13347662
13336503
13339440
13345676
13349001
13338200
13349340
13331014
13337146
13331204
13331049
13335688
13331346
13331645
13333380
13332181
13348686
13349362
13334240
13342311
13332595
13349406
13348746
13348660
13348677
13349758
13341044
13347520
13336752
13331270
13332114
13332117
13342330
13337011
13349790
13349760
13341105
13337010
13342310
13342400
13340645
13341051
13341123
13340660
13331043
13342465
13331316
13336524
13341122
13349054
13338790
13331686
13340762
13348822
13338160
13348666
13348661
13336751
13348230
13348233
13340823
13331718
13337256
13331176
13338650
13331097
13333531
13333297
13340126
13340720
13349211
13332182
13348757
13347457
13349142
13333562
13349273
13349398
13349201
13336261
13336230
13336228
13348130
13349274
13340376
13346130
13330170
13349135
13336804
13340382
13342300
13349010
13339250
13331365
13337305
13338209
13330710
13336291
13348707
13340861
13342320
13348737
13345680
13336180
13338754
13343300
13340151
13343060
13330135
13330100
13333070
13348520
13348523
13332655
13349066
13332500
13336012
13338180
13336269
13335570
13340854
13343841
13331713
13331714
13344190
13331519
13338230
13345753
13336170
13340153
13346280
13339200
13331644
13349148
13331189
13344620
13346380
13338520
13340526
13331591
13349332
13336600
13347110
13336292
13345806
13348878
13332116
13340154
13330050
13339245
13347090
13331681
13345416
13340485
13348220
13348223
13337230
13333573
13336063
13346350
13332780
13341754
13349155
13338227
13331659
13331753
13335692
13348831
13339572
13349342
13345002
13345040
13337161
13348410
13348413
13333559
13348887
13343580
13349112
13340724
13337210
13331190
13332210
13345640
13333530
13333480
13343620
13339020
13334010
13349204
13344550
13344450
13349145
13339060
13332118
13349416
13349042
13342150
13346630
13347120
13331654
13336505
13349754
13348765
13333516
13331685
13337563
13345110
13342000
13345030
13335546
13335240
13339500
13349850
13335547
13342052
13334270
13338300
13334300
13348801
13331091
13335358
13336242
13336025
13348803
13331731
13349329
13347460
13348804
13349043
13331322
13334070
13341401
13347417
13332204
13335682
13331640
13336000
13336765
13336754
13336725
13337108
13336185
13336115
13332796
13341472
13335364
13338216
13345453
13338238
13331763
13334250
13337232
13349213
13343810
13348570
13348573
13332162
13348802
13340182
13343260
13349067
13334140
13340714
13348170
13332057
13338150
13336030
13332674
13330090
13333320
13332214
13331625
13348696
13348742
13345445
13336266
13330210
13334100
13330080
13331740
13331505
13331646
13348731
13348781
13331755
13341551
13348637
13332050
13345610
13339545
13335190
13337320
13335100
13335080
13342011
13336162
13342475
13335548
13349356
13336405
13333260
13336400
13341101
13347150
13332583
13345150
13338340
13340195
13342010
13344150
13334290
13336221
13336245
13332726
13341100
13348806
13339350
13332167
13336241
13336360
13347050
13347656
13342220
13342485
13342253
13338250
13336110
13342251
13342240
13337419
13340503
13347010
13345000
13345020
13343610
13348638
13343400
13349230
13348741
13346140
13339050
13345630
13331011
13335060
13330010
13336651
13340758
13336510
13340769
13347170
13336654
13340162
13347414
13343823
13346320
13337075
13349263
13332113
13348805
13330070
13333330
13336511
13344390
13332770
13332450
13339465
13339345
13339515
13343802
13340193
13338670
13331638
13348360
13348362
13348364
13348366
13348368
13348369
13340856
13331022
13347398
13332165
13340482
13333090
13349228
13331193
13339618
13346422
13346418
13346355
13346090
13344380
13331367
13341126
13340226
13333040
13336450
13346420
13349363
13332053
13348894
13340227
13340224
13340223
13340235
13340225
13340222
13340228
13340221
13340230
13340233
13340229
13340232
13340231
13340234
13331616
13343310
13337131
13333202
13343290
13332562
13348600
13331510
13332574
13349323
13336015
13340626
13331070
13331716
13331093
13331603
13335600
13344652
13332798
13332656
13333565
13347035
13333370
13331735
13340523
13344060
13332728
13348729
13346390
13345100
13342012
13349394
13331720
13348639
13340642
13339110
13348830
13348665
13336061
13348706
13348774
13331452
13335694
13331278
13330140
13349899
13341121
13333270
13341201
13342230
13347080
13342151
13332112
13332121
13332119
13333500
13335050
13339330
13339380
13332650
13343725
13343575
13343835
13343530
13337231
13341600
13348753
13336011
13332681
13336451
13336031
13345440
13337550
13337040
13337012
13348811
13349828
13342200
13340510
13335670
13347300
13347685
13347405
13347410
13337100
13340761
13349057
13333520
13344080
13330610
13349766
13330580
13348784
13343540
13349397
13349218
13347456
13336257
13345455
13341631
13348711
13339619
13331152
13336272
13330570
13338320
13344100
13349252
13336016
13338400
13349224
13349704
13331286
13340161
13336143
13336403
13347415
13336437
13346300
13345326
13349079
13349256
13342470
13349034
13347680
13348330
13348332
13348334
13348336
13348337
13348338
13348339
13332589
13333569
13346240
13335683
13348440
13348443
13336024
13349349
13347442
13331652
13334360
13333510
13342110
13332745
13332756
13332758
13332742
13332743
13332746
13332749
13332751
13332752
13332753
13332754
13332757
13332760
13332761
13332748
13332759
13336404
13340163
13336526
13346290
13330350
13342153
13340186
13331080
13343741
13333514
13332775
13349383
13331366
13332686
13333537
13338500
13348740
13348340
13348342
13348344
13348346
13348347
13348348
13348349
13333552
13345426
13341554
13338310
13344241
13344648
13344530
13344420
13344075
13342411
13344350
13333494
13330290
13348812
13335690
13349345
13340765
13331255
13339390
13337552
13342211
13349027
13347390
13348728
13341110
13337411
13338211
13349162
13340500
13343870
13336604
13336520
13343330
13345620
13331750
13349235
13336029
13349158
13345760
13343640
13334200
13332727
13335350
13335555
13335689
13333230
13336703
13335510
13332723
13349810
13333010
13331181
13341480
13333201
13335580
13332800
13340124
13349350
13344140
13349320
13332192
13340374
13332170
13344490
13342252
13342455
13339520
13340275
13340265
13345260
13340560
13331166
13331588
13331633
13332580
13333551
13345310
13335650
13331032
13340759
13332490
13336161
13339080
13331235
13336233
13330670
13331012
13346620
13332115
13342263
13345460
13338048
13338050
13331038
13332230
13340150
13337103
13347411
13347416
13337070
13343346
13349208
13334381
13340165
13330120
13333080
13332161
13348700
13348810
13349848
13349824
13336234
13336248
13339010
13334000
13345090
13342053
13345200
13335330
13335635
13335520
13335540
13331086
13347040
13347070
13336743
13331250
13333200
13341210
13332577
13349722
13340166
13331040
13332771
13340829
13339612
13348800
13336652
13331635
13338110
13337427
13341120
13348876
13331734
13336018
13349702
13347646
13347030
13332220
13337046
13349061
13349132
13332120
13339125
13334085
13338705
13340555
13348880
13336203
13331083
13337412
13339450
13347659
13330460
13331177
13332124
13331361
13331028
13331563
13331566
13331539
13331548
13331545
13331557
13331551
13331542
13331554
13331560
13331572
13331569
13331533
13331536
13331530
13344160
13346500
13330410
13347621
13349379
13348723
13330360
13348640
13339578
13332168
13332568
13349347
13332122
13348766
13343355
13347380
13344130
13337213
13344200
13331089
13331688
13331025
13340750
13342260
13342120
13341040
13345457
13337428
13330060
13339315
13344050
13345220
13348842
13338440
13337254
13345413
13346360
13345070
13347650
13347613
13331151
13332056
13345412
13343660
13348896
13343520
13343585
13343735
13343555
13342163
13331491
13348749
13330395
13348667
13348734
13343180
13335560
13348738
13341755
13342515
13349348
13343344
13343200
13331737
13332504
13349358
13339210
13348580
13348583
13340189
13344330
13345442
13348668
13338540
13336295
13331460
13335030
13349360
13338207
13343649
13343803
13334400
13337570
13332111
13349205
13335530
13340767
13330675
13349309
13340185
13335210
13340668
13340700
13343742
13340630
13340192
13349343
13348682
13336406
13336181
13345776
13343470
13341461
13348060
13348062
13348064
13348066
13348068
13338213
13348839
13338753
13340821
13340661
13340261
13339610
13338201
13340850
13349025
13331724
13340534
13347640
13331775
13340872
13332815
13332826
13331800
13331801
13349425
13331791
13341130
13332440
13332241
13336210
13332837
13347701
13331825
13331827
13347420
13336820
13347710
13340881
13331810
13349409
13336461
13331836
13340882
13331811
13349410
13336462
13331837
13331761
13340883
13336463
13331838
13340833
13340862
13340884
13349412
13331839
13336265
13340885
13349413
13331840
13338215
13333568
13340886
13349414
13331841
13340887
13331842
13336268
13340888
13331843
13338218
13349337
13340889
13331844
13338219
13340890
13340262
13349026
13331725
13340535
13347642
13340871
13340873
13332816
13332827
13331802
13349401
13349426
13336453
13331792
13341131
13332441
13332242
13336211
13331826
13331828
13347421
13338220
13340891
13338221
13340892
13338222
13349392
13340893
13338223
13340894
13338224
13340895
13338225
13336253
13338203
13331726
13340536
13347643
13331777
13340874
13332817
13332828
13331803
13349402
13349427
13336454
13331793
13341132
13332442
13336212
13331829
13347422
13340664
13340853
13349028
13331727
13331778
13340875
13332818
13331804
13349428
13331794
13332443
13336213
13331830
13347423
13349367
13349368
13349029
13331728
13331779
13340876
13332819
13331805
13349404
13336456
13331795
13332444
13336214
13331831
13347424
13349369
13331729
13336296
13331780
13340877
13331806
13336457
13332445
13336215
13331832
13349210
13339616
13331781
13340878
13331807
13336458
13332446
13331833
13336260
13331782
13340879
13331808
13336459
13331834
13331783
13340880
13331809
13336460
13331835
13335363
