13537108
13537296
13537100
13537047
13537380
13537122
13537384
13537332
13537230
13537312
13537302
13537508
13537056
13537370
13537204
13537274
13537334
13537324
13537288
13537376
13537050
13537015
13537286
13537362
13537330
13537326
13537390
13537258
13537374
13537200
13537260
13537236
13537252
13537120
13537222
13537262
13537388
13537282
13537214
13537378
13537104
13537102
13537348
13537372
13537502
13537500
13537510
13537800
13537802
13537600
13537264
13537244
13537310
13537118
13537304
13537228
13537306
13537226
13537216
13537224
13537206
13537202
13537208
13537336
13537256
13537340
13537234
13537106
13537272
13537322
13537290
13537292
13537342
13537320
13537504
13537220
13537212
13537112
13537238
13537001
13537270
13537344
13537318
13537294
13537011
13537114
13537110
13537242
13537268
13537346
13537316
13537298
13537210
13537506
13537054
13537116
13537602
13539899
13537240
13537232
13537314
13537300
13537266
13537386
13537284
13537338
13537350
13537382
13537360
13537009
13537280
13537013
13537035
13539036
13539000
13539002
13539106
13537045
13539016
13539122
13537025
13539014
13539114
13539012
13539096
13539010
13539100
13539006
13539086
13539004
13539090
13539132
13539130
13539128
13539078
13539126
13539074
13539134
13539120
13539124
13537007
13537037
13539008
13539034
13539116
13539112
13539104
13539094
13539098
13539102
13539092
13539088
13539084
13539082
13537017
13537033
13539020
13539032
13539080
13539076
13539070
13539072
13539068
13539054
13539062
13539060
13537250
13537005
13537039
13539030
13539058
13539046
13539048
13537052
13537031
13537019
13539028
13539118
13539056
13539050
13539052
13539044
13539042
13537003
13537041
13539026
13539108
13537021
13537029
13539024
13539110
13537254
13537043
13539022
13539064
13539066
13537023
13537027
13539018
13539038
13539040
