13497218
13497152
13496054
13496518
13496050
13496008
13497050
13497070
13498064
13497044
13498070
13497232
13497416
13498106
13498078
13498036
13496224
13497226
13497404
13497406
13496028
13498200
13498100
13495019
13495248
13498052
13498260
13496528
13495250
13498116
13496208
13496506
13497428
13495182
13495146
13495047
13495226
13497034
13496004
13498120
13498118
13496066
13497118
13498060
13497234
13495194
13496030
13495011
13495230
13495234
13495242
13495023
13496064
13497078
13498076
13497238
13498258
13496522
13498278
13498232
13495218
13495162
13498058
13498242
13498204
13498292
13497196
13497210
13495132
13496226
13495180
13495192
13498264
13498270
13497194
13497214
13497188
13497142
13497080
13495220
13495029
13495001
13497110
13497100
13497154
13497160
13498298
13498004
13496216
13495202
13497222
13498024
13498056
13498012
13497148
13496024
13497240
13495244
13495224
13495025
13497004
13495150
13498080
13497076
13498074
13495208
13498102
13498246
13496534
13498042
13497426
13498224
13498028
13498008
13498046
13495174
13497058
13497116
13498086
13497010
13498302
13495176
13497082
13498300
13497090
13497166
13497008
13498114
13495200
13496068
13496052
13495031
13495152
13495160
13497024
13496070
13497192
13497136
13498034
13495027
13495232
13495204
13495015
13495136
13498050
13496232
13495212
13496042
13497096
13497178
13496212
13495214
13497224
13496520
13497000
13498000
13497182
13497236
13497202
13496530
13498230
13496202
13497114
13497084
13498104
13496516
13496026
13495228
13496012
13496044
13497006
13496500
13496242
13495070
13496204
13495037
13495064
13498032
13498110
13495240
13495252
13497134
13497200
13498002
13498280
13496508
13497062
13496238
13498304
13498276
13496504
13495190
13497212
13497176
13495140
13495168
13497032
13497054
13496234
13498240
13498092
13498234
13498044
13498094
13496027
13498122
13497422
13497028
13498274
13495198
13495062
13495035
13495246
13495068
13495017
13495254
13496072
13496010
13497030
13497088
13497168
13497162
13497036
13497060
13498262
13495005
13497020
13497056
13497172
13498030
13497012
13497206
13497074
13498072
13495003
13498271
13498290
13495007
13498108
13497228
13496512
13495134
13496700
13498228
13498244
13498126
13497146
13496228
13497042
13497026
13498250
13496040
13496006
13495148
13496032
13495188
13496514
13497150
13497112
13496524
13497242
13498112
13497400
13498296
13497180
13495009
13497094
13496540
13498208
13495186
13496236
13495013
13495236
13496222
13497208
13497418
13495172
13498202
13496230
13496000
13497190
13497140
13497204
13495021
13495076
13495043
13497186
13497174
13496200
13497130
13496510
13497086
13496074
13497038
13498040
13498038
13497412
13496046
13497092
13497164
13497408
13495184
13496002
13498272
13497138
13498088
13498082
13497414
13495196
13497420
13498210
13498294
13495045
13495074
13497052
13496062
13495041
13496056
13497040
13498020
13497002
13498066
13498084
13498016
13497022
13498054
13495039
13496526
13496206
13497184
13497144
13498284
13498006
13496214
13495144
13495164
13498090
13498222
13498010
13498048
13498026
13496022
13495066
13497410
13498212
13496502
13498124
13498252
13497230
13495216
13499899
13495170
13495142
13495166
13495072
13495138
13498254
13498226
13496532
13497132
13498220
13496210
13495130
13495222
13495033
13496536
13496048
13497424
13496060
13497216
13497072
13496240
13495210
13495060
13495049
13496218
13496220
13495206
13497220
13498248
13497170
13497098
13497120
13498256
13498282
13498206
13497402
13498022
13498062
13498014
