13971119
13971080
13976213
13973049
13976661
13973514
13976431
13974282
13975070
13972015
13973469
13970325
13973159
13976705
13974093
13973188
13973206
13973492
13977005
13972122
13972321
13976005
13977268
13975068
13972024
13976561
13976573
13971132
13972274
13973699
13975060
13976646
13971154
13976322
13972029
13973845
13970127
13973462
13976116
13971253
13972417
13976755
13972508
13975108
13970348
13972348
13974629
13976010
13974613
13970230
13977120
13973152
13976685
13972186
13972356
13974612
13976269
13973155
13976315
13972010
13976449
13972063
13974664
13977283
13976222
13976154
13976543
13974507
13974279
13976702
13972234
13970425
13976540
13974720
13976653
13970400
13976096
13970700
13974647
13973186
13973532
13972216
13976151
13972430
13976611
13976300
13973510
13976570
13973465
13975022
13976521
13975792
13973788
13973733
13974502
13976026
13976579
13976339
13973783
13970284
13973712
13976100
13973176
13971110
13973751
13973834
13971266
13972342
13974090
13972414
13973474
13976266
13972294
13975114
13973531
13974212
13977300
13971141
13976641
13974287
13971207
13976261
13973741
13975111
13971202
13974622
13976343
13977135
13975024
13976498
13973280
13972272
13976483
13972335
13971060
13974175
13973239
13973797
13973843
13976432
13972253
13974107
13976554
13973442
13973238
13973243
13975813
13976211
13972268
13972196
13976699
13976666
13976030
13974506
13971235
13972165
13976182
13977110
13976345
13973082
13971239
13973831
13974630
13977310
13976237
13975814
13973703
13972129
13975015
13974397
13972279
13971143
13976811
13972306
13972424
13973785
13972142
13976306
13974354
13976480
13977165
13975840
13973542
13972526
13973470
13972209
13972085
13972240
13975823
13974205
13972030
13970343
13974315
13976815
13976079
13976525
13973432
13972512
13971264
13976022
13973431
13973245
13972180
13974007
13976179
13974094
13973500
13973817
13971262
13974109
13976596
13972258
13977111
13973490
13972252
13973283
13971204
13973825
13973096
13975020
13976857
13972250
13973015
13970339
13973181
13970030
13975087
13976083
13976048
13973551
13970005
13974114
13971261
13974067
13970342
13972446
13973255
13972141
13974643
13976220
13976576
13975816
13976816
13975074
13973205
13973739
13974099
13974105
13974640
13976814
13975784
13976452
13970170
13970690
13976802
13973182
13973153
13973114
13976016
13976200
13976015
13975112
13973495
13976320
13976195
13976156
13972257
13972194
13974330
13975817
13974224
13972190
13974503
13972140
13975025
13975788
13974345
13972062
13975818
13972300
13970410
13975815
13976290
13977010
13972448
13976233
13972267
13972265
13975819
13976208
13977287
13976526
13976050
13973550
13974289
13974632
13972244
13974616
13972345
13973237
13972233
13976101
13976025
13976078
13976415
13973020
13973154
13971213
13974230
13974226
13972330
13973440
13975786
13973438
13976330
13972390
13976420
13971247
13970280
13972226
13976522
13976263
13971260
13975000
13975001
13974370
13973467
13973156
13973508
13971170
13976687
13972360
13972346
13972092
13970602
13976485
13974615
13973230
13976694
13975072
13974609
13971158
13977001
13976854
13976140
13976616
13976644
13975820
13971246
13973753
13976859
13972182
13973036
13973270
13976593
13973520
13973743
13976145
13977145
13973480
13975821
13976180
13972228
13976135
13973134
13976084
13972183
13973538
13971206
13976223
13972500
13972100
13976354
13972260
13973017
13974270
13972520
13976215
13977140
13976617
13973790
13973731
13974649
13970455
13970601
13970260
13976183
13974580
13976088
13971000
13974010
13975115
13977260
13974288
13975069
13977345
13976344
13970347
13974366
13972700
13971245
13971090
13975096
13972427
13977160
13973040
13976113
13976527
13975822
13973784
13973737
13974364
13973130
13972120
13973441
13973540
13973024
13976861
13973025
13972502
13974508
13976655
13973180
13972193
13971164
13976602
13974567
13973190
13970010
13973755
13974368
13974565
13974390
13974052
13973035
13976152
13970140
13976014
13976310
13976651
13974550
13973563
13973450
13976508
13976090
13976643
13972350
13973194
13972354
13972290
13972375
13972530
13974360
13977000
13972160
13976806
13972242
13973552
13976858
13976524
13971083
13972420
13975107
13974005
13974110
13976400
13974117
13976678
13976130
13973202
13976405
13975093
13973453
13971280
13971156
13973047
13977282
13973433
13972071
13974240
13972378
13972128
13973199
13972026
13976017
13976181
13974283
13976120
13974587
13971268
13972280
13977105
13973841
13976700
13976667
13976470
13976563
13971100
13974079
13975080
13976488
13976070
13973801
13976196
13972210
13971035
13973791
13973745
13976292
13971236
13973803
13973757
13975040
13976463
13976490
13973274
13973282
13972426
13970426
13970434
13976275
13976754
13975825
13976023
13974658
13974641
13972504
13972506
13973210
13970404
13976410
13973846
13974659
13972435
13976804
13974216
13976099
13972269
13974025
13972377
13973761
13970080
13976493
13976566
13973804
13973717
13976647
13977288
13972376
13976552
13974660
13975804
13974170
13975030
13976098
13972235
13973749
13971045
13972432
13976228
13972319
13974286
13977130
13975827
13976532
13976663
13976860
13976214
13972515
13976304
13976454
13975800
13975802
13976230
13976207
13972212
13972411
13976642
13976751
13976645
13970330
13973131
13973116
13974144
13975858
13973811
13973192
13974359
13973832
13977267
13972217
13976649
13976202
13970600
13971152
13976564
13974045
13972510
13973809
13973092
13976662
13976684
13976340
13975076
13976511
13972243
13970160
13975094
13973272
13976613
13973535
13973220
13970200
13976153
13975857
13976690
13976591
13976855
13970670
13972096
13973781
13973561
13973123
13976209
13974540
13971272
13974030
13973844
13973807
13975856
13976115
13976619
13972379
13974140
13970435
13977170
13971115
13975075
13972192
13976264
13972189
13976081
13973041
13975088
13973715
13974361
13975090
13976567
13974590
13977340
13974120
13976267
13971160
13972072
13973838
13971211
13976040
13976753
13976648
13970150
13974380
13974260
13974284
13970440
13972276
13974611
13973175
13973275
13976155
13976495
13976227
13974290
13973705
13973461
13971281
13976097
13972213
13971200
13974648
13973117
13976250
13973537
13972270
13974259
13970610
13970190
13975073
13971130
13976544
13971284
13976750
13974504
13971117
13972325
13973505
13976693
13971222
13976082
13973821
13976198
13974296
13976756
13975089
13976337
13976262
13972256
13976121
13976654
13971220
13976664
13971150
13976217
13976147
13976318
13971025
13973485
13975071
13976118
13976610
13976225
13974610
13976234
13974112
13973198
13976150
13974040
13976353
13976862
13973045
13976352
13976210
13971145
13970430
13974645
13973494
13973833
13977150
13975117
13975077
13976054
13976500
13977212
13973782
13973707
13974646
13973564
13972352
13976308
13976342
13971209
13974656
13975010
13971082
13973713
13971127
13975091
13973787
13976853
13973701
13972214
13972398
13975811
13970340
13976338
13975086
13973016
13976265
13973125
13977210
13973241
13973177
13976294
13976695
13973849
13976605
13974022
13970380
13976612
13976348
13973839
13970640
13973030
13972320
13974035
13974180
13972065
13975110
13971210
13971142
13974325
13972215
13974115
13976677
13975113
13972184
13976707
13972501
13976224
13976060
13971050
13977125
13973090
13976430
13976445
13976675
13971244
13973115
13971275
13976864
13973842
13973562
13977320
13973184
13976216
13973847
13976850
13974575
13972422
13971223
13976503
13976236
13970460
13972442
13974396
13971084
13970415
13973793
13971269
13976235
13974395
13970445
13971128
13973759
13976123
13974530
13971241
13977265
13976542
13973460
13975828
13974661
13973436
13974214
13976450
13971205
13975790
13973430
13974663
13975829
13971263
13975079
13976615
13976080
13976112
13972296
13973521
13972278
13976505
13971011
13971014
13976045
13970346
13974190
13971243
13976298
13972124
13971140
13973710
13971012
13972324
13976461
13976531
13976620
13975027
13973157
13971121
13973271
13974116
13974555
13974281
13974654
13976852
13973080
13976704
13974280
13977115
13976650
13972412
13976545
13971224
13976581
13976703
13971221
13973439
13970450
13973119
13975855
13977155
13976219
13976706
13976199
13976212
13973451
13976520
13973695
13970275
13974549
13973196
13972428
13973789
13972091
13972307
13970349
13971010
13972136
13974220
13976866
13977262
13971088
13971238
13976069
13975810
13972263
13976562
13976110
13970175
13972343
13972080
13973815
13975085
13974009
13974255
13975824
13972413
13976530
13973235
13975005
13973802
13973719
13973200
13976697
13976665
13977015
13976296
13973800
13973721
13971201
13973798
13973723
13974305
13973043
13971225
13973225
13972202
13974560
13972191
13973559
13976232
13975830
13974295
13977261
13974308
13976218
13973201
13974222
13973796
13973725
13973026
13973794
13973727
13973118
13974400
13975812
13970225
13977172
13972248
13975078
13976462
13972394
13976533
13970285
13973281
13974300
13973836
13973536
13972044
13973443
13976186
13971282
13974310
13973837
13975831
13974100
13974070
13972110
13972524
13972060
13972070
13974349
13974096
13972229
13975826
13972090
13971023
13971283
13971242
13976351
13977175
13976698
13976046
13972410
13973093
13974228
13972344
13976124
13973851
13971237
13973792
13973729
13973463
13973189
13970130
13976324
13972075
13976347
13974501
13974250
13974245
13977266
13973151
13972381
13971203
13976221
13972230
13976701
13976668
13977171
13974048
13976226
13972409
13970390
13974625
13974665
13973250
13973208
13972126
13975832
13974662
13977284
13972094
13970695
13974150
13977281
13974594
13972503
13973207
13974218
13973435
13972380
13972450
13976448
13973472
13970050
13975833
13971240
13971148
13973786
13973735
13973434
13974111
13976510
13974113
13970040
13976691
13971162
13975782
13970065
13970341
13973496
13970070
13970071
13972134
13972022
13972105
13973183
13973850
13976550
13972358
13972187
13972389
13973795
13976012
13972519
13971267
13976513
13972396
13974210
13972012
13972013
13976867
13973829
13976686
13975023
13971212
13972035
13976460
13973823
13976618
13974631
13974160
13973242
13976599
13973158
13976630
13974340
13985899
13972518
13970710
13976800
13974000
13971265
13976640
13976865
13976013
13976515
13974320
13972392
13973455
13977330
13972188
13972305
13976257
13971248
13971208
13972415
13972020
13975834
13975770
13975780
13973094
13976863
13977264
13975095
13976268
13974285
13972340
13976270
13973240
13974065
13972261
13974652
13976052
13973095
13974347
13973150
13973513
13976440
13972011
13971020
13974080
13973481
13970405
13973848
13976752
13973437
13973747
13976608
13973819
13976810
13970020
13970320
13976856
13976812
13976447
13973530
13976346
13972522
13976560
13973813
13974657
13974620
13976851
13972371
13970385
13976523
13973284
13973805
13973835
13977263
13976018
13976446
13973121
13972170
13972185
13974307
13972370
13976125
13976185
13976024
13976676
13973132
13976184
13971135
13976565
13976341
13976652
13970125
13974533
13975092
13976614
13973827
13974020
13972208
13976541
13976518
13973187
13973840
13976271
13975026
13973560
13972440
13972434
13975116
13973273
13973506
13973697
13970084
13974592
13976087
13970270
13974520
13974391
13970060
