18409450
18405125
18406271
18400180
18405235
18412060
18404191
18408120
18404100
18404532
18411060
18406248
18402124
18412040
18405030
18402100
18410310
18406404
18410300
18408640
18408603
18407090
18404500
18405205
18404551
18406490
18408684
18400505
18403020
18404520
18407130
18410640
18409630
18411160
18407218
18401430
18407280
18402163
18407300
18403215
18406070
18401600
18407370
18408740
18409420
18401280
18406491
18401250
18400450
18410440
18411230
18408620
18406030
18410410
18404546
18400711
18412153
18406010
18409240
18409260
18410001
18407100
18406140
18406239
18409200
18405217
18403010
18408661
18405320
18403130
18409483
18407190
18404505
18407330
18401640
18409520
18405214
18407150
18402104
18408562
18402108
18408170
18407340
18408500
18410610
18402128
18404140
18402134
18408372
18402322
18403050
18400630
18411460
18411440
18409090
18409060
18406260
18400560
18405001
18410390
18410305
18408700
18407020
18408685
18404543
18404552
18409530
18408550
18408430
18402175
18401070
18405290
18406232
18409480
18412167
18411520
18404150
18401560
18407050
18411070
18405090
18408002
18406450
18401100
18408664
18408686
18401450
18412165
18410220
18400395
18412100
18411210
18400002
18409400
18406145
18410020
18410040
18408020
18408367
18408130
18404019
18404030
18404521
18403140
18403000
18404320
18402103
18409255
18402109
18406170
18407283
18408561
18409481
18403142
18409431
18408240
18404330
18410615
18408530
18404542
18405000
18409003
18410110
18409300
18406310
18410030
18410010
18401140
18400730
18405330
18405420
18409580
18401520
18400190
18406210
18411250
18405350
18400802
18400210
18406120
18400690
18400380
18409270
18401270
18411400
18405206
18400490
18408648
18406150
18409490
18408605
18405174
18410170
18409600
18408030
18407040
18403040
18408710
18402050
18402340
18408420
18401620
18401670
18410307
18401190
18406493
18408635
18403143
18400085
18406280
18408220
18401220
18409510
18400360
18408210
18404180
18400140
18400590
18410150
18409380
18400700
18410481
18406522
18405003
18404533
18403110
18409190
18400650
18402390
18405220
18403100
18403090
18402110
18402171
18404549
18409410
18412090
18402310
18408380
18410240
18400720
18408720
18408582
18408668
18404512
18408689
18408552
18402122
18404556
18407151
18405160
18401180
18404531
18402127
18408683
18407320
18408654
18404410
18401580
18405190
18403225
18400803
18409500
18400250
18408551
18400817
18404558
18400811
18405175
18409350
18400400
18411140
18406410
18400020
18406340
18409560
18407070
18406520
18411518
18406160
18401710
18404541
18406247
18409475
18410460
18408461
18400620
18404518
18405110
18406460
18405180
18406020
18409640
18410320
18411190
18405070
18404312
18410295
18400580
18410290
18408745
18400220
18405007
18406080
18400240
18408662
18408715
18406430
18405150
18407270
18402000
18412000
18408330
18407400
18400080
18401050
18408672
18406497
18406381
18408687
18405335
18409290
18407060
18407350
18406252
18412050
18405310
18402120
18400520
18410350
18405140
18408040
18408521
18407170
18405209
18410400
18405219
18408666
18409010
18402164
18409363
18407260
18400813
18408470
18403135
18406524
18406320
18405340
18405450
18409160
18407210
18411010
18410600
18408655
18409180
18401720
18406495
18401510
18408368
18401507
18408350
18404523
18404545
18405013
18405218
18406496
18404193
18407120
18406130
18408370
18406480
18410450
18412110
18401410
18406278
18409310
18410639
18406100
18408580
18404005
18403205
18409620
18406370
18401130
18411040
18406400
18405153
18408667
18401200
18405460
18410120
18401460
18406090
18400750
18409110
18405008
18404536
18408260
18400710
18410000
18406420
18403060
18405225
18408480
18400670
18410140
18400680
18411470
18408010
18410050
18401230
18408630
18410355
18408250
18406060
18405430
18404110
18404544
18404554
18407023
18407215
18401110
18410605
18405216
18408050
18401080
18408669
18400420
18405130
18406246
18411030
18410545
18406470
18407015
18400570
18408441
18402195
18408688
18405212
18404400
18409250
18405441
18408060
18411100
18400350
18404530
18405005
18406300
18409482
18403002
18404516
18411270
18408003
18407000
18401540
18401730
18409140
18405173
18407360
18408180
18405006
18407180
18401650
18412010
18401060
18410180
18407030
18409641
18412020
18404370
18400640
18408563
18404000
18408140
18401345
18410420
18402181
18403145
18412159
18409330
18404522
18405213
18403209
18407222
18408110
18410260
18404555
18405203
18400540
18402102
18408200
18409540
18409120
18411517
18411090
18408735
18403030
18409080
18404560
18401505
18405222
18402126
18404380
18404010
18409320
18411512
18400600
18407183
18408673
18410380
18409440
18404018
18403070
18405009
18404314
18409650
18409230
18408100
18411510
18406063
18401030
18404538
18400510
18411050
18408564
18401020
18408682
18405002
18400800
18408645
18408690
18411240
18402107
18404534
18408681
18412163
18406225
18404513
18411055
18411490
18408652
18409220
18401042
18407390
18401480
18409484
18400610
18411170
18411180
18408585
18405215
18403218
18403120
18409210
18401330
18409170
18407217
18412157
18405080
18404548
18401350
18400815
18412161
18400150
18404190
18408190
18409639
18401530
18404120
18411110
18407223
18406245
18406220
18411295
18407282
18404519
18409150
18409390
18408270
18402190
18410480
18411390
18402380
18401000
18407380
18404050
18411080
18410280
18402162
18405120
18408541
18406489
18401575
18411300
18411420
18402106
18405211
18406241
18409280
18405360
18405100
18408665
18400410
18411000
18406250
18406249
18401210
18409040
18406272
18410250
18400515
18400340
18406242
18404514
18402192
18400812
18400480
18411260
18408691
18408230
18408725
18400814
18410630
18405224
18408510
18401504
18400160
18401090
18409130
18407221
18405221
18410160
18408373
18404360
18411280
18402160
18400200
18401470
18406273
18412155
18408610
18405040
18408650
18404060
18406523
18401240
18402161
18404430
18404015
18412070
18406243
18404559
18405210
18406244
18408670
18412112
18400040
18408663
18401010
18404350
18404540
18408450
18408705
18407184
18404517
18401641
18400500
18409651
18400170
18405020
18408676
18400460
18408371
18401040
18401335
18407181
18411130
18401660
18411480
18401690
18409645
18406494
18408540
18409100
18406251
18404507
18407010
18409000
18404310
18412130
18410641
18401490
18401590
18412151
18402101
18411516
18408600
18411519
18405191
18403212
18400501
18412030
18411511
18410230
18407160
18410625
18406011
18406015
18405004
18409590
18409570
18402020
18410370
18410361
18408520
18404420
18407182
18407250
18406240
18411483
18402090
18406146
18408625
18402080
18402370
18401160
18400100
18412120
18404550
18405108
18408440
18411515
18406274
18406040
18408674
18407140
18408671
18407290
18401260
18401610
18404535
18406521
18408653
18408730
18405410
18410130
18403222
18406290
18409030
18407220
18410200
18411434
18400818
18407110
18410070
18410360
18409340
18403227
18410430
18401508
18402111
18404515
18404007
18406465
18401550
18406190
18404390
18411200
18405230
18407200
18409020
18408680
18400005
18405440
18411430
18400430
18406350
18410100
18400235
18401400
18412170
18402180
18401340
18402040
18402330
18408410
18400465
18404170
18400440
18410620
18408080
18404557
18404547
18402170
18412129
18401500
18409485
18408005
18405370
18406275
18401440
18406492
18400760
18400740
18406050
18400390
18410060
18410080
18410210
18411020
18408660
18400370
18408490
18408365
18406000
18408560
18408677
18401680
18400050
18411514
18408160
18409370
18407230
18404183
18408369
18408070
18406276
18401425
18404553
18401630
18407018
18411065
18411120
18419899
18406360
18411450
18400385
18404105
18407310
18404509
18412080
18405200
18408340
18408280
18403229
18400705
18400010
18400030
18410090
18406191
18410004
18409460
18407080
18404539
18402060
18402350
18406440
18402070
18402360
18404020
18404510
18407240
18404537
18402165
18404340
18406461
18400004
18400006
18400550
18409430
18404160
18411410
18409610
18406406
18410121
18408743
18408460
18400660
18401570
18401120
18401420
18400816
18407053
18406234
18402129
18400801
18401150
18401170
18402105
18400060
18401725
18405010
18410363
18402030
18402320
18404040
18408400
18408360
18406277
18409070
18409050
18402010
18402250
18402300
18408390
18411150
18405300
18406270
18408675
18403080
18411290
18409550
18410635
18411513
18406380
18406330
18402315
18409360
18409470
18408300
18405223
18408290
18408320
18408310
18400470
18410270
18411500
18402260
18401506
18406230
18408651
18405170
18408090
18411220
18405050
18406180
18406236
18401605
18400530
18405227
18406237
18400230
18410190
18404525
18406238
18405060
18400070
18404130
