18389018
18385073
18385103
18389038
18389032
18385009
18385031
18385069
18389050
18389028
18385055
18389000
18385067
18389046
18385037
18389004
18385099
18389056
18389048
18389044
18389058
18385035
18385061
18389034
18389006
18389040
18385059
18385101
18385051
18389026
18385077
18385007
18385049
18385057
18385013
18385047
18385021
18385027
18385039
18385041
18385063
18389012
18385043
18385081
18389052
18389016
18389008
18389054
18385011
18389042
18389020
18385083
18389024
18389022
18385053
18385015
18385075
18385071
18389014
18385029
18385097
18385001
18385089
18385085
18385023
18385091
18385095
18385087
18385093
18385065
18389010
18385003
18389899
18385019
18385017
18389036
18385045
18385005
18385025
18389030
18389002
18385079
18385033
18385500
18385504
18385502
18385506
18385508
18385510
