06655130
06665280
06665325
06663040
06663060
06653250
06680645
06696120
06654740
06683001
06693470
06663050
06663056
06663070
06663500
06655350
06654490
06655090
06653636
06653210
06693195
06680580
06680685
06680190
06654360
06663160
06657020
06680490
06693120
06673845
06655530
06655683
06655100
06653605
06655480
06656600
06660631
06654415
06683395
06680680
06670430
06654860
06673855
06653540
06656390
06660110
06653320
06655180
06653305
06696050
06660590
06663240
06655470
06680103
06655620
06694270
06696150
06663420
06655290
06680015
06663460
06653420
06654650
06680220
06663530
06654795
06656603
06673590
06663490
06655230
06680676
06654690
06696080
06695477
06657030
06655190
06693550
06653140
06654480
06680805
06663380
06665001
06654865
06680156
06657450
06670245
06660170
06655110
06655115
06673500
06654340
06663270
06680350
06696300
06657060
06694080
06670190
06655245
06673030
06665414
06683190
06654857
06695570
06653190
06654570
06653480
06654780
06663170
06656340
06657642
06675100
06694145
06654705
06654625
06656460
06653240
06654061
06680530
06655460
06693090
06694430
06657240
06654760
06660775
06656400
06663190
06693080
06683003
06670070
06663025
06654250
06654890
06693805
06663030
06663080
06663010
06663045
06695560
06653601
06694015
06660800
06694240
06683240
06696090
06653380
06695080
06665185
06657070
06656100
06694090
06660340
06694300
06675771
06695565
06690180
06673100
06660770
06683325
06694440
06653590
06654405
06657190
06680450
06693380
06680677
06693160
06653241
06693290
06660220
06660470
06680180
06695070
06670030
06652060
06654200
06685215
06654800
06670450
06683510
06694470
06663670
06680646
06655510
06680420
06695690
06663690
06660540
06660410
06695415
06665580
06680678
06665352
06680150
06695130
06655570
06654565
06660645
06655260
06670500
06670280
06654798
06690060
06694725
06654410
06655330
06660280
06670460
06670250
06680670
06665610
06663195
06683330
06654170
06680590
06695040
06657120
06654050
06694025
06663340
06656540
06663015
06653150
06654470
06656470
06663415
06685010
06660520
06656070
06657540
06693490
06654205
06680055
06655300
06660435
06663305
06663309
06673570
06680109
06655080
06653560
06654590
06670000
06660390
06695310
06675305
06654000
06655050
06690245
06660445
06665412
06680340
06673865
06673120
06656420
06654750
06656305
06663450
06694190
06695426
06683008
06683009
06670020
06680250
06656215
06657840
06680695
06653625
06656110
06660320
06660455
06694260
06654510
06673580
06655310
06690170
06690255
06693620
06683340
06683005
06665510
06655550
06670170
06693170
06660090
06683011
06690070
06680310
06654496
06654495
06660465
06660500
06670360
06683050
06670110
06695300
06655410
06690030
06673270
06690280
06663540
06694320
06655670
06696020
06656350
06665005
06693500
06655650
06665045
06665090
06675310
06663440
06657650
06656035
06654700
06653000
06654430
06680560
06665605
06656315
06693070
06654140
06653231
06690100
06696000
06683215
06680025
06663700
06653170
06665120
06665050
06660795
06655490
06663660
06683030
06660005
06693360
06657660
06693630
06654730
06683210
06655255
06660020
06654856
06653020
06656306
06655020
06660300
06660260
06660030
06694040
06663630
06654215
06656610
06683540
06683530
06673320
06656609
06683385
06657670
06685120
06680460
06673600
06683390
06683480
06654230
06695436
06653030
06657646
06680410
06655000
06653270
06656500
06695220
06653450
06654080
06693540
06670560
06680705
06660530
06660505
06673020
06693200
06660475
06683012
06690240
06695495
06655170
06680647
06670440
06656140
06685220
06656606
06654190
06683360
06654745
06655200
06657680
06685225
06655687
06690000
06683014
06654240
06673750
06685090
06680040
06685020
06685435
06660160
06670405
06670290
06655340
06655700
06695580
06695720
06655680
06654660
06685270
06654260
06660663
06665530
06683013
06680360
06665205
06665400
06657645
06685300
06660560
06653010
06683180
06673560
06685235
06683370
06690340
06693130
06660370
06690290
06683080
06680075
06673290
06653350
06660650
06670330
06656165
06693140
06663560
06694210
06685260
06680648
06653460
06694410
06656210
06683380
06660035
06657200
06694730
06654440
06695445
06657269
06653355
06693520
06683100
06660290
06663353
06690242
06675200
06660250
06654855
06654330
06663350
06663289
06683200
06695480
06656450
06695725
06673730
06660270
06683016
06656360
06693165
06675450
06654032
06693060
06653050
06694390
06683312
06680145
06653600
06673160
06673740
06683225
06654870
06660010
06655265
06653370
06654270
06653635
06694310
06660070
06690460
06654370
06675460
06690050
06694140
06653430
06654010
06660690
06693235
06695610
06653160
06654665
06683490
06654898
06654897
06655830
06680020
06660480
06670420
06690265
06663209
06695730
06654120
06653280
06696302
06653025
06663610
06665360
06690420
06660440
06695650
06670140
06660610
06660580
06655770
06680065
06680665
06685245
06690300
06656020
06673080
06695500
06680615
06660415
06660600
06655540
06680750
06673240
06690010
06680155
06683315
06660485
06695510
06660780
06694170
06654100
06695420
06663105
06680780
06683440
06660660
06657090
06695245
06652010
06657130
06663020
06663410
06657250
06665354
06653340
06695235
06695050
06680370
06673260
06654670
06693560
06670410
06660785
06683017
06653440
06683140
06654753
06693400
06654390
06680660
06653500
06695090
06694150
06683006
06656613
06663090
06663290
06657100
06680165
06654320
06685255
06655780
06683018
06657880
06653520
06693430
06663470
06675300
06683150
06660720
06665230
06670400
06660762
06693580
06693246
06693475
06685430
06665410
06680770
06685400
06656040
06690140
06670160
06660670
06683525
06654675
06685290
06690320
06693255
06665408
06690275
06660700
06694180
06673875
06654035
06690205
06654555
06657643
06683004
06654885
06654820
06655837
06655760
06653070
06660632
06693210
06694755
06673010
06670100
06683235
06680510
06685265
06655370
06696010
06670180
06693310
06683314
06670225
06660510
06690330
06670320
06670060
06655380
06685420
06656380
06663220
06653180
06683002
06654280
06653490
06656060
06695160
06654350
06683318
06680790
06680170
06656000
06680000
06690110
06696075
06655150
06694055
06673885
06694110
06665030
06665035
06670300
06665040
06665155
06652040
06656619
06683460
06680810
06695640
06665070
06670340
06655210
06657230
06680800
06654635
06654210
06663189
06695520
06680290
06665075
06693570
06657690
06680225
06656220
06680085
06657700
06665055
06665010
06665002
06665007
06665236
06665060
06665065
06685140
06653232
06654046
06655838
06683365
06680120
06673210
06673220
06694200
06660790
06655710
06670120
06654620
06694230
06660482
06673895
06654850
06695478
06653510
06654875
06683230
06695660
06653275
06670230
06675400
06673070
06693810
06693025
06653265
06657290
06653230
06683310
06695479
06654070
06663205
06693250
06656320
06694010
06665356
06694020
06654030
06652030
06694050
06695440
06654580
06693390
06657050
06657010
06693050
06694130
06653080
06665540
06655806
06660740
06660495
06655810
06695460
06680035
06680656
06695010
06685210
06656410
06694160
06657620
06653065
06694030
06683270
06665570
06660460
06660565
06680060
06685035
06663330
06680300
06654775
06660630
06657635
06667315
06657160
06660050
06695030
06656025
06675000
06680110
06675466
06680045
06693005
06694095
06653130
06655140
06656520
06654040
06695280
06693340
06693230
06657641
06654535
06694720
06680550
06657410
06680760
06673610
06663390
06694255
06685446
06654530
06695250
06685410
06670470
06694750
06660550
06654640
06653085
06690510
06660400
06665500
06693280
06690390
06673700
06685190
06685170
06685275
06685285
06685295
06685150
06694290
06694360
06685160
06656190
06656430
06683160
06653120
06663095
06695210
06680811
06680625
06683090
06653040
06654615
06654005
06654520
06660240
06695600
06660210
06657170
06655808
06665406
06680630
06660710
06654785
06655785
06657644
06656616
06663650
06690120
06665600
06656620
06695020
06654540
06654110
06654747
06654725
06665025
06660730
06654790
06673012
06683260
06693020
06665080
06680030
06653620
06653435
06654450
06653100
06680400
06694215
06655750
06656240
06680056
06683290
06690520
06673015
06695455
06665105
06665115
06663725
06665100
06680070
06654685
06665085
06665195
06660763
06654460
06660501
06660750
06683010
06673550
06663250
06654695
06670150
06685305
06660511
06694120
06693460
06693410
06695680
06657610
06653090
06665358
06695190
06663230
06663150
06694070
06665550
06673130
06693510
06695630
06663620
06663655
06657210
06693480
06655836
06655755
06683367
06683120
06695465
06695425
06660425
06680690
06654895
06657630
06663035
06695435
06654130
06656510
06653330
06657150
06660025
06685445
06694350
06654719
06654020
06653310
06683220
06665245
06695200
06694060
06657265
06655520
06653425
06680555
06652020
06660080
06655450
06673060
06654290
06654500
06675325
06655720
06680520
06683040
06656530
06655270
06683430
06655560
06657710
06657647
06657850
06670350
06665560
06653290
06660140
06657110
06663520
06660525
06663120
06670210
06655253
06655320
06695320
06693370
06657720
06693040
06655660
06656330
06695000
06685000
06675455
06654220
06690350
06680570
06655500
06685316
06655800
06690450
06663273
06660535
06683130
06685325
06680470
06665520
06690260
06665404
06694085
06655280
06670090
06653645
06680130
06653215
06660515
06657730
06680095
06665095
06663200
06655630
06655640
06694370
06695450
06655360
06693240
06655600
06663400
06696110
06670480
06655275
06654560
06657140
06685335
06654155
06665350
06656480
06660310
06653550
06683400
06693265
06653360
06693275
06680140
06665240
06696100
06653055
06655802
06653200
06660120
06680175
06673040
06654710
06660764
06665402
06683320
06657025
06655160
06693635
06695490
06696306
06694225
06693000
06655804
06693100
06654825
06670010
06695170
06680160
06654877
06656230
06656030
06656440
06655730
06685345
06663307
06693220
06656200
06663710
06660130
06660380
06656170
06683110
06665190
06670220
06660450
06683007
06660765
06693010
06654715
06695476
06657740
06690500
06665200
06665110
06685250
06665210
06665220
06663640
06663510
06665130
06665140
06680390
06665145
06665150
06665215
06683245
06670490
06654055
06655285
06654720
06683280
06654645
06695180
06695470
06673710
06685280
06654150
06673090
06655685
06670270
06685180
06670200
06685355
06655295
06657860
06653110
06663430
06673530
06660680
06680465
06654380
06693590
06663140
06680005
06670530
06663207
06694220
06690470
06656160
06655580
06695550
06663110
06655120
06695485
06693015
06665615
06655575
06657220
06673140
06653087
06654400
06663000
06656490
06693270
06694420
06696304
06655590
06690080
06653655
06657750
06695290
06660330
06670510
06663480
06680090
06655220
06693180
06663275
06693440
06660805
06673050
06680649
06663665
06680320
06685365
06685375
06690400
06685130
06675035
06694480
06670370
06670520
06685385
06694280
06693600
06655505
06693610
06660360
06695530
06655740
06660545
06654735
06654090
06690440
06663550
06660620
06656090
06693285
06653405
06696060
06663600
06695590
06680480
06660430
06663210
06663130
06660420
06655835
06656180
06663300
06683015
06673230
06695205
06673190
06655085
06670310
06694100
06673310
06670080
06694450
06673110
06660230
06655400
06654726
06680036
06695060
06680280
06655305
06653277
06653235
06657760
06655010
06660570
06654880
06680655
06654550
06654180
06695110
06660000
06655240
06683000
06655365
06694250
06655610
06655420
06673755
06680610
06673765
06656120
06673775
06683450
06673785
06673170
06690090
06673795
06683470
06673800
06660325
06673805
06673810
06660365
06683815
06680620
06663285
06683500
06673820
06673825
06673830
06673835
06663720
06683045
06695475
06654045
06694340
06660640
06680640
06690150
06656370
06665135
06665180
06660060
06685395
06653300
06653015
06660615
06657275
06663570
06695140
06657600
06663685
06663590
06683020
06657420
06680605
06673180
06654160
06683350
06680675
06680661
06665125
06660150
06663005
06670240
06670550
06656623
06657000
06653005
06680115
06665175
06699899
06653555
06665170
06693190
06670260
06655250
06670540
06695540
06693295
06690540
06690410
06695100
06657770
06652000
06694400
06683070
06653365
06670040
06657780
06694213
06693110
06663085
06665590
06660555
06660200
06680721
06654630
06695240
06680710
06680260
06655390
06665022
06693420
06694380
06690130
06694740
06695481
06693030
06663055
06653260
06693350
06663653
06673330
06695270
06653570
06663680
06690570
06696170
06696175
06685396
06657440
06696250
06685397
06657430
06685230
06685200
06657267
06685399
06657300
06657271
06656050
06657370
06657510
06657470
06657580
06657520
06696180
06657380
06657490
06696165
06657400
06696260
06657270
06657550
06657268
06657640
06696185
06685240
06657272
06657320
06657340
06657080
06657280
06657560
06696160
06657310
06657530
06657390
06657570
06685401
06696190
06657266
06657350
06696155
06657460
06657360
06657500
06657480
06660767
06657590
06695670
06654605
06653637
06696030
06695400
06673620
06653530
06654655
06656010
06680715
06683520
06693260
06693231
06665606
06680050
06656300
06655430
06683300
06695700
06665165
06656150
06680700
06680600
06655690
06693815
06665160
06673150
06665000
06680200
06673250
06690270
06673510
06657790
06680240
06660810
06673540
06657800
06693450
06675336
06653307
06680330
06683060
06670130
06657830
06695710
06695620
06695482
06657820
06690430
06655030
06693150
06695410
06654878
06653580
06657810
06657895
06652050
06654420
06670570
06690040
06694330
06660100
06665250
06680010
06680500
06680105
06654616
06663722
06673200
06694460
06654680
06695150
06673300
06696040
06695430
06685070
06685040
06660350
06685080
06685050
06685060
06685100
06683410
06696003
06660490
06690020
06654830
06683420
06654006
06665320
06656626
06665315
06680100
06654310
06665310
06665305
06665300
06665295
06665290
06683025
06665285
06665330
06665275
06670580
06685205
06680080
06654060
06653410
06673280
06654610
06693530
06654600
06673011
06680380
06657260
06656130
06690550
06683170
06694000
06673520
06660556
06663280
06663260
06673017
06654805
06663180
06696070
06663310
06673018
06680540
06673720
06695305
06663565
06663311
06653638
06670050
06655375
06660557
06654810
06680440
06660190
06685110
06656080
06660180
06685030
06654806
06655765
06660760
06663580
06660040
06653400
06663100
06680230
06695453
06690310
06660578
06657245
06695260
06665270
06665265
06665260
06665255
06656310
06680650
06665020
06653470
06690530
06690560
06673019
06653022
06654755
