08596800
08584610
08592165
08589430
08577796
08587831
08590045
08587832
08583850
08577115
08577116
08577117
08577118
08587833
08585015
08598070
08584460
08596450
08586210
08572590
08589450
08588600
08585270
08583220
08593450
08576210
08590690
08585005
08598380
08597710
08596590
08582839
08580150
08597694
08587830
08587840
08579070
08588465
08594420
08570243
08589350
08588322
08580560
08589380
08595850
08583370
08589360
08595848
08589470
08588469
08572520
08589390
08588560
08589410
08593110
08599540
08570345
08599030
08572710
08579564
08573170
08583239
08594200
08577010
08576465
08570805
08576015
08570080
08570081
08599015
08599000
08599385
08599455
08599515
08598010
08598110
08599645
08586260
08597690
08588625
08588001
08586415
08588315
08574475
08574485
08594010
08597698
08583834
08575730
08573560
08596535
08572220
08594320
08598630
08599670
08580189
08582120
08576100
08598340
08587848
08588468
08587834
08587849
08587847
08594130
08583240
08582010
08598406
08599315
08594050
08584240
08577490
08590340
08582060
08597190
08596580
08570800
08588590
08586220
08598412
08594310
08588480
08588610
08576317
08580270
08588550
08575700
08582785
08571065
08572800
08576490
08570025
08572680
08591675
08583518
08579340
08588030
08592175
08589009
08588470
08593220
08589300
08596475
08588020
08598414
08583260
08588540
08580250
08599060
08570200
08595320
08573430
08593545
08589400
08593040
08573220
08570380
08590700
08596775
08579140
08598610
08570370
08596765
08593080
08598590
08597750
08598040
08588530
08589420
08583826
08582840
08593515
08583250
08578025
08575830
08587774
08572007
08582820
08583315
08584410
08583812
08590660
08581015
08598457
08581020
08593540
08573480
08588819
08593213
08592670
08593010
08579060
08572730
08599390
08572795
08583257
08583295
08583818
08595853
08589035
08593012
08575230
08588520
08588670
08595872
08599040
08582818
08583814
08577590
08595870
08575450
08575455
08570390
08570395
08573410
08571860
08577250
08571840
08591676
08573090
08570420
08588570
08570400
08595620
08586030
08574130
08575733
08576500
08577850
08587790
08583297
08583270
08573100
08575520
08575530
08579350
08597180
08575540
08572045
08598130
08598300
08580840
08580070
08570410
08584070
08580170
08593460
08583300
08577330
08582851
08596025
08590355
08572433
08574120
08577580
08575050
08584185
08584350
08575650
08598458
08580600
08595410
08577660
08583374
08583310
08598750
08577140
08597720
08598595
08575610
08598732
08597700
08572230
08575550
08577700
08587098
08587050
08582180
08580160
08589840
08590540
08599840
08578010
08588840
08579840
08580830
08595845
08581840
08598230
08588370
08596805
08573550
08572670
08582837
08582762
08579568
08592603
08572395
08575570
08575580
08575020
08575022
08575560
08596086
08575430
08579660
08581150
08579005
08583030
08594060
08575360
08597703
08587090
08572207
08575500
08570658
08598716
08598717
08577350
08582800
08599070
08593180
08579560
08577340
08583330
08577440
08578030
08577720
08586410
08577160
08582170
08582858
08586060
08587063
08574500
08582842
08574100
08583525
08582844
08573350
08583515
08583516
08595856
08593240
08593029
08593020
08599075
08580790
08570150
08582896
08588350
08570004
08570670
08582814
08572202
08597055
08594540
08588320
08599450
08597622
08597624
08587776
08587779
08596675
08572443
08595370
08595310
08588609
08599110
08583350
08573420
08577159
08597023
08599660
08572735
08570770
08576650
08576530
08592635
08590469
08575732
08582780
08582816
08582898
08598660
08598810
08579355
08572455
08572448
08582871
08582227
08596320
08596084
08580095
08573440
08573436
08581300
08579000
08581310
08574230
08598718
08593140
08580499
08596088
08594550
08576660
08587040
08582880
08573520
08572010
08572630
08575340
08583598
08595560
08589375
08582870
08586180
08570089
08595390
08597042
08598746
08577650
08572560
08596810
08571020
08577270
08588162
08577030
08598342
08586110
08583000
08588040
08575200
08591510
08588160
08591530
08570246
08573485
08573290
08598350
08588050
08572452
08584190
08596082
08595580
08575010
08570666
08590260
08574150
08574442
08574160
08588155
08598320
08598372
08598060
08598260
08582872
08582874
08584540
08587826
08583605
08583360
08595613
08577310
08576620
08596020
08595510
08595500
08592630
08572340
08575025
08584420
08595865
08585200
08582810
08598760
08576640
08598313
08590130
08593060
08590470
08590250
08590460
08587792
08584040
08571010
08598396
08587777
08593525
08587796
08579640
08587817
08598370
08590240
08570339
08590230
08588150
08596410
08576140
08597250
08576150
08588179
08583316
08577180
08597220
08590140
08573320
08573470
08586010
08576190
08590510
08582725
08582835
08570140
08579460
08583340
08580630
08570270
08598451
08595431
08580620
08588220
08584430
08584170
08594090
08572798
08594400
08584110
08595615
08588649
08598351
08584440
08570338
08584450
08575680
08570320
08570325
08596665
08594230
08586400
08584590
08576320
08570250
08584260
08588170
08572430
08570340
08570342
08576010
08570010
08573570
08596595
08572613
08581180
08583320
08594160
08577780
08598009
08596682
08584427
08596310
08595625
08588060
08576180
08583379
08588167
08588210
08599530
08579360
08573610
08575670
08588324
08593289
08591860
08588146
08595662
08572130
08580640
08581160
08583380
08585260
08588148
08595860
08590350
08595530
08576280
08598250
08573723
08586120
08586170
08587775
08582803
08594670
08587030
08577750
08576260
08575390
08573590
08575220
08580010
08599150
08588140
08590280
08588665
08590725
08583700
08596290
08593070
08597140
08582821
08582848
08590480
08576270
08587320
08587330
08587340
08583533
08576250
08575370
08576220
08580000
08581000
08586000
08586250
08599240
08580097
08580280
08586270
08599640
08576290
08598724
08576230
08575760
08598780
08588190
08582200
08582850
08571040
08588180
08582130
08589370
08592609
08573240
08589319
08598455
08594370
08584180
08597628
08580750
08598722
08586140
08573700
08583390
08577110
08577113
08597210
08596340
08575660
08584409
08587190
08588460
08577529
08586100
08588010
08573370
08574432
08588230
08595862
08596815
08598150
08582876
08580610
08587797
08587798
08575273
08587800
08595878
08580060
08593293
08587101
08591880
08579730
08572015
08590210
08589320
08590520
08573080
08598605
08597695
08573310
08598733
08579520
08579130
08579570
08588720
08570600
08595868
08572790
08572794
08595866
08590030
08592159
08590060
08591520
08583314
08595632
08593270
08574030
08597696
08591853
08588168
08595656
08579860
08590020
08580615
08594170
08599140
08593190
08587804
08583524
08583523
08583522
08583529
08588326
08580740
08590200
08593291
08572080
08577090
08579580
08579680
08595887
08590212
08583440
08580100
08597712
08595450
08583816
08582710
08583355
08588152
08582836
08581140
08597755
08583532
08577798
08577020
08580080
08590110
08596530
08596600
08570002
08582767
08585240
08592605
08570840
08599175
08572555
08575245
08579080
08596770
08590215
08580050
08577325
08580360
08579040
08573680
08594630
08595590
08573670
08581130
08580140
08590040
08582882
08582885
08572240
08596420
08597052
08572600
08598770
08590035
08586160
08590033
08597028
08597090
08595883
08595886
08580130
08594660
08583840
08583597
08577609
08570090
08570680
08593445
08588334
08579090
08580800
08580570
08573030
08583290
08598311
08570020
08583230
08587801
08583265
08587761
08594380
08572682
08587782
08587780
08580090
08580530
08598560
08582888
08590090
08580390
08595630
08587802
08596350
08587784
08579480
08575280
08598570
08575710
08597005
08587788
08587786
08580180
08583410
08583400
08577400
08572000
08572315
08579590
08579610
08593014
08577540
08594450
08586200
08583420
08579760
08584580
08598744
08582220
08597640
08597620
08597610
08597630
08597635
08582760
08597650
08577112
08590530
08572205
08596370
08596270
08583373
08582862
08590430
08582826
08593440
08584030
08573390
08583531
08590440
08573432
08572060
08598490
08572201
08575731
08598550
08598500
08577480
08583450
08597565
08582827
08582828
08589460
08580190
08588816
08593215
08594110
08579650
08579490
08594390
08583470
08589090
08585010
08596750
08583490
08587760
08598540
08598460
08576120
08588070
08589120
08593250
08593030
08589100
08598470
08597560
08599680
08582847
08577100
08593160
08598180
08597580
08597570
08579600
08572451
08592680
08597770
08595440
08582150
08588606
08580040
08583120
08586505
08593465
08593530
08598170
08582864
08589110
08588090
08573360
08572460
08594280
08583430
08582878
08594330
08598403
08594270
08594275
08570661
08584300
08596280
08594480
08589140
08594190
08594195
08597590
08589290
08598520
08596460
08597600
08597629
08594580
08584400
08595600
08599560
08573530
08589240
08599550
08577410
08570790
08572660
08589130
08598510
08572650
08590450
08570820
08589260
08599570
08589265
08575840
08598580
08598450
08572090
08599510
08577114
08597025
08597026
08577300
08588680
08598800
08598480
08570710
08570640
08583645
08587822
08587778
08589070
08589270
08584370
08583460
08584390
08598390
08583830
08593090
08599490
08572260
08598384
08582545
08587770
08579530
08582455
08583376
08583480
08584360
08598620
08596400
08595885
08596050
08598190
08582866
08575690
08583535
08583519
08573580
08584020
08593455
08594410
08590050
08577797
08574798
08574090
08580520
08596405
08574040
08577080
08573280
08572070
08573190
08596060
08589080
08577800
08571030
08589250
08570740
08592601
08596085
08574080
08577170
08573110
08597022
08573460
08598341
08570337
08572446
08595614
08598725
08596080
08596070
08577260
08595880
08587000
08588000
08586150
08579010
08579020
08598321
08581420
08598030
08584530
08570663
08590009
08574060
08589200
08589190
08573490
08580500
08596090
08577815
08598080
08583543
08579100
08580660
08588240
08573230
08573450
08570655
08572825
08577065
08575820
08595550
08573300
08587818
08577739
08573010
08570659
08572210
08574020
08573000
08593480
08573250
08589150
08589145
08592650
08572320
08589180
08577510
08577360
08589170
08582645
08589195
08580540
08577060
08588690
08577210
08577610
08573500
08577430
08577670
08589197
08576330
08577740
08573260
08589230
08577335
08596435
08589210
08598281
08574170
08590420
08584555
08588080
08598373
08598330
08577805
08577807
08598284
08589160
08589280
08595260
08595270
08573720
08570336
08596455
08599520
08589193
08592620
08576315
08577460
08577420
08575380
08589149
08585000
08593500
08580510
08590330
08590310
08591677
08588110
08592590
08595290
08570750
08598270
08590320
08581390
08577730
08576110
08592602
08598360
08598312
08574434
08596655
08588645
08595882
08580290
08583528
08592580
08588345
08599470
08577000
08574000
08575000
08570050
08598454
08576070
08598452
08588145
08583510
08587820
08582030
08583007
08598670
08576000
08583520
08596760
08593485
08597714
08570100
08593555
08588823
08574480
08588340
08597621
08575260
08596690
08595881
08588330
08583592
08575070
08598382
08591671
08587767
08578015
08588814
08597775
08570220
08579120
08588332
08590070
08583670
08583802
08573510
08579700
08594500
08570660
08570240
08580710
08583680
08587819
08589440
08592570
08585210
08599190
08595863
08583630
08570280
08583650
08583536
08580110
08593420
08599480
08572009
08583371
08584090
08594250
08575270
08583311
08573040
08570290
08597705
08599045
08580815
08570255
08597044
08572006
08594210
08579505
08583015
08579007
08590655
08593535
08583599
08599380
08570327
08570030
08594610
08570265
08598586
08583832
08588810
08571068
08583595
08590505
08570720
08595888
08594520
08595616
08583377
08599170
08572025
08573060
08570665
08583640
08583620
08570700
08583610
08577320
08595570
08594240
08597050
08576670
08591672
08588812
08595280
08591678
08595250
08583526
08577390
08593490
08588710
08593565
08590705
08575240
08583537
08582804
08583517
08592550
08576030
08576035
08592540
08573710
08593430
08592560
08591673
08593400
08573635
08592010
08574300
08589040
08593269
08593260
08591674
08584480
08588100
08584310
08575480
08582822
08582761
08594220
08591661
08576060
08591679
08582795
08596670
08587100
08577620
08591663
08582832
08579630
08579606
08570170
08579670
08583539
08582210
08594180
08583852
08587803
08577450
08584560
08588120
08577710
08577715
08577339
08598200
08595855
08595340
08583538
08574050
08595360
08575729
08575720
08574477
08593410
08577790
08584330
08599050
08599130
08577773
08583647
08582831
08585025
08591664
08583600
08570650
08594640
08576020
08588825
08598456
08593550
08584140
08598386
08596560
08596696
08594070
08579616
08577280
08570430
08598720
08582892
08572300
08592510
08591665
08587805
08592500
08571160
08594620
08588130
08594460
08591680
08595350
08592050
08572390
08598120
08576510
08592070
08580810
08584220
08598734
08590370
08582125
08591681
08598290
08573400
08598000
08596000
08596430
08592080
08586190
08584520
08582000
08594020
08599460
08579690
08580770
08570180
08593130
08584080
08570830
08592090
08581370
08592645
08572820
08583544
08577600
08596695
08580730
08590445
08583686
08599120
08583808
08583425
08582886
08580300
08582869
08575435
08577825
08575825
08576275
08581170
08570190
08577025
08583345
08586500
08593520
08583851
08583655
08570630
08584120
08579470
08590720
08582845
08574425
08573210
08575590
08591666
08577560
08590360
08575410
08574310
08583317
08586510
08585020
08598835
08594150
08583625
08583580
08583570
08583596
08598721
08599160
08570120
08597110
08593230
08592100
08594430
08598392
08578020
08592675
08592622
08571190
08583838
08577230
08582811
08570690
08590390
08572440
08577630
08573050
08582720
08582790
08598600
08598416
08571845
08594490
08592020
08597030
08592390
08592110
08586420
08599180
08582500
08581190
08599065
08597010
08591667
08572206
08584050
08575365
08580670
08584060
08572450
08575242
08585280
08586080
08587067
08582190
08591668
08592120
08572330
08574450
08592000
08571150
08577200
08570007
08575330
08598742
08570810
08577820
08591651
08591669
08598352
08595874
08592140
08592158
08592150
08592490
08592170
08597270
08592210
08577130
08595030
08592200
08597280
08582884
08592180
08597260
08597240
08594650
08591652
08583853
08584320
08598710
08572445
08570350
08594470
08591653
08596380
08591654
08595612
08588365
08580030
08578000
08579800
08597230
08583560
08591655
08577525
08586515
08572431
08571180
08573150
08588455
08584340
08572490
08571170
08572480
08576040
08588700
08597040
08576160
08582715
08591656
08598790
08588650
08579540
08598730
08572310
08591657
08586230
08573270
08580590
08575250
08596685
08583541
08579608
08591682
08571855
08580330
08582824
08580460
08574478
08582815
08572470
08573434
08571200
08591659
08595622
08585290
08576050
08582841
08591683
08570667
08580340
08593294
08591875
08596795
08570160
08571140
08573600
08596330
08591642
08582799
08582838
08587200
08592530
08583542
08593295
08591870
08596790
08595668
08571100
08572100
08580470
08598394
08594510
08594515
08586520
08583702
08570730
08582100
08583590
08588630
08580480
08593292
08579720
08572140
08589309
08574140
08592190
08582700
08572540
08582852
08582160
08582812
08577370
08577380
08570040
08595330
08580450
08572740
08573722
08598453
08579030
08583706
08594290
08594295
08577150
08594300
08588355
08594260
08576310
08598715
08582819
08582763
08582764
08573130
08592160
08598700
08598467
08580440
08587765
08572442
08584150
08584130
08590380
08572441
08591684
08591603
08574110
08581400
08598050
08577190
08598805
08582620
08582806
08580380
08580385
08580387
08597550
08582868
08577549
08572690
08598709
08598840
08591646
08572620
08592230
08592220
08597626
08597627
08598680
08573009
08574250
08591647
08574070
08592279
08592270
08572380
08592300
08595400
08572454
08587828
08596415
08574445
08596418
08574455
08593170
08591685
08591605
08582570
08576300
08591648
08584470
08575350
08591649
08588400
08597035
08580400
08572640
08583854
08577299
08594080
08588410
08579330
08588821
08597716
08596540
08580720
08597051
08576145
08592320
08581410
08580430
08589340
08596040
08592310
08592290
08572550
08582834
08599500
08572008
08579602
08583378
08583810
08579510
08570620
08570300
08584584
08588420
08581145
08579620
08570210
08583530
08583415
08598459
08573540
08587080
08576480
08581380
08587130
08588380
08584570
08590080
08590085
08593050
08572684
08579562
08583545
08593200
08579550
08598282
08590400
08582833
08598820
08592330
08590715
08590710
08584660
08572500
08584160
08572280
08572285
08582133
08570760
08579612
08572510
08572515
08592625
08587319
08592340
08580420
08588280
08588270
08576560
08588300
08590410
08597130
08595610
08591686
08588640
08595000
08593000
08596470
08595010
08595020
08594000
08574490
08583540
08584510
08585300
08598283
08586040
08588336
08592350
08588290
08577290
08572370
08577770
08580370
08596240
08592360
08596210
08587150
08587170
08572799
08576540
08573620
08587160
08596230
08594600
08587827
08570360
08580410
08584500
08596030
08591600
08590225
08580230
08573630
08592370
08597100
08586130
08592480
08577550
08594040
08584210
08586440
08577840
08598690
08592250
08570780
08588250
08575420
08575425
08592470
08570373
08570372
08587180
08588390
08583594
08588289
08575645
08582655
08574482
08587020
08579810
08573380
08577810
08577812
08577777
08584380
08595629
08572270
08583546
08572432
08599200
08573120
08595380
08587120
08596220
08596390
08596440
08571050
08574495
08583547
08598530
08598535
08583660
08580020
08595873
08588635
08588310
08595617
08575726
08580350
08591687
08592460
08582670
08593288
08591858
08588156
08595660
08582680
08581430
08581435
08587210
08584005
08577220
08582650
08592440
08580320
08572110
08572200
08571060
08579725
08588608
08582640
08583820
08580120
08586430
08590455
08576170
08573330
08583372
08594440
08583682
08583822
08593475
08579110
08587220
08575734
08584000
08594140
08583681
08598388
08583685
08596570
08573340
08582560
08582540
08595876
08587768
08596680
08584299
08582853
08572290
08580310
08582600
08580240
08592450
08575065
08587140
08588450
08588430
08588440
08590500
08592617
08588604
08592269
08592260
08592445
08590120
08592009
08599260
08599350
08575810
08574472
08587794
08599210
08588620
08572610
08599340
08588580
08572810
08572700
08599270
08599230
08585220
08588605
08599280
08599300
08599290
08599310
08599360
08599330
08599370
08599320
08599220
08599250
08599010
08582610
08582580
08575275
08582005
08582630
08584010
08583417
08574260
08574255
08582520
08595300
08582550
08598723
08572797
08579618
08582110
08575440
08595520
08599020
08598090
08582225
08598220
08582765
08587810
08570610
08588660
08583318
08574470
08582050
08582856
08592240
08582775
08583690
08589310
08582530
08592410
08599899
08573200
08576630
08592430
08576090
08589329
08597160
08592420
08572203
08592400
08572570
08577470
08587824
08582070
08588510
08595852
08592280
08588500
08588490
08575030
08582793
08572005
08581175
08584270
08584200
08584280
08584290
08598280
08572580
08582805
08596010
08584265
08582390
08588360
08597765
08592380
08570260
08598100
08598385
08597625
08598465
08597000
08597691
08595840
08591700
08591840
08591890
08590000
08590315
08585230
08582890
08593016
08574415
08572350
08582770
08582020
08592520
08584230
08589589
08582035
08582465
08597070
08596360
08582490
08583255
08582894
08570060
08595540
08575335
08588827
08580780
08572720
08573721
08596300
08593296
08591862
08595664
08582817
08572617
08579566
08581065
08581070
08587360
08582450
08587470
08587460
08581270
08581320
08581240
08581280
08587370
08581220
08587410
08581050
08581120
08581090
08587350
08587500
08587280
08581360
08581350
08587440
08587290
08587480
08581080
08587490
08587355
08581010
08581110
08587240
08581100
08581260
08587270
08587400
08581290
08581230
08587250
08587300
08587310
08581210
08587390
08581250
08581330
08581200
08587450
08581019
08581040
08581340
08577570
08581030
08587430
08587380
08581060
08587260
08587420
08582400
08575470
08582090
08582310
08584195
08570181
08593297
08591865
08596785
08595666
08582410
08572040
08573140
08587070
08597760
08597680
08598310
08572447
08597200
08598160
08579622
08575725
08574465
08593120
08582320
08580550
08594590
08582470
08582823
08582040
08589220
08597020
08583704
08584250
08582080
08585250
08577760
08583692
08582802
08590220
08572250
08577040
08577520
08577830
08577522
08580220
08582330
08580210
08582340
08577530
08586070
08577240
08589060
08576200
08580260
08579050
08577219
08599630
08577070
08571000
08593470
08586020
08584550
08591688
08582360
08599580
08580200
08573690
08582440
08572453
08582801
08577500
08577680
08577685
08598400
08582380
08583550
08594030
08589050
08595611
08599025
08577605
08572360
08589020
08582590
08592060
08582350
08582797
08582766
08593510
08597660
08575060
08593085
08570110
08574295
08574290
08594570
08583635
08582843
08582370
08570668
08570669
08582137
08596660
08592040
08583313
08598322
08570230
08586090
08594560
08599600
08591689
08575375
08596089
08596550
08593100
08593210
08595420
08582420
08574487
08576460
08579614
08574010
08595633
08593280
08591855
08588163
08595658
08573160
08588260
08571070
08593290
08571080
08571110
08579710
08571090
08594350
08582430
08582460
08574440
08582510
08596087
08598240
08596780
08582860
08575400
08599590
08599620
08599610
08572434
08589000
08589330
08573180
08570662
08588607
08577640
08573070
08573020
08588730
08575600
08586050
08575210
08595631
08593279
08590650
08597718
08591850
08595652
08595654
08596755
08575640
08599650
08595851
08574410
08574430
08574420
08575490
08574400
08574240
08592030
08597060
08588829
08570664
08573660
08573665
08579345
08592130
08598371
08583708
08598650
08596325
08576550
08583375
08577690
08583312
08583235
08576080
08579500
08575510
08572686
08598830
08579335
08570130
08597120
08573640
08580490
08594100
08572435
08589030
08597150
08582480
08579604
08580580
08594530
08570070
08591690
08577686
08587060
08576470
08584100
08588200
08579712
08579714
08572030
08571005
08572120
08572050
08572020
08597043
08571120
08598140
08598141
08582813
08582768
08582769
08587010
08581165
08576142
08594120
08587110
08570310
08598410
08575620
08595849
08571850
08582849
08583534
08575040
08598210
08582854
08575460
08589010
08576520
08594340
08570330
08593495
08575225
08583527
08595430
08593560
08575630
08587763
08591691
08582846
08582829
08598740
08572530
08576130
08574460
08586240
08582140
08597080
08597053
08582830
08582825
08597057
