13252720
13251572
13254237
13253101
13251172
13251201
13257529
13257600
13256180
13252621
13252594
13252877
13252189
13251431
13252184
13254880
13254436
13252714
13253533
13254080
13253511
13255834
13255061
13252872
13252692
13251451
13256800
13254156
13252174
13255550
13256520
13251701
13252270
13256688
13252550
13250290
13252618
13256779
13255890
13253504
13255595
13254645
13253524
13252511
13257174
13255104
13252821
13257261
13251365
13253011
13254744
13258010
13257172
13257145
13256761
13251577
13257513
13255722
13255623
13252216
13255891
13256723
13253690
13253034
13257161
13257863
13255050
13257501
13257500
13253080
13255733
13252311
13255630
13250440
13254331
13255509
13254691
13254716
13253212
13253470
13255708
13257890
13257862
13252840
13251360
13256301
13253582
13251184
13252810
13257841
13252871
13255002
13251060
13251463
13255506
13255182
13252297
13255128
13252695
13255172
13255681
13255561
13254611
13255019
13255860
13255059
13255715
13251453
13253563
13252175
13255602
13254293
13255375
13257010
13251261
13256460
13257856
13255593
13255368
13252602
13257070
13250536
13252191
13251182
13254157
13255228
13252514
13257081
13254720
13255710
13252617
13253561
13255373
13253323
13253660
13255132
13253423
13252742
13257440
13251192
13250229
13254626
13252706
13254432
13252870
13254022
13254801
13255237
13253399
13252190
13257651
13256650
13253395
13252422
13256566
13254072
13251080
13251410
13257009
13250531
13252442
13255848
13254250
13254310
13251102
13253353
13251535
13251520
13255522
13253700
13253581
13254341
13252292
13253209
13252611
13251101
13252822
13252460
13256850
13251112
13252176
13254840
13251598
13255057
13250302
13254805
13254623
13255670
13253670
13255761
13257886
13255196
13254391
13256760
13255762
13254238
13257831
13252373
13255614
13253200
13253400
13250030
13254631
13253502
13257130
13255080
13255805
13251359
13258055
13254743
13256853
13255661
13252743
13253105
13254350
13254420
13255690
13251670
13251340
13252883
13251430
13251392
13251332
13253503
13251689
13253301
13254240
13251215
13251683
13255248
13252505
13255505
13256690
13254311
13255664
13258060
13252441
13251190
13256852
13255171
13256698
13251460
13252561
13255737
13253608
13252215
13256554
13252293
13254222
13256070
13255180
13254320
13252393
13253643
13254896
13254205
13253640
13256694
13252753
13253520
13257654
13256113
13250261
13250530
13257080
13252431
13256130
13251181
13255579
13255351
13254613
13253432
13253388
13255479
13255726
13251310
13254260
13254208
13254136
13255363
13252289
13257430
13252398
13252173
13252770
13255631
13257280
13252217
13254890
13255852
13255624
13252283
13252280
13257850
13254234
13253711
13256545
13256051
13255012
13251210
13255265
13254085
13255863
13256024
13255013
13252771
13252868
13254233
13253631
13255227
13253712
13254110
13254141
13257885
13254428
13252701
13255641
13252612
13252615
13255881
13253170
13255542
13253471
13256722
13252745
13257061
13250380
13253625
13251544
13253191
13254231
13253647
13254843
13257144
13253450
13255621
13251454
13253324
13251250
13252533
13254860
13255341
13257635
13252177
13256111
13254253
13253033
13252202
13257460
13250303
13251070
13255645
13251361
13255003
13256110
13257584
13254897
13254211
13253240
13250537
13250091
13253221
13252774
13252713
13253410
13256742
13252637
13254416
13252581
13252616
13252890
13252638
13250329
13251700
13254009
13251612
13255230
13255582
13252775
13251532
13251537
13252731
13256560
13256712
13257167
13255646
13254017
13256558
13254225
13255725
13255239
13252574
13254741
13255060
13252491
13251422
13255519
13251560
13252693
13257650
13252212
13257570
13254201
13250533
13257212
13254074
13257270
13252841
13255246
13254832
13256580
13256680
13255064
13255122
13251663
13253269
13253013
13253702
13256510
13255320
13255540
13254236
13255564
13253042
13255594
13256781
13258035
13256390
13252730
13256682
13255113
13257832
13252791
13252792
13253613
13252716
13250174
13258025
13254131
13252705
13250359
13254290
13250340
13250010
13257110
13257063
13256173
13255204
13255647
13254330
13254251
13255648
13255643
13257486
13252760
13256420
13251600
13256409
13256540
13254850
13252540
13255342
13257162
13256220
13250060
13252593
13253020
13257250
13257891
13252605
13254024
13252610
13254012
13256050
13255543
13255830
13251171
13253160
13253548
13253550
13256022
13255570
13254006
13254003
13254004
13254025
13255649
13252604
13252592
13250270
13256500
13250360
13250005
13256714
13252653
13254018
13251203
13251111
13256224
13252639
13252636
13255892
13252600
13256042
13255229
13255770
13257140
13252282
13255124
13253300
13252296
13251710
13253060
13255724
13252312
13252723
13257852
13254414
13255472
13256181
13252294
13251709
13255234
13256764
13257511
13250460
13250430
13252299
13257173
13251331
13255893
13254008
13257631
13256699
13255350
13253280
13255713
13253378
13254005
13251183
13252843
13257840
13257612
13258015
13252823
13255245
13257892
13251280
13257630
13257601
13251671
13252490
13255086
13253050
13254760
13252833
13255880
13256721
13254082
13255270
13256201
13253411
13255894
13256020
13252496
13257873
13255475
13254675
13255513
13252784
13254891
13252214
13255473
13256192
13252624
13255431
13251575
13254153
13252785
13255898
13255877
13255866
13255854
13255846
13255836
13255749
13257403
13251695
13255875
13256725
13252613
13255430
13256330
13251783
13251469
13257039
13252626
13252370
13256630
13252680
13252590
13252584
13252879
13252641
13255490
13254715
13255346
13251140
13252765
13252300
13252235
13251680
13256040
13257090
13255311
13250370
13252854
13255855
13255383
13255425
13256176
13257861
13255016
13255832
13252762
13256043
13252396
13253518
13256740
13254106
13251593
13255731
13257851
13252180
13257879
13252857
13253519
13254895
13254851
13255613
13254676
13252462
13252702
13255841
13256218
13254254
13251582
13253452
13253531
13257889
13254800
13257415
13255220
13251462
13254321
13257262
13255730
13255280
13256845
13256216
13257848
13251613
13252782
13252681
13252683
13252682
13252684
13252685
13252686
13252687
13252671
13254392
13252179
13257857
13257178
13254709
13253354
13257200
13251750
13255101
13255202
13252395
13252261
13256716
13255572
13251782
13257100
13252772
13255310
13252278
13257845
13255503
13252531
13257884
13255516
13257141
13252186
13257842
13252560
13252691
13255600
13253671
13256413
13251405
13255183
13257461
13257843
13252221
13250500
13255882
13257615
13252371
13255620
13255575
13251781
13252502
13251193
13252732
13252510
13251591
13254627
13255763
13256750
13252451
13256542
13255510
13256759
13251381
13255760
13255116
13255706
13254686
13254301
13253222
13254415
13256724
13257636
13257521
13256710
13251800
13252200
13254220
13254815
13255114
13257621
13254202
13251524
13254650
13255192
13257407
13255415
13253440
13257001
13255452
13252700
13250260
13254660
13252846
13257480
13256450
13253230
13255481
13254612
13253469
13255676
13251465
13253009
13256400
13252672
13252673
13252674
13252676
13252677
13252678
13257847
13253150
13250331
13253285
13252250
13254682
13255581
13252763
13254872
13251554
13252220
13254894
13251597
13253375
13255432
13255549
13254680
13257633
13258020
13255371
13256590
13257170
13251551
13251461
13257700
13255447
13256691
13256319
13256231
13257527
13257620
13254084
13252203
13254302
13252596
13252586
13252585
13254130
13250220
13250300
13252598
13253290
13252443
13254646
13251216
13256713
13254292
13256567
13250190
13257878
13257872
13256350
13254898
13255140
13253263
13256161
13253130
13255190
13250180
13252366
13254252
13255337
13253637
13256765
13254718
13251557
13251371
13252707
13252430
13255056
13252420
13253500
13250330
13252178
13255110
13253340
13256726
13255622
13253031
13255601
13251290
13253231
13251311
13255610
13254073
13253420
13253573
13254104
13255352
13250240
13252262
13254882
13256338
13256339
13257834
13255771
13253451
13255366
13251270
13251611
13254876
13252614
13251187
13255226
13250450
13257483
13256230
13252850
13257005
13255334
13256600
13253661
13255173
13254688
13252694
13255515
13256060
13256568
13252374
13252756
13252367
13257835
13252776
13252583
13251596
13252570
13254617
13255772
13252764
13252794
13255870
13253292
13256731
13255883
13254023
13252577
13253352
13255130
13255009
13253462
13252201
13253351
13251421
13254643
13252861
13252400
13254223
13255718
13252209
13255380
13257215
13255483
13251610
13252171
13257146
13253535
13255672
13252842
13251716
13254622
13255583
13255701
13251602
13254855
13252513
13257409
13251564
13256300
13252512
13251720
13255361
13255333
13255017
13255400
13252650
13255654
13254833
13256711
13252793
13253569
13254108
13253593
13258005
13252573
13255571
13251682
13255562
13251553
13255250
13254340
13255174
13255367
13255186
13254684
13255721
13251715
13254203
13253412
13251714
13255129
13253570
13255321
13253537
13252579
13251509
13252553
13250350
13256480
13257176
13254020
13252630
13253587
13255224
13252851
13255611
13253522
13251061
13254406
13252830
13254630
13255478
13250241
13257179
13255482
13255243
13253710
13252241
13256440
13252445
13250020
13256499
13254140
13254400
13255179
13254123
13251550
13254000
13255871
13252627
13257526
13257611
13253302
13254151
13256715
13252582
13254703
13255810
13256720
13252608
13257720
13252597
13255895
13251546
13255896
13254019
13257213
13254690
13255476
13252392
13253030
13255191
13251570
13252291
13251393
13254204
13255573
13257596
13255740
13251547
13253609
13253588
13252572
13255181
13255576
13255450
13252242
13256689
13257573
13255716
13256780
13252844
13254874
13251681
13255845
13251711
13251690
13251699
13257595
13256360
13254810
13251571
13255773
13252286
13254120
13251452
13255580
13256041
13252411
13257579
13254013
13255063
13255603
13256513
13253331
13256312
13252563
13254674
13251578
13254272
13256556
13257713
13255260
13255123
13257490
13255714
13251260
13255615
13255474
13256651
13251534
13256620
13255141
13253274
13253530
13253583
13255085
13257211
13251533
13255717
13251660
13254408
13251523
13253460
13257131
13255674
13252480
13257441
13252722
13255197
13254070
13251539
13257710
13255083
13256693
13256302
13253330
13254893
13255651
13256755
13253501
13253341
13253355
13255151
13252660
13254620
13253325
13253430
13253350
13255774
13255790
13256640
13253580
13257000
13252704
13253321
13254677
13257877
13254102
13253109
13252461
13252824
13251536
13251552
13256576
13253100
13257587
13255082
13255847
13253211
13255164
13255058
13256046
13250100
13256783
13257854
13256512
13255591
13255864
13255592
13251333
13257874
13255640
13257143
13250534
13257881
13252845
13255541
13256575
13253043
13256641
13252876
13254706
13254109
13252886
13252880
13253634
13255241
13255544
13252525
13253421
13251651
13251541
13250259
13254873
13254614
13257712
13254683
13255150
13251565
13253586
13251423
13251110
13253032
13255163
13254329
13255020
13255010
13255198
13257142
13255125
13255340
13256685
13253529
13252783
13254434
13252752
13252207
13253571
13255470
13252279
13254871
13252885
13254864
13255501
13253695
13256320
13256581
13257260
13256763
13250410
13254361
13254640
13252852
13256535
13255233
13251130
13255018
13253214
13251350
13257175
13251587
13256215
13251390
13256541
13257450
13251661
13257147
13257653
13250080
13255184
13252523
13255223
13250219
13251380
13252394
13252440
13255166
13251650
13252715
13256200
13254892
13255052
13255001
13256860
13256141
13257711
13255746
13251420
13257853
13254685
13255535
13255335
13254616
13255833
13252497
13255521
13254423
13257410
13253190
13255604
13251211
13255014
13254071
13255160
13252853
13252290
13252562
13254152
13252421
13256212
13255781
13254291
13250390
13257060
13251576
13252187
13252285
13255232
13254865
13251563
13255336
13254243
13252878
13257876
13254155
13257830
13255662
13256684
13252530
13255653
13257593
13254089
13256214
13253560
13255507
13255100
13255312
13257836
13257864
13251556
13252741
13253320
13252867
13255102
13252748
13251202
13251586
13252855
13256653
13255861
13254853
13254270
13254854
13251191
13258050
13255596
13254886
13253572
13253250
13252744
13254206
13250090
13252192
13255835
13255188
13257020
13255200
13253650
13253232
13250210
13250200
13255702
13253343
13250304
13255365
13255743
13250400
13257101
13251521
13254010
13255872
13252271
13257844
13256048
13256313
13253102
13252815
13254255
13257870
13255862
13252863
13253383
13252786
13252244
13255084
13253619
13255671
13255673
13252288
13251214
13258030
13253508
13255199
13255711
13252204
13251594
13256830
13253701
13256421
13253393
13251595
13255504
13254239
13255471
13254875
13257475
13256511
13252633
13255876
13257473
13252773
13257479
13255165
13255433
13255175
13256787
13250109
13253041
13255187
13257722
13256226
13254261
13251581
13252281
13253120
13257849
13253205
13255068
13253193
13254246
13254115
13254095
13252500
13255660
13257833
13254881
13253213
13255111
13251784
13255508
13255006
13252541
13255652
13252873
13256552
13252287
13255720
13256692
13257171
13255015
13252534
13256100
13255764
13255185
13256340
13252874
13255170
13256210
13253125
13254124
13251432
13252298
13251090
13253490
13255201
13253271
13257715
13254419
13255118
13251540
13256530
13253513
13255193
13256544
13252208
13251441
13253210
13256752
13251464
13252444
13253551
13255616
13254412
13253521
13253413
13256160
13256010
13255290
13251522
13255782
13256890
13253021
13255491
13254413
13255103
13251141
13254213
13254122
13253552
13255203
13257214
13252185
13255225
13254105
13253390
13255331
13255783
13254642
13255612
13255194
13254393
13252607
13255705
13254862
13256753
13255884
13257614
13252657
13257528
13252635
13255584
13256411
13252495
13252571
13252410
13252230
13252796
13255177
13252670
13251530
13255434
13255700
13252376
13254672
13254075
13252181
13255784
13253616
13255210
13251531
13252881
13252588
13253291
13255117
13254210
13256140
13252504
13251542
13256543
13255121
13255195
13253628
13255512
13251188
13255343
13252781
13256610
13255247
13252213
13250253
13257160
13255178
13251330
13252884
13256564
13253584
13251511
13254670
13253472
13252711
13254212
13254417
13257882
13255162
13252847
13253266
13257894
13255420
13252751
13255244
13255242
13255480
13252369
13257590
13253480
13254422
13252188
13253070
13254724
13253035
13254600
13252240
13252795
13255065
13250230
13253220
13252790
13257858
13252205
13255344
13256762
13251561
13257401
13256531
13254281
13251652
13257102
13255222
13253385
13253380
13252310
13252733
13251555
13254360
13252169
13255525
13252599
13254081
13257166
13252170
13254401
13257168
13251662
13253589
13256311
13254402
13250341
13257281
13257714
13252721
13255655
13253010
13252245
13255865
13253528
13252231
13256233
13254671
13255511
13255115
13252390
13252397
13251599
13257082
13254410
13255435
13252576
13251785
13251131
13257723
13256471
13254550
13255120
13255682
13257201
13252391
13256532
13256550
13256001
13257484
13254407
13251400
13256225
13255712
13255372
13256090
13257210
13252211
13253575
13251545
13250411
13255364
13254242
13254426
13252399
13252755
13254142
13257476
13250420
13253523
13252703
13253103
13254852
13255322
13256023
13255530
13254885
13252875
13256728
13257632
13257400
13256379
13255291
13257062
13254844
13256182
13251300
13255362
13255236
13254673
13252865
13257883
13257581
13256175
13252710
13254430
13257887
13254103
13253090
13254863
13254687
13255599
13255386
13252372
13252856
13257251
13255155
13254740
13255007
13254083
13252754
13254884
13256490
13252690
13257510
13252696
13255780
13253591
13255460
13255680
13257487
13255451
13253596
13254421
13257875
13257512
13255405
13254235
13255126
13255005
13252866
13255339
13256211
13254002
13256470
13255885
13252620
13255886
13257522
13255574
13254625
13256730
13257471
13250431
13256509
13255485
13254214
13254224
13256112
13255370
13255888
13255231
13252172
13256430
13255669
13255518
13250335
13256681
13255008
13257893
13252260
13255051
13250039
13254610
13252564
13257169
13252631
13254200
13251601
13255389
13251220
13255560
13252243
13252675
13257871
13252295
13257888
13257470
13256380
13252820
13256183
13256044
13257120
13253622
13252193
13255785
13252800
13252350
13252320
13251705
13252365
13251510
13254101
13253171
13256052
13252481
13253140
13255727
13257405
13251320
13253510
13254100
13256536
13251252
13254090
13257550
13252805
13257860
13253512
13251450
13253303
13252629
13252625
13251603
13256410
13255887
13255436
13255873
13252606
13254014
13255332
13252532
13257602
13252619
13255874
13252609
13250170
13254280
13252656
13255477
13256221
13256422
13254411
13256223
13252589
13257040
13252263
13255488
13256011
13257103
13251712
13256851
13257474
13251370
13251500
13252520
13252542
13252524
13252552
13252522
13257524
13252652
13257855
13256171
13252503
13255843
13253422
13251589
13255004
13254016
13252719
13250320
13250249
13255119
13253509
13250535
13252368
13251440
13255551
13251062
13250250
13251251
13256131
13256213
13254021
13253534
13252450
13257576
13256754
13255663
13254700
13256150
13257520
13252651
13255590
13256562
13255081
13252452
13251063
13251543
13255675
13255850
13253491
13257478
13255176
13255520
13253151
13256577
13251170
13256120
13252862
13256370
13254232
13253141
13255837
13257177
13256569
13252206
13256234
13254641
13255152
13254241
13255360
13256654
13252521
13255750
13254681
13254150
13256412
13255345
13254644
13255127
13255330
13254621
13254121
13256021
13251684
13252375
13255382
13251588
13255112
13253276
13254721
13253104
13252587
13255359
13255851
13257482
13252492
13250280
13252761
13254001
13252632
13251150
13257477
13255437
13255897
13255221
13253342
13252595
13252578
13254390
13257148
13257059
13252655
13253000
13251213
13252750
13257150
13252831
13255500
13254221
13254818
13252712
13255565
13254742
13252551
13252501
13254300
13251180
13255502
13253181
13255053
13255055
13253562
13255563
13257269
13257551
13251574
13252827
13256045
13256172
13256591
13254841
13254007
13255487
13255752
13256751
13255484
13257634
13256174
13254842
13253106
13257030
13255410
13255238
13254405
13257610
13255438
13251391
13250532
13252780
13255167
13256741
13254015
13250301
13257613
13256717
13257525
13254861
13253590
13254615
13251562
13251064
13251065
13253322
13255011
13252623
13250501
13255707
13257481
13257011
13252182
13254404
13251212
13253610
13255831
13253536
13255735
13255131
13251573
13256431
13253180
13256309
13258040
13251590
13252860
13255704
13257050
13252654
13256222
13250310
13255723
13256237
13256236
13254403
13255292
13251592
13252864
13255439
13256151
13252506
13255842
13253431
13253532
13255644
13256472
13255440
13252894
13252896
13252515
13252898
13252897
13252895
13253585
13255527
13254011
13252642
13255442
13252401
13255840
13256217
13254870
13254830
13257121
13253461
13250502
13255650
13255338
13252284
13252882
13252210
13255486
13254154
13253040
13256219
13251120
13254883
13257725
13255703
13255441
13256235
13254712
13254107
13254111
13253600
13255753
13256232
13252183
13257472
13255054
13256700
13256310
13255240
13254312
13255552
13251100
13256775
13255642
13254624
13257485
13255665
13256080
13256652
13254831
13252603
13255235
13257721
13255691
13252494
13255696
13255693
13252893
13256000
13255300
13252892
13255695
13252891
13255694
13255692
13252591
13256190
13251401
13255820
13254230
13251160
13252643
13255374
13257846
13254409
13257880
13252717
13252493
13254418
13252869
13257523
13257622
13255161
13255844
13256191
13254762
13255189
13251382
