18691062
18690194
18692092
18690164
18690208
18694232
18694028
18699040
18690035
18692066
18691070
18690047
18691014
18691046
18691010
18692514
18694509
18694214
18694508
18691012
18692116
18699030
18690156
18691006
18690174
18690150
18692050
18692504
18690142
18691114
18690043
18691064
18691042
18690192
18694220
18694006
18692032
18691136
18694050
18694034
18699032
18692516
18690077
18690029
18694212
18694064
18694074
18690190
18691102
18691020
18692502
18690170
18694206
18692058
18690020
18694200
18690019
18690039
18691108
18691066
18690182
18690073
18692604
18694032
18699014
18692506
18692034
18694503
18699036
18690027
18691124
18691068
18694022
18691112
18694044
18690212
18692100
18692094
18699500
18691002
18690065
18694066
18691056
18692054
18691088
18691132
18692600
18690206
18694084
18690196
18692118
18692084
18694210
18694048
18692030
18691034
18691116
18692036
18691048
18690055
18691052
18690005
18694042
18694014
18699034
18692114
18691058
18699024
18691008
18690090
18690081
18690202
18694234
18694070
18694036
18690146
18694082
18692042
18691078
18691044
18690059
18694240
18691138
18692110
18694054
18690132
18690071
18694238
18692106
18692088
18692606
18692056
18692612
18694228
18692614
18694266
18694068
18694018
18690009
18692000
18694040
18694012
18692026
18692068
18694208
18694060
18692512
18692610
18690176
18691054
18690033
18690034
18692120
18692082
18699020
18692104
18692090
18690003
18690162
18690180
18690178
18690015
18692040
18692038
18694501
18699002
18694026
18694062
18691074
18690049
18692064
18692112
18691134
18699042
18699022
18690134
18692620
18692616
18694030
18694507
18692062
18699006
18694010
18690011
18690031
18690172
18694046
18692108
18692086
18694500
18694072
18692510
18690138
18690160
18699012
18691022
18694504
18692008
18690067
18691050
18690057
18690072
18691060
18694230
18692508
18694242
18690001
18691086
18691018
18691118
18691084
18691100
18691090
18699000
18699018
18699026
18690017
18692052
18694016
18691140
18699016
18699010
18694008
18690021
18691028
18694236
18694506
18690075
18690023
18694204
18690051
18691122
18691076
18691040
18692622
18692602
18692048
18690154
18690210
18690136
18692046
18692500
18694264
18694000
18694076
18690037
18692608
18694226
18690079
18694078
18690063
18692020
18692010
18691004
18694024
18690069
18690166
18699038
18692080
18694020
18691082
18691030
18692102
18691024
18694202
18690041
18691110
18690025
18698899
18699899
18699004
18691130
18694505
18690013
18690007
18692024
18692002
18691005
18691120
18691080
18690130
18691000
18690200
18690204
18692060
18694224
18694510
18691104
18691026
18694004
18694250
18694222
18694080
18694002
18690061
18692044
18692028
18691072
18690045
18692070
18692006
18691106
18691092
18694216
18691016
18694052
18699008
18692022
18692004
18690184
18692520
18692524
18692624
18694252
18692530
18690158
18692528
18692526
18690140
18690144
18690148
18692522
18692626
18694254
18692532
18692628
18694256
18690198
18692536
18694258
18692540
18694260
18692542
18694262
18692544
18692538
18692534
