18734036
18734082
18734280
18732114
18737216
18734044
18737020
18737018
18732208
18732062
18734333
18732210
18734330
18732232
18732028
18732026
18732072
18732030
18732014
18737148
18732116
18734002
18730096
18737176
18737002
18734081
18734040
18732214
18730003
18732000
18730120
18730112
18734052
18734058
18737202
18730168
18734296
18737000
18734064
18732086
18730116
18730053
18730136
18730080
18730100
18730076
18737066
18732200
18732090
18730098
18730152
18734324
18737088
18734360
18734316
18730164
18734056
18730156
18730019
18732080
18734066
18737082
18737224
18734030
18734026
18734336
18730057
18732034
18730074
18730132
18730110
18730130
18732117
18730029
18734334
18737172
18730202
18737078
18737192
18734014
18737012
18734376
18732088
18730102
18730045
18730126
18730106
18730033
18737170
18737198
18737014
18734048
18737190
18730021
18732110
18732234
18732218
18734323
18730025
18732040
18732046
18730154
18732052
18737180
18737146
18732002
18737160
18730144
18730176
18730023
18732022
18732250
18732224
18737144
18730001
18734032
18734000
18734372
18732068
18732048
18730162
18730031
18732113
18730092
18730049
18730178
18737214
18737058
18730041
18737154
18732246
18730150
18737006
18734300
18732074
18737084
18734060
18732236
18737156
18737182
18734062
18737076
18737038
18732109
18730108
18734042
18737140
18730142
18737028
18734022
18737030
18734338
18732032
18732038
18732020
18737210
18732010
18734282
18730170
18734039
18737022
18734046
18737222
18734364
18732064
18732008
18730104
18734290
18734286
18737072
18737174
18732018
18730051
18732076
18737032
18730072
18732084
18734312
18732204
18737200
18730134
18737026
18734020
18737500
18730043
18734350
18737218
18734070
18737056
18730140
18734050
18734302
18732212
18730088
18734016
18734298
18734068
18732016
18732044
18730059
18732017
18734310
18734306
18732220
18730005
18734294
18730011
18732242
18734038
18737054
18732252
18730122
18732004
18734318
18732024
18730158
18737024
18734006
18730007
18737050
18734370
18732206
18730047
18737052
18737040
18730128
18732060
18732058
18734054
18734378
18737212
18730094
18734043
18737228
18737230
18734332
18737080
18730138
18730055
18730148
18732216
18732266
18737086
18734362
18737142
18737204
18737220
18734314
18732078
18734320
18737062
18737068
18737150
18737036
18732108
18734010
18730174
18737064
18732103
18737158
18732260
18730124
18732202
18732092
18732264
18737046
18732259
18732050
18730200
18737226
18737194
18730015
18734342
18730172
18732238
18734018
18737016
18734004
18734012
18737008
18734366
18732101
18732112
18732230
18732222
18732042
18737206
18732006
18737074
18730146
18732251
18734352
18737010
18737044
18734354
18737090
18734322
18734284
18732102
18737162
18732066
18730160
18732012
18730017
18730082
18732056
18730086
18739500
18732100
18732118
18734304
18734340
18734288
18734024
18737152
18737196
18730117
18730090
18739899
18732036
18737178
18730009
18730027
18734008
18732070
18732262
18732106
18732105
18732082
18732254
18730035
18734034
18737004
18737048
18730037
18737092
18737094
18737060
18737070
18732244
18730084
18730070
18734085
18734080
18737034
18732054
18734292
18734374
18732258
18734368
18737208
18732240
18730166
18730039
18732256
18737042
18739501
18739505
18737697
18737501
18739514
18737510
18739610
18737600
18739611
18737601
18739612
18737602
18739613
18737603
18739614
18737604
18739615
18737605
18739616
18737606
18739617
18737607
18739618
18737608
18739619
18737609
18739515
18737511
18739620
18737610
18739621
18737611
18739622
18737612
18739623
18737613
18739624
18737614
18739625
18737615
18739626
18737616
18739627
18737617
18739628
18737618
18739629
18737619
18739516
18737512
18739630
18737620
18739631
18737621
18739632
18737622
18739633
18737623
18739634
18737624
18739635
18737625
18739636
18737626
18739637
18737627
18739638
18737628
18739639
18737629
18739517
18737513
18739640
18737630
18739641
18737631
18739642
18737632
18739643
18737633
18739644
18737634
18739645
18737635
18739646
18737636
18739647
18737637
18739648
18737638
18739649
18737639
18739518
18737514
18739650
18737640
18739651
18737641
18739652
18737642
18739653
18737643
18739654
18737644
18739655
18737645
18739656
18737646
18739657
18737647
18739658
18737648
18739659
18737649
18739519
18737515
18739660
18737650
18739661
18737651
18739662
18737652
18739663
18737653
18739664
18737654
18739665
18737655
18739666
18737656
18739667
18737657
18739668
18737658
18739669
18737659
18739520
18737516
18739670
18737660
18739671
18737661
18739672
18737662
18739673
18737663
18739674
18737664
18739675
18737665
18739676
18737666
18739677
18737667
18739678
18737668
18739679
18737669
18739521
18737517
18739680
18737670
18739681
18737671
18739682
18737672
18739683
18737673
18739684
18737674
18739685
18737675
18739686
18737676
18739687
18737677
18739688
18737678
18739689
18737679
18739522
18737518
18739690
18737680
18739691
18737681
18739692
18737682
18739693
18737683
18739694
18737684
18739695
18737685
18739696
18737686
18739697
18737687
18739698
18737688
18739699
18737689
18739523
18737519
18739700
18737690
18739701
18737691
18739702
18737692
18739704
18737694
18739705
18739706
18739707
18739708
18739709
18739502
18739506
18737698
18737502
18739524
18737520
18739710
18739711
18739712
18739713
18739714
18739715
18739716
18739717
18739718
18739719
18739525
18737521
18730013
18739720
18739721
18739722
18739723
18739724
18739725
18739726
18739727
18739728
18739729
18739526
18737522
18739730
18739731
18739732
18739733
18739734
18739735
18739736
18739737
18739738
18739527
18737523
18739528
18737524
18739529
18737525
18739530
18737526
18739531
18737527
18739532
18737528
18739533
18737529
18739503
18739507
18737699
18737503
18739534
18737530
18739535
18737531
18739536
18737532
18739537
18737533
18739538
18737534
18739539
18737535
18739540
18737536
18739541
18737537
18739542
18737538
18739543
18737539
18739504
18739508
18737504
18739544
18737540
18739545
18737541
18739546
18737542
18739547
18737543
18739548
18737544
18739549
18737545
18739550
18737546
18739551
18737547
18739552
18737548
18739553
18737549
18739509
18737505
18739554
18737550
18739555
18737551
18739556
18737552
18739557
18737553
18739558
18737554
18739559
18737555
18739560
18737556
18739561
18737557
18739562
18737558
18739563
18737559
18739510
18737506
18739564
18737560
18739565
18737561
18739566
18737562
18739567
18737563
18739568
18737564
18739569
18737565
18739570
18737566
18739571
18737567
18739572
18737568
18739573
18737569
18739511
18737507
18739574
18737570
18739575
18737571
18739576
18737572
18739577
18737573
18739578
18737574
18739579
18737575
18739580
18737576
18739581
18737577
18739582
18737578
18739583
18737579
18739512
18737508
18739584
18737580
18739585
18737581
18739586
18737582
18739587
18737583
18739588
18737584
18739589
18737585
18739590
18737586
18739591
18737587
18739592
18737588
18739593
18737589
18739513
18737509
18739594
18737590
18739595
18737591
18739596
18737592
18739597
18737593
18739598
18737594
18739599
18737595
18739600
18737596
18739601
18737597
18739602
18737598
18739603
18737599
