13308340
13307250
13308720
13308750
13309740
13312840
13301239
13308345
13308344
13308343
13308342
13308341
13311180
13308224
13313570
13300130
13310080
13304630
13312784
13306317
13310284
13309521
13301616
13310296
13304180
13310531
13301669
13308755
13312804
13301471
13302222
13301321
13304652
13310786
13308173
13309735
13311151
13304412
13309063
13304670
13313573
13308009
13307200
13303502
13309565
13310310
13306531
13311590
13309032
13302271
13304070
13313013
13309382
13312890
13304580
13309754
13304682
13301402
13310750
13304379
13308245
13309358
13311691
13308214
13309081
13308500
13312732
13306780
13309812
13312744
13311013
13304380
13313581
13312794
13309779
13304600
13308842
13310279
13306312
13310481
13306100
13310673
13311320
13311671
13308442
13313019
13313102
13313580
13306019
13304730
13306031
13304656
13304787
13301180
13310830
13311170
13308177
13310132
13311340
13307050
13309049
13309030
13310876
13305460
13310241
13308461
13310690
13310110
13311350
13309770
13312879
13301522
13308540
13301359
13312801
13301201
13306423
13310212
13308858
13304344
13307082
13306211
13311019
13301109
13312113
13312450
13304351
13301850
13310785
13304098
13313160
13310281
13310240
13309825
13306582
13311131
13309805
13300059
13314056
13307261
13302110
13308600
13312381
13306242
13300170
13308132
13301709
13304278
13310257
13310762
13312740
13313522
13308134
13312721
13306613
13312118
13310820
13309441
13313602
13310189
13306673
13301007
13313592
13310213
13304500
13310263
13300330
13309605
13310285
13308248
13310804
13312883
13309560
13308210
13308474
13309788
13306603
13309832
13310651
13310140
13313623
13309837
13313190
13310709
13310687
13308533
13310350
13310622
13304760
13306841
13312094
13312731
13309070
13304443
13312764
13311225
13301251
13304387
13301190
13313109
13313040
13313182
13301762
13304786
13306180
13304220
13304673
13304778
13310400
13309039
13306192
13306190
13310009
13312751
13301245
13310798
13313208
13304051
13313186
13306616
13309040
13306200
13302269
13309828
13300440
13304093
13313003
13309730
13310795
13312773
13312842
13311550
13309240
13310007
13304710
13313134
13309673
13306829
13309797
13308059
13310701
13304385
13311520
13304408
13309722
13313525
13304271
13308488
13310650
13309522
13301638
13311369
13308486
13312713
13314010
13304376
13311723
13302220
13314052
13309012
13311530
13308180
13314054
13301533
13310845
13309757
13311390
13312884
13302201
13312396
13308113
13302190
13312417
13310850
13310854
13313372
13301626
13312500
13312783
13304377
13311745
13309330
13304751
13313579
13301331
13304094
13313583
13310038
13302219
13306474
13312742
13304200
13304785
13301701
13309726
13311174
13312733
13306654
13311171
13309590
13313150
13311380
13312395
13308152
13308443
13304761
13308429
13300390
13302210
13310523
13308104
13313152
13304590
13308222
13310670
13309785
13306745
13311121
13311610
13310130
13312830
13306161
13306422
13310484
13308075
13308140
13309450
13310271
13311722
13301639
13307162
13308830
13308640
13301628
13312403
13308813
13308350
13307260
13301322
13310822
13301430
13306875
13312825
13301624
13304352
13300159
13310813
13306220
13307030
13301851
13312600
13308011
13309210
13300190
13311020
13308082
13311744
13312502
13301200
13308112
13306608
13308143
13310297
13307156
13308641
13308841
13308601
13307263
13307515
13302171
13306241
13306360
13312115
13301453
13310483
13313238
13301410
13307514
13308843
13307254
13312373
13302192
13308603
13306240
13308510
13304777
13309792
13308487
13309814
13309037
13310032
13310380
13301010
13309798
13304790
13310039
13310620
13304383
13300033
13312480
13309742
13310890
13308176
13311210
13309090
13310422
13310711
13301750
13309807
13311033
13310533
13301539
13309815
13304272
13304261
13304371
13308499
13305544
13306090
13306141
13303540
13300123
13313005
13304632
13307110
13313010
13313009
13311480
13313029
13306201
13309302
13300145
13307141
13311169
13312423
13308024
13301460
13306466
13308124
13307130
13305522
13300100
13313530
13312129
13300039
13301290
13312485
13308091
13307081
13310841
13306370
13307000
13309530
13301429
13307120
13310827
13309392
13301540
13310803
13314051
13309851
13312101
13301329
13301641
13310838
13310856
13307505
13308361
13306442
13308722
13302173
13312386
13308080
13313352
13304341
13312050
13311440
13310160
13310600
13309710
13304353
13312451
13304354
13312116
13310851
13310857
13310861
13312123
13308644
13309510
13301629
13306528
13307152
13308825
13313211
13312120
13307080
13308045
13301523
13308072
13312414
13304390
13308142
13307516
13302160
13308602
13312401
13300010
13306392
13301852
13310802
13310843
13308100
13312453
13304365
13302111
13312371
13308683
13306424
13306140
13312761
13304229
13306670
13303507
13306701
13305540
13310131
13303532
13304414
13306605
13310120
13300013
13301320
13306410
13301861
13313130
13303519
13309082
13313361
13301300
13305501
13306500
13313577
13305494
13301683
13304367
13308700
13301089
13305482
13308145
13306391
13301529
13301860
13306870
13310708
13312875
13310814
13312881
13312870
13310818
13300103
13301650
13301421
13301864
13310800
13305490
13310312
13301623
13312810
13306609
13308501
13306620
13309535
13303529
13306193
13304055
13312452
13301634
13308085
13310251
13308754
13306604
13309620
13312876
13301631
13306350
13307140
13301642
13306032
13311579
13306804
13306380
13301615
13309440
13301862
13304689
13306420
13301863
13306611
13310210
13313213
13309817
13310270
13311690
13301338
13301339
13308837
13306473
13307073
13300230
13308185
13305564
13313554
13308160
13310360
13313509
13304440
13311570
13306521
13306512
13309000
13301771
13301319
13304355
13312880
13310370
13311220
13305500
13306430
13312392
13308642
13309502
13301648
13302213
13314064
13307159
13310169
13309270
13310430
13301350
13310812
13312405
13312375
13302180
13301250
13309802
13308370
13308713
13309830
13309512
13310706
13308741
13313576
13304378
13304395
13306730
13304789
13306080
13304540
13306827
13301550
13306030
13310846
13310313
13309301
13311041
13306070
13300110
13309635
13301652
13306810
13309789
13308480
13301611
13308481
13308144
13312310
13310789
13306363
13308541
13310485
13309672
13308181
13308751
13313578
13302102
13309842
13304413
13306801
13306872
13307201
13312852
13306533
13313239
13312750
13309430
13313163
13300105
13310170
13308182
13310254
13309806
13313510
13312404
13310051
13306812
13312105
13307161
13309724
13312741
13312790
13306700
13313702
13310782
13308351
13310489
13301536
13303548
13309800
13309751
13311265
13310688
13312770
13308857
13309868
13306831
13302262
13302212
13309794
13306674
13313061
13300093
13308462
13310783
13300309
13311235
13309865
13313201
13310392
13304401
13308049
13302200
13301620
13310847
13309844
13310050
13312717
13300153
13306313
13301249
13309410
13313218
13309850
13313132
13301649
13313060
13311359
13304305
13311052
13300290
13308170
13310149
13310442
13304053
13309758
13309670
13307163
13310450
13302226
13301640
13313612
13308030
13301530
13309550
13306465
13307010
13301740
13306475
13306672
13301610
13313228
13300015
13309390
13310410
13309756
13304270
13304650
13301008
13309720
13304057
13306601
13312753
13309791
13311580
13306273
13308165
13311361
13306710
13309150
13311175
13313113
13313114
13306451
13313131
13305470
13300023
13309835
13308050
13306319
13312712
13300180
13309776
13312734
13301400
13304631
13306171
13305521
13309833
13306314
13301643
13304342
13308504
13304791
13308183
13311330
13309784
13306653
13301621
13304372
13300113
13312127
13308814
13308831
13308828
13312114
13312112
13308826
13312104
13308820
13308824
13308819
13300005
13300055
13301531
13312090
13309354
13301280
13310319
13301422
13304356
13308121
13310460
13310654
13312730
13302267
13311275
13303515
13304050
13311031
13306610
13307033
13309753
13310784
13306212
13309290
13304170
13313531
13311490
13311351
13303536
13313566
13309866
13311680
13300310
13310343
13310610
13306271
13304771
13310522
13310662
13310787
13309723
13309545
13308400
13306461
13310292
13308401
13308402
13308403
13308404
13307023
13309755
13304060
13311360
13311255
13304350
13310289
13311470
13310283
13308604
13312400
13308420
13308532
13309705
13300049
13310070
13310815
13310819
13300095
13308643
13301645
13301009
13306353
13306371
13308531
13306821
13305517
13311599
13313111
13308736
13311661
13309813
13300240
13311040
13308493
13309110
13301619
13308650
13307165
13313151
13310825
13313222
13306124
13303517
13309721
13311540
13309660
13313621
13309260
13304620
13308198
13309492
13308829
13304400
13311319
13311720
13312454
13304343
13301341
13301370
13311310
13306460
13310340
13311010
13305471
13306555
13310826
13311741
13302120
13310502
13301313
13310828
13310824
13301499
13310807
13310829
13310860
13310811
13312882
13310808
13310837
13308043
13308023
13310805
13304391
13304782
13305491
13305451
13307121
13305450
13311300
13302170
13311012
13308410
13306462
13309411
13309281
13312714
13304562
13306311
13304406
13310714
13304501
13300125
13306390
13301865
13306581
13312025
13301189
13304672
13313575
13303542
13309870
13307009
13304560
13304150
13311600
13304393
13301769
13311130
13309650
13309200
13307177
13304773
13309731
13310231
13310482
13304641
13304407
13311591
13309555
13309540
13309356
13301689
13308651
13309501
13307153
13310295
13308821
13313640
13305416
13302273
13311500
13308390
13306463
13306510
13301653
13308044
13308110
13310211
13304389
13313020
13309728
13312762
13312791
13309741
13306540
13308163
13313550
13310835
13301272
13301271
13304277
13313503
13311290
13301761
13308511
13306213
13310831
13308246
13301332
13307020
13308084
13307071
13300063
13313513
13310840
13310490
13312370
13313374
13313351
13308114
13306652
13301622
13313614
13304445
13301538
13310686
13312102
13310486
13306580
13308730
13312723
13308451
13308190
13313703
13306846
13304780
13313103
13311471
13308495
13309220
13310090
13308131
13308230
13300160
13310480
13305510
13310661
13309864
13308103
13308074
13310834
13311260
13308243
13308800
13301141
13303500
13311729
13310369
13308115
13306760
13302260
13304280
13310521
13309847
13307083
13302266
13306480
13307072
13310823
13312402
13313363
13301612
13308712
13309831
13310220
13312700
13304274
13303544
13312843
13304382
13308175
13312415
13309729
13304345
13310821
13306490
13301311
13309490
13307154
13308652
13310853
13301635
13309190
13313002
13308223
13301866
13300120
13311153
13309771
13306131
13310764
13310672
13309760
13310190
13304671
13309364
13313558
13300380
13312046
13313104
13308710
13310245
13303509
13311014
13312045
13310274
13309384
13303534
13310511
13311726
13310282
13307513
13308610
13306060
13306062
13309808
13309671
13308171
13304610
13313121
13308737
13301254
13306182
13304273
13310072
13312711
13310797
13309393
13308453
13313229
13309843
13311050
13304275
13312015
13304405
13313001
13312720
13302000
13304394
13309801
13301462
13309045
13306671
13309100
13308496
13302002
13311157
13310530
13312850
13300025
13304396
13306160
13311032
13304310
13308191
13312719
13313101
13301160
13308450
13311460
13306040
13311510
13304403
13310526
13306270
13301210
13310250
13301171
13310684
13306229
13310269
13309470
13312010
13304409
13312432
13309350
13313011
13313652
13308249
13305440
13311370
13310524
13311150
13303523
13309777
13310713
13305561
13309775
13308753
13312860
13302265
13303527
13304674
13304779
13313023
13306230
13311051
13312771
13308512
13304080
13313122
13301342
13313022
13309727
13306602
13306740
13313521
13313221
13301252
13311270
13306150
13310879
13305414
13306280
13310314
13313021
13306614
13302268
13312020
13300035
13308732
13309209
13309639
13312792
13308735
13304230
13300400
13300250
13308184
13314012
13313490
13308187
13310791
13308482
13301712
13308497
13304680
13311410
13309399
13304683
13313701
13309820
13301220
13306824
13308221
13306122
13311250
13304774
13300085
13306179
13304402
13305492
13304811
13304095
13309340
13313501
13309280
13308193
13310680
13313110
13311281
13301760
13310660
13311521
13311163
13310002
13304381
13301101
13301590
13301745
13309826
13313220
13304752
13310532
13312722
13306110
13306170
13308166
13304720
13310291
13311011
13311230
13309838
13308856
13308522
13304781
13300075
13310302
13309462
13313164
13306823
13301312
13309811
13310323
13311245
13301867
13310252
13306541
13313601
13308463
13306159
13308174
13310421
13313159
13308092
13307040
13306189
13308432
13308150
13312410
13302151
13308611
13312391
13309420
13313041
13309221
13304260
13310702
13308352
13306481
13308360
13300083
13313230
13314050
13308380
13306553
13308381
13308382
13308383
13308384
13308385
13308386
13308387
13308388
13306530
13310878
13310037
13300430
13302224
13307032
13308155
13304361
13306300
13306782
13312430
13306411
13310766
13306125
13309311
13311167
13308240
13311450
13304570
13312121
13312650
13311176
13308452
13310299
13310239
13303521
13310413
13308070
13313533
13304250
13300280
13308161
13307051
13306464
13308855
13308071
13308470
13301519
13307155
13308815
13312103
13301679
13308660
13309511
13305520
13306491
13308040
13308440
13310509
13309732
13306365
13313184
13306617
13310181
13312092
13301349
13304189
13310300
13310504
13309391
13301360
13308721
13313520
13312823
13306120
13304397
13308454
13310652
13311660
13309033
13301763
13311481
13310510
13308186
13313591
13300053
13302264
13304179
13309036
13309362
13309101
13313532
13313203
13309661
13308523
13310280
13306050
13313120
13304750
13313534
13304279
13309846
13311044
13311173
13308192
13304370
13300420
13309067
13311725
13312782
13300410
13301875
13302191
13306552
13301521
13310817
13312463
13301401
13305410
13304362
13309649
13301874
13303546
13312125
13313188
13312117
13308111
13308022
13312380
13308827
13312462
13301452
13312421
13310842
13314062
13312455
13301630
13304366
13309600
13313210
13305412
13306820
13305541
13309160
13304373
13306191
13306272
13306743
13309795
13300155
13311215
13308196
13311043
13311140
13312743
13301170
13308840
13301459
13309781
13312724
13308212
13313714
13303525
13309083
13311365
13310273
13310391
13310499
13304392
13309836
13309038
13312703
13308494
13300060
13301873
13309782
13309071
13304311
13307069
13309473
13310790
13308661
13309500
13308818
13312425
13312820
13301872
13304190
13309818
13304410
13313584
13308471
13310180
13300003
13303531
13312030
13313162
13309803
13310664
13300370
13310402
13302263
13309013
13312891
13304502
13306842
13312772
13313641
13309783
13303512
13309824
13311724
13301253
13304384
13313600
13313586
13309762
13310703
13304309
13308760
13308739
13306849
13308498
13308194
13304276
13306848
13309065
13313572
13303538
13309595
13312752
13304052
13308489
13310409
13312793
13304160
13304210
13309461
13309091
13309860
13313582
13311042
13300140
13301260
13310256
13301240
13313209
13312431
13313593
13312822
13312412
13301256
13309787
13302261
13309786
13312701
13310035
13309035
13309841
13311650
13310060
13310330
13310036
13304541
13300360
13313232
13300350
13306172
13310000
13310412
13309822
13308740
13309823
13304221
13304282
13304375
13311742
13308195
13312406
13310420
13301870
13308520
13308431
13308483
13309472
13310873
13306471
13304772
13307060
13310449
13306718
13301451
13308133
13310682
13311519
13312460
13310265
13309625
13308423
13312383
13308444
13304386
13310311
13302218
13300169
13309610
13313585
13304561
13306825
13304776
13309662
13306130
13306000
13305527
13302288
13308711
13310030
13309352
13306536
13306535
13301423
13311692
13308135
13308042
13313574
13311311
13309011
13313012
13306600
13306511
13310653
13306121
13301614
13310441
13308125
13306020
13301710
13301871
13300260
13305430
13305525
13312461
13304363
13306421
13306532
13313700
13301700
13300450
13309080
13306123
13310849
13312200
13306800
13308756
13304700
13306550
13310333
13311200
13306822
13312877
13312040
13312652
13301403
13312841
13310707
13308211
13309773
13307084
13310242
13308209
13308421
13310700
13309570
13310349
13312885
13301764
13304690
13305566
13308472
13306619
13301520
13306878
13306876
13301651
13310001
13310487
13310230
13306808
13310362
13313310
13313100
13306534
13308283
13306557
13304654
13306845
13310809
13306807
13305411
13304000
13309615
13313654
13305480
13311670
13310788
13302228
13311721
13308530
13309821
13310390
13312300
13301681
13306811
13312270
13308502
13302215
13310401
13310796
13304810
13309774
13307158
13309491
13308822
13308093
13301230
13307150
13308734
13313524
13308220
13304783
13307172
13313042
13312821
13311132
13301000
13310255
13312774
13308021
13312280
13304740
13308282
13306551
13305528
13313350
13313371
13301670
13305512
13308834
13301310
13301660
13309719
13312374
13308612
13301454
13301469
13301461
13312411
13300143
13302225
13302231
13312835
13310161
13312710
13309862
13311216
13310874
13306470
13306520
13302130
13312394
13302214
13306351
13300200
13305600
13301632
13313360
13301633
13309840
13313650
13300050
13313589
13304374
13310525
13310705
13301380
13301330
13304240
13313161
13309772
13302001
13304675
13304775
13308197
13313212
13306844
13304653
13310345
13308000
13308123
13311160
13310320
13306181
13309804
13310431
13301711
13300043
13308153
13304684
13306830
13310624
13305405
13308752
13300179
13310880
13309310
13311172
13308505
13304054
13309680
13308041
13306362
13312464
13313202
13312005
13302140
13308613
13304357
13308817
13308614
13312422
13311177
13301510
13309230
13301680
13310806
13309580
13312465
13304358
13306361
13308503
13301672
13308662
13309778
13310414
13312388
13301440
13312376
13307510
13308615
13312390
13306472
13301323
13310832
13308151
13306750
13306770
13313370
13301671
13310753
13313613
13306352
13312420
13307264
13308839
13302172
13308620
13307074
13308046
13305400
13307079
13308020
13305511
13305526
13302217
13312470
13310855
13312393
13302223
13312359
13302100
13308441
13308162
13301270
13301470
13307090
13308073
13301340
13310440
13312320
13309480
13313500
13307164
13301659
13308835
13309780
13312250
13308239
13306310
13300040
13310325
13309460
13308154
13309050
13309300
13312874
13314060
13308250
13306554
13308251
13308253
13308252
13304744
13304742
13304741
13304743
13306651
13301644
13310752
13313610
13309180
13314058
13311743
13304181
13305413
13306814
13312385
13304281
13310404
13306803
13306874
13312854
13307511
13300135
13301613
13306815
13311280
13308330
13308335
13308336
13308333
13308334
13308331
13308332
13306210
13310715
13302030
13304411
13313639
13309752
13310272
13305420
13305515
13309810
13301535
13305542
13310150
13311400
13309827
13312387
13304681
13311740
13308095
13308473
13306828
13310663
13301100
13301050
13300080
13308102
13307031
13307085
13301500
13301060
13301420
13301480
13301080
13301120
13301090
13301070
13301130
13301110
13308083
13300070
13300065
13307175
13301314
13308521
13306393
13306606
13313504
13304745
13311511
13313571
13301702
13304398
13309400
13304404
13312382
13304364
13309664
13312471
13312000
13301450
13310100
13306720
13309848
13301351
13301877
13313512
13307157
13313511
13312800
13308810
13308836
13310336
13313219
13308823
13313562
13308816
13310671
13308663
13309520
13308811
13301699
13306011
13309329
13302202
13307252
13310833
13309759
13308172
13304651
13312290
13305431
13306091
13314899
13310520
13310290
13308280
13306556
13307253
13308838
13307517
13302121
13308621
13312424
13310862
13312260
13311240
13305514
13301059
13307022
13308081
13301390
13304056
13309171
13308622
13301618
13312760
13310359
13300090
13300073
13312360
13300220
13306615
13300133
13306441
13306450
13306443
13306440
13312407
13310836
13310839
13312384
13308422
13311168
13307100
13311155
13313000
13301553
13306607
13310301
13313569
13310005
13312763
13308492
13309575
13309834
13313523
13306169
13302289
13301552
13306805
13312111
13304388
13305565
13310253
13310059
13301534
13313362
13301661
13308573
13308583
13308575
13308565
13308581
13308561
13308564
13308580
13308584
13308571
13308563
13308570
13308562
13308572
13308582
13308574
13308012
13308560
13301150
13309725
13309630
13306806
13300270
13300150
13313006
13313615
13313007
13304784
13308490
13308733
13301625
13310751
13313611
13313373
13306847
13309060
13312780
13306843
13309010
13302270
13301273
13309360
13302150
13310712
13305409
13302229
13308430
13310793
13310852
13308060
13306513
13310411
13307021
13300340
13310335
13306318
13310781
13306401
13313502
13306316
13310816
13310503
13310200
13310501
13308141
13312839
13300045
13308682
13308281
13305443
13305481
13305493
13305461
13305453
13305452
13305454
13305442
13309750
13304340
13312872
13308122
13308094
13310470
13311000
13309700
13305546
13310848
13307149
13310810
13310858
13308090
13308130
13310859
13306400
13304550
13304640
13301490
13306012
13309386
13308513
13308491
13309585
13313670
13306385
13307650
13312035
13301876
13308455
13300030
13308833
13307512
13308623
13308120
13306650
13309320
13309640
13308013
13308624
13305502
13313112
13313710
13312340
13305516
13305421
13310403
13306802
13306873
13307202
13312853
13308241
13306412
13305415
13306813
13309474
13306010
13309331
13312781
13312096
13309031
13309034
13312416
13308625
13312372
13307262
13307160
13308812
13309504
13305524
13300419
13312330
13312350
13305441
13308290
13308295
13308293
13308291
13312871
13306221
13312655
13304770
13306871
13307251
13312851
13310872
13308433
13312472
13310801
13308296
13308294
13308292
13308310
13308314
13308311
13308312
13308322
13308323
13308320
13308321
13308315
13308316
13308313
13310710
13308101
13309790
13312878
13309355
13314011
13305519
13308010
13310500
13312408
13312754
13300300
13305523
13308439
13305518
13312110
13308164
13310215
13305495
13308460
13311190
13309250
13305545
13305513
13306705
13305475
13306279
13308670
13308671
13308672
13308676
13308673
13308630
13308631
13308675
13308677
13308674
13310704
13306826
13310844
13300020
13301682
13309020
13301600
13300210
13308680
13309503
13307151
13308832
13313004
13313300
13313024
13312803
13301140
13307070
13312802
13301532
13310361
13306315
13312100
13309663
13313180
13310512
13309845
13313129
13312413
13308105
13308270
13308272
13308273
13308275
13308276
13308277
13308274
13308271
13305543
13309319
13313590
13304151
13308200
13311191
13311285
13311560
13304655
13308247
13313223
13306612
13307049
13309309
13313133
13300115
13303510
13304360
13308260
13308263
13308264
13308261
13308262
13312873
13309816
13308300
13310264
13306877
13308681
13308213
13309471
13305569
13300014
13307166
13307167
13307168
13307169
