14890352
14875114
14875525
14871775
14875094
14871672
14871635
14883255
14875118
14890742
14875635
14875680
14875640
14876209
14887466
14890364
14875275
14898022
14890410
14871710
14887293
14882376
14887515
14875416
14882145
14871655
14875434
14882404
14896014
14887064
14887008
14890026
14887012
14890028
14871630
14871728
14887502
14876212
14871750
14870215
14890176
14871525
14876180
14887424
14871770
14885000
14882112
14882132
14874020
14890673
14883368
14882286
14883304
14883308
14887004
14890022
14871315
14875418
14887386
14876184
14887458
14871325
14871680
14887104
14875420
14875215
14882180
14875647
14890035
14883339
14890260
14890306
14882015
14882210
14876235
14876040
14876015
14870770
14887038
14887116
14890066
14883420
14887030
14890000
14890728
14883356
14887406
14871685
14871692
14875639
14890484
14882304
14871668
14885050
14885012
14883324
14875064
14875078
14875050
14883374
14875290
14874006
14876024
14876196
14898035
14890094
14883414
14883318
14874008
14882318
14887366
14890466
14890467
14871420
14875424
14875685
14871695
14871620
14890250
14882146
14875015
14887518
14875108
14890482
14883388
14882224
14882282
14871222
14875659
14882313
14876247
14882103
14882308
14882310
14883235
14875044
14875072
14890040
14882158
14870800
14871100
14887428
14887070
14870210
14876270
14874012
14883378
14883380
14874010
14871765
14882350
14890336
14882398
14875702
14887296
14883220
14896045
14890444
14896011
14890710
14890754
14871410
14876229
14890732
14887032
14876206
14876136
14882360
14876035
14871833
14875355
14882168
14876022
14875560
14871665
14883250
14883285
14883328
14887206
14887208
14887410
14890369
14875610
14875700
14875688
14875458
14890342
14870890
14890096
14887262
14875520
14875412
14887018
14890032
14875397
14871740
14875480
14875651
14871815
14871870
14883350
14882354
14870110
14882230
14887402
14871262
14882160
14883316
14896027
14875340
14875368
14876188
14890006
14890460
14890458
14882240
14882250
14876202
14875058
14883108
14887250
14890692
14876210
14890452
14882070
14882072
14871435
14875550
14883406
14882232
14873120
14890314
14876237
14882244
14882254
14871365
14890090
14890084
14885010
14887418
14871718
14875438
14896020
14875615
14870140
14871090
14883338
14870115
14870085
14890380
14876130
14883424
14887060
14882200
14887052
14890326
14890450
14890358
14883136
14882364
14887222
14875018
14871350
14887108
14890690
14887302
14876084
14876290
14883354
14887242
14887244
14890234
14870230
14876125
14875510
14883412
14883352
14875655
14887464
14871720
14882348
14887050
14870010
14887000
14890200
14890208
14890400
14871000
14890698
14890672
14890700
14871200
14890752
14890800
14883292
14890272
14883299
14870430
14870560
14871220
14883212
14890780
14890162
14888000
14890500
14892100
14882024
14875530
14887474
14882128
14875398
14876160
14871795
14870500
14870040
14871020
14887270
14882166
14870420
14870870
14870856
14875270
14870320
14870070
14870060
14871040
14883362
14882080
14890456
14890438
14883050
14885072
14890357
14882034
14875464
14883336
14882298
14875396
14882306
14871052
14871303
14871570
14890368
14887436
14885070
14871625
14887100
14890034
14871845
14890271
14883112
14896050
14875462
14870805
14887295
14883408
14870645
14875690
14896002
14888100
14882195
14887303
14876167
14875657
14890312
14882412
14871382
14887480
14875106
14870180
14890792
14898015
14890350
14882258
14882147
14883410
14871745
14883416
14882410
14890794
14882366
14885002
14890270
14890330
14890736
14898012
14883326
14883346
14890462
14875643
14882136
14883268
14882256
14883276
14875689
14876205
14887020
14875338
14882198
14887304
14871857
14871864
14875586
14871306
14882278
14875410
14885006
14890064
14882324
14883130
14883262
14883265
14887500
14887416
14871342
14871320
14882020
14890236
14883274
14883277
14875452
14884000
14885080
14885062
14882164
14887057
14870200
14870225
14870760
14875535
14896032
14882395
14876092
14882352
14871520
14887220
14874016
14870255
14887305
14890070
14892000
14894000
14872000
14874000
14877000
14875474
14883216
14876217
14887290
14883110
14887218
14887216
14871722
14871715
14883400
14871145
14896042
14870370
14870810
14870807
14882012
14882162
14870620
14882050
14890425
14871800
14876203
14871712
14871425
14870035
14882105
14882140
14898005
14875540
14885060
14871675
14890722
14883390
14875468
14871600
14871613
14871513
14885056
14883394
14890310
14875076
14875048
14890205
14890210
14890158
14890160
14884012
14883114
14882018
14896040
14882288
14871260
14882125
14883334
14876020
14871725
14883264
14871510
14871440
14890748
14875343
14887306
14871660
14882110
14883332
14883402
14875116
14885064
14890166
14870470
14890046
14896033
14871678
14875025
14887482
14885088
14875699
14875523
14887054
14875100
14875082
14870520
14882358
14871835
14887056
14887036
14871250
14882242
14882252
14890215
14875625
14882190
14887214
14871730
14882134
14883386
14875335
14882058
14887307
14890220
14890168
14890082
14887074
14876046
14896060
14887078
14890494
14896023
14890214
14887254
14882260
14871300
14871700
14876251
14876165
14882196
14882414
14882332
14875096
14870220
14887308
14871515
14887264
14876193
14876085
14882420
14873130
14876208
14871054
14890486
14875210
14890474
14887292
14896052
14887452
14870245
14890248
14887360
14890045
14890782
14887106
14887478
14887462
14876249
14887309
14882336
14873118
14876272
14876213
14871640
14883105
14883125
14887404
14890492
14871110
14875450
14875027
14876198
14871810
14898002
14885078
14873128
14890338
14885068
14882300
14870240
14882010
14876000
14876126
14876080
14876285
14876215
14876187
14876220
14875445
14882184
14871120
14876090
14871825
14883124
14887076
14875052
14875104
14876100
14876150
14882401
14876042
14875430
14882422
14883282
14883342
14887062
14871304
14890683
14896010
14870830
14870852
14875265
14873122
14883341
14883284
14871755
14875705
14871355
14882374
14898020
14887299
14875472
14890361
14871508
14871862
14883290
14887297
14875671
14890470
14875500
14875600
14875644
14871140
14887230
14887256
14870670
14875300
14875253
14875364
14871820
14883428
14882389
14896005
14876200
14875673
14871555
14882235
14883200
14887294
14883295
14876044
14887438
14875436
14875313
14875408
14887268
14882266
14875320
14875362
14883314
14871050
14870090
14875403
14898018
14890786
14876175
14870640
14871682
14890068
14876195
14870095
14887382
14883300
14883298
14882046
14871125
14874002
14875653
14883218
14890354
14890750
14882115
14882276
14883230
14883267
14883240
14883382
14882035
14882100
14876112
14882294
14887412
14887468
14871670
14875667
14871340
14871735
14890224
14883312
14875681
14876038
14890174
14882055
14882215
14883430
14882311
14890318
14883330
14882328
14890242
14882372
14875675
14896062
14875258
14871610
14871612
14896035
14883118
14876103
14876225
14871872
14876201
14883122
14882111
14884014
14875454
14876211
14875112
14870515
14875345
14871380
14883245
14882150
14871210
14875350
14885092
14882418
14883384
14882208
14876114
14876204
14875649
14887517
14890316
14887238
14871455
14887446
14890015
14883266
14883294
14871790
14890442
14875285
14882104
14871095
14887287
14870205
14887258
14896025
14875080
14875102
14870260
14870710
14876010
14876028
14882053
14890366
14887232
14883226
14875342
14890036
14876253
14890252
14873112
14883358
14876087
14876128
14873100
14882344
14871258
14875687
14890468
14876227
14885090
14870880
14875696
14875642
14875620
14875470
14876186
14890058
14882186
14875400
14887426
14871135
14882065
14870540
14871615
14871696
14870235
14890044
14875062
14882040
14871805
14876192
14890012
14875482
14870460
14875663
14876082
14890472
14871830
14887058
14890222
14875352
14883348
14876199
14875422
14883340
14882407
14876018
14882290
14882322
14887511
14874004
14890420
14871130
14887494
14875054
14875110
14890226
14890744
14887291
14875455
14876223
14890348
14885008
14882037
14890038
14882057
14896017
14875010
14890476
14883214
14890370
14883205
14876260
14890256
14883392
14890670
14883286
14883222
14887392
14887370
14875669
14882192
14882346
14882326
14883366
14876170
14887210
14882340
14871256
14887420
14883363
14882225
14875084
14875090
14882022
14890164
14870030
14882274
14890170
14887470
14887408
14874018
14875580
14882342
14887240
14887422
14887430
14882270
14883372
14875205
14882156
14875098
14871866
14871855
14882028
14887234
14871840
14890254
14887042
14887118
14887200
14887233
14887269
14876207
14875325
14875366
14898010
14883376
14882188
14883203
14887034
14887110
14882325
14882194
14874014
14876243
14883364
14887002
14890020
14890218
14882362
14871780
14871450
14871415
14885074
14884010
14870440
14887376
14887368
14875255
14870280
14871360
14887102
14875570
14887374
14890788
14890680
14870400
14871726
14876134
14876219
14875012
14870410
14870850
14870854
14887472
14875322
14883370
14882314
14871785
14875280
14882383
14890340
14887484
14887490
14876233
14871264
14885066
14876096
14876030
14875545
14887252
14885004
14890724
14870450
14883385
14890322
14887400
14876255
14887150
14890050
14875120
14875332
14875555
14883208
14882386
14870080
14871060
14870325
14887460
14882176
14882302
14882392
14890080
14890240
14890008
14890042
14896030
14890726
14887364
14890746
14887224
14882205
14875405
14890488
14882174
14890464
14890675
14875056
14875074
14871760
14875046
14871860
14875218
14896054
14875456
14887492
14887495
14870050
14870100
14871070
14890060
14876110
14885084
14870390
14898025
14875708
14875060
14887384
14875330
14882296
14883210
14882189
14883224
14873114
14875348
14882060
14882220
14882292
14882368
14887454
14890238
14890246
14884100
14890678
14871307
14890496
14876168
14875645
14896007
14883310
14876239
14870510
14871310
14885094
14887380
14882172
14890172
14882222
14871330
14871550
14871430
14883272
14876280
14871400
14873110
14896037
14873124
14870120
14871080
14871390
14875588
14871375
14883116
14887226
14870690
14882030
14870600
14890244
14875315
14875360
14890320
14887512
14890740
14883270
14887498
14883418
14871650
14875630
14875565
14887289
14887006
14890024
14890232
14875460
14876190
14885086
14876026
14871266
14882106
14870330
14870780
14875440
14896013
14890230
14876241
14887444
14875260
14875251
14890010
14890212
14882130
14890324
14890362
14887448
14887450
14887486
14887488
14875267
14875250
14875252
14871530
14890092
14870300
14870740
14896899
14898899
14897899
14876194
14890216
14873126
14871850
14875020
14875310
14871560
14898030
14876231
14875641
14876108
14887372
14870650
14883279
14875030
14871335
14882182
14870735
14870290
14870720
14876098
14876182
14890478
14890430
14875683
14890309
14882370
14871345
14887388
14875042
14875070
14882170
14882234
14882320
14882330
14890730
14882233
14870590
14870570
14887378
14882272
14890440
14883202
14890446
14896012
14876155
14882317
14887434
14882059
14883120
14887286
14882044
14882120
14873116
14871687
14887066
14887014
14890030
14887072
14871705
14883132
14898027
14883296
14890258
14876088
14876120
14887260
14890738
14870020
14875426
14882315
14887040
14887120
14871305
14890356
14870160
14875212
14890228
14890360
14887300
14882268
14883192
14883260
14883257
14883269
14883280
14883117
14883281
14890062
14887513
14890784
14871370
14876163
14882123
14890448
14875693
14875661
14887298
14875200
14882312
14883126
14890480
14890435
14882075
14890415
14876132
14887476
14887236
14890061
14890720
14882227
14890344
14870350
14870790
14870803
14875582
14883360
14890300
14887390
14883322
14883134
14890694
14885082
14896043
14875432
14871308
14875414
14890308
14885052
14887266
14875665
14874022
14890346
14887514
14887077
14875466
14871868
14875428
14887496
14887288
14883320
14883344
14876094
