13246020
13241122
13243506
13244496
13241174
13241164
13244640
13247202
13242630
13243500
13244668
13240252
13242613
13242621
13244506
13240078
13244200
13247000
13244500
13246142
13240194
13244000
13246784
13246104
13241138
13240015
13242130
13242132
13242058
13241150
13241232
13242144
13242196
13246706
13244362
13242032
13240412
13240023
13242104
13240045
13246310
13243526
13242208
13246106
13246320
13240186
13240180
13244332
13242200
13242072
13244662
13242062
13242064
13244112
13243520
13241014
13243532
13247232
13240011
13240160
13240064
13246712
13242164
13244220
13244312
13244320
13244340
13244460
13246100
13244610
13244620
13244630
13244650
13244608
13241228
13242020
13246312
13247516
13246144
13244271
13247260
13242502
13246023
13247216
13242198
13244250
13243538
13243542
13242520
13246756
13244358
13244106
13244130
13244100
13240436
13240442
13244116
13244352
13241214
13240190
13246102
13241010
13242070
13240801
13244322
13246726
13246728
13243512
13240454
13246778
13241022
13246018
13246724
13244260
13241142
13242016
13246700
13246785
13247010
13246026
13244464
13240428
13242018
13246022
13246782
13242038
13242068
13242088
13241184
13247212
13244268
13240041
13247236
13242066
13247240
13243504
13246730
13246732
13247014
13246710
13241134
13247252
13242030
13242028
13244270
13244008
13246154
13246180
13246170
13246160
13244634
13242512
13244516
13244366
13244360
13242128
13246694
13244236
13240017
13242022
13242026
13242052
13247502
13242042
13240440
13244102
13240446
13240029
13244298
13242046
13242080
13242082
13240019
13244206
13244210
13244234
13246006
13242048
13244626
13242182
13241002
13246016
13248100
13241206
13240170
13240150
13246736
13244324
13240260
13242056
13244450
13244202
13240700
13240005
13244026
13244024
13241028
13240192
13244242
13242024
13246012
13246738
13241128
13243528
13242148
13243514
13244466
13244472
13244452
13247248
13244296
13246140
13244010
13244006
13240444
13246670
13247204
13240187
13240033
13246316
13246116
13240188
13244280
13241030
13244020
13240080
13244512
13244282
13242078
13242102
13242526
13246787
13242106
13241234
13244468
13244222
13247210
13242044
13246152
13240001
13241144
13240452
13242000
13242600
13242508
13240438
13247002
13240043
13240162
13240046
13246318
13240025
13243534
13244334
13246300
13240003
13247510
13240250
13241108
13246678
13242194
13244262
13240007
13244232
13242620
13244368
13241106
13246029
13246025
13241124
13247230
13243540
13246112
13244244
13242516
13242098
13241130
13248404
13247238
13246776
13243508
13241024
13248000
13241120
13241100
13241016
13243522
13248402
13242528
13248400
13246030
13246734
13247224
13241004
13247600
13240182
13242212
13240400
13246760
13247214
13247008
13244284
13242204
13247226
13244800
13240184
13246110
13240420
13240062
13241008
13247206
13240076
13246324
13244228
13244664
13243502
13244256
13241040
13246108
13246118
13241026
13246114
13241170
13240039
13244636
13244240
13242001
13244660
13240037
13240256
13240074
13240424
13240031
13244644
13244286
13242206
13246027
13242092
13240156
13240068
13240065
13240450
13240035
13240021
13241172
13244306
13242500
13242514
13242510
13246122
13241154
13242140
13244622
13240067
13241110
13242506
13242202
13241140
13241126
13244294
13246148
13244470
13242176
13242178
13242190
13244514
13242158
13240072
13244238
13246130
13246014
13240174
13240172
13240158
13240066
13244266
13241208
13240176
13242116
13241156
13246783
13243536
13246028
13247256
13244004
13246722
13240434
13241136
13244338
13246770
13246750
13246672
13242118
13242074
13242076
13247504
13247514
13246004
13244272
13244254
13244486
13244264
13244624
13244252
13244510
13244480
13241166
13247250
13242122
13242060
13242124
13242012
13242504
13242084
13241006
13242160
13241180
13242008
13247512
13244476
13246720
13242110
13241104
13242010
13247400
13241224
13247006
13242152
13240402
13242522
13240414
13246690
13244230
13246779
13244462
13246132
13247500
13246326
13240410
13243510
13246024
13247246
13242014
13242180
13242170
13246138
13242086
13243518
13242518
13242050
13244336
13240070
13246740
13242608
13242612
13244328
13244638
13242214
13240044
13241012
13240800
13243551
13242631
13240254
13240027
13242136
13244350
13244114
13246742
13242142
13241152
13246780
13242034
13242604
13246754
13241146
13246758
13242096
13244454
13240432
13241230
13246136
13242210
13243550
13244132
13244134
13244136
13244138
13244140
13244142
13244144
13244146
13242120
13247254
13243524
13244110
13246302
13240430
13244224
13247244
13243530
13241176
13241018
13240426
13241000
13242094
13242134
13246314
13244290
13244326
13246708
13244492
13246786
13241020
13246150
13246134
13247506
13244300
13244304
13244302
13244292
13244310
13244356
13242150
13244258
13246692
13249899
13244354
13244104
13242162
13243516
13242002
13244208
13244612
13247242
13246752
13244330
13240448
13247012
13242054
13240049
13244204
13242090
13242156
13246702
13242100
13246010
13244632
13240009
13247208
13240258
13244226
13242192
13241102
13244456
13242610
13247258
13244246
13244248
13246120
13244364
13242606
13242138
13246704
13247234
13244308
13242006
13241132
13242524
13242112
13240422
13244382
13242004
13244666
13242126
13242184
13244108
13244642
13242108
13246676
13242036
13242186
13242040
13242172
13246762
13244002
13246777
13242154
13242174
13240152
13246764
13246002
13248102
13244474
13240178
13242166
13242168
13242146
13242114
13247200
13241148
13246146
13247508
13242602
13246781
13246000
13246674
13242188
13246322
13241160
13244022
13244482
13244600
13244802
13246680
13248002
13240055
13244120
13244502
13244820
13244504
13244822
13241177
13244824
13244370
13241202
13244378
13241200
13244372
13247218
13241198
13244374
13247220
13240013
13240154
13240060
13241196
13244384
13247222
13241188
13240047
13241182
13244380
13241190
13244376
13244484
13244602
13244616
13244804
13246682
13247402
13248004
13240056
13241103
13241204
13246164
13241226
13241222
13241220
13241218
13244604
13244614
13244806
13247404
13248006
13240057
13241192
13241186
13241212
13241210
13241216
13241194
13244606
13244808
13247406
13248008
13244490
13244488
13244810
13247408
13248010
13241168
13244812
13247410
13248012
13244494
13241162
13244498
13244814
13248014
13246162
13244816
13247004
13248016
13241178
13244118
13244818
13248018
