19680060
19680116
19680108
19680051
19680128
19680015
19680068
19680033
19680122
19680102
19680100
19680017
19680120
19680019
19680062
19680049
19680090
19680094
19680005
19680007
19680126
19680124
19680023
19680041
19680064
19680027
19680114
19680092
19680106
19680013
19680031
19680076
19680037
19680066
19680200
19680021
19680074
19680080
19680011
19680078
19680130
19680070
19680206
19680035
19680043
19680039
19680025
19680096
19680047
19680112
19680072
19680202
19680204
19680009
19680029
19680104
19689899
19680208
19680098
19680001
19680110
19680003
19680045
19680118
