13218719
13219847
13219274
13219275
13218510
13210227
13212237
13208140
13207320
13201380
13214792
13218808
13212852
13211545
13211350
13210235
13212605
13203280
13205669
13202289
13214582
13203521
13212833
13219312
13219663
13214457
13215769
13212428
13218615
13205629
13211652
13214590
13218363
13211650
13215768
13212600
13213155
13214595
13212180
13209550
13213128
13212151
13211685
13209609
13201620
13218824
13214560
13207265
13211527
13214568
13203201
13210800
13214571
13218441
13211240
13206703
13210430
13206521
13211030
13219710
13215747
13215032
13210280
13215110
13206311
13201390
13201570
13215088
13201581
13219647
13210450
13202230
13212570
13215640
13212148
13219120
13202771
13214859
13218693
13205330
13212434
13219342
13212213
13205548
13216540
13216782
13208612
13213170
13211662
13208550
13211411
13212239
13211701
13218667
13210790
13208643
13212081
13208022
13218624
13201630
13216681
13213514
13202730
13215720
13219700
13206453
13207240
13201545
13212751
13212271
13216155
13208620
13209462
13209311
13219321
13205270
13212032
13214717
13216622
13211576
13214497
13212872
13214482
13212456
13205560
13218627
13215835
13218644
13211373
13207200
13218527
13206292
13201796
13212417
13215603
13211546
13203510
13214486
13207500
13212448
13216050
13218330
13218638
13215864
13214003
13214020
13218650
13218150
13211099
13210065
13218625
13215731
13212290
13214580
13214420
13212876
13219052
13214605
13214481
13214569
13219141
13219310
13211330
13219360
13218718
13219280
13214558
13214837
13214846
13205250
13202151
13201040
13211750
13201024
13212076
13214320
13206330
13202641
13207160
13214676
13215150
13212351
13211427
13212785
13208610
13214886
13207260
13201090
13214888
13217013
13209640
13211683
13206271
13208060
13208249
13214280
13214493
13212476
13208431
13203300
13208390
13215774
13218791
13208270
13208501
13219112
13211895
13208515
13218717
13212408
13218881
13211000
13211815
13205705
13211823
13215866
13215868
13203832
13208580
13211060
13215169
13218080
13206718
13215724
13214838
13211391
13211547
13218694
13206012
13215593
13219553
13212800
13207170
13210110
13216740
13212615
13212882
13202275
13218421
13212594
13201541
13212485
13203840
13201804
13211435
13201806
13203841
13203556
13207640
13205440
13214730
13202751
13213146
13216270
13201140
13215451
13211891
13216720
13214591
13210474
13218702
13213496
13210560
13210545
13216031
13212840
13205030
13206290
13218365
13218574
13218332
13219071
13216080
13208032
13212043
13201543
13218724
13211170
13212350
13209210
13214485
13217003
13213119
13212123
13218567
13209531
13216300
13218648
13212862
13218713
13218114
13219632
13211544
13205730
13207350
13219101
13205700
13210877
13203850
13210605
13206316
13207390
13208520
13211005
13209750
13214666
13213055
13206321
13212165
13212007
13219043
13206251
13202281
13211761
13212132
13211570
13213124
13203329
13211550
13214194
13212433
13218368
13208540
13215822
13214714
13202080
13206542
13203535
13218335
13218111
13218112
13210400
13201062
13218781
13212308
13213009
13210260
13218070
13219706
13203532
13216756
13210595
13218529
13212560
13210401
13214305
13206522
13214333
13216370
13213264
13216643
13214883
13207510
13218642
13218641
13219807
13218640
13218665
13218668
13218669
13218416
13208141
13213270
13215751
13214562
13215273
13218117
13219740
13219708
13218635
13213183
13215831
13212401
13218581
13218572
13212091
13202179
13216698
13212060
13212638
13214721
13215570
13210680
13218606
13210855
13206289
13213267
13213112
13214611
13216151
13202721
13211751
13214487
13219000
13219001
13218000
13215010
13215485
13215275
13215276
13201125
13209445
13214206
13214205
13213030
13212625
13201720
13218161
13212080
13211007
13219680
13218686
13214719
13219504
13216176
13219352
13218869
13214588
13203519
13214687
13209400
13203546
13207630
13202162
13214655
13212111
13214621
13214570
13212427
13212519
13214120
13218748
13202200
13215031
13209610
13212266
13215830
13212105
13213180
13218628
13212467
13212159
13218214
13213162
13211770
13211771
13212407
13212260
13215340
13215003
13209060
13216645
13209291
13212874
13212573
13210541
13212431
13212750
13216732
13214002
13201155
13201843
13201145
13212160
13205653
13218876
13205190
13212805
13214523
13203609
13206279
13206270
13215060
13210706
13214668
13218367
13203604
13218140
13219030
13219522
13203529
13208083
13206310
13214584
13218725
13212469
13208405
13203810
13210655
13215730
13210056
13218551
13211221
13203480
13203092
13214858
13207520
13210650
13203833
13218464
13216771
13219854
13216778
13211423
13218780
13213400
13211690
13218714
13209390
13211010
13208024
13211813
13207603
13218461
13207392
13203390
13214067
13219182
13210530
13218462
13206053
13201615
13210869
13214745
13211740
13211640
13209292
13212571
13219750
13203536
13219512
13208570
13219302
13215004
13208300
13212475
13214597
13214525
13201370
13212770
13214829
13218806
13212671
13212580
13212411
13213505
13218310
13215777
13215009
13216644
13214751
13212201
13218658
13215610
13214678
13208159
13205640
13205400
13216680
13210520
13216780
13212202
13211840
13218361
13206764
13209279
13215752
13212190
13214833
13214810
13219335
13218541
13207110
13205200
13211004
13218463
13203670
13205340
13214572
13219190
13202023
13219816
13218292
13219840
13218716
13218645
13206761
13202455
13207130
13211893
13212556
13211852
13210473
13212710
13207492
13212595
13205710
13202510
13219670
13205545
13212730
13211041
13214804
13211721
13214649
13216715
13218239
13203710
13214522
13210542
13206031
13210480
13209135
13212798
13202752
13216431
13203395
13209460
13207550
13206811
13214855
13212101
13210701
13203580
13214671
13218538
13212331
13211594
13214024
13209469
13211601
13218822
13219276
13212214
13216490
13211730
13214321
13214662
13208290
13213084
13207009
13201130
13210867
13211510
13211555
13211490
13211495
13213040
13212195
13219811
13214353
13213136
13219635
13214736
13214322
13207230
13219848
13201102
13201095
13201072
13203614
13219323
13216250
13202221
13214690
13212812
13214734
13212215
13207780
13218417
13203040
13206830
13214861
13215025
13203070
13212814
13215821
13214491
13214583
13205265
13212070
13214747
13218680
13215792
13210406
13212133
13218610
13212164
13212809
13218752
13218391
13218430
13211669
13205555
13210485
13211390
13216450
13211762
13212380
13205510
13213475
13201290
13214200
13210700
13216452
13210543
13214070
13218481
13209461
13212075
13203411
13212418
13202120
13216463
13203275
13212503
13212103
13212141
13212163
13218033
13207653
13214542
13203321
13214498
13214390
13212100
13208681
13219801
13212842
13201046
13201830
13216851
13214331
13218473
13209370
13209630
13201033
13201034
13219070
13214610
13202240
13202661
13218213
13215690
13202027
13201056
13207760
13207645
13216647
13203575
13213405
13213070
13203402
13214079
13219631
13201801
13218020
13213433
13207669
13207605
13207270
13206480
13206305
13215590
13206070
13201812
13219671
13219340
13214599
13214026
13202270
13214860
13218250
13206511
13202284
13215291
13215450
13211535
13207665
13203626
13218340
13211468
13211436
13215005
13205740
13215600
13211682
13212523
13206630
13218603
13212454
13213113
13212051
13202026
13203432
13206702
13211814
13211504
13219277
13219269
13210881
13203490
13216781
13211790
13206090
13207612
13212170
13214661
13206241
13216642
13211513
13211511
13219341
13203513
13201821
13210229
13210043
13207451
13215869
13214857
13213202
13214862
13216420
13214795
13215041
13214870
13214290
13202793
13201814
13203340
13207604
13214081
13219303
13201600
13214220
13211753
13201067
13201066
13202580
13214806
13214732
13214598
13207389
13202543
13219338
13219344
13210238
13215884
13219337
13207651
13207650
13214879
13212432
13219270
13211668
13219250
13208210
13219650
13211783
13202161
13205350
13218501
13214604
13218005
13216232
13219240
13219072
13207429
13215090
13215735
13215180
13201103
13213419
13219480
13208100
13205551
13212110
13218019
13211710
13212592
13213453
13216729
13202590
13212742
13219146
13216690
13214495
13208404
13214863
13213260
13205490
13207720
13210070
13209270
13218039
13218755
13201840
13211777
13216770
13210310
13215040
13214191
13207430
13202150
13216441
13218825
13214080
13215142
13219855
13201003
13218366
13216511
13216719
13218655
13211883
13215400
13205532
13211514
13211250
13214817
13212099
13212253
13202742
13205300
13219733
13213127
13210660
13210230
13216773
13201028
13218820
13212848
13208780
13218491
13216763
13211693
13214150
13216412
13212826
13212020
13212236
13218684
13213428
13201181
13214433
13211825
13212117
13208403
13207530
13219272
13215737
13207190
13206765
13206475
13206235
13214799
13213115
13208055
13206221
13206489
13214541
13212224
13205623
13219545
13216634
13212552
13215784
13214510
13211870
13213158
13218734
13218895
13213169
13214634
13214640
13214648
13214612
13218867
13219815
13205655
13203170
13212564
13216730
13210402
13214269
13203528
13214882
13206600
13213106
13202280
13210044
13216100
13207400
13206719
13212303
13208740
13210000
13205546
13206651
13210479
13208720
13211666
13218452
13209100
13212082
13219371
13211897
13215473
13209700
13208280
13214323
13215740
13216140
13201138
13207340
13215594
13201043
13209070
13209560
13214713
13215798
13216605
13214716
13213154
13211507
13211300
13216682
13214531
13211040
13202770
13214822
13214355
13213076
13202800
13219322
13214789
13201839
13214459
13218804
13215848
13203380
13215200
13203060
13209040
13201139
13202271
13219330
13212760
13213151
13211881
13212690
13211592
13210407
13216697
13210231
13219324
13213103
13212409
13216696
13212830
13218582
13218418
13214540
13213211
13213246
13214445
13214672
13213450
13208027
13212200
13201660
13215612
13212555
13219293
13215350
13218548
13212280
13203651
13208380
13209779
13208099
13210440
13212865
13215120
13205557
13213245
13214674
13214624
13201853
13201002
13208680
13218872
13202720
13214596
13212230
13215789
13219343
13212235
13216627
13209260
13214192
13215846
13218695
13212421
13216040
13209150
13206120
13211621
13210500
13215808
13213160
13213189
13214847
13210411
13211773
13206050
13216631
13216471
13216626
13211713
13212326
13214816
13210180
13209312
13209450
13210762
13212221
13212301
13212546
13210102
13219542
13215781
13218892
13214503
13211863
13218731
13210032
13214364
13215843
13214631
13214636
13214645
13214827
13210791
13201044
13205390
13201822
13215042
13214875
13202431
13212732
13201092
13211681
13213102
13212322
13212574
13207449
13219051
13218621
13214784
13202760
13207781
13219410
13212841
13214579
13211680
13201148
13214681
13214012
13206306
13211392
13212232
13216623
13206451
13203524
13201094
13211120
13218871
13218783
13218143
13208109
13201210
13212341
13211631
13219547
13214767
13214780
13210370
13219702
13214835
13215621
13209120
13201725
13219290
13203660
13208089
13218727
13211009
13205170
13205622
13216662
13201835
13209090
13212762
13205543
13214450
13218431
13212853
13212470
13207360
13212864
13213281
13215452
13219810
13203273
13206130
13214332
13212118
13208820
13213123
13214821
13216173
13214813
13216060
13205520
13217010
13213107
13203552
13214786
13212832
13213121
13218040
13218592
13210409
13215860
13203537
13209300
13215805
13215441
13203181
13214864
13203512
13211260
13205534
13202560
13213506
13208370
13211720
13215089
13214472
13212010
13208320
13205713
13215471
13209380
13214214
13211726
13211689
13201851
13212147
13218830
13205549
13215803
13211646
13214362
13201149
13212845
13216152
13206400
13211898
13203274
13214878
13201110
13214693
13211723
13214554
13215771
13209180
13219842
13219760
13201540
13205732
13215700
13206661
13211660
13211422
13218616
13211006
13206709
13207551
13209290
13218690
13218888
13206800
13201700
13216470
13211090
13201101
13219129
13205010
13201286
13210685
13206631
13203350
13202490
13211533
13215281
13205540
13201833
13202470
13213499
13214802
13218811
13210483
13218403
13218395
13209510
13214851
13203533
13213277
13212272
13205160
13216646
13212361
13212463
13218528
13216641
13203401
13212005
13212858
13214733
13212451
13218760
13212414
13209410
13203560
13207100
13214069
13216724
13212497
13218547
13212295
13212325
13218705
13211817
13210864
13214766
13210884
13214892
13203430
13201827
13205562
13211385
13218614
13214773
13215232
13214444
13208330
13218352
13211150
13218853
13218875
13218545
13211524
13218877
13202620
13205530
13214140
13203235
13208650
13211061
13209570
13210060
13213472
13212801
13214683
13218583
13214893
13202570
13202571
13205541
13201837
13203310
13216360
13218883
13206250
13214266
13218440
13202670
13205290
13214865
13218191
13211415
13210232
13211508
13211538
13211340
13206713
13215453
13203700
13203330
13212416
13201180
13213159
13211519
13215812
13201150
13215750
13211110
13211140
13209301
13212131
13211299
13201241
13207412
13212530
13215797
13206680
13201069
13202141
13210860
13219380
13207040
13201017
13211523
13219032
13203050
13213334
13207722
13202456
13207150
13205210
13201280
13212551
13218337
13202340
13211882
13212575
13216722
13209230
13208421
13206760
13208490
13205430
13218479
13212799
13219507
13202330
13215670
13215465
13202300
13219301
13216600
13211651
13209240
13218807
13208155
13216744
13206500
13208026
13215456
13216737
13202250
13216240
13207149
13216691
13211613
13214461
13219704
13202599
13216743
13218534
13218831
13212651
13216663
13210290
13207250
13202242
13205500
13215282
13212660
13212241
13208730
13215240
13216649
13219350
13218823
13201100
13208110
13218561
13202622
13218240
13216120
13212154
13209530
13212541
13218660
13209600
13212700
13202550
13218472
13215861
13206590
13216610
13212145
13219210
13218465
13216673
13202542
13201047
13209350
13218220
13216750
13203540
13218011
13206242
13218537
13208250
13212240
13215795
13215882
13214324
13211381
13215591
13210601
13213083
13202541
13206054
13219521
13214335
13211692
13218865
13205643
13202791
13214735
13214778
13206223
13214304
13214330
13212583
13211664
13215840
13212097
13214311
13214788
13214830
13212166
13212494
13212572
13214823
13215791
13218563
13214896
13203650
13206312
13212424
13219850
13218484
13218673
13218720
13218419
13218532
13213081
13218477
13212630
13208180
13202259
13208070
13202060
13218370
13213173
13212436
13219351
13210405
13214564
13213101
13211382
13213269
13215862
13218573
13208600
13203523
13218535
13219505
13211571
13211440
13211616
13218770
13218540
13218620
13218542
13218543
13218544
13218685
13218546
13213517
13206690
13218411
13219660
13215604
13203080
13216591
13208031
13218453
13218420
13219040
13218442
13215472
13215030
13214866
13210228
13207511
13212808
13219005
13201808
13213012
13211822
13214867
13211780
13216592
13213204
13211663
13203320
13205676
13211714
13214350
13211824
13205679
13211505
13203571
13205673
13214868
13214310
13203610
13210484
13212121
13203180
13208492
13214520
13214556
13203820
13215170
13216703
13208113
13212255
13211210
13212420
13214473
13216757
13211410
13212425
13211414
13203565
13209080
13203721
13213186
13215736
13208560
13208700
13208220
13209800
13203720
13202544
13213244
13212129
13214834
13212837
13214073
13209810
13212836
13214557
13219143
13209545
13214695
13206103
13216474
13215284
13218290
13215466
13212309
13210729
13212310
13214449
13212137
13212244
13208063
13208551
13201048
13201049
13218409
13210190
13212405
13201091
13201070
13212337
13216850
13201096
13210090
13212722
13219021
13210750
13208640
13216340
13213086
13215092
13214828
13209772
13210775
13218280
13214869
13211130
13218031
13208703
13203200
13205310
13211384
13208510
13214692
13206840
13212834
13215813
13218360
13210320
13214544
13211711
13209580
13211534
13211593
13212793
13218351
13212130
13208641
13214787
13218646
13213110
13202810
13216700
13216701
13218711
13215460
13218354
13210105
13206620
13216758
13219644
13214361
13219331
13214432
13210657
13216709
13216713
13213478
13215749
13208030
13216472
13215611
13218679
13214726
13216070
13216702
13211696
13205645
13210620
13212674
13203574
13216712
13213153
13219839
13218090
13201036
13215330
13219320
13216762
13214171
13206490
13203332
13213100
13206510
13215360
13202741
13212155
13211251
13206820
13211820
13211434
13211778
13211430
13211280
13215811
13211503
13211042
13214793
13214796
13215766
13214543
13203412
13212740
13218414
13218533
13214555
13215741
13212120
13218688
13211383
13216692
13214360
13212857
13203522
13203531
13201650
13214850
13219494
13214480
13213104
13201854
13202331
13214201
13212861
13211644
13212307
13216611
13212847
13209790
13205621
13203600
13207280
13214585
13211525
13212390
13215660
13214801
13203423
13216180
13206420
13215054
13215250
13215274
13215139
13216783
13214065
13214101
13214172
13212878
13212252
13214561
13205552
13208402
13218812
13218539
13211424
13214761
13216661
13219540
13211530
13212116
13219347
13208231
13219630
13212311
13209200
13209571
13215847
13208491
13208430
13205380
13216664
13214114
13212336
13218896
13210540
13212835
13210730
13218565
13211892
13212107
13207341
13214532
13219470
13216776
13219690
13207540
13207684
13211431
13201389
13212721
13208025
13214173
13214807
13210511
13211520
13214856
13207090
13211885
13212514
13212493
13214871
13215457
13218415
13211509
13214872
13216260
13208310
13219334
13212761
13216110
13211843
13209710
13210295
13216000
13212025
13212440
13213350
13209280
13211223
13213118
13214836
13219430
13212238
13211572
13215746
13203640
13212796
13218009
13209020
13208170
13215377
13207700
13203272
13201848
13216721
13202210
13219640
13218880
13209590
13211590
13207600
13219799
13212413
13214783
13205180
13215081
13201852
13210705
13218454
13218782
13205240
13214470
13218670
13218722
13219053
13208670
13215681
13212733
13214811
13215189
13202030
13208190
13218118
13219443
13202070
13208500
13215841
13219031
13214130
13219144
13213080
13201104
13213420
13206714
13203061
13214440
13213340
13219853
13215863
13214697
13212375
13214881
13211180
13201001
13209540
13215806
13206610
13214490
13211548
13211222
13201832
13202451
13212673
13214594
13212890
13211851
13211421
13216253
13202051
13201105
13218201
13219450
13215680
13205556
13212339
13214537
13215794
13214581
13219730
13210250
13212460
13202130
13215745
13219442
13219292
13215802
13214765
13218666
13210580
13212124
13206340
13219812
13208241
13206640
13210403
13212340
13207180
13212249
13218652
13215602
13216718
13206226
13212412
13201831
13211811
13214213
13208350
13201074
13219201
13207120
13218550
13206574
13214230
13207710
13215579
13211003
13208750
13203250
13215292
13211667
13208205
13213487
13219800
13216030
13216733
13203613
13214623
13202170
13212334
13218460
13218050
13201847
13212316
13216670
13214309
13202090
13206320
13209309
13216581
13201810
13201306
13201807
13218842
13215630
13215190
13209140
13212135
13213122
13212711
13214559
13203719
13209465
13201039
13201057
13203624
13208460
13206551
13211050
13218602
13213105
13212505
13201141
13212452
13211890
13211810
13203369
13219510
13203331
13207741
13216854
13212449
13205765
13205320
13213126
13206470
13216200
13213085
13212542
13205531
13211516
13214731
13214563
13208240
13212102
13214620
13210683
13201320
13213095
13212302
13215458
13215571
13219050
13212293
13218835
13213484
13203545
13203730
13215875
13212860
13201300
13211812
13203419
13214296
13203831
13201045
13215872
13202110
13212506
13218380
13218105
13216145
13216479
13201073
13213460
13201640
13202460
13203611
13211211
13212291
13219110
13208331
13212050
13215778
13214334
13202619
13214545
13212806
13212641
13218682
13212419
13212144
13214628
13214642
13210720
13219845
13210852
13214791
13212500
13202249
13216230
13215320
13203345
13202458
13207220
13214499
13218007
13207489
13210240
13208023
13212245
13218701
13215773
13212838
13203547
13218790
13216617
13212484
13218476
13209690
13214711
13215141
13219191
13212490
13212585
13215239
13216231
13214779
13206055
13215850
13213502
13218400
13208762
13211700
13202710
13208021
13212142
13218100
13205610
13216410
13203641
13213166
13219075
13205715
13212173
13215294
13218740
13205550
13207691
13214606
13212172
13202050
13219648
13219230
13210490
13203622
13215379
13213210
13213243
13212149
13206060
13218202
13219482
13218630
13212113
13219852
13214494
13205553
13208660
13211884
13212561
13210851
13201007
13201651
13212870
13213129
13214710
13218331
13219399
13201805
13212094
13214770
13210662
13213511
13208420
13219431
13216612
13214071
13210780
13209081
13208432
13207140
13214849
13205762
13210410
13210481
13212342
13215430
13210100
13218362
13212044
13219461
13216671
13211070
13214756
13202429
13213481
13213455
13212171
13218103
13212491
13217005
13219805
13218474
13214075
13216759
13205563
13214625
13211670
13201310
13218569
13215220
13214448
13206243
13212139
13219370
13201076
13219656
13211141
13219056
13216749
13216411
13212304
13218664
13201010
13201011
13201012
13208051
13208053
13206540
13215231
13203541
13219400
13211420
13218854
13218260
13213168
13212438
13219100
13213167
13212400
13212354
13212317
13213090
13218192
13207371
13207620
13210236
13206670
13202662
13201750
13209289
13216711
13214443
13211370
13211466
13211461
13211442
13211446
13211443
13211456
13211464
13211455
13211441
13211454
13211462
13211453
13211463
13211457
13211459
13211465
13219114
13211447
13211448
13211452
13211445
13211444
13211460
13211451
13211467
13211449
13213423
13211458
13211450
13219181
13210471
13212802
13218862
13218671
13219081
13218813
13212596
13212496
13213412
13213134
13218636
13212562
13214626
13212090
13209220
13201846
13201856
13201857
13201249
13209221
13212466
13218878
13207379
13208079
13218639
13214552
13219042
13202761
13212305
13206580
13203511
13201031
13214483
13215756
13201013
13201730
13218449
13203220
13218313
13205360
13203544
13212320
13212829
13202254
13203770
13203628
13209130
13211630
13201690
13202320
13212041
13218637
13214777
13214521
13214015
13207370
13210237
13212285
13216020
13202621
13210512
13218863
13214454
13210030
13201542
13214757
13202025
13202440
13210057
13218034
13203612
13212544
13206682
13201710
13214380
13203543
13218803
13201834
13216351
13214575
13212661
13214654
13205480
13214567
13219846
13218689
13214876
13212030
13219643
13218345
13203400
13215762
13203627
13212472
13214781
13209430
13213006
13212403
13219074
13216672
13206020
13210340
13218536
13206720
13217007
13214363
13216853
13212161
13207020
13211080
13216330
13218617
13211380
13213165
13219460
13202140
13213262
13210478
13212335
13206550
13203812
13218455
13214737
13212114
13218521
13215796
13215753
13219661
13208410
13210470
13201085
13212576
13214400
13209770
13212437
13212210
13214338
13212106
13218771
13215779
13201135
13219731
13214068
13207730
13218715
13218873
13205620
13207131
13212136
13215454
13215758
13213073
13214820
13215051
13214267
13208611
13212256
13201820
13208371
13206230
13208790
13218374
13205460
13215050
13206225
13218659
13201075
13218104
13213132
13214263
13211694
13212294
13212247
13201560
13219511
13215230
13211200
13218750
13216714
13206791
13214782
13212162
13212888
13218698
13210883
13219555
13211821
13203010
13208260
13207439
13202024
13212089
13219681
13211610
13218102
13211543
13214325
13206301
13218864
13211506
13211432
13205627
13219548
13211541
13219552
13214203
13213138
13219220
13215310
13212461
13214492
13215260
13212292
13219462
13215293
13202790
13208383
13212062
13218091
13219646
13210482
13218524
13212444
13206280
13212146
13214565
13218613
13216621
13219200
13205020
13201190
13209360
13218632
13210792
13219147
13215064
13207721
13218482
13218241
13206240
13207381
13212856
13211224
13215140
13208057
13207656
13216310
13208040
13210770
13211515
13211517
13211776
13216601
13213490
13218765
13212797
13201008
13212061
13213403
13207740
13210451
13214762
13205544
13215873
13216153
13214431
13203283
13203190
13216254
13218522
13214669
13201154
13214758
13212264
13214210
13219645
13210010
13214566
13209520
13203062
13209420
13206255
13215085
13219055
13214515
13212315
13210046
13212780
13214535
13212520
13210055
13218060
13212435
13212488
13218843
13212825
13212482
13212265
13216625
13211619
13211529
13201849
13203210
13212691
13216723
13205554
13214553
13212333
13218210
13205753
13211220
13212636
13218101
13214410
13218801
13218120
13210404
13218471
13210510
13209500
13214301
13214190
13209771
13218478
13203240
13206581
13206291
13212312
13201813
13215804
13209701
13214170
13203525
13215775
13218483
13211832
13218681
13216717
13211043
13213131
13213351
13219148
13206252
13219851
13207403
13218470
13203801
13214261
13218549
13213163
13212242
13216735
13210548
13212306
13214095
13214587
13212554
13202325
13219020
13213157
13214302
13210050
13212270
13201836
13209030
13215442
13208701
13218530
13211697
13215390
13210408
13211698
13216640
13212450
13211002
13214643
13216710
13210600
13214593
13214496
13211371
13205720
13210865
13211574
13214848
13208340
13201023
13209801
13214769
13217011
13212441
13215881
13212816
13219556
13205660
13207391
13207490
13206763
13206350
13203741
13208771
13218041
13215845
13203620
13211512
13212502
13218851
13218874
13206712
13216261
13216550
13201729
13201260
13211405
13218480
13210453
13205750
13210460
13206032
13219024
13203527
13201133
13208800
13201097
13213425
13214877
13219441
13218676
13212566
13207480
13213408
13218410
13219325
13202241
13214703
13218390
13218723
13211407
13218194
13214586
13214061
13214627
13212009
13206486
13218651
13211412
13202750
13214326
13216630
13214441
13214744
13212216
13219273
13216590
13215842
13216734
13203621
13210661
13213005
13212512
13218611
13218580
13213232
13207380
13211375
13207470
13216772
13212426
13202500
13219500
13219490
13210885
13202021
13201065
13201064
13207750
13207060
13206711
13212212
13206543
13210882
13201590
13203461
13210880
13202600
13218656
13208710
13212250
13215800
13214790
13213231
13210863
13216765
13215560
13206033
13203420
13203421
13203813
13216150
13201063
13212499
13203800
13213249
13219279
13219655
13219715
13219612
13219613
13218675
13218678
13212073
13218423
13206030
13214741
13218887
13219860
13218710
13203091
13207050
13214000
13216350
13214755
13214615
13214010
13205420
13214337
13213108
13211573
13206485
13214530
13214743
13205651
13214889
13218180
13214718
13215461
13218121
13219641
13219652
13210546
13211243
13203625
13215082
13210234
13212720
13208211
13212510
13213466
13218190
13218392
13218523
13202253
13215068
13219332
13214800
13213440
13209620
13210610
13209190
13201099
13209650
13210080
13211722
13212446
13218677
13207290
13214712
13215620
13215130
13214819
13214854
13214602
13211219
13203090
13212831
13211623
13210475
13203232
13202342
13206180
13203230
13211360
13218591
13205000
13205547
13211241
13213415
13219113
13201153
13201152
13212228
13215788
13215764
13201009
13201019
13209010
13209011
13201020
13208056
13201151
13212634
13212373
13205670
13214001
13202475
13207145
13210795
13205564
13213087
13214760
13211433
13206101
13212227
13215787
13218737
13215763
13212591
13214653
13218450
13201760
13211151
13206084
13209780
13208530
13214442
13203561
13205756
13212115
13214749
13218605
13203470
13202220
13206302
13210751
13211528
13218612
13211230
13214550
13211833
13214306
13212851
13214479
13219732
13214843
13212108
13209050
13212231
13215790
13215765
13201038
13215838
13218422
13214845
13214618
13219180
13218115
13206460
13215772
13218141
13212650
13218654
13216013
13203811
13205280
13214657
13212795
13212406
13211540
13215723
13214885
13212096
13211600
13212804
13203538
13211830
13201315
13213114
13214354
13213164
13213149
13211377
13211745
13201400
13205529
13214072
13214600
13210001
13212479
13210740
13214446
13214750
13206710
13203566
13213271
13216371
13216361
13219830
13210544
13205533
13214452
13214455
13218010
13218623
13212040
13211376
13210547
13215893
13206704
13206440
13202780
13215733
13214174
13216445
13211406
13201027
13201025
13201026
13219336
13211310
13211502
13211536
13212254
13219333
13207420
13211531
13211270
13218860
13219121
13201811
13214160
13214370
13214720
13212259
13214694
13201580
13211896
13212818
13214798
13216602
13214025
13216480
13216510
13210040
13210635
13210042
13218203
13202020
13203500
13201037
13213273
13213333
13214664
13206541
13209691
13210383
13201740
13213241
13201059
13201006
13201652
13202663
13211537
13216464
13212508
13207080
13213418
13218647
13207491
13218200
13212157
13207402
13214840
13212563
13212824
13205650
13218751
13205470
13207690
13201018
13203642
13211413
13213285
13215270
13202610
13218626
13219481
13218726
13214175
13213109
13214812
13214832
13210870
13219023
13210477
13214809
13217000
13219483
13202273
13211160
13215300
13212257
13208360
13218099
13214763
13208690
13215865
13212353
13212839
13215459
13215470
13213410
13214589
13211522
13211539
13205561
13216010
13213144
13208160
13213116
13211752
13205370
13216620
13219463
13208630
13219389
13206052
13211691
13219420
13206410
13214215
13218622
13214660
13201060
13219073
13202623
13218712
13211850
13215399
13215732
13215380
13219390
13212442
13208230
13206450
13201041
13210866
13212685
13202100
13203526
13216440
13212884
13218886
13219006
13210590
13214262
13212296
13212248
13207652
13218674
13214722
13218160
13211712
13203623
13203276
13216430
13212743
13203573
13214062
13214768
13207401
13212360
13208080
13215271
13211008
13212855
13213142
13211779
13219546
13218526
13211393
13202282
13218861
13211781
13215891
13219385
13216500
13216775
13214673
13207611
13210239
13201080
13212343
13216580
13213007
13206621
13214723
13210630
13214180
13216170
13211620
13212822
13215701
13206660
13202190
13218223
13201544
13206140
13210875
13210876
13210871
13206110
13214023
13210872
13203460
13211542
13219543
13202450
13206716
13218866
13213201
13215091
13210873
13212181
13214753
13201550
13206082
13211161
13201610
13203290
13205693
13214685
13206160
13203360
13206810
13213230
13219642
13210874
13202740
13201029
13218500
13212268
13212670
13216460
13214665
13212093
13211552
13219382
13201004
13214891
13212518
13212517
13211549
13211290
13202243
13216181
13206010
13206105
13211372
13214815
13210200
13210764
13212223
13216613
13215783
13214508
13211868
13212251
13213156
13218733
13218894
13214633
13214638
13214647
13211665
13213125
13201759
13215738
13214453
13212234
13218609
13219649
13201005
13201305
13203740
13218618
13212429
13218110
13219231
13207460
13212843
13215210
13212109
13203410
13208301
13203231
13214300
13201000
13209159
13214622
13212138
13218432
13208150
13202274
13213240
13215420
13212092
13206715
13215462
13214725
13214670
13212540
13212863
13203534
13203020
13212036
13216633
13205565
13214818
13205737
13219142
13214268
13218116
13219685
13211133
13216299
13214771
13218601
13208770
13214488
13216616
13202630
13215099
13212803
13211772
13218683
13213252
13201030
13209000
13209201
13209355
13212258
13212321
13212439
13212125
13212098
13207310
13202640
13203590
13209760
13205150
13218663
13206717
13203830
13203554
13205600
13216761
13218407
13214551
13203261
13201156
13216852
13201671
13201670
13215289
13203281
13214308
13206100
13216570
13216520
13216603
13212415
13207481
13216130
13212150
13203731
13214831
13216291
13214608
13212880
13214265
13213256
13212846
13211695
13205410
13214352
13212410
13208200
13211426
13212104
13208149
13207655
13212134
13214682
13214060
13211100
13213430
13215474
13218600
13218413
13214592
13213020
13213008
13218802
13214803
13208120
13215080
13215870
13213469
13218412
13216413
13219820
13203260
13215867
13219554
13208642
13212365
13218320
13212211
13218242
13203680
13207681
13218584
13218653
13212850
13218852
13212565
13214307
13219022
13203282
13210270
13201120
13202125
13205735
13214727
13218800
13214774
13218520
13213346
13213330
13201014
13201015
13214489
13214689
13218870
13212610
13214748
13214234
13206570
13210760
13212584
13212582
13211001
13216615
13212140
13218233
13211409
13216632
13212620
13218691
13219203
13201061
13203750
13219899
13201850
13218590
13212820
13215880
13218692
13214411
13215290
13214076
13218349
13214202
13203093
13218402
13212246
13218850
13213265
13201685
13214776
13213254
13215650
13214430
13211518
13214874
13202251
13202252
13203630
13214327
13214328
13202811
13206701
13214484
13214890
13216090
13219506
13217100
13207654
13218030
13201035
13213190
13214696
13213152
13210233
13202311
13215885
13214880
13209110
13207010
13218672
13209720
13210501
13218475
13214447
13212203
13218805
13214603
13215592
13205230
13210420
13214216
13209680
13210275
13208090
13201769
13211880
13212152
13219520
13202332
13201068
13207030
13214077
13212225
13205624
13212553
13219550
13215785
13211873
13212473
13218735
13215761
13214511
13214641
13214650
13218531
13207300
13212464
13203715
13205652
13210360
13211374
13218809
13212300
13219202
13212422
13216530
13215883
13211532
13211526
13206700
13219122
13215776
13214663
13213250
13211501
13208215
13218631
13218879
13212810
13211671
13211775
13212226
13205625
13215786
13218736
13214839
13214652
13214651
13207139
13203202
13212693
13219007
13215739
13211320
13215810
13219204
13202457
13207210
13213253
13212631
13201680
13212011
13218662
13219440
13206523
13215160
13212332
13212338
13202341
13201032
13201803
13207450
13216695
13218889
13201838
13214460
13215793
13213140
13207372
13212243
13203603
13201855
13218700
13218405
13214656
13201016
13216777
13207382
13206801
13206792
13213015
13214155
13205692
13214797
13205005
13207330
13203236
13213203
13212481
13212370
13210045
13210850
13215365
13202089
13219311
13214193
13202540
13218456
13208440
13219687
13208760
13208761
13205542
13212844
13203690
13205220
13212319
13219281
13212543
13214351
13211831
13214805
13203071
13215280
13207433
13216774
13214078
13212680
13218882
13208590
13216614
13215179
13213508
13210041
13202660
13201828
13206150
13219345
13205690
13215820
13209009
13215370
13215635
13212581
13206349
13211818
13211661
13211642
13219291
13218170
13216751
13201106
13208052
13215849
13201058
13218697
13215871
13205694
13209160
13212328
13216648
13205100
13210170
13214814
13212021
13212222
13212550
13219544
13215782
13218893
13214505
13211865
13218732
13205654
13215759
13214632
13214637
13214646
13219130
13211199
13207410
13211395
13212233
13215767
13207680
13216041
13216021
13212516
13218193
13212217
13201055
13207770
13211894
13205691
13216716
13206454
13214759
13214740
13207393
13216303
13211020
13211791
13214841
13214844
13216551
13216571
13219111
13212807
13211134
13214680
13201042
13212327
13215702
13216650
13214824
13218369
13212220
13212545
13210101
13219541
13214340
13215780
13218891
13214894
13214895
13214500
13211860
13213150
13218730
13216860
13210840
13215757
13214260
13214365
13213161
13215844
13214700
13219691
13214630
13214635
13214644
13214826
13216572
13215455
13216461
13206650
13201160
13219131
13208400
13213200
13203370
13213235
13214705
13214702
13214701
13214704
13214709
13214699
13214706
13214707
13214708
13214873
13219551
13205450
13215601
13212478
13211551
13214754
13212828
13218810
13211521
13218696
13218657
13218633
13214684
13215725
13212158
13214366
13212731
13217012
13213111
13212590
13202700
13202772
13203000
13203233
13203171
13216290
13201098
13214607
13201093
13212000
13219790
13219791
13219792
13219793
13207411
13215000
13218451
13206245
13214658
13215855
13215853
13215851
13215852
13215854
13215856
13214842
13212886
13215440
13214458
13201625
13212423
13202650
13210330
13208283
13203570
13214675
13209250
13214752
13214785
13205260
13218721
13212052
13202180
13213258
13210670
13208050
13219803
13214825
13214074
13215475
13218661
13201230
13207070
13212153
13212035
13214794
13216624
13203760
13208130
13218490
13218281
13211741
13211386
13210688
13203542
13203550
13211760
13203030
13202480
13213282
13206220
13219232
13201071
13216755
13211190
13205668
13218502
13218525
13218552
13214775
13212318
13209310
13212790
13212074
13214884
13216320
13212404
13216707
13216708
13218089
13214082
13216462
13211394
13212430
13202312
13214667
13212640
13218840
13201134
13203569
13207749
13202520
13211500
13206430
13215093
13206721
13213000
13203605
13212741
13205535
13212692
13219657
13206051
13213117
13219346
13218230
13212487
13213010
13212095
13218300
13211782
13218119
13201800
13214179
13218350
13216353
13212112
13219080
13216705
13202420
13202265
13202022
13211271
13212156
13218858
13217009
13217004
13218855
13217006
13218856
13218857
