17890404
17895502
17897140
17897090
17897048
17896010
17897062
17895308
17897076
17890008
17896002
17895342
17897288
17897092
17890240
17890202
17897428
17897116
17895504
17895120
17892102
17895352
17897508
17896000
17897402
17895002
17890356
17890358
17890376
17890402
17890380
17897046
17897022
17895344
17892106
17892114
17895350
17890292
17890254
17897262
17895048
17892142
17897070
17890406
17897086
17895330
17890007
17890074
17892118
17892048
17892004
17895128
17892120
17892030
17892024
17890011
17890078
17892124
17892052
17892008
17890360
17897160
17895040
17890290
17895316
17895046
17895336
17895034
17895560
17895500
17897172
17897170
17890216
17890047
17890288
17897510
17897100
17892146
17890029
17897014
17890234
17892150
17895332
17897018
17892158
17890286
17897312
17890280
17890270
17897038
17897314
17892108
17892038
17897500
17897032
17897512
17890294
17890005
17890072
17892134
17892046
17892116
17892002
17897252
17890408
17897424
17890388
17897194
17892154
17890262
17890374
17895122
17895100
17890296
17890256
17897426
17895312
17897124
17897112
17897104
17897072
17895012
17897040
17897110
17895338
17895020
17895558
17895516
17897192
17897182
17890410
17892032
17895306
17896004
17897132
17892140
17897016
17897280
17897058
17897700
17892100
17892034
17897096
17890366
17897122
17897060
17890298
17895016
17890300
17890258
17890412
17895340
17897706
17895126
17895102
17895346
17890222
17890041
17895310
17890206
17890064
17897266
17897702
17890049
17890244
17890214
17890268
17890372
17895304
17895356
17897064
17895010
17897310
17897268
17897506
17890086
17895014
17895358
17897068
17897190
17897142
17897150
17897184
17897108
17890362
17897404
17895004
17895108
17896012
17890264
17897300
17897294
17890045
17897004
17890350
17890218
17896008
17895110
17890386
17890384
17895006
17895018
17897416
17890013
17890080
17892130
17892054
17892126
17892010
17897158
17897302
17895556
17895518
17890204
17890242
17890250
17890434
17890390
17890400
17890420
17890354
17895036
17895554
17895520
17897030
17897024
17890252
17897504
17897052
17892104
17892036
17897020
17897304
17897282
17897050
17890021
17892062
17890200
17890092
17895552
17895522
17892042
17895124
17895136
17895550
17895524
17892040
17892136
17892112
17895548
17895526
17895106
17895112
17895530
17897084
17897002
17890066
17890414
17890368
17897136
17897200
17897176
17897156
17892064
17897514
17897106
17895528
17890302
17897414
17897054
17897080
17895030
17895022
17895042
17895572
17895508
17890090
17897074
17897066
17892156
17890370
17897406
17897270
17897042
17890033
17890230
17897010
17890430
17890428
17897264
17895322
17897198
17897178
17897154
17890284
17890282
17895008
17897174
17897098
17890031
17897012
17890432
17890232
17890003
17892044
17892000
17890070
17892020
17890266
17890051
17890246
17890212
17895000
17895570
17895510
17892110
17897094
17890304
17890260
17897260
17897088
17895354
17895566
17895512
17895314
17890017
17892058
17892014
17890084
17895302
17897114
17890037
17897006
17890226
17895038
17896006
17890019
17892060
17892016
17890088
17897152
17897196
17897180
17890039
17890382
17890224
17897102
17897036
17897034
17897044
17890418
17890035
17897008
17890426
17890228
17899899
17897422
17890009
17890076
17892132
17892050
17892122
17892006
17895032
17890210
17890248
17890053
17890060
17890438
17890424
17892018
17890023
17897138
17890364
17897082
17890001
17897000
17890068
17892152
17895132
17897400
17890422
17890436
17897318
17897316
17892066
17890208
17890062
17892144
17897134
17890043
17890352
17890220
17897430
17897502
17895334
17897704
17895574
17895506
17897412
17895104
17895130
17892148
17892138
17897120
17897292
17897130
17890015
17892056
17892012
17890082
17890416
17897320
17895320
17895348
17895044
17895300
17890027
17897290
17895134
17890025
17897056
17897286
17897420
17897410
17897408
17897250
17892700
17895562
17895568
17892702
17895542
17895544
17895540
17895564
17895546
17892022
