13613291
13616173
13615410
13611824
13611861
13610079
13612019
13617030
13617852
13611481
13611835
13610893
13610710
13615700
13616683
13612010
13610320
13611002
13610300
13611768
13611017
13610100
13611845
13610420
13614085
13611220
13616671
13617731
13615590
13617090
13611010
13616050
13611827
13617760
13613213
13611837
13611027
13615560
13616099
13611860
13615100
13611762
13611870
13617533
13617370
13610885
13617409
13612600
13613263
13614170
13615025
13617619
13614400
13612020
13615754
13617099
13617896
13611213
13610549
13617646
13617278
13616672
13610430
13612103
13616400
13611359
13615680
13611001
13611791
13617882
13611797
13613080
13611080
13616230
13611207
13617745
13610560
13614290
13610439
13611334
13615070
13615440
13611775
13613070
13615460
13615721
13610390
13611309
13610883
13613469
13612101
13614320
13613090
13615480
13610836
13616369
13617743
13613232
13617803
13615725
13612381
13617870
13610662
13615090
13617200
13616308
13611851
13612201
13617029
13617855
13611223
13617764
13611636
13610886
13611840
13612110
13615711
13614461
13612232
13612385
13612320
13615591
13617761
13615694
13617588
13611794
13611064
13614165
13616103
13615713
13610887
13615041
13611854
13610834
13617670
13617425
13614467
13615579
13611884
13617756
13617617
13610663
13612271
13611855
13614138
13615741
13610884
13611310
13615181
13617640
13613402
13613416
13611883
13610090
13616560
13617762
13613466
13611635
13617720
13617549
13615490
13615470
13611826
13615520
13617269
13611766
13617726
13615430
13616650
13612114
13610888
13611760
13617616
13614453
13616690
13612393
13610890
13616380
13615600
13612610
13613440
13612203
13614130
13611790
13613403
13617778
13612394
13610220
13617741
13617742
13617854
13616379
13613444
13617771
13613269
13617355
13610590
13611660
13615450
13617774
13611873
13610119
13611490
13615698
13615400
13617812
13611798
13610190
13615692
13611065
13616530
13616107
13611149
13613434
13610235
13612029
13617851
13612254
13612241
13610639
13611355
13611620
13611482
13616040
13617060
13615547
13614083
13613210
13616371
13612104
13611263
13613461
13611020
13611121
13611226
13612379
13613407
13617788
13614471
13610010
13611765
13616660
13617661
13614466
13610508
13615594
13614460
13616580
13613060
13616579
13611763
13610060
13614180
13616570
13614100
13611241
13614330
13612205
13617663
13616098
13615752
13617577
13617220
13613350
13617553
13616490
13613212
13617765
13610089
13611610
13615610
13611411
13615766
13610238
13613110
13617711
13611792
13612630
13612640
13610480
13610750
13616381
13610040
13613040
13611012
13613404
13611769
13616460
13616480
13611850
13611882
13617381
13616109
13616010
13617804
13617856
13610250
13616440
13610475
13614031
13610240
13617240
13612109
13610509
13612207
13612115
13616673
13617770
13613265
13611831
13611201
13610831
13615702
13616479
13616233
13611390
13617625
13617621
13616470
13611825
13614250
13612039
13612030
13611240
13614210
13611333
13614270
13613370
13617816
13610865
13611780
13616170
13611079
13614300
13617089
13613436
13613170
13617554
13611126
13610664
13615170
13610129
13611510
13617630
13612231
13617590
13610510
13610290
13613330
13616160
13610431
13617515
13614025
13611203
13616373
13613420
13613300
13613199
13615080
13616130
13610740
13617820
13617387
13612012
13611260
13613140
13617100
13612283
13611881
13617066
13611412
13610720
13616234
13617555
13614454
13610360
13616175
13617737
13617747
13617791
13613465
13615042
13615688
13611834
13615171
13611124
13616110
13611215
13616430
13610648
13617650
13617635
13614380
13616120
13611331
13615598
13610455
13616140
13611050
13615173
13611634
13614190
13617377
13612390
13614456
13610813
13612450
13611888
13613009
13615691
13614358
13612410
13610832
13610160
13615701
13611340
13613380
13617064
13613340
13614310
13615530
13616177
13617730
13615768
13615695
13614129
13611014
13616231
13617280
13611094
13615540
13614070
13613266
13617857
13615060
13612380
13610561
13616190
13615708
13616205
13616200
13616180
13611307
13617028
13610861
13611228
13616220
13616229
13617665
13617793
13617754
13617603
13610370
13617385
13610379
13614020
13611857
13615620
13610566
13615650
13610867
13610825
13613268
13612456
13612451
13613272
13610889
13613399
13617766
13613261
13610260
13611062
13610340
13610855
13610801
13617605
13613412
13617416
13612040
13611828
13616445
13614459
13611852
13610170
13612100
13613119
13610629
13616020
13616399
13616389
13615140
13613467
13616420
13616397
13612122
13615175
13617330
13611120
13617752
13612457
13617310
13612000
13611764
13614169
13617645
13617300
13610760
13611300
13617710
13617565
13611090
13613257
13614470
13616398
13611092
13617591
13611217
13610660
13610815
13612090
13613160
13614265
13612124
13612015
13611460
13617571
13616410
13610380
13611801
13617579
13610589
13616096
13610619
13611266
13617279
13616095
13614080
13611129
13612335
13617389
13615714
13615660
13616100
13610540
13610419
13615280
13613264
13615593
13610236
13612080
13610880
13617880
13613406
13617858
13617767
13617260
13617372
13613258
13617865
13617592
13610150
13615130
13617757
13617738
13614009
13611150
13610860
13610569
13617432
13613050
13610440
13617891
13615697
13617407
13615764
13617512
13616270
13610350
13617402
13617657
13616405
13611755
13617290
13617429
13610180
13617556
13615722
13617539
13611757
13611844
13615689
13617065
13617611
13614030
13610110
13614450
13617423
13616280
13612116
13616232
13613411
13617740
13611632
13611066
13617618
13615183
13610811
13617434
13615563
13611332
13617664
13613189
13617593
13610108
13615718
13614002
13614032
13614162
13614086
13617002
13615002
13616377
13617383
13617362
13617493
13616002
13610029
13610070
13617647
13617886
13614457
13617513
13617755
13615716
13614472
13614359
13611400
13611130
13611091
13611886
13617735
13615581
13614239
13613130
13611848
13611627
13611450
13611209
13617600
13617888
13611864
13614465
13615043
13614200
13611370
13617736
13610870
13611833
13613214
13617732
13617746
13614166
13611269
13615550
13612111
13617079
13617437
13617586
13617800
13615290
13611225
13611063
13610137
13615299
13613211
13614111
13617750
13614027
13614480
13617753
13613079
13610872
13611222
13612392
13611013
13612107
13613271
13614109
13610109
13611480
13610530
13610412
13612240
13614468
13614482
13610826
13611420
13611059
13611180
13614280
13611000
13617403
13610812
13611060
13617789
13617790
13611887
13611889
13610418
13614161
13617648
13611380
13612382
13611016
13615705
13610445
13615185
13611751
13613120
13617776
13617594
13612105
13617768
13617430
13615693
13617360
13610230
13613234
13617040
13617000
13612113
13611110
13617775
13610239
13617557
13617773
13615300
13611767
13614455
13617570
13617505
13615571
13615570
13613274
13617230
13617610
13612011
13613390
13612088
13613273
13617070
13615110
13611095
13617734
13617749
13611123
13612117
13614452
13611629
13617068
13614464
13617897
13611141
13610020
13612280
13617545
13610280
13613267
13613100
13610565
13615573
13613002
13612454
13614360
13617420
13617510
13616681
13617806
13611858
13617613
13617507
13615719
13611125
13611018
13615574
13617797
13615684
13617440
13616030
13617475
13612070
13610730
13617020
13611761
13613001
13617514
13617465
13610139
13616101
13613150
13617511
13615597
13617875
13614090
13617270
13611151
13615177
13617500
13617884
13611210
13615696
13612119
13617069
13617818
13617890
13615576
13612099
13617460
13613430
13616210
13613215
13610520
13611224
13612400
13615500
13616382
13610125
13611841
13611140
13610827
13610410
13613468
13614010
13614462
13617801
13615577
13612102
13611849
13614160
13611846
13615762
13617340
13611759
13612106
13611445
13611871
13617444
13614230
13610600
13616105
13617455
13617811
13617445
13613432
13611829
13610882
13617350
13610564
13613470
13612250
13614110
13613030
13617675
13617039
13612108
13610579
13617558
13613180
13611330
13612300
13613260
13613400
13610845
13615578
13613236
13613413
13612455
13611093
13616680
13614240
13613244
13611638
13611199
13613230
13613242
13616670
13611410
13615179
13614484
13610429
13610120
13615420
13611799
13617813
13617400
13616402
13615760
13617607
13617435
13617739
13617763
13617751
13613463
13612121
13616097
13610289
13615758
13611847
13610005
13617860
13617210
13611800
13611004
13617792
13617292
13615575
13615686
13611793
13612453
13617433
13612123
13617495
13615699
13617490
13610050
13613401
13617819
13612118
13611874
13612383
13616375
13615683
13610820
13615767
13617349
13617520
13613360
13610330
13612050
13610850
13617614
13617620
13613190
13613442
13616540
13610580
13611467
13613415
13613008
13611796
13617405
13615572
13610840
13611842
13614260
13610835
13617291
13617794
13611853
13611600
13617049
13611836
13617525
13615549
13617587
13612310
13611369
13614451
13615298
13612282
13611205
13616682
13611165
13611015
13617772
13612270
13611430
13615740
13612038
13610397
13615630
13615210
13610690
13614350
13612334
13617530
13610649
13616520
13612060
13615429
13614060
13615040
13616080
13610080
13612330
13610200
13610130
13611440
13611479
13613005
13611395
13611885
13612272
13615609
13611821
13613192
13611822
13611211
13614463
13613414
13617850
13612331
13614469
13612049
13612605
13610562
13610399
13615690
13617769
13610499
13617572
13613019
13611028
13610295
13617853
13611795
13611468
13615548
13615030
13611061
13617010
13613262
13610567
13612089
13610310
13616684
13615595
13610215
13610700
13624899
13615640
13610470
13613238
13615120
13617289
13614084
13615582
13611320
13610661
13613405
13611335
13613000
13612602
13617722
13615750
13615712
13612120
13615297
13611469
13611750
13612230
13611770
13617649
13617821
13613462
13611470
13611631
13611639
13611832
13612333
13612112
13617822
13614458
13611830
13617540
13611650
13617427
13612332
13611865
13613410
13610570
13617802
13611637
13611859
13610894
13617067
13616450
13616090
13617805
13610830
13616691
13613240
13611336
13617379
13615685
13615687
13613331
13615564
13615583
13613460
13617733
13615010
13611365
13611633
13612452
13615670
13610411
13617559
13610810
13610450
13612281
13610398
13616150
13615510
13616390
13611485
13611011
13612252
13615562
13613471
13613256
13611862
13611122
13612460
13613438
13617480
13614150
13611630
13610296
13611413
13611823
13611820
13610881
13614340
13614370
13610895
13613464
13615050
13615020
13617615
13610030
13614140
13617560
13615270
13615730
13615731
13610210
13615732
13615720
13617589
13615723
13616443
13615678
13615724
