18686360
18682853
18686385
18683611
18682775
18688024
18682490
18683835
18683730
18682581
18682518
18685540
18685265
18685830
18681430
18681163
18681852
18685740
18684490
18682358
18682770
18682763
18683143
18681240
18684530
18684564
18684728
18684622
18683772
18685710
18680200
18684480
18686433
18686462
18685060
18684664
18682781
18683732
18684140
18686493
18684738
18682180
18681650
18685832
18681480
18682280
18680620
18682773
18680550
18680697
18680044
18685760
18682893
18683748
18682250
18682620
18681610
18682583
18682514
18685260
18684570
18681410
18681160
18684672
18684720
18684612
18684540
18684578
18682480
18682560
18680240
18683330
18686434
18684680
18682766
18684696
18680420
18680706
18686405
18682892
18683746
18682746
18685310
18682754
18686368
18683752
18680190
18682886
18682742
18685131
18682043
18680010
18683060
18682880
18688032
18688026
18686362
18682846
18682722
18686361
18682110
18685861
18682779
18683010
18688004
18682600
18684654
18686335
18684050
18682761
18685210
18685898
18682508
18684040
18682630
18686451
18682877
18681720
18684574
18684536
18683842
18683755
18683790
18682023
18686386
18684538
18684610
18684576
18686511
18680704
18680430
18681170
18682320
18684550
18685170
18686090
18685370
18685894
18680100
18682020
18682112
18682122
18682152
18680210
18684070
18680390
18682240
18682844
18682720
18682351
18682355
18685550
18685640
18682357
18681873
18685720
18685730
18688048
18682510
18684200
18685133
18683590
18684560
18686363
18683804
18685110
18685834
18683778
18681600
18682745
18683820
18686403
18686367
18683831
18686392
18686417
18686505
18682878
18686330
18685750
18685292
18681490
18683200
18683350
18680250
18684706
18681871
18681440
18682362
18680520
18680698
18681400
18682643
18683400
18681680
18681151
18681120
18686406
18685630
18682810
18684746
18685860
18684532
18686476
18686391
18682591
18682512
18683800
18686110
18686452
18684100
18682710
18686337
18684660
18688008
18686387
18685610
18683840
18680692
18688006
18688016
18683500
18683573
18683594
18682349
18682361
18682572
18682635
18682701
18682621
18682060
18683391
18683380
18683335
18685430
18681153
18681140
18683133
18682749
18684160
18682795
18682348
18682410
18680330
18682804
18685620
18683560
18685460
18682340
18686437
18686464
18685530
18683740
18682800
18680450
18683720
18685200
18685440
18681620
18681164
18685139
18684460
18681084
18681150
18682719
18686290
18684150
18681167
18682290
18686260
18683214
18685120
18686388
18683430
18683470
18683576
18680500
18680702
18683410
18680460
18684676
18684510
18683211
18682777
18682073
18682310
18682380
18682363
18682789
18682790
18683742
18682345
18680691
18686521
18685510
18685851
18681450
18685137
18686453
18686369
18682506
18684688
18686517
18685670
18685420
18681053
18681856
18681760
18680174
18680172
18680650
18685520
18682820
18681850
18682757
18686190
18684554
18684556
18684030
18684562
18684614
18682861
18686520
18681560
18686220
18682580
18684210
18684130
18680220
18683814
18686515
18686485
18685320
18685790
18683440
18686482
18686454
18684686
18682845
18685450
18683630
18685848
18686474
18684180
18684330
18682005
18685138
18681080
18685896
18684260
18684642
18682862
18686463
18684120
18682756
18684000
18684290
18682874
18684270
18680380
18683834
18683757
18683794
18685785
18683220
18680360
18683592
18685690
18682170
18684190
18684470
18684060
18684616
18685810
18684730
18682211
18681830
18681114
18681035
18680160
18686404
18680230
18683480
18683571
18684742
18686150
18684280
18681036
18681113
18683490
18683572
18683596
18684340
18686436
18682587
18686491
18682753
18683750
18682190
18686407
18686384
18688010
18681200
18685300
18683180
18686390
18682744
18683727
18683721
18681730
18684670
18681420
18683530
18683582
18683570
18681350
18681030
18681112
18681081
18681155
18685560
18681800
18684620
18682041
18680020
18685050
18685090
18683290
18683260
18680590
18685570
18682150
18682760
18682450
18682430
18682364
18682400
18682230
18686070
18684320
18684678
18681770
18681740
18686470
18683300
18680403
18681862
18686495
18680042
18684400
18681390
18682593
18682504
18686130
18683230
18685470
18684300
18686456
18685700
18681630
18681230
18682875
18680523
18682768
18682890
18682724
18685780
18681340
18684080
18683520
18683575
18683581
18683593
18683722
18680080
18682040
18684624
18685330
18685390
18683150
18682390
18685680
18682470
18682420
18682341
18686331
18681110
18685650
18686512
18683140
18683240
18680533
18682740
18686500
18686365
18683753
18685099
18685422
18685505
18686435
18682271
18684630
18681840
18680047
18683736
18685893
18686050
18682870
18686431
18681033
18684410
18685350
18683550
18682876
18684600
18682215
18682774
18683806
18688014
18683784
18686366
18684493
18682610
18681210
18684001
18683375
18681111
18682700
18684552
18685891
18682090
18683812
18680070
18682050
18683591
18684020
18680090
18682030
18682871
18684350
18682716
18684010
18682769
18682360
18686499
18681470
18682100
18684628
18682772
18682830
18682894
18682759
18681874
18685150
18683774
18680410
18685135
18686413
18684684
18683420
18682220
18681320
18685800
18682747
18683776
18684712
18684724
18682300
18682803
18686487
18682057
18683360
18686458
18685250
18681161
18685100
18685890
18681860
18683340
18686459
18688036
18688018
18684572
18684534
18682217
18681027
18686508
18686418
18686514
18681116
18682070
18682771
18681872
18682841
18684722
18688028
18688044
18688038
18682713
18683751
18684170
18685892
18682782
18681570
18686280
18683160
18683738
18682801
18686460
18681025
18685020
18688050
18681660
18684734
18684644
18685745
18685795
18681330
18684110
18682778
18685889
18684636
18682347
18682356
18685283
18683413
18682834
18685136
18685833
18680320
18684682
18684568
18685400
18682585
18682516
18682335
18684634
18682751
18682576
18683090
18682595
18682502
18683580
18681115
18683734
18681181
18686060
18684662
18681180
18683063
18686000
18683210
18685290
18685340
18686080
18686200
18684632
18685775
18686414
18686422
18685123
18685160
18684220
18685140
18682650
18682758
18685380
18683320
18682843
18682575
18682570
18685580
18685230
18682550
18681010
18681082
18681154
18681710
18683540
18682891
18683744
18680173
18684090
18684652
18680350
18685130
18686465
18682353
18680480
18683810
18682033
18686010
18682764
18684740
18681854
18684694
18684710
18686506
18683770
18686408
18686497
18686472
18684700
18684648
18682330
18686478
18686432
18686461
18683808
18682873
18682752
18686300
18683780
18680170
18684658
18686020
18682836
18680540
18680696
18682140
18684650
18683839
18684708
18684704
18685220
18684558
18684520
18682806
18685590
18681790
18682160
18682743
18683818
18683830
18686502
18686402
18686364
18681165
18684744
18684656
18680530
18680695
18682350
18686439
18682370
18682460
18682275
18685180
18686523
18683393
18685280
18686509
18683832
18686383
18686370
18686419
18686489
18681853
18680400
18682762
18684143
18682860
18683216
18681857
18683050
18686457
18683838
18688030
18686310
18682346
18685240
18681220
18686040
18680440
18680048
18682200
18683323
18686100
18680120
18682000
18683600
18685770
18682852
18686210
18682210
18681855
18684618
18681863
18682741
18686401
18683816
18682847
18681875
18681380
18682765
18686170
18684450
18682359
18686480
18686438
18686466
18686160
18686320
18683729
18680666
18686001
18682130
18682120
18681190
18682048
18685013
18681020
18683786
18681360
18681162
18681168
18686250
18680180
18682063
18686270
18685600
18680640
18680694
18680600
18680700
18680510
18682342
18685030
18680340
18681000
18682540
18688012
18681750
18681023
18681690
18683030
18680049
18680171
18686180
18681780
18682851
18680370
18683782
18686140
18686120
18683170
18683130
18680110
18682010
18684640
18684674
18684698
18685040
18680490
18680470
18680050
18682045
18683310
18683450
18681640
18684310
18682203
18682216
18688042
18680402
18685190
18682597
18682500
18681670
18685360
18681166
18681090
18684240
18680150
18681038
18680030
18683212
18683726
18683510
18683574
18683595
18681700
18680060
18686420
18683788
18683754
18686484
18686455
18683080
18683390
18680660
18680630
18682270
18683610
18680130
18686410
18686524
18685070
18683802
18682660
18683455
18685850
18681890
18680680
18682872
18682273
18682055
18687899
18689899
18685480
18682670
18682080
18683471
18684380
18683351
18688040
18682611
18686030
18682726
18682776
18686333
18683250
18684692
18680610
18682042
18680005
18683000
18683620
18682767
18686230
18682842
18683723
18683040
18680140
18683270
18684726
18682365
18682589
18682343
18682354
18683836
18683756
18683792
18685080
18682053
18684702
18683724
18683725
18685895
18682640
18683070
18688020
18685410
18681152
18681130
18684230
18684440
18682047
18683370
18683205
18685270
18685490
18682352
18682344
18682366
18682440
18682530
18685500
18684500
18684390
18682728
18681851
18682832
18682884
18686503
18680693
18685897
18684736
18684626
18685660
18684566
18682748
18684690
18680046
18684638
18681858
18684360
18686240
18684250
18688046
18688034
18683190
18681037
18680040
18683373
18684430
18683020
18682046
18683371
18684420
18686421
18684732
18684646
18681870
18681055
18681861
18682260
18681753
18681460
18686518
18681859
18683843
18684370
18688000
18688022
18688002
