18780046
18780352
18780322
18788022
18780040
18780035
18780042
18780314
18788030
18780027
18780404
18782038
18780318
18780302
18780390
18788006
18780052
18782004
18782046
18788026
18780214
18780312
18780033
18780424
18782102
18780029
18782014
18782000
18780088
18780062
18780202
18780428
18780021
18780048
18780348
18780326
18782040
18780206
18782128
18780388
18788024
18780402
18780386
18782124
18780204
18780316
18780306
18782002
18780356
18780360
18780380
18780370
18780056
18780098
18780420
18780340
18780410
18780334
18782010
18780224
18780346
18780328
18780304
18780382
18782110
18780374
18780013
18780070
18780300
18780200
18780080
18782100
18780358
18782121
18780216
18780430
18782120
18780426
18780096
18782034
18782106
18780208
18782018
18780212
18782104
18780308
18780394
18780011
18782118
18782012
18782108
18780398
18782042
18782044
18782116
18780017
18782048
18780372
18780422
18782030
18780400
18780392
18780210
18780009
18780082
18780068
18780432
18780434
18782126
18780023
18788020
18788012
18784018
18780005
18782114
18780218
18780406
18782036
18780044
18784020
18780354
18780320
18780054
18780342
18780332
18780094
18780310
18780031
18780086
18780064
18788028
18788010
18788000
18782112
18780001
18780092
18780058
18780003
18780090
18780060
18780222
18780007
18780066
18780084
18780050
18780344
18780330
18782020
18780025
18780396
18780100
18788008
18780102
18787899
18789899
18780408
18780015
18780350
18780324
18780019
18782122
18780384
18780220
18782016
18788002
18788004
18782032
18784006
18784000
18784030
18784028
18784026
18784024
18784022
18784002
18784004
18784008
18784010
18784012
18784014
18784016
18784032
