15845418
15845386
15845113
15845408
15846022
15846042
15845330
15845340
15846064
15846030
15845025
15845402
15845306
15845324
15845300
15845100
15845142
15845110
15846034
15845122
15846012
15846020
15845009
15845106
15845020
15845312
15845320
15845140
15845117
15845126
15845404
15845154
15845144
15845164
15846016
15845114
15846054
15846040
15845368
15845304
15845023
15846018
15846056
15846038
15846014
15845162
15845112
15845410
15845015
15845384
15845118
15845124
15846052
15845035
15846024
15845414
15845326
15845017
15845406
15845001
15845158
15845029
15846010
15846044
15846050
15845104
15845150
15846002
15845033
15845102
15845322
15846032
15846036
15846062
15845388
15845400
15845362
15845356
15845308
15845299
15845148
15845416
15845390
15845146
15845152
15849899
15845007
15845382
15845011
15845412
15846058
15845310
15845342
15845013
15845364
15845003
15845116
15845120
15845027
15845156
15845360
15845392
15845358
15845302
15845370
15845380
15846060
15845005
15845160
15845021
