17527440
17527530
17526590
17523592
17511391
17510060
17533410
17522120
17533326
17523872
17521370
17524115
17527365
17527560
17502400
17532049
17507420
17502390
17532037
17505203
17527120
17511050
17511701
17525180
17511746
17519140
17520246
17516593
17512856
17522500
17518004
17520200
17506330
17533482
17530007
17526230
17526696
17527290
17514270
17524116
17510180
17518024
17514750
17502210
17539142
17510413
17512110
17516055
17503173
17533113
17526818
17516340
17514559
17502276
17523351
17501530
17500160
17512743
17511743
17505510
17512776
17505250
17527310
17520110
17521360
17511829
17516787
17524111
17533310
17502230
17512864
17526740
17527390
17533484
17512151
17525181
17533452
17516805
17521290
17520010
17519480
17502530
17523530
17516743
17523750
17520183
17521390
17524070
17514566
17505210
17521182
17505470
17518035
17505460
17511460
17523208
17525455
17519033
17501230
17518015
17526580
17520260
17527280
17507105
17521577
17512809
17520610
17516822
17527607
17512769
17526560
17507610
17526702
17521622
17523871
17526440
17514500
17533133
17533007
17514881
17533202
17523875
17514823
17522560
17512153
17504031
17515270
17501100
17503310
17533223
17511172
17512819
17510070
17510320
17526460
17511723
17520080
17524170
17511171
17516813
17510417
17511335
17527656
17523342
17511333
17516636
17515370
17523490
17525430
17521080
17503262
17527622
17533115
17511250
17511742
17509120
17515160
17514556
17527642
17511771
17512030
17521559
17511768
17511801
17520250
17522680
17510415
17512831
17523770
17522837
17522103
17522520
17503160
17513340
17516080
17526450
17523660
17516628
17516630
17532016
17512731
17523280
17512791
17526512
17533470
17512650
17502520
17512815
17516758
17502551
17516552
17526814
17533391
17526819
17509200
17515020
17533130
17533016
17514867
17510391
17533043
17515400
17513430
17526748
17514260
17524100
17521330
17519270
17513020
17527670
17523893
17525400
17533358
17522490
17522580
17516730
17507690
17509350
17514700
17523730
17521320
17512770
17504175
17523070
17505140
17526687
17516680
17511835
17507301
17511837
17523866
17522835
17523700
17539126
17519420
17523410
17512580
17514571
17513350
17516520
17522681
17520540
17522790
17527420
17511780
17527620
17527431
17512732
17520130
17518002
17512821
17511872
17512868
17512898
17526800
17512807
17506490
17527692
17512130
17501470
17500070
17504020
17506040
17507050
17507220
17516320
17511767
17525140
17505240
17533467
17514554
17526775
17521270
17501280
17516808
17533387
17527658
17516024
17519181
17526686
17513540
17506400
17514747
17521616
17521260
17533246
17504150
17512010
17524112
17516683
17504210
17502253
17523897
17512775
17512758
17527612
17519342
17523450
17524090
17533055
17521618
17523050
17512610
17526787
17526470
17533312
17506500
17526200
17527618
17533498
17511520
17518030
17533389
17527090
17519170
17511773
17521551
17515001
17526769
17516783
17519320
17525110
17511413
17505366
17533170
17504090
17515310
17523420
17524120
17519482
17520350
17527660
17521250
17513070
17507290
17526710
17516612
17523330
17539150
17535076
17521710
17511691
17514360
17533407
17527602
17526610
17518014
17514600
17506160
17511860
17511756
17521240
17516823
17522430
17527574
17511882
17535029
17506230
17516040
17524020
17526693
17523861
17516614
17520460
17539120
17511313
17521230
17533295
17514520
17512875
17527040
17506240
17510160
17533494
17523553
17525420
17523859
17511766
17512818
17526290
17527561
17511665
17525360
17523016
17533512
17511425
17511410
17513380
17525390
17533440
17519450
17514640
17518026
17521500
17512540
17523013
17524114
17510370
17533324
17511764
17513323
17527666
17523720
17527625
17533332
17521420
17503202
17533437
17526744
17505382
17512670
17539118
17526692
17527643
17523080
17512756
17507393
17526815
17525210
17507250
17500190
17504086
17502540
17514841
17533406
17519254
17533254
17512047
17500170
17504084
17526817
17514810
17539068
17526820
17533468
17511337
17511339
17523591
17505280
17526434
17522140
17523820
17533445
17526694
17523790
17511348
17500130
17527230
17526436
17516490
17512370
17511240
17526570
17522450
17505612
17512522
17525457
17512020
17511865
17524190
17511399
17525370
17533461
17523650
17502242
17533533
17504402
17519740
17519700
17514882
17514813
17512816
17501220
17513300
17527380
17506430
17501210
17502283
17526600
17522160
17516033
17511721
17519340
17521076
17519310
17500230
17512834
17512872
17525504
17535004
17518013
17514062
17519540
17521560
17519750
17533320
17520248
17521181
17519101
17527450
17527533
17526838
17526843
17526840
17507560
17526844
17501080
17509150
17516831
17516032
17520303
17501090
17500093
17503200
17514883
17523570
17509260
17509315
17524380
17523451
17514530
17515290
17506280
17511315
17516784
17511751
17506190
17505200
17507260
17511091
17525451
17526801
17514868
17510083
17511530
17513100
17507330
17511540
17533314
17521556
17514863
17506390
17525260
17511800
17505390
17512729
17514350
17530028
17512043
17505466
17516742
17516608
17533443
17527686
17535038
17521712
17520520
17522670
17522510
17525505
17522460
17512853
17527662
17533492
17519260
17523170
17511757
17501200
17506001
17524101
17526730
17507071
17521490
17515350
17512270
17507103
17533061
17509006
17515023
17521410
17520574
17512400
17513263
17513190
17504075
17510416
17502300
17502060
17504040
17511040
17506290
17502270
17512470
17501180
17516034
17509052
17539007
17539152
17539100
17539090
17510404
17505110
17527619
17516026
17526842
17511510
17516270
17503250
17505362
17513590
17516750
17505530
17511737
17526839
17526833
17527460
17525463
17512155
17514140
17519300
17525040
17523390
17503100
17526550
17503030
17502274
17522240
17510251
17506474
17507150
17504256
17513220
17513080
17515180
17537013
17519060
17500250
17504083
17520120
17513120
17514869
17533191
17512850
17515040
17514567
17502080
17507190
17502090
17500200
17504087
17514694
17514525
17515090
17519255
17516723
17515240
17516190
17523640
17522271
17503093
17518039
17526777
17521173
17501000
17500030
17512734
17519680
17522599
17516727
17519256
17533398
17510419
17520244
17512051
17507670
17505337
17527001
17526660
17504255
17512120
17520280
17503265
17527694
17522330
17521555
17514821
17505368
17526824
17526813
17526540
17514830
17512861
17502290
17516789
17515300
17503280
17539010
17539053
17526767
17521700
17506000
17507000
17539022
17500240
17504089
17524430
17502580
17503041
17502051
17504080
17505354
17520630
17502420
17514572
17523517
17514620
17533148
17527690
17520571
17511884
17514842
17526020
17506295
17502170
17507283
17505465
17504100
17503060
17501201
17523593
17523780
17520190
17507705
17523003
17523894
17515450
17509005
17537004
17527510
17501270
17525472
17504013
17525462
17514548
17511892
17514801
17512726
17516792
17527631
17533499
17525240
17515460
17516260
17533420
17521480
17522110
17527664
17519120
17515440
17519400
17512867
17516745
17516550
17524117
17520555
17510013
17505613
17514200
17516627
17525150
17523892
17533355
17523007
17511173
17516795
17521110
17524150
17527698
17519223
17504063
17526847
17501520
17514884
17511360
17502053
17504060
17502150
17502160
17503170
17532061
17502340
17532043
17512180
17516050
17523008
17520243
17515200
17513330
17521190
17525459
17507550
17507130
17521533
17514590
17503190
17532052
17521636
17521552
17511894
17511857
17504130
17526030
17523203
17526699
17526810
17532200
17511741
17512792
17533371
17533416
17533481
17533521
17526437
17527617
17523865
17511317
17516606
17509310
17514544
17511273
17516230
17523024
17505360
17522100
17510390
17514340
17512838
17526700
17514535
17519490
17516818
17516794
17521634
17514547
17501110
17505338
17510418
17512523
17527353
17516622
17510451
17516070
17518034
17511695
17514310
17519751
17522830
17514697
17523850
17527667
17506360
17524109
17527480
17525469
17512157
17516721
17516637
17523519
17512430
17523100
17516021
17516362
17514555
17519344
17523775
17519350
17514480
17514880
17512720
17511740
17527688
17523009
17516025
17511867
17518029
17507450
17511183
17522260
17511820
17514695
17533411
17521210
17523161
17523012
17523000
17512841
17516240
17511030
17514563
17511500
17511745
17512170
17527030
17532065
17516804
17511417
17511754
17505490
17514430
17522740
17533412
17514474
17512808
17533471
17511896
17535007
17515430
17514000
17527070
17514510
17522270
17527672
17510395
17530010
17512700
17511772
17533079
17524450
17520310
17512828
17505352
17516685
17521612
17524160
17519412
17511725
17514710
17501430
17527613
17514549
17507350
17512521
17512260
17533351
17514760
17512858
17539148
17539116
17523006
17518028
17520440
17523642
17521620
17533465
17512895
17535053
17527696
17535032
17511744
17523511
17516825
17533357
17512772
17513140
17539108
17512159
17513550
17533464
17527684
17514380
17503080
17520290
17525090
17512835
17513030
17515340
17533496
17533503
17523560
17526220
17510380
17522180
17511750
17523885
17507251
17527270
17527003
17523400
17505320
17502510
17511020
17514070
17527562
17511320
17505386
17511696
17533402
17516000
17512320
17520030
17516450
17525458
17533034
17513290
17521430
17523550
17525173
17511396
17511878
17511849
17533073
17522470
17506180
17526070
17518012
17523857
17518007
17505376
17512050
17513060
17520340
17519610
17511876
17510290
17504270
17520050
17510407
17533399
17533419
17533527
17504250
17505348
17524311
17504405
17523200
17522380
17512778
17513470
17511898
17539056
17539110
17516363
17512737
17503290
17520230
17533336
17533487
17533536
17509330
17505525
17501190
17533121
17533025
17533235
17514013
17516619
17539146
17539114
17521120
17511793
17511363
17516041
17506320
17524370
17516829
17527604
17511726
17512788
17524021
17507281
17523001
17519240
17523822
17523110
17502277
17523852
17524180
17533380
17513145
17512163
17518032
17523190
17533318
17516690
17504401
17513320
17505260
17503050
17506440
17512865
17514843
17525453
17511739
17522610
17521220
17527615
17518009
17511120
17532025
17512836
17527400
17501442
17526510
17516635
17533448
17507700
17501350
17519020
17523206
17522080
17511692
17501380
17526410
17507685
17505522
17519500
17505333
17518042
17516816
17507355
17533539
17520330
17504260
17511720
17511397
17523380
17511874
17526480
17505528
17521090
17504170
17514330
17521455
17521594
17514061
17514012
17522350
17516200
17516653
17512060
17533354
17527577
17514170
17512603
17520573
17533394
17512290
17511395
17506170
17501020
17523250
17514370
17511845
17533442
17506380
17511414
17511398
17516687
17505523
17526620
17504403
17514560
17526650
17507252
17523810
17506460
17516626
17523864
17523800
17533428
17512608
17533455
17501013
17511734
17524420
17516310
17525060
17501150
17525050
17502280
17514864
17516650
17500100
17502030
17523005
17511150
17513130
17511160
17502380
17520570
17516751
17510409
17511401
17533454
17516693
17506161
17533356
17514011
17523868
17533414
17533514
17533544
17510300
17513520
17523510
17513460
17524240
17520320
17512745
17526736
17524230
17533328
17521599
17532031
17502370
17523004
17533540
17505270
17530004
17516370
17511787
17523440
17520245
17523220
17512874
17502410
17532010
17523858
17506450
17525290
17502330
17509140
17501030
17539019
17510410
17511402
17507110
17514885
17502180
17533280
17522144
17519250
17533528
17525450
17526850
17514573
17515210
17511080
17514568
17502560
17524330
17522210
17513310
17526853
17514122
17514565
17504200
17526849
17513090
17519345
17512889
17514680
17527644
17516470
17521280
17520001
17527432
17511547
17512100
17510050
17507380
17526852
17512897
17533466
17511687
17511833
17516620
17539065
17520620
17506300
17515410
17513322
17514410
17514557
17512878
17539004
17512280
17511785
17520430
17514670
17533491
17514471
17523270
17512746
17516390
17504180
17526681
17509300
17510040
17519321
17523060
17526080
17514281
17512804
17512161
17511110
17527350
17527623
17526340
17523300
17518027
17510412
17511403
17520040
17516695
17526100
17505030
17516615
17512787
17527632
17511392
17501400
17523275
17511319
17525461
17511864
17519221
17527220
17516011
17503032
17521561
17535072
17533378
17519150
17519251
17516802
17514030
17532040
17502310
17519222
17533142
17523460
17513160
17511545
17510015
17526231
17523795
17505300
17525000
17521574
17511390
17503070
17515330
17514886
17502271
17511450
17527110
17512363
17511843
17515480
17516786
17507410
17533286
17526779
17512390
17526823
17526827
17509100
17526822
17509040
17510020
17509051
17514693
17510250
17523029
17502480
17509210
17514150
17526520
17512871
17511121
17512839
17522533
17516368
17527300
17512200
17512250
17539059
17516801
17501540
17527575
17526513
17514541
17506470
17521310
17520000
17512480
17522250
17515030
17516824
17523253
17533513
17520140
17533377
17523500
17514532
17519190
17526432
17512742
17507360
17512869
17512899
17505040
17514574
17525465
17503010
17533395
17501240
17532004
17533379
17522020
17519510
17513420
17518011
17512620
17523341
17533472
17510530
17521440
17512854
17502401
17516800
17516820
17525456
17514844
17507490
17516809
17522550
17518031
17523019
17514569
17526835
17513110
17526832
17533422
17513170
17503240
17512736
17527160
17519211
17533058
17533070
17522831
17523882
17511640
17511123
17533322
17533352
17516595
17526697
17526320
17512855
17526435
17512862
17522710
17521704
17522390
17514473
17527190
17514692
17522590
17512812
17512230
17533243
17521180
17502501
17527652
17511394
17510450
17512884
17512759
17507353
17516697
17505335
17524113
17523130
17533458
17512530
17539134
17513210
17511290
17506070
17514180
17522700
17523876
17523823
17512350
17533374
17514862
17523889
17520420
17509320
17511130
17512596
17507620
17526790
17533401
17505480
17505000
17503182
17506480
17527370
17526433
17520572
17516832
17539130
17526380
17523026
17506420
17504407
17527060
17505346
17522760
17525380
17526671
17533486
17533537
17512310
17513250
17521073
17520251
17523855
17525350
17520600
17519590
17514490
17533427
17525220
17516740
17520240
17522363
17519780
17525320
17533045
17539028
17539050
17512761
17533421
17533185
17512728
17525250
17513270
17523014
17523452
17512806
17516440
17533283
17512525
17526714
17523131
17539136
17522090
17519460
17533085
17519160
17521532
17521562
17522290
17523888
17524140
17527050
17515305
17516731
17506130
17504072
17504400
17520003
17522770
17514400
17505020
17512340
17533510
17533502
17506200
17513280
17539062
17526360
17504110
17516747
17527564
17521100
17514470
17514440
17518006
17533179
17505364
17521450
17507020
17520590
17519580
17511191
17523180
17533353
17521150
17512190
17524410
17526270
17516729
17518019
17507010
17516330
17502220
17501015
17502070
17512550
17505378
17533525
17533052
17539112
17516833
17505342
17516725
17501340
17521576
17535041
17512300
17527565
17514103
17535047
17516010
17511769
17510295
17514752
17511763
17509004
17513230
17527669
17501570
17502010
17512210
17510310
17505120
17516220
17521300
17535050
17512893
17512722
17512750
17515060
17507395
17533240
17507102
17510408
17521140
17506410
17511060
17514265
17523794
17526803
17516540
17503002
17527005
17527673
17516724
17522273
17523470
17500180
17504085
17526761
17525230
17519470
17512844
17521714
17516460
17510081
17533495
17512595
17511693
17518036
17514855
17516605
17521575
17506090
17523028
17523002
17511694
17507680
17511866
17514460
17535059
17535010
17533232
17514014
17522370
17520180
17521505
17522640
17520160
17511663
17516812
17516594
17524220
17516420
17519100
17512604
17521400
17539132
17512124
17516480
17505336
17523600
17526756
17533381
17514450
17525170
17512890
17514017
17535070
17512740
17524121
17510510
17533441
17523209
17504220
17512826
17504406
17511393
17511323
17511697
17516715
17516646
17512885
17526500
17514531
17525063
17514553
17519220
17522650
17505060
17511490
17516530
17516699
17512510
17526690
17511660
17533226
17533388
17514546
17521175
17521401
17516754
17533531
17512894
17521572
17516782
17533384
17516826
17533425
17533289
17505344
17511731
17516611
17533489
17533534
17533408
17502250
17527610
17527573
17523260
17507255
17512883
17502500
17511698
17512757
17505500
17527614
17527563
17503270
17504120
17533507
17505070
17523018
17533424
17533505
17506080
17533385
17527130
17533432
17512033
17539103
17516609
17512811
17526685
17512857
17522141
17505384
17523883
17512859
17539140
17512524
17527240
17511753
17501300
17512733
17512768
17512781
17514090
17521624
17516830
17514542
17522190
17515230
17516180
17523710
17527570
17503090
17511300
17518041
17532028
17526848
17527210
17533532
17511861
17533396
17514870
17511762
17526834
17539138
17522693
17512845
17513240
17526789
17535044
17519730
17503180
17502550
17507630
17510411
17535035
17521176
17522832
17516752
17516601
17507470
17516600
17522840
17505618
17533463
17526695
17519390
17512500
17533182
17525080
17521350
17516759
17512882
17510414
17505481
17521630
17505524
17522060
17527572
17514770
17519411
17518017
17512360
17516022
17518020
17513321
17512879
17512420
17533361
17526010
17511890
17502190
17501420
17512660
17522360
17533176
17533430
17516599
17521075
17515250
17516031
17511070
17537016
17533037
17511423
17527665
17533249
17501500
17500080
17504030
17506210
17509170
17511327
17505330
17507640
17526260
17507370
17511868
17519050
17533508
17533316
17523874
17514575
17525466
17511010
17525501
17512817
17523863
17512410
17502441
17511630
17518037
17533459
17519051
17512640
17519380
17504160
17512735
17522150
17511349
17511325
17533456
17501410
17500005
17500001
17500002
17530001
17525500
17526781
17512760
17516596
17527616
17514696
17525502
17512560
17521463
17512824
17524080
17514552
17511748
17512802
17523898
17522730
17511405
17520550
17526530
17506100
17516554
17514580
17507650
17505050
17506350
17502278
17506235
17510110
17520530
17523760
17530013
17507340
17521380
17511321
17512803
17516700
17515320
17511781
17505090
17520270
17526221
17501370
17507090
17533139
17525280
17522675
17507300
17533365
17513440
17513560
17511430
17501443
17512842
17514661
17511021
17512751
17511880
17523869
17512601
17526855
17512837
17509290
17510084
17524400
17532019
17514888
17518023
17503150
17520210
17514887
17514845
17525467
17507480
17520241
17535074
17505372
17521640
17516645
17524118
17513200
17527133
17502140
17506002
17505520
17501073
17519710
17523207
17514010
17505331
17533435
17521611
17523856
17539105
17518008
17520450
17516602
17511825
17512570
17513510
17523090
17535023
17533050
17507200
17525130
17512710
17511543
17512730
17511752
17533541
17526300
17526000
17510120
17512767
17512160
17524390
17522300
17535026
17523022
17525010
17501290
17522070
17522836
17519257
17501070
17527600
17520333
17527250
17522050
17527654
17513390
17512140
17509270
17514543
17526742
17512727
17527340
17527603
17527611
17511758
17512330
17521628
17525330
17526718
17502360
17533229
17516703
17514413
17533194
17511761
17512080
17511699
17514562
17512490
17527140
17511774
17533511
17516660
17514472
17526752
17512888
17505374
17523521
17523670
17521633
17523202
17523643
17519070
17526341
17526760
17526701
17526680
17526712
17519346
17512380
17523015
17518040
17526430
17511470
17521626
17516603
17512851
17523853
17509113
17526724
17533538
17507270
17523895
17521591
17526684
17526400
17521702
17520150
17512814
17505388
17524110
17527579
17527590
17511729
17523120
17516753
17502260
17511827
17511733
17512723
17533397
17522215
17511427
17511747
17514040
17511341
17520560
17511790
17516814
17516607
17503360
17526682
17514561
17522410
17533400
17523020
17523212
17503220
17507100
17526280
17526310
17523320
17510420
17516644
17516780
17523040
17523210
17514540
17526783
17526706
17523140
17511853
17512121
17526704
17512863
17527640
17519010
17522272
17539006
17501511
17510305
17526640
17511331
17516790
17526785
17515050
17509090
17515140
17526330
17500040
17533004
17525183
17510100
17518010
17505334
17516500
17526765
17516030
17505150
17516546
17524315
17522340
17511380
17533446
17527671
17512605
17521340
17520020
17533360
17507040
17505527
17511735
17523610
17505160
17533460
17533373
17522570
17510430
17503210
17512747
17512832
17527360
17526050
17513570
17516510
17516643
17532058
17526854
17523513
17516819
17525503
17512090
17511330
17526746
17501360
17519030
17522365
17510260
17501010
17524350
17522230
17535056
17510082
17519484
17526845
17512754
17526683
17514570
17526090
17519003
17521581
17533526
17533393
17533418
17533524
17512748
17523150
17523527
17503260
17523230
17512801
17533040
17511631
17520580
17519570
17516760
17512590
17515390
17513150
17516791
17526728
17527630
17518021
17530025
17526738
17516817
17514060
17514698
17511783
17506370
17533497
17505332
17513500
17521072
17505617
17519110
17509053
17509001
17509002
17506010
17511862
17527641
17512870
17505358
17513580
17511415
17510540
17520640
17533173
17507210
17511760
17512773
17515080
17506060
17522630
17510392
17512528
17511350
17527605
17521614
17521550
17522540
17514780
17514847
17512852
17506340
17515150
17509110
17500120
17502050
17514850
17511090
17512771
17510455
17511724
17533490
17533375
17505615
17511823
17505190
17526732
17512813
17522030
17503020
17525475
17520242
17506270
17539016
17514290
17523523
17527668
17514551
17522600
17533529
17507080
17524210
17523884
17516391
17513450
17512749
17533076
17505230
17512823
17525310
17523240
17514020
17510315
17512774
17522750
17512440
17526420
17516642
17514558
17511888
17516210
17524440
17527080
17516100
17510405
17505130
17511170
17511736
17516781
17519230
17514820
17514545
17533369
17539128
17519530
17502350
17532022
17511140
17520182
17501140
17502240
17525070
17526726
17533444
17502570
17501390
17523887
17521632
17509250
17526716
17533386
17519182
17526210
17507310
17512105
17525120
17512721
17521596
17516410
17533469
17527674
17512220
17533376
17533359
17519370
17512741
17514190
17519343
17533543
17511400
17500150
17504082
17502460
17502490
17501510
17502440
17533260
17533262
17526812
17527571
17520100
17511013
17532013
17509060
17515110
17509080
17515130
17507140
17533506
17526490
17510470
17520247
17505010
17506310
17507120
17526825
17510016
17504408
17523680
17516707
17511420
17512240
17501250
17533031
17509190
17507060
17539025
17533124
17533022
17518005
17505324
17516430
17514720
17502200
17526670
17533438
17533382
17523862
17510440
17533523
17515380
17518038
17521610
17516624
17533450
17533522
17525030
17515360
17522833
17533338
17521171
17526763
17523824
17515005
17533415
17533509
17509020
17509021
17509022
17510401
17511343
17516400
17516380
17516807
17523310
17500110
17502040
17512891
17523690
17511870
17526240
17527601
17521638
17512896
17519430
17512766
17512150
17526190
17516793
17505100
17511886
17516290
17512581
17527100
17527180
17516545
17527576
17519330
17522480
17514300
17526060
17510490
17507170
17503040
17530100
17507180
17509072
17515120
17513360
17514576
17516360
17532007
17510520
17516757
17507430
17507440
17516705
17530019
17526828
17526829
17514846
17507500
17520170
17507070
17503203
17507530
17507540
17506250
17510170
17526830
17500210
17504088
17533010
17514790
17519180
17519520
17510360
17510253
17533431
17533350
17518033
17514860
17509123
17510500
17526691
17533473
17525160
17533451
17500140
17504081
17502450
17525454
17503230
17527500
17525471
17500010
17500011
17500012
17511270
17511100
17533252
17506220
17501450
17500050
17504000
17506020
17505461
17511260
17516548
17514050
17512680
17519040
17514610
17520360
17503320
17523211
17516613
17525100
17521520
17523821
17519253
17512866
17522440
17523160
17523430
17506260
17512032
17516788
17505323
17504230
17514755
17519252
17516732
17527150
17511683
17512122
17519080
17533281
17522280
17514851
17523201
17511765
17509054
17509031
17509032
17510402
17511000
17512035
17513180
17510190
17511263
17516598
17525270
17521590
17511180
17500090
17502000
17539013
17515010
17537010
17509130
17515170
17504190
17516755
17520070
17533493
17533530
17501320
17526720
17523205
17533485
17526722
17513324
17533019
17527200
17512786
17520300
17522310
17526040
17501440
17502054
17504050
17512892
17507686
17525340
17526511
17524360
17505322
17515280
17519210
17511722
17522620
17522780
17516810
17505080
17523370
17516366
17512725
17501480
17526773
17507683
17516709
17505350
17511230
17521530
17526421
17513490
17512724
17533292
17533370
17516785
17523851
17521570
17518018
17511755
17514411
17533220
17527260
17532064
17525452
17519200
17516720
17501425
17514871
17525200
17516641
17523899
17516640
17516811
17516060
17509003
17523590
17539899
17502272
17516746
17521170
17527566
17516629
17514872
17516361
17516023
17520263
17514889
17515470
17513260
17533013
17511310
17524340
17522220
17523480
17522320
17527410
17507282
17533110
17511749
17511847
17510480
17522170
17505370
17501441
17500020
17500021
17500022
17501181
17519341
17524061
17537001
17533001
17523340
17522142
17507202
17533392
17510090
17515420
17509043
17502430
17503000
17516748
17514857
17533457
17533082
17533404
17533334
17525300
17539144
17520500
17516728
17505170
17519410
17521580
17527567
17523125
17523010
17512822
17523793
17507600
17533390
17512744
17521557
17533447
17535001
17516604
17521578
17514890
17527520
17525473
17504140
17532001
17526708
17516625
17516821
17521571
17523873
17523204
17516806
17512450
17526630
17509050
17515100
17514861
17514840
17525474
17501560
17502020
17501310
17522420
17514891
17525410
17514280
17521593
17527020
17521706
17518001
17512752
17514550
17523350
17519690
17526390
17516020
17533417
17533515
17533372
17505356
17520510
17533453
17521708
17514320
17512881
17526734
17518022
17509160
17516623
17520451
17522130
17516300
17522720
17519461
17516710
17514577
17516756
17511840
17512777
17507510
17518025
17512880
17522690
17512765
17512789
17502273
17522040
17519720
17516364
17512886
17515070
17519130
17502052
17504070
17526837
17514110
17500041
17514130
17500220
17506120
17504071
17505526
17501011
17527682
17512690
17507240
17523896
17509340
17523886
17533504
17518016
17522834
17510453
17521465
17511280
17511480
17511685
17533403
17533409
17507400
17501260
17527430
17511342
17504404
17516639
17519560
17514866
17513040
17507520
17521172
17501330
17519000
17505380
17513050
17516815
17514892
17515260
17516250
17501490
17524119
17522200
17512520
17516280
17523030
17507460
17516621
17521460
17523360
17527490
17525470
17532034
17533136
17510393
17514865
17507280
17514740
17521160
17502275
17510270
17514100
17514120
17516350
17516090
17521457
17523017
17518003
17507160
17527470
17525468
17527680
17511830
17501363
17533383
17533542
17514893
17512630
17533434
17510085
17513530
17516610
17501550
17514072
17516556
17516722
17523854
17504225
17516713
17502320
17520220
17515190
17511440
17523515
17521558
17511370
17503300
17522463
17533188
17533405
17510130
17509180
17515000
17513410
17511863
17512783
17512860
17514080
17516827
17521078
17521495
17507320
17523867
17514160
17521130
17533413
17519440
17512755
17515490
17533423
17533501
17510080
17539001
17511015
17512805
17514800
17510403
17501460
17500060
17504010
17506030
17507030
17515220
17516170
17503140
17532055
17525464
17522400
17526750
17521200
17526698
17526675
17514420
17516638
17535020
17533145
17505220
17532046
17512887
17523290
17514858
17514730
17526771
17523580
17521597
17527535
17514856
17533436
17525020
17533200
17533330
17516803
17511340
17511419
17505610
17516597
17533483
17512034
17516828
17533426
17505310
17533488
17533535
17516670
17510406
17511190
17510460
17511850
17507390
17503181
17520181
17533500
17512600
17513370
17512460
17527010
17526754
17511738
17533462
17511770
17526350
17523525
17526370
17525460
17522660
17512031
17511881
17522143
17521554
17505180
17514894
17522530
17512527
17507101
17513480
17523740
17526250
17515500
17512526
17516749
17530022
17535062
17530016
17533118
17533028
