15990222
15995080
15995069
15990619
15990876
15997129
15994060
15990832
15997522
15995046
15995214
15991356
15997322
15996175
15999023
15995346
15996068
15996118
15995276
15990680
15990614
15997108
15997144
15997458
15990585
15990848
15991274
15993702
15990726
15996220
15996234
15991332
15999073
15997159
15996165
15997596
15991290
15991276
15996036
15993734
15990424
15991600
15991540
15991265
15995296
15995272
15990563
15997039
15997520
15995292
15997500
15994706
15997508
15994724
15990310
15997044
15999043
15997124
15991530
15997118
15990274
15991220
15991132
15996065
15996117
15990728
15992870
15991342
15990825
15991520
15994018
15994020
15990760
15990730
15990711
15990898
15995057
15990578
15993652
15995298
15996028
15990408
15995052
15995090
15999007
15999082
15996038
15996102
15993744
15995312
15991348
15991496
15997610
15994754
15994730
15991510
15990110
15990220
15997056
15997374
15996060
15992026
15997113
15991322
15994052
15990530
15990722
15998020
15995280
15995305
15991325
15991311
15990882
15990762
15992898
15995332
15997072
15997360
15997158
15997580
15997482
15991337
15991525
15997316
15997464
15997462
15991315
15991613
15991553
15991285
15993738
15993688
15993054
15993010
15990815
15991326
15991308
15999067
15997582
15993230
15991631
15991630
15995264
15994016
15997600
15991639
15994008
15995304
15997329
15992158
15997516
15998827
15997051
15994778
15991620
15990892
15997076
15997612
15997542
15993115
15993083
15993804
15993074
15993030
15994014
15991532
15997008
15997007
15997006
15997014
15991608
15993123
15993624
15993093
15998040
15994010
15993700
15992014
15997632
15992006
15997506
15997426
15991524
15996170
15990622
15991522
15996034
15990455
15990550
15993145
15997063
15997454
15995044
15995216
15996070
15996120
15990400
15991248
15991140
15991158
15996072
15996122
15990626
15992882
15993133
15990579
15994715
15991545
15997000
15991270
15997018
15997038
15993620
15990580
15999020
15992042
15993200
15991269
15991528
15991357
15991353
15991345
15992106
15992022
15991490
15991361
15991351
15991330
15990608
15997120
15990650
15993081
15993000
15990536
15991266
15990668
15990039
15994046
15997304
15998810
15991352
15991412
15996208
15995236
15993808
15990778
15995103
15991338
15994765
15994766
15993648
15997082
15997314
15993084
15993806
15993807
15993067
15993066
15993037
15992018
15996010
15991225
15991199
15991134
15990565
15990598
15997100
15997312
15997470
15990634
15993816
15997498
15997572
15990355
15993141
15990140
15990228
15997064
15997066
15993043
15992152
15995054
15991516
15991170
15991282
15991523
15996018
15996064
15992016
15990430
15990280
15995061
15990534
15990766
15991506
15993710
15997538
15995318
15992176
15997428
15991173
15990205
15990486
15991232
15997128
15991166
15993144
15997090
15993134
15997574
15997434
15999027
15992004
15990840
15990050
15990340
15990490
15990420
15990276
15990810
15993103
15994709
15997306
15992028
15994030
15990555
15996202
15991585
15990770
15990834
15990080
15990562
15990360
15991295
15993812
15992128
15996214
15990560
15993797
15991422
15993696
15990279
15999033
15997422
15993722
15991618
15993117
15993716
15994022
15990364
15998043
15994721
15993632
15992188
15990468
15997174
15995306
15996110
15996098
15996130
15996226
15990283
15994026
15999005
15990272
15997153
15997012
15995322
15991590
15997484
15994761
15990710
15995042
15990523
15992012
15990712
15995040
15995316
15990880
15997564
15997536
15997530
15992134
15992032
15995308
15997040
15997488
15993062
15993032
15991146
15991151
15991492
15992132
15993020
15993068
15993802
15993714
15994712
15991641
15996133
15996126
15996224
15991349
15997028
15997116
15995274
15991284
15992530
15990476
15990605
15990190
15991414
15997086
15992510
15990662
15992138
15993740
15990609
15992120
15994739
15993618
15992100
15992000
15997290
15997490
15994727
15991294
15990568
15995282
15990874
15990570
15990594
15997396
15997062
15993047
15991359
15991355
15991340
15993782
15993820
15990312
15993622
15990718
15995035
15991635
15998820
15990776
15997550
15990576
15997400
15997030
15997398
15997300
15997110
15997151
15997150
15997121
15996076
15996124
15997494
15996204
15993051
15998013
15993799
15993778
15997598
15997446
15997592
15991316
15991333
15997091
15995014
15995062
15999055
15997102
15990624
15990439
15992162
15990466
15991230
15993131
15993107
15997029
15997114
15994752
15994714
15996030
15995063
15996046
15993706
15992044
15990539
15993023
15990586
15993746
15993750
15993751
15993694
15990558
15994028
15992122
15993780
15992136
15997456
15990329
15992884
15995226
15997480
15997570
15995268
15996128
15991555
15999049
15993728
15991320
15990480
15991205
15991124
15992186
15997024
15997502
15997172
15997554
15994703
15993138
15997358
15993202
15992178
15996022
15998033
15991268
15994770
15990670
15992030
15996012
15990505
15993610
15994774
15994742
15992150
15991175
15990435
15995100
15991364
15993762
15990522
15991246
15991156
15990464
15993142
15995284
15999070
15996218
15996232
15991526
15991568
15993795
15991518
15993136
15999046
15993121
15993090
15997436
15998823
15990251
15990422
15997170
15996183
15990768
15990774
15999015
15990524
15992008
15991182
15997308
15997459
15997154
15997042
15997321
15995238
15992038
15991260
15992860
15994002
15990700
15994000
15997330
15992010
15990846
15990020
15990325
15999035
15999030
15991177
15992886
15997323
15996015
15993758
15993732
15995334
15997002
15997512
15996013
15991593
15990620
15996160
15995310
15996045
15991605
15991558
15991521
15993634
15996002
15998010
15991514
15990315
15990405
15990040
15990335
15999001
15991500
15995232
15990270
15997160
15996167
15996020
15996187
15990820
15994034
15991542
15991262
15990277
15995218
15991164
15997496
15990478
15997562
15991404
15990313
15998026
15992168
15993614
15995300
15991255
15991160
15997430
15994006
15990740
15990780
15995020
15995231
15994700
15995260
15995290
15994750
15995330
15996062
15990772
15997605
15990389
15997528
15991533
15995234
15993626
15990489
15992890
15995262
15993060
15995048
15995212
15995050
15994036
15990582
15991406
15999061
15991306
15991341
15991312
15990380
15992864
15993698
15993774
15992036
15997584
15997526
15991300
15997510
15997602
15991416
15991512
15991643
15990438
15997016
15991420
15998023
15991358
15991519
15991280
15993028
15991527
15996011
15992505
15990429
15990425
15997004
15997440
15992868
15999040
15991563
15996216
15996230
15990510
15991244
15998830
15990800
15990100
15995098
15997514
15997320
15996006
15991152
15991575
15997010
15992156
15993822
15990520
15991580
15991272
15992020
15993612
15990572
15991503
15991168
15992872
15990200
15990005
15990250
15990300
15996129
15991180
15997620
15992848
15990836
15990070
15999003
15991543
15995000
15990750
15990717
15995012
15996080
15996100
15996078
15994032
15992040
15999025
15997035
15997046
15994048
15990390
15995270
15995302
15996033
15996074
15996123
15997590
15994054
15993026
15996042
15996125
15996212
15995266
15993730
15991498
15995070
15994004
15999079
15992844
15991615
15993128
15993146
15992850
15997013
15997043
15992126
15992892
15990482
15990830
15997310
15997461
15996052
15996107
15996086
15996088
15996040
15993754
15990124
15998005
15993791
15993052
15997132
15995336
15994100
15993600
15993097
15994038
15992888
15994776
15995016
15995066
15991278
15991534
15991628
15991633
15991603
15995314
15992146
15997054
15995338
15993818
15993772
15993650
15993636
15992154
15997472
15990559
15994058
15997084
15997085
15997284
15996185
15998822
15990257
15994044
15992002
15997586
15993119
15993087
15992174
15990666
15994756
15994733
15990526
15992880
15990474
15993784
15993814
15991336
15993616
15999085
15991602
15991360
15995230
15992190
15992846
15990105
15990215
15997122
15997109
15997142
15997452
15999076
15994758
15994745
15994759
15993050
15991150
15996008
15997352
15990884
15995228
15997088
15990452
15990548
15993045
15994763
15997052
15993049
15992144
15990415
15990460
15991020
15991100
15992180
15993764
15990350
15990195
15990590
15990600
15997448
15992894
15990865
15997504
15995067
15990556
15990370
15995059
15992874
15995278
15990716
15995036
15995294
15995220
15996050
15996106
15996092
15997492
15996058
15993220
15993135
15994056
15992535
15991504
15993072
15993776
15993646
15990240
15991573
15993720
15991250
15997544
15997438
15992182
15990459
15994040
15997566
15994024
15997152
15997022
15997126
15997578
15993140
15991595
15993130
15997130
15997135
15997087
15990227
15991402
15997302
15990878
15997106
15997146
15997460
15997486
15992034
15997588
15990890
15994718
15993724
15992866
15991418
15998016
15990385
15997020
15991548
15997334
15997354
15993105
15993726
15991334
15991550
15990887
15990282
15993101
15993110
15990688
15997468
15997476
15997478
15997451
15997505
15997356
15993718
15997558
15997136
15993095
15991178
15991623
15992124
15997133
15991215
15991130
15991128
15993044
15993143
15993642
15997424
15994200
15999800
15990010
15990320
15990410
15991015
15996180
15990630
15990170
15990234
15997074
15997326
15998818
15991508
15993628
15994042
15999037
15997560
15997327
15993640
15990660
15998030
15993132
15992118
15992503
15997328
15995065
15992130
15991210
15997103
15997134
15997104
15993756
15996032
15993630
15993810
15993042
15997362
15997123
15993712
15990375
15997594
15993742
15997410
15990844
15990030
15990330
15990470
15995025
15998899
15999899
15997899
15992140
15990612
15990120
15990224
15997058
15990122
15991560
15993644
15990574
15993025
15997340
15996206
15997518
15991258
15994768
15994012
15994050
15990278
15990842
15990048
15997176
15995018
15995083
15996024
15992862
15995224
15996044
15993654
15994772
15993704
15996056
15996222
15996236
15991344
15995210
15990532
15991637
15997156
15991324
15991410
15991354
15992166
15990402
15997089
15990635
15990160
15990232
15997070
15993137
15992852
15991176
15991174
15997336
15990838
15990060
15990345
15990500
15990495
15991235
15991240
15990640
15990150
15990230
15997068
15997644
15991502
15997005
15992858
15991171
15990515
15990450
15990545
15992164
15995324
15997576
15993080
15990720
15995034
15990561
15990365
15992184
15996026
15993139
15990607
15990185
15990238
15997080
15991350
15990130
15990225
15997060
15993041
15996163
15996000
15997200
15997140
15991000
15990440
15991200
15990540
15993736
15993691
15993690
15993752
15990828
15998036
15993638
15997524
15994736
15995320
15993113
15995352
15993070
15997178
15997450
15993046
15990610
15995095
15991625
15993048
15991400
15995055
15995086
15995030
15997041
15992170
15990685
15995350
15991570
15993064
15993034
15996116
15990714
15995038
15995222
15993040
15993793
15995340
15990724
15995031
15997026
15997036
15997338
15992172
15993760
15991578
15992160
15997540
15993500
15994500
15995800
15996800
15991165
15997050
15990518
15990253
15999013
15992515
15997444
15992148
15993708
15990615
15990180
15990236
15997078
