15221070
15222042
15221080
15221048
15222048
15222062
15222000
15220104
15222060
15223026
15220013
15222052
15223034
15222058
15221086
15222002
15220048
15221044
15222050
15221068
15222016
15222034
15223002
15222040
15221088
15221020
15223020
15223010
15223000
15220021
15221028
15220011
15221022
15220027
15221082
15220037
15220112
15223004
15221004
15220015
15223090
15223046
15220044
15223094
15220025
15220108
15223042
15222066
15222068
15223024
15223006
15221018
15220007
15221052
15221066
15222030
15222014
15221040
15221032
15222018
15222032
15222020
15220017
15220033
15221006
15223040
15223028
15222022
15220102
15223092
15221008
15222054
15220009
15221060
15221026
15220114
15220031
15221016
15221084
15221090
15220110
15221062
15221046
15221042
15223096
15221002
15220040
15221000
15220019
15222064
15221024
15222056
15220042
15221030
15223044
15221050
15222024
15220029
15221012
15220003
15222006
15222010
15223032
15223022
15223008
15222044
15222046
15221010
15220001
15224899
15220005
15221014
15220046
15222026
15222012
15220035
15220106
15223030
15220023
15220100
15221064
15222004
