15133366
15130268
15132020
15135370
15133882
15130658
15134335
15133386
15133430
15131032
15130290
15132170
15138332
15138056
15132032
15138598
15138522
15133888
15134022
15133880
15133062
15138694
15139012
15138656
15135618
15130073
15135408
15138672
15135400
15133020
15133056
15134180
15134114
15131034
15132138
15132162
15130648
15133274
15137362
15133046
15132184
15133346
15133406
15135280
15135078
15135412
15138632
15137130
15135088
15138480
15138188
15133336
15130712
15135422
15130706
15130061
15135674
15134343
15135378
15131008
15135420
15135398
15138348
15138350
15130065
15134334
15133860
15133452
15137150
15137090
15137068
15130075
15130076
15138051
15138030
15137396
15133840
15134090
15134115
15134096
15134126
15139004
15130762
15138186
15130260
15130666
15135230
15133412
15137488
15138486
15135008
15135804
15138190
15138212
15133486
15138490
15133892
15130244
15130041
15137014
15138232
15138390
15130118
15138514
15137400
15131030
15137494
15133354
15135043
15135216
15135480
15130678
15134178
15135672
15137126
15137020
15132134
15131164
15137483
15130005
15135006
15137062
15137102
15137122
15138622
15133890
15130280
15138476
15135774
15130718
15138106
15130651
15130780
15131130
15139009
15133458
15131016
15138520
15135634
15138498
15134110
15133434
15135794
15130003
15135018
15133418
15138018
15135664
15135682
15132084
15133878
15130019
15132172
15133326
15135358
15135032
15135040
15133024
15133052
15130230
15133292
15135342
15135644
15132128
15135844
15130516
15134080
15135830
15130642
15132096
15138060
15135098
15130746
15133370
15131136
15135104
15133298
15138222
15135832
15132018
15130656
15135406
15135626
15137508
15135584
15138488
15133894
15137422
15137480
15137514
15137520
15138054
15130017
15130231
15130037
15139008
15135820
15138618
15139010
15138616
15138210
15138198
15138211
15135092
15135058
15135640
15130512
15133012
15134124
15131124
15135622
15134144
15135102
15137482
15132014
15133010
15132092
15131134
15132160
15132124
15132088
15130013
15132156
15132120
15132100
15138302
15138320
15138328
15138304
15134325
15130686
15134182
15135090
15133378
15133852
15131174
15133490
15133404
15138624
15139002
15133060
15135354
15138364
15135076
15138360
15137486
15135346
15132090
15135106
15135094
15135056
15138470
15138368
15135026
15137066
15137098
15137128
15135620
15135698
15130532
15131006
15135846
15131138
15130001
15138000
15135410
15132046
15133886
15138342
15138308
15138016
15135310
15135328
15135326
15135312
15135318
15135320
15135314
15135324
15135322
15135316
15132158
15130015
15134102
15135392
15137372
15137484
15131168
15134106
15133332
15138226
15138604
15130660
15130650
15134156
15135702
15130732
15133004
15133044
15130518
15135788
15133014
15138496
15138660
15130266
15133330
15135086
15135630
15135084
15138698
15135586
15132008
15138700
15138630
15135002
15135070
15135062
15137057
15135087
15135161
15137112
15135200
15137018
15134004
15130049
15137010
15135222
15133344
15130702
15134142
15134337
15137142
15135670
15137144
15132006
15138606
15138596
15130534
15133348
15138478
15138038
15133286
15130069
15138010
15133884
15138220
15137412
15138102
15133300
15132201
15132200
15134134
15135650
15135418
15130045
15130770
15137060
15137104
15132035
15134120
15135226
15137160
15135231
15138500
15130025
15135356
15130664
15135344
15131176
15138194
15138216
15138230
15130007
15133442
15135194
15130120
15130700
15132002
15132028
15135192
15133362
15137534
15133356
15133492
15135014
15135426
15134136
15135204
15133288
15135224
15135082
15135402
15137070
15137096
15134092
15130514
15138296
15133032
15130094
15135624
15132010
15135822
15133872
15135858
15134326
15138684
15134098
15138484
15130768
15130760
15130716
15137124
15137058
15137110
15133000
15133270
15133066
15138696
15138628
15130246
15130039
15130242
15138680
15135813
15135814
15138192
15138674
15135352
15133352
15130092
15138062
15138105
15135782
15130096
15130696
15138020
15135050
15135048
15135004
15138298
15130710
15135676
15134328
15132176
15131126
15138107
15135632
15133482
15133320
15133390
15133478
15133480
15135182
15131148
15137026
15138066
15135818
15130734
15131018
15130668
15135166
15132036
15135350
15138650
15138326
15134112
15135180
15138103
15134162
15135074
15134100
15135364
15132024
15137056
15134116
15133484
15130026
15133834
15131170
15135170
15131142
15135348
15130085
15138692
15134341
15131002
15137140
15132150
15132142
15133374
15138290
15138238
15130232
15134084
15138584
15133008
15135404
15134329
15138678
15138634
15137006
15137374
15137002
15135022
15138494
15130654
15135654
15138026
15133284
15138640
15134340
15135184
15135168
15133476
15135188
15138662
15133394
15137016
15138228
15138324
15133310
15133302
15137414
15137008
15137402
15138028
15137384
15132174
15138588
15138036
15137004
15138670
15135220
15130053
15133836
15133436
15134336
15134323
15134321
15133472
15137120
15139006
15130021
15134108
15134184
15134331
15133454
15133364
15133030
15133040
15139000
15135614
15139014
15133042
15135172
15133494
15132068
15133832
15135190
15131026
15132136
15132050
15132060
15132082
15132030
15133318
15130722
15130652
15133278
15133358
15138600
15133280
15133372
15133846
15134344
15137082
15137092
15138620
15134166
15137530
15135080
15130694
15138652
15138586
15130284
15133064
15130724
15138218
15138234
15135186
15133420
15133294
15134128
15131172
15134339
15135218
15137368
15137136
15133474
15135164
15130240
15138042
15133414
15133842
15135030
15135042
15135424
15138109
15138676
15133034
15137050
15131012
15137154
15137148
15135362
15135802
15135805
15134138
15135778
15138334
15130684
15130079
15137504
15131004
15130676
15133388
15131120
15130740
15131180
15131150
15135826
15135828
15135808
15137118
15135786
15131166
15138580
15138006
15130784
15138104
15133380
15137156
15138050
15134140
15132178
15135616
15135174
15135694
15130682
15130258
15133850
15137524
15135628
15138518
15133830
15133854
15130644
15138044
15138058
15138040
15130736
15135700
15132004
15135842
15135834
15135366
15138594
15135176
15138658
15138592
15137420
15132016
15135178
15130282
15134330
15130662
15138682
15131014
15134176
15138636
15134158
15133334
15133398
15133488
15132182
15134342
15131144
15130510
15138472
15138690
15138366
15135686
15134094
15133340
15133400
15138516
15134324
15134188
15138482
15137116
15130698
15135646
15130077
15133016
15134104
15130772
15138012
15130774
15134130
15137416
15135202
15133440
15131000
15135072
15132122
15132098
15134164
15138614
15135416
15138101
15133870
15135638
15137506
15138338
15138312
15130692
15131020
15131024
15132094
15135290
15135390
15135340
15138068
15138111
15130248
15137364
15135852
15132132
15134174
15132000
15135001
15133272
15130672
15135810
15135816
15134333
15130766
15135856
15133376
15135010
15137376
15137158
15137360
15135606
15137398
15135656
15133342
15131160
15130276
15135608
15135610
15130764
15137134
15132044
15132062
15133324
15134122
15130009
15130288
15132202
15132180
15132203
15133002
15133018
15133058
15134000
15134020
15131022
15135308
15133460
15133465
15138610
15134322
15137370
15133382
15135306
15130708
15133282
15135580
15130236
15133022
15133054
15138664
15130530
15137522
15133428
15133426
15131010
15135762
15130286
15131122
15134346
15132048
15132064
15133424
15137418
15130274
15130270
15138626
15134086
15134132
15133444
15133856
15135772
15130047
15135016
15135060
15138330
15137114
15135214
15135208
15133276
15138014
15137380
15137392
15133876
15138362
15133432
15133384
15133006
15133007
15133050
15135374
15135860
15135360
15135850
15130011
15138024
15132110
15135012
15138182
15138059
15138032
15135206
15138214
15133304
15130680
15130252
15130063
15138008
15135162
15130116
15134160
15130051
15135636
15130100
15130029
15137394
15138668
15133874
15132126
15132042
15132066
15133838
15138200
15134118
15135054
15131152
15138071
15138034
15138184
15138072
15137404
15137410
15135376
15132152
15132112
15130264
15130035
15138336
15138310
15131178
15131132
15135339
15135292
15135760
15135848
15135281
15138110
15133496
15133456
15130272
15133470
15133468
15135394
15135600
15133410
15134150
15135776
15133466
15135764
15133464
15135780
15135784
15135792
15133450
15135766
15135790
15133446
15135652
15134152
15134327
15135761
15135763
15130114
15130522
15134154
15130714
15130726
15130524
15133848
15130730
15130728
15130738
15130742
15130744
15130748
15130750
15130526
15130528
15137366
15137528
15133422
15137532
15133402
15130262
15130130
15130087
15130110
15130131
15130088
15135380
15135298
15137064
15137100
15135300
15130059
15138002
15137512
15137132
15132140
15132164
15133408
15133312
15133416
15134088
15135396
15138590
15137526
15130090
15130027
15131028
15130670
15134332
15139016
15134172
15135708
15135759
15135187
15130112
15130031
15135838
15130704
15130720
15134345
15138344
15138306
15137080
15137054
15135212
15133028
15130690
15137024
15133858
15137500
15137496
15131146
15135028
15135044
15133314
15137502
15135588
15133368
15135642
15130055
15138070
15138180
15138224
15139899
15138899
15133360
15132022
15135096
15131128
15138582
15135800
15135806
15135812
15138608
15137382
15138602
15130122
15135024
15137000
15135046
15135052
15137052
15135160
15138196
15137022
15137138
15130256
15130071
15138022
15137390
15137386
15138492
15132012
15133036
15135668
15133438
15138688
15138638
15135337
15135294
15134186
15135680
15135304
15133350
15135840
15135302
15135368
15135666
15137012
15135414
15138474
15132040
15132026
15132070
15132080
15133296
15135296
15134168
15133290
15138340
15138300
15130674
15138236
15138292
15130640
15131162
15131140
15135020
15135854
15138064
15133448
15137094
15135836
15138108
15138686
15138346
15138294
15133328
15132154
15138052
15133026
15133048
15130646
15133316
15135648
15130688
15135100
15135768
15137510
15137152
15130238
15135582
15135824
15135330
15135332
15135338
15135334
15135336
15135678
15130234
15134082
15133396
15138512
15133338
15133462
15133896
15138612
15135210
15134170
15130278
15138510
15135688
15138654
15135372
15133392
15137146
15132130
15132086
15138004
15133844
15138358
15134002
15135431
15135440
15138322
15135446
15132034
15135448
15135454
15130033
15135456
15135458
15130023
15135460
15135462
15138502
15135464
15135466
15137492
15135430
15138356
15134006
15135468
15135470
15135444
15135472
15135474
15135432
15138354
15134010
15134024
15135434
15135594
15138352
15135436
15135592
15134008
15135450
15135590
15135452
15130250
15130057
15135438
15137490
15135442
15130254
15130067
