15580282
15580280
15580029
15580040
15582070
15580100
15580050
15582008
15582036
15582010
15580154
15580138
15580254
15580136
15580178
15580001
15580168
15582044
15582000
15582034
15580170
15580172
15580013
15580262
15580007
15582038
15582054
15582040
15580270
15582012
15582006
15580124
15580150
15580144
15580160
15580250
15582046
15582062
15582050
15580164
15580003
15582052
15580256
15580284
15580156
15580019
15580130
15580128
15580106
15582042
15582060
15582058
15580126
15580108
15580146
15580260
15580278
15580102
15580011
15580274
15580114
15580120
15580023
15582016
15582004
15580272
15582002
15582032
15582018
15580180
15582014
15580166
15580176
15580162
15580174
15580158
15580276
15580140
15580009
15582072
15582030
15582020
15580152
15580110
15580027
15580264
15580104
15580017
15580112
15580025
15580005
15580252
15589899
15582056
15582064
15580021
15580142
15580122
15580134
15580015
15580258
15580132
