13814006
13806658
13806532
13802650
13800180
13802344
13802387
13815514
13807596
13800726
13808384
13807580
13807566
13807706
13800409
13817035
13803805
13803121
13801057
13804830
13803590
13804060
13803070
13805280
13806270
13806300
13800010
13801300
13806316
13800650
13801371
13806656
13803830
13802348
13803028
13808386
13807889
13801470
13802324
13806076
13804069
13802605
13800521
13807750
13800300
13806701
13806319
13807854
13800139
13802280
13806702
13803090
13801462
13807683
13808001
13817015
13806066
13806310
13802501
13807891
13808416
13803220
13800202
13808225
13806723
13807890
13808368
13800730
13801069
13806317
13802050
13802101
13806350
13800538
13806252
13807514
13801695
13802386
13805021
13801489
13801185
13806622
13800710
13807835
13802394
13802456
13800419
13803380
13807594
13808116
13806565
13806751
13807536
13801042
13802390
13807490
13801047
13807005
13807682
13808351
13803355
13806613
13803289
13801140
13801490
13806387
13802342
13806025
13801699
13802300
13808003
13817050
13800432
13808005
13800491
13802332
13801360
13803371
13800415
13807852
13805048
13803802
13801114
13807509
13807690
13800030
13808008
13808385
13806761
13801089
13801356
13807499
13801062
13802384
13802318
13806573
13806686
13802362
13807480
13807894
13806335
13802306
13807850
13801023
13807068
13803571
13807488
13802503
13800406
13806681
13807892
13807754
13800463
13803576
13801394
13801707
13803255
13807755
13803831
13801514
13801672
13802334
13806250
13803743
13800019
13801253
13806330
13801338
13803024
13801254
13808010
13800448
13806233
13817101
13803832
13807469
13803010
13800437
13807704
13806735
13807719
13800665
13807577
13801049
13807694
13800748
13817055
13802596
13815520
13803235
13803330
13801139
13803292
13808302
13802397
13801026
13801031
13815518
13817010
13800423
13802590
13802040
13806032
13801327
13800053
13808108
13808100
13802151
13802087
13801005
13802009
13801334
13806891
13807515
13805020
13803815
13802427
13802502
13814003
13808205
13800309
13802496
13802043
13801638
13808379
13802603
13802608
13808361
13800511
13801068
13801321
13817070
13806340
13807800
13806341
13806077
13800206
13803833
13806555
13800200
13806087
13800510
13800058
13800416
13806567
13807523
13815750
13804808
13800494
13803120
13806700
13803048
13801714
13801680
13801480
13804805
13802289
13802459
13800443
13800031
13803032
13801510
13807501
13808387
13803834
13807529
13806342
13807459
13806610
13807686
13803758
13801712
13801711
13800722
13806672
13803026
13803092
13801034
13800543
13800441
13801390
13801175
13801530
13808223
13800445
13800430
13802064
13800381
13800028
13806001
13806041
13800024
13800026
13800405
13806225
13806303
13800428
13806259
13800444
13800280
13803096
13803835
13806381
13807872
13806404
13806726
13803340
13800100
13806519
13800736
13801111
13800530
13807006
13801393
13801476
13801330
13807672
13806355
13801178
13803128
13800464
13807547
13802304
13802482
13802500
13800640
13800735
13801030
13803097
13806078
13806223
13808113
13802452
13800515
13817060
13807056
13806092
13803806
13800177
13802458
13806727
13807878
13807564
13807885
13802368
13802160
13802155
13806333
13808356
13806616
13802294
13803036
13806401
13800512
13800524
13802047
13800186
13802086
13800080
13802425
13807059
13800145
13800203
13801320
13808405
13802440
13802292
13802652
13801070
13800377
13801212
13802006
13800514
13808380
13800523
13800728
13807530
13804800
13802635
13807734
13803022
13801177
13800440
13802085
13800056
13800310
13802393
13806344
13802039
13817045
13801174
13801639
13806680
13815512
13806575
13817025
13800567
13808230
13800519
13807593
13807500
13806385
13803803
13807456
13807453
13802490
13806569
13806062
13808208
13803836
13801370
13800581
13802250
13807895
13803370
13806339
13808013
13803286
13802450
13802385
13800270
13803040
13802668
13802054
13800178
13802424
13808353
13800421
13807465
13803760
13800475
13806075
13801179
13802462
13802302
13802117
13806067
13802486
13806234
13806678
13802589
13800562
13800744
13800565
13802444
13805056
13806647
13800442
13806810
13802654
13808381
13802060
13802476
13802433
13801326
13817092
13800715
13802228
13807498
13801258
13800738
13800701
13807717
13807510
13807698
13802656
13802265
13800446
13801156
13802100
13807752
13802287
13803261
13808015
13807052
13807476
13800158
13800641
13800450
13800199
13806630
13801157
13807876
13801474
13800160
13806373
13800187
13806679
13800438
13808118
13802120
13800057
13806670
13802410
13806730
13800408
13806370
13807678
13807030
13806576
13801211
13802330
13807702
13801325
13807570
13806094
13806620
13800144
13803284
13802350
13801029
13807064
13800588
13802336
13801201
13801691
13800376
13808228
13804823
13800108
13800067
13803287
13803813
13806306
13806757
13806568
13803750
13802591
13802132
13802288
13817105
13802430
13807533
13803280
13806677
13803837
13814004
13801190
13802426
13806230
13800456
13802610
13807847
13806721
13807591
13802464
13807565
13802615
13807025
13802089
13800001
13806402
13802388
13807444
13802048
13806570
13807897
13805058
13806318
13807524
13817085
13807851
13807474
13808372
13806331
13802408
13807753
13803735
13807532
13802041
13801172
13806806
13803020
13802138
13801705
13802468
13817075
13800195
13801640
13805044
13807522
13800723
13801645
13808382
13800564
13800541
13802263
13802011
13800109
13802587
13806621
13800015
13806646
13803049
13807513
13807464
13806031
13802404
13803124
13801484
13807054
13803013
13807877
13804820
13802445
13802620
13800563
13807896
13800732
13803800
13807525
13801709
13817096
13808407
13806733
13803732
13800425
13806804
13802392
13801176
13801112
13806020
13807015
13802474
13802170
13802448
13801020
13806343
13802112
13807687
13806763
13808374
13802484
13817090
13807875
13802166
13803259
13807442
13800493
13806645
13806088
13806237
13800420
13803012
13807679
13807696
13800036
13802600
13801392
13800566
13808371
13802044
13801145
13807853
13805033
13801259
13800560
13800042
13803807
13806650
13808203
13804070
13800451
13801494
13800661
13807478
13801260
13800374
13807842
13808018
13808028
13801032
13800034
13800439
13800458
13802274
13800220
13801171
13807695
13803042
13803360
13808415
13800447
13801713
13800386
13800035
13807699
13800120
13814000
13806659
13802598
13801084
13807560
13800380
13801250
13807466
13801521
13806572
13803094
13806015
13806536
13800370
13802270
13801025
13800090
13800542
13804810
13817094
13800561
13802275
13803671
13800151
13800170
13800005
13801396
13800050
13806722
13806059
13808020
13801512
13806315
13801463
13806614
13806071
13801644
13803838
13808210
13801357
13803230
13807528
13808369
13806685
13802658
13807595
13800434
13800060
13806814
13801251
13801488
13803384
13807576
13803814
13803579
13800713
13802354
13801022
13806345
13801054
13806615
13817091
13800729
13806684
13801173
13808357
13803705
13806676
13802322
13807471
13805054
13806802
13807880
13802366
13806332
13806674
13801021
13801038
13803373
13802492
13801257
13803033
13802370
13806016
13801194
13807893
13807571
13800479
13817110
13806753
13806574
13802380
13808410
13802308
13806073
13807020
13808355
13800154
13806816
13803755
13801498
13808360
13806371
13802660
13817150
13808354
13802046
13807066
13802419
13802356
13802662
13807517
13808215
13800311
13807674
13800471
13806571
13800435
13806578
13800059
13803285
13802664
13802480
13803839
13803245
13806580
13806725
13803840
13801460
13803386
13806566
13806034
13801362
13800148
13803044
13801059
13801048
13804803
13806520
13802364
13803030
13803046
13806720
13803372
13802623
13806391
13802618
13806017
13806375
13801256
13807888
13801343
13817115
13800478
13806800
13801056
13802421
13807045
13803753
13807007
13801471
13807535
13802592
13802340
13806307
13800040
13802585
13806338
13805079
13801110
13806255
13801073
13808370
13802402
13800636
13808403
13801158
13807883
13807505
13802316
13806516
13807527
13808411
13801708
13801646
13803222
13803841
13817120
13800403
13806256
13801670
13801697
13807482
13805019
13806718
13808413
13801499
13803029
13805025
13805060
13802597
13800583
13803812
13806719
13806682
13801192
13807692
13808350
13801159
13801060
13801000
13801477
13801372
13808200
13803011
13802478
13801696
13806738
13803730
13802494
13803740
13817001
13808412
13807844
13801520
13802245
13800068
13807461
13802470
13801345
13808378
13807873
13801500
13802326
13800316
13807715
13803098
13801391
13801678
13803580
13808376
13802150
13801339
13806654
13802240
13800011
13802466
13806222
13800518
13814005
13801703
13800012
13806018
13807680
13802666
13801473
13807012
13807050
13807887
13802372
13801475
13803240
13801335
13801040
13806611
13800734
13806759
13800414
13806517
13800054
13806011
13800375
13805050
13800317
13801071
13801701
13807898
13803745
13807700
13807549
13806063
13800558
13802290
13802114
13817065
13803382
13817154
13802110
13806808
13801058
13808367
13800495
13800052
13807673
13800436
13800725
13803015
13800449
13815516
13801496
13817020
13801461
13817080
13807871
13802358
13800466
13802285
13802068
13806356
13801459
13808235
13807516
13802267
13800460
13801100
13808130
13808123
13801344
13801340
13806334
13808401
13802310
13801478
13808406
13801464
13800620
13808400
13800190
13803842
13807684
13808300
13807841
13817093
13807760
13800462
13807454
13802007
13805040
13807492
13800513
13801486
13808377
13806305
13807534
13802052
13802406
13806743
13806717
13802088
13801170
13806675
13802010
13807526
13806072
13803288
13801472
13801643
13800308
13801255
13807520
13800385
13807508
13805046
13808023
13806033
13806724
13807457
13800615
13806070
13802443
13801138
13806515
13803843
13801180
13806086
13800138
13806352
13803844
13802136
13817005
13808362
13800382
13807733
13806379
13806308
13806518
13808025
13807732
13801336
13806612
13805052
13808402
13807518
13807884
13800655
13807848
13800737
13806253
13806577
13800165
13802008
13802070
13800717
13800520
13801322
13800140
13806238
13807697
13801035
13802630
13807874
13807470
13800455
13807010
13800477
13807843
13806220
13801538
13802460
13803845
13806036
13801702
13807677
13801468
13802042
13806019
13806635
13807592
13800388
13802391
13800147
13802116
13801332
13800635
13803763
13802428
13801395
13806745
13801469
13800600
13808414
13801061
13800496
13801381
13803095
13800505
13802674
13802067
13805062
13802156
13804815
13804068
13806254
13803870
13802670
13802056
13807450
13800130
13807452
13807720
13800459
13800531
13807004
13808409
13802360
13802638
13800457
13803100
13807689
13803808
13807065
13800185
13806064
13801492
13801355
13803350
13806655
13802328
13807519
13808417
13815510
13802260
13801028
13801485
13802395
13806061
13803846
13801024
13801050
13801036
13800642
13807840
13801120
13800008
13808105
13806740
13802454
13801674
13801710
13802115
13800132
13808115
13800470
13800721
13807803
13807830
13807820
13807810
13807828
13807805
13807825
13807833
13807815
13807808
13807818
13807823
13807813
13802338
13803804
13808375
13803811
13800532
13801323
13807881
13803584
13803810
13807458
13802352
13800033
13800207
13800079
13800150
13803586
13800663
13807685
13800453
13803748
13800002
13807675
13817899
13804818
13800039
13800038
13802005
13801642
13804813
13802130
13808408
13808373
13817040
13806590
13808103
13801337
13808110
13808358
13800259
13806093
13800700
13807756
13802320
13800412
13800204
13807506
13803733
13801410
13806648
13807548
13800461
13807468
13805029
13805031
13802346
13805027
13807504
13801650
13802504
13807441
13808404
13801690
13808218
13807445
13807062
13804825
13800384
13800719
13804828
13806235
13808220
13807886
13801350
13808233
13802004
13807731
13800740
13807521
13801525
13800399
13800230
13806812
13807846
13806657
13801540
13806755
13817152
13802643
13806765
13802389
13802628
13806389
13814007
13802640
13808120
13803126
13802422
13806383
13802645
13802648
13800452
13802488
13802134
13802020
13807443
13807882
13802423
13802383
13800156
13807567
13802396
13807462
13800051
13802255
13807011
13800037
13806531
13800522
13802633
13802625
13800061
13802435
13808213
13802420
13807598
13802235
13802676
13802073
13802472
13802469
13807676
13800221
13800535
13801105
13802672
13802063
13801106
13807531
13803260
13806351
13801107
13801027
13806353
13806236
13806893
13806221
13806377
13803809
13801358
13800454
13807451
13807063
13802314
13806090
13806050
13807460
13807463
13807060
13807701
13807455
13802312
13807061
13817030
13807751
13800210
13800315
13806239
13801693
13800742
13807845
13805042
13806403
13806593
13808359
13803801
13800633
13815899
13802593
13802438
13800516
13802613
13806065
13806623
13807879
13806035
13803738
13803290
13803283
13808134
13808131
13808132
13800517
13808135
13808133
13801641
13808137
13808136
13808138
13808139
13808140
13803291
