13843219
13842316
13848266
13842400
13848050
13845355
13846791
13845144
13846262
13845342
13844233
13844321
13848269
13845418
13845072
13849676
13848326
13848066
13846711
13847195
13840055
13844300
13849679
13845400
13840402
13846363
13844004
13842133
13846388
13844456
13849224
13844120
13846292
13843115
13843349
13848270
13843275
13843126
13845206
13844313
13846245
13843376
13848510
13845219
13847256
13844249
13846325
13847113
13848373
13845320
13842346
13845372
13846521
13855163
13845237
13855162
13855015
13848463
13845318
13843156
13848159
13842042
13848478
13848185
13843154
13843122
13849723
13846748
13846049
13840134
13844062
13848297
13843290
13846042
13848163
13844011
13845346
13848884
13848723
13848772
13844451
13843339
13845216
13849743
13846730
13844452
13843377
13846760
13845313
13848322
13855025
13844280
13855017
13848851
13846046
13844047
13846128
13843004
13847054
13846663
13842039
13846291
13843039
13848285
13848261
13840295
13841040
13840224
13846265
13847150
13840161
13845250
13848008
13848071
13846714
13848033
13848353
13847162
13840018
13849516
13847171
13843282
13848063
13848489
13846473
13846731
13840320
13843018
13843346
13847101
13847189
13843335
13843157
13848731
13841024
13845080
13848596
13845427
13846705
13840372
13843121
13840062
13840024
13848195
13848187
13846856
13844154
13848799
13840385
13848475
13840406
13844410
13848794
13841200
13845093
13848126
13848628
13843370
13844455
13842376
13840407
13841080
13843037
13848764
13848863
13849694
13847538
13846590
13848299
13846066
13843069
13840107
13848281
13855201
13848498
13846470
13846368
13848885
13848821
13846051
13848568
13843044
13840444
13844353
13844370
13848081
13846851
13846570
13849612
13846688
13846523
13840443
13842105
13848747
13844224
13841205
13846063
13848375
13841162
13845436
13848706
13845422
13846754
13840156
13848801
13844166
13849672
13847017
13846724
13847202
13847545
13847178
13840123
13846807
13840104
13843007
13840023
13848890
13843362
13848329
13846355
13846768
13847231
13848161
13847005
13843050
13848528
13848268
13844366
13843210
13840012
13846613
13849683
13846645
13847061
13845332
13848114
13846420
13846475
13846485
13841043
13844458
13846750
13848450
13844332
13847547
13848122
13844080
13841101
13846489
13848323
13846370
13855205
13845286
13846610
13845076
13843058
13848715
13846850
13848749
13843216
13849618
13844432
13840009
13846373
13840180
13841087
13841075
13840344
13848202
13843321
13849219
13843179
13840106
13846260
13846395
13846563
13846766
13846455
13846858
13846854
13847542
13840035
13849708
13846625
13849608
13846073
13846074
13843208
13847109
13846130
13846109
13842310
13843336
13848289
13841156
13848047
13849744
13842328
13848578
13848711
13840122
13843077
13848294
13844283
13848068
13840093
13843160
13847052
13847224
13842382
13840011
13840202
13848130
13846804
13843038
13844425
13840360
13847250
13843002
13847134
13841100
13843373
13846113
13847182
13847009
13846108
13847161
13843274
13841029
13848588
13848760
13846623
13846053
13840095
13844221
13847012
13847240
13848745
13848880
13855202
13848553
13846268
13840094
13844101
13845253
13845440
13846010
13848369
13847011
13843013
13847139
13845266
13846640
13842320
13848813
13847184
13845323
13847118
13847129
13847046
13844015
13845220
13845252
13849614
13848194
13840253
13849512
13848855
13844042
13848767
13849730
13849727
13846660
13848221
13848848
13843056
13847024
13848064
13840108
13846595
13844136
13840120
13848717
13842125
13848870
13843322
13843140
13840130
13844044
13846708
13846709
13848583
13844429
13843045
13855105
13843098
13847257
13841091
13846751
13848437
13848802
13845215
13848189
13846054
13844132
13848713
13848761
13841311
13841094
13843334
13846318
13841032
13846403
13846496
13846693
13843144
13845314
13845412
13848124
13844417
13840222
13847194
13847002
13846436
13845212
13847060
13843342
13845377
13845322
13847160
13845360
13844210
13844400
13840251
13847235
13848710
13848841
13844297
13844412
13847018
13848006
13848825
13840114
13847193
13845373
13846085
13846080
13846221
13846123
13847119
13846132
13846075
13840014
13840026
13848048
13847111
13848709
13848541
13847010
13848768
13849102
13842334
13848344
13841151
13841155
13841203
13846605
13844457
13849721
13846668
13845240
13846082
13840060
13843218
13843193
13846790
13840057
13842112
13845312
13846785
13843332
13848262
13848844
13843294
13846734
13844048
13845090
13845267
13846670
13845319
13849576
13843143
13846428
13840001
13840005
13849670
13846070
13849632
13846390
13849232
13844426
13844290
13848055
13855065
13846353
13846380
13847192
13846465
13845081
13845091
13846310
13843001
13848634
13846765
13846525
13841077
13848644
13842300
13848073
13848770
13848379
13848117
13847549
13846126
13848341
13844314
13846723
13847106
13849508
13846413
13845411
13846084
13843040
13846242
13846225
13845337
13846226
13842043
13847262
13848116
13843034
13840102
13846071
13840252
13849713
13848618
13848739
13846267
13855001
13848350
13847205
13846043
13848839
13848640
13846733
13844009
13855040
13846170
13849208
13844421
13849696
13843271
13847138
13846383
13840020
13843320
13848384
13848692
13844007
13840064
13848872
13840137
13849206
13848868
13840135
13843010
13842348
13842302
13840028
13843372
13844272
13848614
13843106
13848862
13847527
13848111
13848698
13848495
13841153
13846749
13844153
13844355
13848090
13845146
13843152
13848383
13844228
13844275
13849702
13848049
13848041
13840063
13849717
13846739
13843064
13849644
13848703
13843055
13842370
13840090
13848020
13848480
13848493
13845305
13855120
13845344
13840342
13845268
13840084
13845218
13843158
13843099
13842330
13846592
13844232
13848197
13840150
13849678
13846719
13848361
13849711
13843046
13849050
13845245
13847066
13842255
13848150
13844251
13845197
13843189
13846494
13841095
13843323
13845311
13840013
13845334
13846763
13846601
13849722
13845425
13848115
13845410
13848348
13843197
13844435
13848729
13848585
13843014
13849534
13848037
13846486
13845223
13846783
13846230
13846118
13855110
13843089
13840300
13840126
13848882
13848786
13846548
13846114
13848365
13847064
13845338
13849705
13848386
13847053
13840386
13848014
13848377
13842308
13847057
13844223
13855145
13847063
13846365
13847014
13844003
13846487
13840101
13843065
13848470
13846360
13846695
13845180
13840204
13848190
13855160
13848321
13843276
13843360
13848887
13840039
13843146
13846040
13841034
13846344
13848052
13844253
13848664
13846700
13845141
13843186
13843124
13842111
13840125
13855203
13848680
13847145
13840021
13846437
13848646
13848873
13845348
13844384
13846773
13848610
13848563
13849707
13847530
13844358
13848530
13846440
13841102
13848555
13848608
13849677
13848182
13848434
13842304
13846290
13841069
13842322
13848186
13846264
13841088
13844510
13848363
13849561
13840370
13848755
13842102
13845302
13846227
13848707
13846246
13849578
13840310
13845244
13845374
13845395
13846119
13845224
13845388
13846328
13848431
13848352
13842048
13842336
13847551
13843195
13848573
13843180
13847058
13848751
13843217
13846726
13848340
13846767
13848719
13844150
13847255
13848807
13855125
13840061
13846628
13840010
13845143
13840032
13842127
13840325
13841042
13855115
13855035
13844409
13844134
13845024
13846802
13847183
13847236
13842132
13848488
13848220
13855060
13841020
13848005
13848059
13842404
13846220
13845190
13846350
13848123
13848019
13848762
13845393
13842372
13848850
13847238
13843202
13849712
13845420
13843266
13843353
13849006
13847016
13847526
13841023
13847227
13844123
13848374
13849104
13846055
13846137
13840291
13848763
13846615
13848053
13840124
13841183
13849735
13844060
13843280
13846746
13846493
13848518
13844437
13844312
13844434
13845317
13848891
13848010
13847130
13843191
13848366
13848483
13847107
13848367
13844295
13848805
13845428
13848057
13848016
13848438
13843269
13840200
13848283
13842403
13848188
13840113
13846077
13849720
13848222
13843341
13843057
13847132
13844070
13843085
13845222
13848287
13841028
13846438
13846584
13846451
13845340
13847104
13846453
13848515
13846065
13844340
13848792
13841161
13846240
13846315
13846648
13849506
13849536
13849562
13845321
13848032
13843221
13845397
13843187
13840166
13845336
13840091
13842110
13845426
13847251
13843375
13845345
13846433
13840420
13848136
13846809
13844293
13846753
13848696
13848668
13848271
13847541
13843153
13848503
13844220
13846860
13840431
13846685
13840321
13844152
13848345
13848725
13846721
13847021
13842046
13843151
13840019
13847140
13849216
13840025
13843185
13840341
13844151
13848819
13840374
13846047
13845433
13843215
13848347
13848660
13845201
13840187
13841041
13849701
13843125
13847003
13843212
13847204
13845022
13844512
13846540
13842103
13848468
13846593
13843103
13843209
13842040
13849706
13848460
13841092
13847221
13841030
13848356
13844422
13847031
13846728
13848780
13846583
13846561
13843104
13843075
13844124
13840080
13842101
13844227
13849731
13842312
13848602
13855140
13843033
13844083
13844061
13844414
13845432
13849726
13840086
13846678
13846500
13843008
13844270
13840162
13848432
13844226
13844281
13855050
13847065
13842257
13847252
13848622
13843211
13843016
13848513
13844125
13847220
13844454
13848448
13848741
13844105
13848381
13849602
13847223
13845269
13840167
13848112
13844423
13847500
13846568
13848525
13845232
13843281
13843292
13844086
13848303
13849214
13844000
13848670
13848346
13845389
13848704
13844368
13843183
13847260
13841027
13846759
13848293
13846041
13846620
13846530
13844045
13848616
13840132
13845263
13846313
13846643
13848290
13848119
13843222
13847008
13846430
13845283
13855135
13846565
13847201
13848058
13848264
13848061
13848864
13848011
13844160
13847230
13848866
13843108
13845082
13844369
13845300
13846761
13846553
13840353
13846707
13846358
13846587
13840361
13849640
13840065
13845316
13848881
13843054
13843070
13846618
13840030
13844296
13848565
13848387
13840031
13843199
13840051
13845079
13840050
13844013
13849682
13844250
13848520
13843147
13846124
13846410
13848612
13846718
13843371
13847543
13846573
13846441
13847226
13848449
13847050
13848227
13843262
13842406
13846343
13840058
13843003
13845142
13844231
13848727
13840390
13842120
13842301
13842270
13848837
13846741
13846742
13848263
13847531
13848021
13847535
13848796
13848523
13846732
13844008
13848543
13840142
13842380
13843287
13847271
13842100
13840294
13849252
13843120
13843272
13849504
13846340
13846769
13846786
13848708
13842122
13843285
13846375
13846603
13849728
13848846
13844140
13844116
13840053
13842340
13846458
13847200
13849740
13848388
13840343
13846482
13848298
13846582
13846716
13845304
13844365
13848100
13855055
13846658
13841190
13840408
13844162
13848310
13846338
13846535
13840375
13848296
13840128
13848267
13843198
13849718
13846803
13848349
13846555
13844277
13844165
13847272
13841031
13844424
13842401
13844362
13846345
13847524
13840293
13844001
13843229
13848017
13841081
13843265
13849719
13844388
13848065
13848183
13844006
13844276
13855020
13848089
13848342
13845414
13845416
13847108
13845390
13844265
13846545
13844133
13845376
13845213
13855152
13844292
13846703
13847000
13846072
13844234
13844279
13849710
13848435
13849532
13849572
13846133
13846393
13845423
13848054
13848179
13849606
13846758
13844431
13848888
13844225
13847028
13840422
13846580
13848671
13841195
13849638
13855045
13849671
13840205
13842388
13847112
13846784
13849716
13846780
13848883
13848039
13845434
13842131
13848600
13840096
13843150
13846801
13844167
13840445
13848672
13843112
13843240
13843188
13848815
13849220
13842378
13849673
13846680
13847019
13847102
13849502
13847180
13845405
13842318
13842386
13841210
13845324
13844005
13846229
13847020
13846116
13846100
13843017
13847135
13845430
13849634
13846727
13846665
13840143
13849741
13848678
13846273
13848284
13846463
13840203
13846735
13844407
13842113
13841154
13848433
13844085
13843110
13845000
13847546
13846702
13844416
13848721
13849732
13840022
13846492
13848893
13844389
13847188
13845437
13846782
13848886
13841086
13846808
13849624
13847270
13845020
13848458
13846533
13841160
13841103
13845396
13846690
13844118
13844285
13844294
13844351
13844335
13844121
13845140
13846752
13847263
13843048
13847234
13847029
13847233
13847203
13843049
13848355
13848453
13844041
13847529
13847190
13848062
13855151
13848224
13848735
13845331
13848545
13847536
13847532
13842332
13843213
13849697
13847253
13841185
13847548
13846107
13846244
13846076
13849510
13843205
13844356
13843030
13845077
13840085
13844301
13843041
13849636
13848624
13841068
13843223
13848638
13846591
13845284
13840131
13845287
13848121
13846005
13845238
13855161
13849610
13840201
13846810
13842306
13844084
13846508
13840327
13846335
13848455
13848769
13848871
13842104
13849226
13846738
13848272
13843155
13848694
13842342
13840221
13845398
13848260
13847537
13846222
13840380
13845370
13848376
13849745
13842374
13849681
13848849
13848465
13848662
13848683
13841078
13842402
13845145
13849616
13846853
13848445
13844453
13845021
13843277
13848118
13846743
13844229
13848320
13848439
13846764
13844430
13846722
13848056
13846762
13849684
13848012
13844259
13844137
13848666
13848558
13848598
13846483
13848626
13846333
13848330
13848853
13846736
13843350
13841079
13845092
13846855
13845075
13848809
13849222
13840223
13840105
13848009
13849709
13846701
13840354
13846729
13848594
13846710
13846550
13841163
13844330
13840082
13849674
13846491
13847191
13840292
13855130
13847539
13846757
13843073
13848286
13848282
13848184
13842049
13841025
13843190
13846715
13844131
13848166
13846062
13848505
13846538
13844311
13843378
13847056
13848200
13840421
13840183
13840133
13848160
13848854
13843032
13848560
13846481
13843224
13840087
13846717
13845234
13846300
13848165
13847550
13846594
13847523
13846713
13849704
13844002
13846859
13842047
13841213
13846125
13842129
13844161
13845339
13843035
13855010
13844550
13843052
13846675
13847022
13848765
13842106
13847544
13847225
13843114
13846150
13849628
13846800
13845233
13844046
13844385
13842126
13843184
13844110
13844115
13848592
13844420
13845315
13843344
13847013
13846006
13841082
13847070
13841170
13848391
13848095
13848129
13848390
13848490
13848546
13845073
13848072
13844381
13841150
13848827
13848811
13846439
13842121
13844049
13844320
13840181
13846468
13848782
13848830
13846495
13846857
13840373
13841188
13844014
13844411
13848823
13842038
13843293
13840081
13841085
13845385
13844087
13844200
13843090
13840052
13848733
13848327
13847522
13849228
13845070
13844357
13841152
13848370
13848485
13848676
13840056
13840103
13840153
13842384
13848443
13846744
13844291
13842259
13842314
13848606
13843343
13848295
13848847
13845325
13842128
13847055
13844364
13848015
13849566
13848120
13849734
13846442
13845435
13849204
13843020
13843025
13843047
13844408
13846575
13848060
13848162
13840038
13847239
13844257
13840409
13846771
13843113
13845221
13848226
13855204
13846044
13849733
13846224
13846011
13846788
13843111
13840206
13841062
13845010
13846770
13846650
13843071
13846653
13848842
13843283
13844256
13846330
13844383
13844433
13846480
13848539
13840401
13847254
13844331
13843201
13848642
13848134
13840155
13840027
13844043
13846589
13843264
13846755
13846045
13848328
13848385
13848500
13849218
13849715
13847033
13843105
13842044
13849650
13846852
13848288
13847137
13843345
13842324
13844310
13845347
13842326
13846228
13845242
13844100
13846083
13846081
13844222
13843005
13840340
13845195
13840040
13841010
13841061
13846490
13848372
13840092
13845227
13840250
13843051
13846543
13846460
13846787
13848300
13846134
13843095
13846581
13847181
13848191
13847007
13847027
13845399
13848575
13844386
13848690
13843374
13849693
13840110
13846740
13840430
13847222
13844404
13843019
13844122
13844081
13849622
13848508
13844278
13847206
13843270
13844082
13848382
13846772
13855070
13846293
13848240
13845326
13843347
13847105
13845236
13843011
13846630
13846259
13844163
13845235
13849620
13847176
13848371
13840098
13847103
13847131
13847128
13846110
13849514
13843340
13843333
13846090
13840097
13846061
13840270
13847179
13843351
13846243
13844428
13849604
13848737
13843207
13846266
13845023
13844016
13848648
13840017
13849729
13848324
13843123
13841193
13846320
13848889
13841157
13848110
13848865
13848845
13846706
13846135
13848301
13845335
13840326
13849691
13846241
13847186
13843284
13845078
13842338
13843352
13848362
13840165
13845241
13843196
13840210
13845239
13845231
13846121
13847035
13848035
13848852
13846488
13848128
13849212
13842123
13849692
13848803
13846789
13840042
13843291
13841208
13845005
13847100
13846747
13849210
13846117
13845243
13843203
13845200
13840184
13840290
13847552
13840154
13855150
13846223
13848292
13848325
13846745
13848833
13847030
13848533
13840029
13855899
13840037
13844102
13849630
13846673
13843178
13849642
13840127
13848636
13844333
13843273
13846806
13847174
13847015
13846127
13845424
13842130
13848766
13848358
13846401
13848113
13844258
13846050
13843130
13844406
13847167
13847534
13841180
13845288
13845330
13846585
13847261
13848705
13841026
13844252
13846503
13847540
13848038
13849680
13855005
13845074
13843355
13840371
13848018
13843263
13846683
13848832
13848378
13848302
13848343
13848164
13845071
13848630
13844427
13840159
13843141
13855100
13847177
13843296
13849703
13847110
13847034
13847048
13847133
13848681
13847032
13846415
13848869
13843012
13848291
13848070
13844135
13840157
13846655
13848223
13843286
13845341
13848304
13848225
13848473
13849626
13840033
13847121
13847001
13847533
13843107
13843072
13843206
13843337
13846781
13847059
13840036
13847136
13848551
13846725
13847023
13847175
13844502
13845403
13845404
13846142
13846140
13846146
13846144
13845510
13846000
13847280
13848210
13848215
13848315
13848067
13848131
13848380
13848570
13843194
13847187
13848674
13846737
13840140
13848535
13847168
13845350
13845384
13845394
13848080
13844403
13846064
13849573
13848440
13844438
13855075
13855200
13848892
13848580
13846608
13846115
13849724
13845349
13849714
13847528
13848436
13847185
13845382
13840400
13843006
13843000
13840049
13840190
13840170
13840177
13840129
13840141
13840118
13847040
13847210
13840121
13841215
13846385
13849230
13848867
13840015
13840034
13846261
13846131
13845375
13845391
13845386
13845264
13845383
13844282
13847520
13848860
13844273
13846120
13847237
13842045
13846323
13849695
13844255
13846588
13844413
13846052
13846805
13848590
13848193
13843204
13846528
13847004
13846586
13848771
13843200
13849675
13846136
13844164
13848534
13842252
13843220
13848620
13848817
13848538
13843227
13848788
13843214
13848784
13843042
13841198
13843225
13848700
13849106
13848360
13848180
13843182
13844380
13848088
13848368
13848549
13846263
13846048
13842350
13843067
13848843
13840279
13848547
13847232
13844382
13844450
13848192
13848351
13843063
13844130
13848650
13844274
13840054
13848743
13844360
13848201
13844387
13847006
13848753
13844271
13842344
13847120
13848894
13840182
13848835
13848181
13847051
13846405
13841015
13848354
13845392
13842405
13843310
13848127
13846250
13848632
13848389
13840152
13841090
13843142
13840016
13846408
13846505
13855030
13842041
13848430
13841310
13848701
13846434
13841083
13841093
13841096
13841097
13841098
13841099
13848702
13841084
13844010
13846435
13848031
13846596
13846597
13841089
