08766520
08771196
08810170
08774040
08774060
08770430
08770090
08771111
08717800
08840063
08771312
08717580
08772015
08743230
08740440
08745560
08720080
08717500
08752040
08840370
08780630
08840020
08795527
08735640
08850195
08780300
08745530
08771264
08710580
08735075
08775160
08810380
08743260
08770555
08850230
08773555
08780590
08715130
08750550
08761020
08761380
08761370
08761030
08761040
08761390
08831274
08770060
08840360
08790710
08743550
08770330
08720420
08717875
08752150
08790290
08720210
08833508
08780510
08790130
08720345
08730450
08740170
08717410
08774080
08771292
08772184
08763540
08766545
08779515
08740305
08771060
08750270
08730331
08771307
08780215
08720200
08745350
08745090
08745130
08715580
08840380
08735650
08710290
08715350
08775620
08770775
08810320
08753340
08790859
08745550
08820320
08730610
08767310
08820510
08820080
08738572
08773420
08775635
08772762
08730370
08840610
08744094
08765030
08717080
08840350
08750570
08725545
08770200
08743360
08744090
08715280
08810160
08710280
08750290
08775645
08738290
08880000
08790630
08775610
08737105
08752120
08840320
08720460
08741045
08830420
08771211
08737330
08775611
08750500
08830370
08780770
08738255
08771110
08820225
08850060
08715490
08780430
08771100
08740150
08717730
08775470
08725640
08810340
08745430
08740200
08775400
08735220
08763260
08743280
08744340
08779555
08790640
08774050
08762490
08779700
08771495
08773160
08772204
08743500
08771353
08771288
08743270
08742300
08738575
08747005
08744160
08770220
08753730
08773010
08742250
08740080
08745050
08771214
08771311
08772874
08771286
08737110
08720150
08745260
08770560
08717360
08775621
08763110
08772180
08750561
08750510
08830755
08765150
08770170
08850260
08765160
08770050
08746400
08830330
08830804
08795380
08742030
08738070
08717300
08744102
08770570
08793020
08743470
08820030
08725230
08735590
08717090
08774070
08775370
08773395
08735510
08773060
08737380
08765280
08745310
08715550
08750660
08850240
08740265
08750800
08715260
08717195
08820235
08780070
08710200
08780030
08770750
08737300
08850040
08831256
08715470
08770360
08730340
08746150
08735090
08773190
08775420
08717540
08720530
08772190
08742315
08752080
08766543
08715540
08820720
08770080
08730580
08720430
08715440
08831258
08850285
08833140
08770440
08740490
08717240
08770640
08727040
08735350
08850150
08727060
08730750
08766315
08738240
08780010
08773460
08830325
08717790
08747020
08715415
08810090
08715520
08750670
08717570
08730150
08735600
08790220
08780420
08720320
08795030
08740460
08715110
08765040
08820430
08775613
08850290
08850130
08740190
08751610
08773495
08830400
08830140
08771005
08742140
08820370
08752560
08720470
08746010
08775540
08780740
08720260
08725740
08763010
08751625
08771285
08743330
08743340
08730510
08770120
08850140
08771271
08744320
08774020
08742430
08771305
08771268
08771265
08810230
08760260
08771344
08727120
08746075
08820130
08774770
08738150
08775625
08795507
08795506
08790000
08738020
08738120
08790490
08795210
08850300
08790340
08738090
08850220
08717820
08730760
08715480
08765335
08771338
08840061
08715010
08738210
08833120
08737310
08771289
08743060
08840310
08762500
08771278
08773505
08820240
08715090
08735560
08840215
08771261
08726590
08830560
08738450
08830798
08771140
08745230
08750760
08744096
08750530
08810030
08740480
08820435
08840330
08790240
08762450
08795525
08737055
08771262
08830290
08765180
08775240
08761530
08830760
08766525
08771195
08790865
08760020
08762360
08750350
08765360
08771260
08710560
08740430
08763070
08730040
08771259
08771247
08774420
08771258
08771257
08774010
08765355
08720180
08740180
08730090
08770310
08771256
08771249
08760460
08771290
08771327
08771310
08840550
08772875
08830788
08742370
08752130
08743070
08774000
08779590
08772194
08771319
08772876
08730605
08850320
08717196
08850070
08743570
08830060
08752000
08743400
08743380
08750330
08775500
08752140
08830320
08773325
08737150
08743450
08770550
08773410
08744220
08753760
08746110
08744270
08717450
08726110
08752010
08710310
08765080
08771150
08717550
08725250
08746145
08770540
08725150
08770180
08770150
08710090
08740090
08730080
08761000
08820220
08735130
08730160
08780780
08765305
08767335
08750700
08717190
08773515
08730560
08738270
08830784
08830090
08820183
08775623
08737290
08720090
08767055
08750360
08730591
08730420
08735430
08752625
08762370
08715330
08780340
08740050
08737010
08775090
08770130
08750320
08720540
08850380
08763140
08830430
08830570
08725040
08774410
08717150
08774380
08774490
08717140
08774110
08774500
08750140
08840080
08710340
08774090
08840120
08761400
08761050
08790868
08775220
08840180
08840630
08725030
08770100
08773580
08753339
08762380
08771277
08774360
08717260
08717345
08717435
08765230
08750374
08779580
08753735
08751640
08751685
08810300
08740120
08715410
08715220
08715320
08710410
08710400
08730020
08715630
08730030
08771328
08771245
08735680
08735100
08774370
08752110
08743520
08771300
08774340
08760270
08760470
08766530
08832180
08771194
08790856
08774440
08743510
08743670
08771284
08774470
08744104
08763290
08717630
08780320
08771291
08774430
08773440
08774330
08775614
08765290
08774350
08743200
08761060
08760070
08760280
08745510
08763150
08767325
08742200
08810060
08753320
08753400
08753715
08753720
08753725
08753710
08765170
08761070
08770210
08730490
08790570
08771279
08771313
08772877
08840390
08795532
08751001
08751600
08751300
08770530
08774150
08780210
08820120
08850190
08774160
08771274
08771002
08810190
08830150
08771281
08774390
08774460
08715000
08795020
08790420
08763160
08720290
08765010
08773600
08820020
08710270
08820160
08795075
08810310
08771120
08773490
08717680
08745200
08773400
08795509
08741065
08720175
08775270
08780350
08730200
08820230
08744106
08765250
08717830
08710080
08765240
08850090
08780050
08830260
08780760
08725405
08740230
08795518
08774450
08771282
08773300
08773640
08830380
08771332
08820460
08730250
08830390
08761410
08771273
08832000
08820150
08720185
08753415
08730220
08771287
08779520
08740420
08750590
08717230
08771339
08762390
08772000
08737071
08772020
08715340
08775612
08747035
08772005
08710623
08735410
08765140
08771341
08774400
08760160
08735700
08771223
08743410
08790615
08761080
08880110
08775550
08820050
08738110
08770780
08766551
08752100
08755023
08840190
08730680
08752090
08773560
08715435
08752550
08720050
08780415
08727000
08743390
08760030
08832040
08745590
08755020
08726100
08753300
08753393
08753397
08743020
08765110
08769470
08746040
08771316
08742080
08765050
08743610
08717310
08715545
08790500
08795290
08744260
08763300
08751675
08751680
08725600
08737090
08771130
08790410
08790280
08744000
08763120
08710260
08725070
08810070
08725160
08840250
08761420
08795522
08761090
08771070
08717810
08725550
08760170
08710040
08773500
08772882
08730380
08750730
08771325
08831030
08738330
08774200
08763310
08840220
08775020
08840410
08765130
08771272
08790170
08774480
08761430
08760290
08760300
08810050
08766535
08832190
08771193
08772040
08830700
08840400
08710690
08820390
08750620
08760140
08720195
08720600
08717445
08735275
08727510
08727030
08761110
08761100
08735180
08773520
08725410
08840340
08730780
08765295
08717516
08765200
08740270
08773090
08710430
08717475
08717485
08725000
08715070
08715050
08715060
08771270
08795070
08832140
08746130
08755035
08727620
08833500
08746175
08832110
08832160
08832170
08780560
08717610
08738320
08840130
08752190
08790362
08820490
08725800
08773040
08773000
08740410
08743440
08773450
08790010
08770380
08766015
08832010
08746090
08752540
08755005
08726510
08740254
08753333
08772312
08833504
08771269
08750790
08750267
08750617
08752015
08735310
08763320
08717220
08738100
08760450
08717700
08772206
08730530
08765090
08772170
08725360
08750533
08770795
08775200
08832070
08833210
08753375
08725210
08775375
08780240
08771200
08832200
08771192
08746035
08771030
08737070
08740510
08775570
08760210
08726560
08795535
08744020
08820185
08761440
08830160
08730830
08752535
08747000
08742290
08717385
08730055
08830580
08775150
08738490
08775480
08746105
08740400
08747030
08750200
08746000
08726550
08745570
08715450
08715460
08775425
08775602
08720220
08720165
08753330
08717760
08790030
08725350
08775275
08772090
08767355
08850270
08740070
08760040
08770240
08743430
08720065
08820520
08720595
08715150
08775210
08720100
08810270
08790285
08725420
08725080
08831254
08746120
08790040
08735160
08750390
08743335
08740600
08744105
08766476
08765210
08793030
08738160
08840420
08774095
08745380
08775340
08720405
08763500
08771330
08810260
08790140
08750355
08810040
08730120
08780530
08752600
08747010
08743240
08735040
08762150
08717850
08737020
08720330
08770672
08752530
08830590
08820300
08773390
08850050
08767333
08767025
08775520
08717495
08717020
08832210
08771191
08761540
08795250
08780150
08745330
08717840
08740500
08830480
08741060
08752180
08771303
08795260
08771304
08772883
08763050
08772120
08730130
08745410
08717735
08780600
08760080
08710230
08774190
08793000
08740560
08755070
08840030
08742265
08790871
08772887
08735060
08717440
08725639
08746180
08735000
08735240
08770110
08830335
08743150
08710500
08775631
08795531
08730260
08780640
08761130
08773180
08845010
08771346
08762010
08735340
08710510
08770070
08771302
08710620
08710000
08726570
08746095
08744050
08740620
08715015
08810305
08735660
08715210
08715240
08738390
08771276
08737360
08780310
08773340
08740550
08735290
08745250
08810200
08717130
08740310
08753707
08725270
08730640
08715180
08743580
08790110
08743530
08790160
08773210
08780360
08735710
08772198
08770785
08720300
08744300
08715120
08740300
08738344
08831268
08850030
08830250
08795330
08742280
08790320
08735200
08740000
08745000
08717055
08710590
08795530
08773590
08770190
08725190
08740280
08780790
08795010
08830792
08735540
08833200
08743320
08780520
08830786
08735420
08833110
08790190
08830210
08725180
08726610
08771035
08717490
08715085
08766000
08744070
08810000
08773380
08840000
08850110
08737030
08725130
08766510
08795150
08750770
08747040
08740020
08717460
08717465
08735440
08830340
08770450
08820480
08730270
08795350
08744055
08840290
08735620
08790310
08790060
08760090
08717690
08880100
08743710
08832220
08771188
08763330
08761140
08761450
08751635
08790070
08717670
08720010
08772192
08761010
08771314
08780250
08727090
08740040
08717120
08795511
08774180
08750310
08771301
08771326
08730480
08720310
08740060
08717320
08745440
08771317
08772881
08772710
08740590
08831050
08753750
08752570
08763170
08727070
08765000
08752515
08738300
08726500
08775640
08752565
08771322
08752510
08735050
08746085
08775632
08715400
08715405
08771267
08746205
08744103
08775624
08720230
08820700
08746140
08790850
08725540
08717855
08744290
08745490
08771321
08745020
08744330
08763130
08740495
08771337
08779575
08717620
08770460
08795160
08830190
08830490
08742380
08763100
08790321
08743040
08750280
08760100
08750690
08771000
08790390
08760310
08760110
08770300
08760120
08845030
08760340
08765100
08760350
08774220
08771266
08725120
08760360
08760130
08750255
08880300
08730594
08750540
08775638
08850080
08830800
08742310
08752590
08745240
08880350
08752575
08735070
08740320
08832230
08771190
08763550
08750300
08773150
08831226
08730390
08720250
08767370
08795510
08770770
08831070
08730710
08742150
08840530
08772182
08761150
08710540
08790230
08725645
08744092
08720490
08775330
08725490
08730590
08730493
08737165
08743370
08735400
08795185
08725010
08772540
08735030
08810150
08810360
08810390
08725745
08790730
08775035
08744200
08746125
08830240
08745370
08775609
08726600
08830765
08766565
08750721
08725700
08770410
08790350
08790355
08720075
08771320
08779725
08765190
08820190
08830775
08831060
08753740
08795140
08735580
08750220
08771189
08771275
08761470
08761160
08738550
08880450
08745420
08771254
08725615
08730810
08820715
08744280
08771255
08771352
08735080
08840070
08725280
08790580
08770042
08725100
08725110
08840150
08750210
08751760
08766474
08742160
08845040
08750130
08742390
08769510
08810080
08769460
08767035
08780130
08840010
08740100
08779720
08771334
08840065
08717010
08717000
08730000
08760370
08750650
08830610
08744100
08772050
08790480
08730650
08746155
08750180
08717895
08738280
08750030
08775180
08775290
08770790
08715190
08770610
08770590
08772764
08710460
08725649
08738440
08769520
08740250
08740252
08717770
08795537
08745500
08773550
08717390
08775641
08833100
08738080
08746200
08725090
08715600
08775140
08744098
08831202
08774260
08771001
08771500
08771253
08771252
08771250
08771244
08771242
08771240
08771237
08761170
08820090
08771232
08771236
08830806
08743640
08763250
08820360
08746050
08771187
08771348
08845050
08771234
08743650
08760180
08771354
08771238
08710160
08710165
08780100
08833130
08820140
08715170
08795000
08760190
08745470
08737230
08775642
08775055
08831220
08746060
08735260
08765325
08725020
08790020
08750050
08775490
08771006
08772600
08830220
08725170
08726120
08737000
08730010
08743540
08763000
08760380
08738010
08730330
08750372
08774775
08730660
08730805
08840430
08765460
08760200
08771342
08743210
08830265
08773660
08720160
08790550
08774230
08771333
08840069
08738370
08744350
08820725
08850170
08725225
08725226
08830630
08830790
08725670
08831010
08710180
08745290
08780170
08715030
08775580
08850210
08742230
08780660
08710320
08740465
08780080
08745010
08743160
08730665
08766541
08710185
08720110
08790090
08738340
08780730
08725680
08775110
08767030
08715640
08775530
08795538
08738342
08830500
08850200
08710530
08770030
08780260
08727602
08717470
08730310
08831266
08760420
08830285
08720360
08790380
08795050
08770480
08750260
08780140
08725140
08742400
08745060
08830170
08735110
08737130
08738360
08750535
08775120
08775040
08773430
08738130
08720520
08744230
08738510
08775050
08751665
08753775
08717650
08737210
08767305
08820000
08715650
08773110
08715040
08830120
08737350
08717420
08725260
08743420
08720590
08820350
08752651
08720605
08735250
08810220
08744030
08725470
08850120
08735320
08745400
08850160
08795060
08830782
08746170
08820270
08820330
08771017
08780830
08830000
08772886
08795300
08795220
08735610
08775010
08725440
08850340
08744240
08743130
08730470
08730440
08737170
08790330
08746055
08717030
08715660
08850180
08775320
08735140
08765310
08730410
08717330
08830510
08790650
08790700
08730100
08735120
08770670
08770520
08745080
08767045
08767015
08762510
08773350
08765365
08717530
08771210
08744110
08738570
08750100
08763180
08770765
08730600
08775230
08740611
08795090
08766475
08810110
08720070
08745270
08763340
08767360
08730481
08725330
08773170
08830130
08715360
08772500
08760330
08750230
08773570
08720370
08735230
08752200
08717400
08795505
08795504
08741120
08831040
08715560
08747055
08745577
08790270
08775600
08744130
08730460
08773020
08738260
08737040
08771010
08720120
08710070
08771241
08830794
08746020
08725450
08760510
08725620
08753390
08771080
08830808
08820705
08795230
08738200
08795521
08738140
08753420
08752640
08766515
08735550
08770470
08730430
08737060
08766300
08730700
08750150
08730740
08790365
08830350
08720040
08810010
08767330
08717710
08737050
08750361
08740540
08795110
08767345
08767350
08710030
08751670
08717210
08790300
08735470
08750610
08742190
08725570
08725390
08710650
08780270
08747045
08751650
08742015
08850000
08795200
08770557
08730670
08745340
08750600
08720580
08715530
08720060
08831216
08735490
08717870
08717885
08746190
08780650
08795240
08740240
08770485
08760060
08720570
08820410
08742420
08790720
08850205
08766557
08725520
08773200
08840170
08752605
08773480
08840620
08743300
08744190
08833502
08753350
08773120
08790590
08772635
08740220
08790440
08752555
08773310
08795080
08770230
08738310
08810210
08737080
08738180
08850360
08752545
08737190
08750740
08753430
08769500
08730520
08752500
08727608
08746135
08761180
08772530
08775130
08752060
08737320
08795528
08770580
08773670
08737100
08717350
08830385
08746160
08790862
08775260
08735210
08850100
08780220
08790200
08725510
08810290
08746210
08726055
08820450
08777052
08745390
08740610
08795523
08737095
08790530
08717640
08775607
08831260
08725240
08730800
08715300
08775440
08774130
08763350
08795270
08752615
08715670
08773370
08717480
08740630
08717575
08720155
08830030
08745030
08740030
08717560
08775060
08771090
08780020
08795100
08715160
08735300
08780810
08780110
08830550
08738520
08742320
08742440
08743336
08743365
08744075
08744108
08747060
08830640
08762160
08830360
08715680
08744010
08753380
08770160
08743180
08775639
08830280
08710550
08743630
08780370
08820200
08765330
08766005
08760500
08743140
08763545
08750562
08735285
08880150
08751660
08820110
08775626
08772610
08767390
08880250
08820180
08745210
08725660
08738040
08763555
08720380
08762050
08771185
08770800
08742035
08740650
08743090
08730570
08762400
08710100
08717160
08717170
08845070
08771331
08717515
08773135
08772130
08795175
08780280
08717180
08752050
08763270
08790205
08795514
08730790
08747050
08761480
08761490
08773140
08725370
08750715
08725675
08730140
08752585
08730400
08763190
08752170
08775637
08750110
08750400
08750070
08830230
08750080
08730661
08845080
08771231
08761350
08761190
08771243
08765260
08770420
08740210
08761460
08761463
08745480
08772650
08830300
08771230
08775000
08773650
08763020
08772620
08735630
08725060
08770600
08750560
08750380
08820500
08750611
08753780
08760150
08761500
08720190
08738573
08738355
08742010
08750780
08773070
08750073
08750177
08750365
08750580
08752027
08752045
08762340
08740110
08720030
08735480
08775627
08715500
08772570
08717070
08753345
08752070
08790210
08730350
08740570
08730240
08717750
08725652
08720350
08780330
08775636
08790853
08769490
08753342
08725430
08715020
08750060
08742170
08763060
08771015
08840230
08746065
08771184
08845090
08830520
08710670
08742130
08772100
08742425
08737260
08772750
08771347
08761200
08743170
08771349
08795503
08795502
08717200
08840200
08840040
08780690
08740260
08752020
08710680
08771050
08780840
08710190
08771020
08752652
08738410
08820210
08780160
08750630
08750265
08750575
08830110
08765270
08773050
08752030
08750720
08830180
08790620
08745460
08730170
08752645
08795180
08730050
08810330
08762480
08755055
08775100
08725290
08738470
08770510
08820100
08710640
08715620
08730280
08717740
08780580
08780290
08820440
08710695
08830530
08720020
08773130
08710010
08770630
08763200
08725005
08743590
08710420
08738480
08775432
08775606
08735460
08763080
08779730
08750410
08753317
08750165
08715690
08737280
08730550
08710210
08730230
08840140
08717321
08831232
08790660
08730210
08727010
08830796
08738460
08738540
08795529
08762420
08737250
08850010
08743600
08830100
08790361
08753315
08810100
08780450
08715430
08752635
08830740
08738400
08775145
08715420
08775608
08743250
08780820
08795515
08820515
08771186
08772550
08735690
08831252
08725380
08830070
08760010
08717660
08753745
08730060
08753370
08720390
08725500
08765220
08795513
08790610
08717050
08720340
08773330
08737370
08832240
08771233
08725460
08727020
08752160
08840050
08840490
08744150
08753445
08766472
08830870
08735280
08880400
08717270
08775619
08750090
08820070
08772202
08775380
08738251
08769530
08830410
08766477
08763535
08790120
08770673
08742020
08773535
08743480
08779570
08830650
08765320
08743120
08740530
08772510
08831264
08790470
08790430
08746300
08746220
08755060
08776850
08745580
08795536
08771040
08737270
08738590
08715290
08751655
08840440
08830200
08725340
08773030
08775430
08771160
08774605
08774780
08830270
08775630
08753360
08780680
08745360
08730592
08775300
08727080
08761120
08775250
08738030
08790400
08779510
08744080
08763505
08830660
08760390
08751605
08763515
08810385
08717725
08790520
08850330
08770350
08752595
08762030
08771235
08751620
08745280
08765340
08760220
08762040
08779705
08774620
08774625
08771218
08771213
08840450
08726030
08771221
08726035
08726040
08771219
08771217
08771226
08726045
08726010
08726015
08771220
08771225
08771224
08726025
08726060
08726020
08777300
08777010
08738580
08710440
08770674
08717430
08742410
08725630
08840600
08747070
08767500
08772012
08746070
08771183
08761210
08761510
08761360
08762170
08746195
08715230
08745300
08795516
08730540
08770040
08790690
08746025
08780380
08725580
08780200
08780500
08780000
08777056
08742210
08830780
08710250
08772150
08727610
08820290
08775410
08730730
08780540
08760320
08833506
08775605
08772080
08762060
08770650
08770660
08717380
08772030
08720170
08737340
08743190
08725735
08773630
08735520
08763210
08762070
08820400
08830010
08717825
08774270
08727614
08762430
08810130
08753705
08750640
08750235
08750605
08752017
08752025
08751305
08762020
08715310
08820260
08727050
08780400
08710600
08795120
08770000
08762080
08762090
08832100
08755030
08726580
08833180
08772328
08767380
08773530
08771182
08830810
08762410
08752610
08745190
08775280
08710700
08830540
08775170
08744140
08832130
08753387
08727616
08773610
08840460
08850280
08780040
08795524
08790510
08738420
08830670
08746030
08763280
08770041
08738250
08738170
08832060
08830730
08820170
08753765
08795512
08790740
08738560
08737180
08760400
08771340
08779710
08790325
08744210
08810140
08820710
08720140
08730690
08780620
08738455
08717600
08810120
08730500
08717890
08725480
08830600
08831222
08743620
08752525
08830770
08738530
08820420
08775450
08735330
08710300
08771293
08746006
08750340
08795395
08780700
08766471
08742180
08780550
08773510
08780090
08771181
08730300
08742120
08767040
08840067
08840210
08840211
08750250
08771351
08767010
08761550
08761520
08761560
08750010
08774785
08810240
08762350
08830050
08762100
08715590
08750170
08795190
08779620
08715570
08795315
08726000
08740258
08730360
08840470
08777054
08742240
08772208
08743050
08717340
08771343
08774250
08772140
08766305
08717100
08830745
08742330
08745180
08715270
08745160
08780570
08790150
08774280
08752580
08752505
08727130
08795370
08767340
08790370
08830080
08831080
08745575
08735530
08710050
08726530
08744060
08775622
08753405
08753755
08772560
08770465
08717290
08790260
08766500
08767300
08727604
08833190
08772590
08780800
08820340
08740160
08771315
08735500
08795170
08840540
08763220
08775390
08720450
08830040
08767050
08720550
08775080
08737120
08725300
08767020
08760490
08772720
08770490
08833160
08820525
08790670
08752620
08810280
08775310
08715510
08770370
08725610
08763600
08717720
08746005
08738000
08750053
08750175
08750367
08750710
08752055
08752210
08766320
08737240
08810370
08775423
08743350
08743220
08743100
08771306
08771251
08763030
08725445
08727618
08840480
08830680
08725050
08715200
08775350
08772200
08720510
08720560
08742110
08771216
08771212
08771215
08763040
08771248
08710220
08769450
08771336
08771318
08771246
08742070
08774320
08760230
08725530
08735450
08720005
08773540
08725400
08750190
08774790
08771170
08771239
08790680
08715080
08820280
08833600
08775385
08775386
08775387
08735273
08771283
08771180
08779735
08769000
08832090
08766025
08832030
08746100
08747015
08755015
08726200
08795065
08795365
08753365
08727606
08771280
08762110
08772888
08720130
08832150
08761220
08840110
08717780
08742000
08761230
08763230
08770680
08760050
08738350
08840500
08755025
08820060
08766550
08745170
08740330
08850350
08710240
08730840
08717280
08717370
08755040
08745450
08742270
08740302
08780750
08751630
08810350
08775190
08743585
08830450
08770755
08730320
08761570
08772760
08730630
08840640
08830620
08762120
08715250
08774290
08773100
08752220
08762130
08840510
08725635
08717865
08743110
08720610
08752650
08750370
08710150
08780060
08755044
08753310
08810020
08774630
08725655
08810180
08840060
08779600
08779540
08779585
08780670
08742040
08765070
08766560
08726050
08880500
08820250
08780405
08775644
08790450
08795520
08780610
08795040
08770140
08745150
08775643
08753313
08762180
08775601
08717520
08790560
08710170
08780720
08840100
08762190
08765285
08850020
08717110
08755050
08770010
08820310
08810250
08710330
08725730
08720410
08770675
08771323
08746080
08730720
08717880
08746015
08710060
08840260
08710570
08774610
08740290
08715100
08771308
08772878
08762460
08775634
08820010
08746165
08770020
08730180
08889899
08726540
08771309
08772880
08710450
08761240
08760240
08840520
08761580
08763530
08830440
08761250
08761260
08790180
08770320
08753410
08717590
08730190
08771335
08762200
08738500
08725560
08762210
08779545
08710610
08765060
08840270
08717250
08774615
08730110
08735020
08767005
08779605
08760410
08745140
08761270
08761280
08766555
08795130
08715140
08766473
08740010
08765307
08717040
08767320
08775115
08744180
08770400
08765315
08740450
08775442
08775604
08767365
08780390
08747025
08710520
08775360
08793010
08772580
08850250
08772766
08775395
08832050
08745595
08833150
08753305
08753355
08727612
08772320
08765120
08772189
08761455
08795325
08745110
08775030
08750020
08775545
08772520
08780230
08790250
08779560
08771345
08770620
08775070
08775510
08762220
08763570
08738220
08832120
08746115
08745605
08725220
08725200
08790100
08840240
08766470
08742340
08737200
08795519
08763510
08744120
08767367
08766505
08730820
08743010
08745100
08830802
08773360
08770500
08790050
08772188
08735170
08790600
08743000
08730620
08780710
08730290
08710660
08717860
08830460
08795517
08763240
08742260
08720270
08774310
08735150
08762230
08742050
08772060
08766552
08830690
08762240
08772110
08795340
08710020
08710025
08780120
08762250
08762260
08750000
08740520
08762140
08745070
08744250
08744170
08725425
08744040
08772010
08737140
08743490
08762270
08880200
08773320
08775633
08745585
08750160
08742360
08743700
08845150
08772160
08762280
08760430
08743030
08774300
08770760
08763520
08760440
08830470
08762290
08773080
08742060
08720280
08775560
08820470
08767315
08737220
08772186
08740470
08774170
08840560
08745220
08745520
08774240
08790080
08762470
08795375
08840160
08830710
08840090
08762300
08795280
08763360
08775460
08772196
08751690
08763525
08771222
08831020
08766020
08832020
08755010
08726520
08753357
08725320
08832080
08753440
08755065
08753385
08725310
08830310
08840570
08762310
08840580
08775618
08738060
08720000
08771324
08762320
08765300
08760480
08761290
08762440
08762273
08795310
08715610
08725625
08830750
08774210
08762330
08720500
08740580
08795526
08830275
08831000
08766010
08780685
08755001
08753337
08753403
08760485
08830020
08774120
08753325
08742090
08830720
08774140
08772768
08840280
08850310
08742350
08735270
08740640
08744310
08745540
08761300
08761310
08743080
08761320
08761330
08750120
08742220
08750520
08743310
08774100
08735670
08720240
08717510
08795360
08795320
08738050
08738571
08727100
08780410
08773220
08730070
08727500
08811000
08720480
08743579
08740130
08746078
08746215
08746185
08779715
08742100
08752630
08738190
08765020
08760250
08840300
08766310
08738380
08820380
08720440
08766570
08795534
08770340
08745040
08773625
08795508
08770390
08773470
08850370
08720400
08717060
08775603
08745320
08841100
08765350
08766600
08760000
08746045
08771263
08735570
08735190
08740140
08738230
08831212
08743560
08752603
08833170
08752520
08751700
08790540
08772011
08743460
08790360
08773620
08750040
08766540
08740256
08766590
08774030
08820040
08772070
08761340
08717891
08743575
08737160
08763090
08790460
