13198538
13198824
13190714
13190688
13198200
13197660
13199070
13196016
13197052
13198454
13193090
13193234
13199116
13190089
13190572
13190652
13198518
13197220
13190520
13197167
13190019
13196850
13193172
13190802
13194222
13190736
13198276
13193153
13193102
13199026
13198490
13199374
13197644
13190654
13198426
13198448
13198016
13190570
13198428
13193094
13190718
13190812
13190244
13190524
13196868
13196864
13199008
13198828
13198204
13199050
13193520
13197168
13197484
13196072
13197620
13198494
13198484
13198012
13198416
13197654
13190053
13197428
13199174
13193046
13194208
13199300
13199148
13198814
13198470
13193044
13197180
13198536
13197474
13193096
13190099
13190210
13198486
13196372
13193518
13197152
13197234
13196060
13190154
13198504
13198700
13198258
13190158
13190160
13197486
13194200
13198232
13199152
13197612
13190658
13193550
13197390
13190656
13197054
13190105
13190852
13199370
13194216
13198024
13193442
13193704
13197462
13197406
13197432
13198208
13198286
13193176
13190069
13199000
13193230
13193228
13194220
13198510
13199182
13199082
13196058
13198812
13190272
13190726
13196150
13193568
13190816
13198022
13190087
13193040
13190676
13197420
13196872
13190049
13193110
13193074
13193089
13193151
13196652
13197434
13193114
13197412
13190226
13197626
13193718
13198262
13193226
13197384
13190013
13197650
13199376
13193212
13198468
13190120
13194218
13190660
13190522
13198268
13193112
13190061
13197212
13197178
13197224
13197444
13193034
13199162
13197246
13193214
13190700
13199158
13199012
13196052
13193174
13199060
13199078
13198212
13199040
13199046
13197196
13197438
13199076
13199066
13197440
13193048
13197154
13190047
13190800
13190554
13196062
13190234
13198442
13190037
13199210
13198550
13193712
13197382
13193042
13199018
13190542
13197164
13198202
13190051
13197202
13193166
13197608
13193154
13190594
13193180
13193004
13190228
13190650
13190071
13190276
13190506
13197358
13190316
13196398
13196558
13197064
13198634
13198682
13198702
13198780
13199112
13197582
13199388
13197255
13190374
13190394
13190874
13193580
13190029
13197204
13190560
13198496
13197570
13196064
13197226
13198266
13190720
13198604
13199004
13197408
13196662
13196066
13199362
13193194
13193220
13199038
13197414
13199090
13198524
13190007
13190017
13198046
13198038
13198632
13198434
13194298
13198558
13196568
13198648
13198674
13199118
13199398
13190399
13190879
13194300
13194304
13190344
13197380
13197404
13198804
13197480
13199416
13197269
13190408
13190338
13198808
13197470
13199410
13197266
13190405
13194318
13190340
13194320
13198794
13197478
13199412
13197267
13190406
13190342
13198444
13199414
13197268
13190407
13198052
13193710
13199360
13197386
13190302
13190310
13190530
13191502
13196152
13196392
13196552
13198572
13198626
13198692
13198778
13199102
13197590
13199192
13199382
13197252
13190391
13190871
13190508
13196360
13197176
13190031
13190588
13190330
13194306
13198554
13198652
13198670
13199106
13199154
13199402
13197262
13190401
13198818
13197460
13190188
13191500
13197346
13197150
13198422
13190107
13199140
13193582
13196068
13196070
13197576
13190568
13196374
13191506
13196852
13198816
13198220
13190550
13193178
13190055
13199168
13190176
13197140
13190065
13197596
13198478
13190732
13197232
13193156
13193052
13193152
13198272
13190690
13198492
13198532
13198424
13199048
13199138
13199146
13197000
13197661
13197141
13190123
13193229
13193581
13193593
13194223
13190270
13193562
13197142
13190592
13198254
13190045
13190079
13190200
13193208
13198462
13197602
13199200
13190326
13199178
13193192
13197392
13198280
13194212
13196078
13190750
13193020
13198476
13198004
13190710
13197456
13197416
13197658
13197604
13190103
13198458
13197368
13197572
13198418
13190686
13197580
13190662
13199132
13190684
13193232
13196020
13190548
13196658
13197446
13199074
13196080
13197208
13199068
13199044
13199056
13199058
13198806
13197364
13190552
13190598
13197560
13190596
13193564
13198562
13199164
13190674
13190278
13190093
13197574
13190682
13190518
13193008
13197656
13198798
13190730
13190724
13190728
13190734
13190722
13190740
13197158
13199006
13198614
13193224
13193182
13190582
13193210
13190814
13193708
13190678
13193088
13193162
13199080
13197634
13198008
13197600
13190280
13190738
13190744
13197182
13193068
13197496
13199084
13193160
13193087
13198534
13197360
13193452
13193560
13197622
13190083
13190101
13190170
13190171
13190181
13190173
13190102
13190151
13190110
13190510
13197050
13190698
13199010
13199054
13198822
13193164
13199302
13198430
13193050
13198498
13197642
13197606
13197236
13193706
13198810
13193446
13198274
13197238
13190564
13190664
13197418
13197230
13196172
13193566
13198230
13198576
13197190
13190041
13198270
13193002
13190282
13190300
13199350
13197394
13199364
13197222
13190152
13193030
13196050
13197146
13197352
13197144
13198526
13190182
13197568
13198522
13197362
13199356
13197378
13193064
13199142
13193714
13193206
13190808
13190039
13196356
13190818
13198606
13190810
13198238
13193716
13199354
13197564
13190156
13197610
13190095
13190224
13190536
13190204
13199204
13194286
13193000
13198014
13190890
13193720
13198528
13190009
13199130
13193062
13193190
13199352
13193092
13190586
13190500
13199304
13190534
13194290
13199136
13198578
13190526
13196350
13190035
13197344
13199134
13198010
13190206
13196082
13196074
13197628
13190091
13196084
13190180
13199166
13198028
13198288
13190005
13199358
13193222
13193184
13196370
13197646
13197162
13198234
13190232
13197188
13193512
13197566
13190504
13198236
13190186
13198456
13193500
13190858
13197616
13198206
13197214
13193038
13190284
13190307
13197636
13198054
13199022
13193522
13196376
13198264
13190804
13196168
13198032
13193514
13190184
13193516
13190514
13193440
13193570
13193700
13190894
13193066
13198284
13193006
13199372
13190532
13198044
13190672
13190670
13197186
13198610
13198018
13190512
13196176
13190580
13198020
13198516
13198502
13196180
13190850
13193504
13198474
13190190
13197578
13194206
13199016
13199062
13199030
13190546
13199088
13199064
13199310
13197388
13199028
13199032
13199036
13193084
13198030
13198410
13198450
13198438
13198000
13193012
13199170
13190556
13190746
13190712
13196004
13193104
13193454
13197172
13198546
13198432
13197206
13198056
13197354
13190308
13198048
13198026
13198548
13199172
13190252
13198482
13194210
13198500
13197482
13199202
13193098
13196160
13191508
13190562
13198826
13193032
13190371
13197448
13198512
13193552
13197422
13190716
13190590
13198256
13190820
13197174
13197192
13196856
13196018
13193072
13193100
13199052
13193510
13190248
13197200
13198042
13197638
13193558
13196010
13196862
13197160
13193200
13199086
13193158
13197218
13190558
13190122
13190121
13197630
13194282
13199150
13198240
13198530
13197614
13198446
13197468
13190544
13190202
13190011
13190246
13190324
13198034
13194296
13198580
13196566
13198646
13198678
13197498
13199396
13197259
13190398
13190878
13197618
13198278
13190322
13193448
13194294
13198564
13196564
13197058
13198644
13198696
13197490
13199122
13199394
13197258
13190397
13190877
13194202
13193506
13198036
13196358
13198542
13199014
13198466
13198520
13193502
13190328
13194302
13198556
13198650
13198672
13199110
13197494
13199400
13197261
13190400
13190880
13198596
13198820
13190077
13190692
13198252
13190502
13190242
13196178
13190896
13196174
13190172
13193556
13190538
13198790
13198420
13197586
13193508
13193150
13199024
13196866
13196008
13196854
13196164
13193082
13196000
13196874
13197148
13196162
13190085
13198792
13196352
13193188
13198412
13198472
13193010
13193080
13196656
13197450
13193702
13198214
13197424
13197184
13199042
13199002
13190696
13190097
13193170
13190256
13196056
13197290
13197295
13197292
13197298
13197294
13197296
13197297
13197293
13197291
13190334
13198436
13194310
13198552
13198660
13198688
13198706
13198800
13197466
13199406
13197264
13190403
13190306
13190314
13196396
13198574
13196556
13197062
13198684
13198782
13197476
13199108
13199196
13199208
13199386
13197254
13190373
13190393
13190873
13190336
13198708
13198802
13199408
13197265
13190404
13194314
13190015
13198544
13198250
13190027
13198002
13198006
13198440
13197228
13196182
13190892
13193202
13196012
13196014
13196006
13197242
13190057
13190264
13190021
13190258
13197350
13197652
13190023
13190081
13197194
13196378
13198216
13197452
13194312
13194316
13198242
13193204
13190860
13199899
13190025
13196660
13197436
13198218
13190250
13190208
13190220
13190274
13190240
13197376
13197442
13196870
13190260
13190262
13199020
13197366
13197170
13196166
13197356
13197562
13190254
13190266
13190566
13190516
13198260
13190318
13191510
13194292
13196560
13198582
13197060
13198636
13198680
13198772
13199114
13197584
13199390
13197256
13190375
13190395
13190875
13198058
13196860
13190320
13191512
13193444
13198560
13196562
13198586
13197056
13198640
13198676
13198774
13197488
13199120
13197588
13199392
13197257
13190376
13190396
13190876
13190033
13193554
13198210
13197640
13190150
13190222
13190230
13193450
13194280
13190001
13196654
13197400
13198540
13198414
13190854
13193036
13197592
13193070
13197210
13199034
13197198
13197500
13197156
13197216
13197166
13198600
13197472
13199306
13194214
13198282
13196664
13197430
13190067
13190109
13196002
13196858
13197244
13198460
13190304
13190312
13191504
13196154
13196394
13196554
13198584
13197066
13198628
13198686
13198776
13199104
13199194
13199206
13199384
13197253
13190372
13190392
13190872
13190332
13194308
13198566
13198654
13198690
13198704
13198796
13197492
13199404
13197263
13190402
13190003
13190742
13190362
13198622
13197280
13197285
13198658
13197282
13198616
13197289
13197288
13197284
13198642
13197286
13198656
13197287
13198662
13197283
13198638
13198452
13197281
13190364
13198630
13196650
13197426
13199072
13190680
13197454
13196380
13196390
13196550
13198570
13197402
13198624
13198694
13198770
13197464
13199100
13197598
13199190
13199380
13197250
13197251
13199001
13190370
13190390
13190870
13190043
13190268
13190343
13197410
13197648
13196076
13196354
13199144
13194284
13198464
13194204
13197240
13197632
13198050
13198602
13197374
13199418
13197270
13190409
13197275
13190352
13198480
13198598
13197342
13199156
13199428
13190174
13193060
13197272
13190346
13198592
13199176
13199422
13197279
13190360
13198488
13198620
13197624
13197278
13190358
13198618
13197348
13197274
13190350
13198514
13197340
13199426
13190075
13190540
13197276
13190354
13199430
13199432
13197277
13190356
13198612
13199160
13197273
13190348
13198594
13199180
13199424
13197271
13198590
13197370
13199420
13190345
13190410
13190694
13194288
13197594
13193186
13190059
13190806
13198040
13190856
13190063
13190073
13190584
13197372
13196054
13196170
13198608
13199308
13197260
