14640021
14645030
14642174
14645200
14645136
14647132
14647104
14645728
14642296
14642050
14642046
14642094
14642132
14642298
14642344
14645118
14647700
14640178
14647536
14640354
14645702
14645704
14645500
14647548
14647742
14647592
14645090
14645086
14645526
14645238
14647444
14645560
14645528
14645550
14647408
14640164
14640188
14647130
14647102
14645504
14645230
14642380
14642160
14645134
14647114
14647594
14647704
14645106
14647708
14645506
14645226
14642320
14642314
14642256
14645120
14649722
14645508
14642198
14642068
14640073
14645552
14645564
14642250
14642186
14645096
14645104
14647710
14649710
14647712
14647438
14647426
14640087
14645100
14645132
14645242
14647534
14645240
14640160
14640149
14647416
14645112
14647522
14645726
14647430
14647428
14647442
14640005
14640033
14642310
14640258
14645718
14640272
14640412
14642018
14640039
14640446
14640131
14640438
14647410
14645122
14645746
14640139
14640037
14640035
14645710
14642158
14645730
14647440
14647422
14642126
14642154
14645744
14640414
14642020
14642164
14647008
14645000
14642070
14642080
14645228
14649716
14647406
14642378
14642336
14642114
14642388
14642330
14642156
14642326
14645058
14645010
14640254
14647546
14645724
14645020
14645740
14647138
14649728
14645022
14640276
14647116
14647120
14640061
14645102
14642300
14642346
14642096
14642150
14642044
14649724
14642386
14640017
14640019
14647530
14647528
14645706
14640448
14640450
14640394
14640396
14642006
14642136
14645510
14645034
14645060
14647574
14647540
14640055
14647556
14640170
14640194
14649708
14642008
14642142
14642290
14642334
14649702
14642262
14642286
14642332
14640256
14640135
14645032
14640123
14640434
14647576
14647544
14647142
14642128
14647434
14647436
14640007
14640372
14642138
14640107
14640109
14640352
14642308
14642130
14642162
14642196
14642252
14645218
14647570
14647538
14647404
14640356
14640378
14640428
14640392
14640426
14640358
14645712
14642322
14640416
14640420
14645512
14647006
14647136
14647108
14645052
14640176
14640051
14640053
14640252
14642022
14642176
14647714
14647140
14647124
14645232
14642168
14642170
14645216
14640125
14645514
14645210
14642302
14647578
14640270
14649712
14640091
14647010
14647716
14645064
14647446
14645092
14645078
14647146
14647706
14645054
14645026
14645072
14645116
14640278
14645516
14640081
14642032
14640406
14645714
14647100
14647128
14647420
14640001
14647400
14642384
14642188
14645570
14647110
14645568
14647560
14642258
14640172
14640174
14640045
14640043
14640049
14640047
14649714
14642368
14640143
14640145
14640196
14640250
14642364
14647508
14642406
14642268
14642328
14640162
14642124
14640083
14647402
14647572
14642270
14642182
14642382
14640262
14640113
14640398
14640380
14642026
14640400
14642024
14642190
14647718
14645518
14640440
14645566
14645522
14645110
14640057
14640180
14640059
14640063
14642062
14642082
14645214
14640105
14642276
14642280
14642400
14642392
14642324
14645114
14647144
14642260
14642372
14647126
14640266
14645708
14647722
14640260
14645236
14645716
14645562
14645530
14642416
14642390
14645024
14647724
14645206
14647552
14645722
14645756
14645520
14647726
14645748
14645524
14640085
14647014
14647542
14647148
14645076
14645018
14645016
14642288
14647154
14647448
14647558
14642374
14642362
14642412
14645050
14649720
14642184
14645012
14645066
14649730
14647562
14649704
14645208
14645042
14645556
14645536
14647744
14647122
14645222
14647550
14645080
14640366
14640374
14640119
14640432
14640274
14640182
14645234
14647016
14642264
14647564
14645084
14647418
14649706
14640384
14640430
14640390
14642004
14642002
14642134
14642294
14642340
14649726
14645538
14645212
14645028
14642112
14642306
14645074
14642348
14642366
14645224
14647000
14645006
14642414
14647510
14640015
14645204
14647728
14642140
14642292
14640097
14640141
14642350
14642360
14645040
14640452
14642410
14640011
14647520
14647502
14645540
14642408
14647730
14645542
14642194
14647734
14645544
14645128
14647152
14647504
14640013
14645126
14642370
14645108
14647702
14645098
14642122
14642098
14645082
14642266
14647004
14642338
14647732
14645532
14645720
14645070
14645130
14640264
14647012
14640166
14640147
14640190
14642056
14642088
14642116
14640133
14640268
14647554
14640031
14640029
14647590
14647580
14647412
14642376
14642312
14642180
14642404
14642272
14647596
14640099
14642066
14642040
14642042
14642166
14642172
14640410
14642016
14642014
14642152
14640168
14640192
14645752
14642054
14642090
14642118
14642304
14640079
14640442
14640121
14647424
14640115
14640362
14645056
14647736
14640129
14640360
14640089
14640117
14640382
14642000
14640093
14642052
14642092
14642120
14640041
14647414
14640071
14642064
14640075
14645036
14647738
14642282
14645014
14647020
14642100
14645004
14642110
14645202
14640186
14640137
14649899
14647022
14647134
14647106
14640444
14645002
14645220
14645094
14647506
14647112
14647524
14645124
14642284
14642178
14642402
14642274
14649700
14642254
14645558
14645062
14645754
14645700
14645554
14645750
14645534
14640077
14642034
14642038
14640408
14642036
14642192
14645742
14642342
14647002
14640454
14640404
14642010
14642012
14647740
14647526
14647720
14647150
14647018
14645038
14645502
14640027
14640025
14647532
14640003
14640023
14647500
14640009
14647432
14640095
14640101
14640368
14640370
14642030
14642028
14640402
14640422
14640184
14640065
14640067
14640350
14640069
14642058
14642060
14642086
14642084
14640103
14640364
14640376
14640424
