15123036
15122140
15127002
15129012
15122130
15120031
15122052
15122136
15122128
15120063
15120174
15122134
15123012
15123006
15121016
15121024
15123126
15123102
15122014
15121158
15122100
15122138
15122114
15121032
15122120
15123234
15123000
15129010
15123034
15123226
15120190
15123120
15121040
15121122
15121142
15122004
15122044
15121126
15129006
15122026
15120013
15123208
15122022
15120005
15120011
15123018
15127006
15123122
15123108
15121080
15123022
15123100
15123030
15120003
15122020
15122016
15120170
15121140
15121012
15122030
15120015
15120027
15123200
15120184
15120053
15121150
15121014
15120019
15121038
15122012
15120001
15120178
15120182
15122144
15121020
15123014
15123004
15123130
15123202
15121094
15127004
15121044
15121034
15120017
15120051
15121098
15122006
15123128
15123016
15120172
15120039
15122034
15123236
15121092
15122102
15122028
15121148
15121042
15121090
15121160
15121010
15121036
15121026
15120059
15120035
15122146
15123010
15123008
15121146
15120166
15120057
15128006
15121132
15121052
15123228
15121030
15121050
15122110
15122104
15120164
15120025
15123032
15121046
15120160
15120188
15121082
15120033
15120180
15122048
15121134
15122040
15122002
15123220
15120150
15122010
15121124
15121002
15122126
15123230
15121022
15129000
15122036
15122132
15121128
15120029
15122122
15121084
15121144
15122142
15123212
15129004
15121086
15123210
15122124
15123232
15128001
15128004
15120254
15122024
15120007
15128002
15121156
15120009
15120168
15121120
15122008
15122112
15122038
15120037
15121048
15123222
15123124
15121130
15120176
15121152
15122046
15122032
15120045
15120047
15120023
15121088
15121096
15121000
15121018
15120021
15128008
15120055
15122000
15120041
15123020
15120061
15120250
15123104
15123206
15127899
15128899
15129899
15123002
15123110
15120186
15123204
15120162
15120043
15122042
15122050
15121154
15127000
15129008
15121136
15129002
15121028
15123106
15120049
15120252
15123224
