15773216
15773220
15774502
15773023
15773019
15774500
15774504
15773240
15773021
15773234
15773206
15773029
15773040
15773015
15773244
15773226
15773062
15773007
15773046
15773228
15774505
15773230
15774506
15774503
15774507
15774509
15773246
15773060
15773050
15773011
15773070
15773048
15773027
15773044
15773204
15773214
15773202
15773005
15773242
15773017
15773210
15773208
15773222
15774899
15773064
15773025
15773009
15774501
15774510
15773003
15773042
15773013
15773224
15773001
15773212
15773200
15774508
15773232
