14962330
14967274
14967720
14962200
14962178
14962092
14962290
14962244
14965064
14962466
14965460
14960380
14967018
14967116
14967585
14960524
14965062
14965584
14967246
14962272
14960377
14965092
14966006
14966026
14960178
14960164
14960202
14960326
14965242
14966004
14960138
14960140
14960112
14960142
14962500
14962474
14960034
14965262
14965272
14967248
14962410
14962458
14969014
14965094
14967704
14965506
14961509
14962252
14960312
14960322
14962306
14965282
14965328
14965440
14965570
14967056
14967060
14967540
14967218
14967220
14967400
14967500
14967534
14967088
14960304
14966054
14965068
14966040
14965012
14967188
14967230
14960378
14966024
14960522
14960072
14962512
14965318
14962164
14962170
14962152
14960020
14967180
14960582
14965256
14962502
14966022
14967110
14965450
14961505
14960578
14967204
14967210
14965280
14965264
14965270
14965571
14967224
14967202
14960564
14965586
14965493
14967532
14965046
14960068
14960168
14965084
14967016
14962256
14965511
14965505
14965602
14960306
14966020
14965136
14965232
14962056
14960528
14962010
14967108
14960148
14960212
14965560
14965574
14962052
14967724
14965104
14960588
14962084
14962180
14969004
14960186
14962186
14962184
14962158
14962182
14962080
14962082
14966008
14962260
14962271
14967012
14965082
14962522
14962510
14962340
14962334
14960518
14960152
14967000
14962210
14960600
14967270
14962016
14962228
14960118
14960132
14965234
14960038
14967262
14962402
14965026
14962068
14962070
14965286
14962424
14962446
14960180
14965102
14960028
14967232
14967242
14967261
14965260
14965288
14965316
14962232
14967022
14967150
14965504
14967408
14960022
14962428
14962442
14962053
14967712
14965178
14960373
14962187
14962160
14962156
14967086
14962218
14962072
14962326
14967228
14965596
14965230
14965224
14962506
14966062
14966021
14962018
14965452
14962270
14962254
14967050
14962030
14965184
14962214
14965030
14965000
14962242
14960048
14962291
14962360
14962370
14962430
14962440
14960120
14960130
14965592
14962248
14967024
14967128
14960510
14962250
14960328
14962000
14962090
14965222
14966000
14965274
14965588
14965590
14965238
14965513
14965174
14960308
14967148
14965258
14967714
14960516
14960558
14967066
14967002
14962526
14962530
14965503
14962066
14965042
14960324
14962302
14960026
14961502
14965448
14965250
14967583
14967068
14966002
14966028
14960565
14960502
14960044
14967266
14962406
14966012
14966046
14965508
14965176
14960544
14962524
14967502
14961501
14965454
14960144
14960334
14960300
14962308
14967142
14967186
14960371
14960340
14967006
14967412
14965594
14962354
14960375
14967710
14962051
14965220
14962462
14967144
14962414
14965130
14965108
14962416
14962454
14962224
14962226
14962078
14962150
14962172
14962190
14962390
14962400
14960376
14965572
14960182
14967404
14960050
14965580
14967702
14965140
14960188
14967052
14965216
14967082
14962202
14962206
14960338
14967554
14962196
14962062
14960556
14960372
14967512
14965110
14962198
14967130
14962208
14967550
14961512
14962380
14967026
14967122
14962054
14966061
14966042
14960170
14965501
14966030
14962468
14965507
14967044
14962322
14962388
14962536
14962456
14962412
14965060
14967174
14965024
14960196
14965088
14967146
14961500
14967014
14967120
14960580
14960534
14960540
14960536
14960586
14962006
14967176
14967216
14967100
14960330
14965212
14960500
14960590
14962372
14965294
14960530
14962055
14960542
14962008
14965312
14967198
14967042
14965326
14962012
14965332
14962234
14962294
14962240
14960584
14965044
14960066
14969010
14960504
14967402
14962504
14965210
14967718
14960560
14969000
14960512
14965086
14965214
14969006
14962332
14965252
14965604
14967172
14965517
14960310
14965515
14965464
14962050
14960508
14967708
14967062
14962064
14967028
14967118
14965254
14967552
14967510
14961508
14965498
14965180
14962014
14960076
14960080
14960568
14960570
14965028
14965050
14967272
14965172
14967160
14967170
14967234
14967240
14965148
14965070
14965080
14960016
14960018
14965010
14962328
14962304
14965444
14960332
14967048
14960056
14965032
14965002
14960550
14960046
14960086
14967268
14960176
14962408
14960110
14965496
14967054
14967064
14962352
14960574
14962004
14965442
14967194
14965518
14960036
14965582
14962192
14965020
14965016
14967524
14960566
14965576
14967410
14966014
14966048
14965512
14965499
14960546
14960214
14960514
14962538
14962516
14962520
14960552
14967581
14960526
14965516
14965218
14967200
14967222
14967090
14962264
14960002
14965600
14967226
14967178
14962002
14960146
14967070
14967080
14967278
14967084
14965334
14962514
14962384
14962258
14962344
14967276
14965146
14965514
14962246
14967526
14967514
14965495
14962426
14962444
14967106
14967192
14960548
14967528
14967516
14965320
14962300
14962460
14967722
14967184
14967282
14962176
14962088
14966010
14966044
14962346
14967190
14965502
14965456
14965497
14960506
14962342
14965236
14967518
14967580
14967700
14967030
14965106
14961000
14966060
14960024
14965314
14965290
14960010
14960006
14962532
14965090
14962374
14967548
14965322
14965330
14962292
14962358
14962262
14960172
14965598
14965292
14965300
14965310
14965120
14967040
14967032
14960314
14960320
14967250
14967280
14969002
14962464
14960562
14967112
14967530
14960166
14967584
14966018
14966052
14960032
14967542
14960190
14967010
14962338
14965462
14960576
14960532
14962382
14962378
14960379
14961511
14962472
14965446
14962188
14962076
14962230
14969016
14960162
14960204
14962204
14960572
14960030
14967260
14967252
14965142
14961510
14962336
14960194
14960302
14965240
14960374
14960150
14960052
14960114
14960136
14960158
14967212
14967406
14960082
14962324
14962470
14969008
14967506
14967522
14967508
14962356
14961507
14960014
14965041
14965014
14968899
14969899
14960116
14960134
14962194
14960074
14960084
14967182
14967214
14967582
14962386
14960004
14960070
14960174
14962376
14965008
14965040
14965038
14965144
14965170
14960520
14961506
14960040
14967264
14962404
14969012
14967104
14967196
14965066
14967046
14967020
14967716
14962508
14965132
14962174
14962086
14965494
14966050
14966016
14967244
14962020
14962060
14962074
14961504
14962310
14962293
14962320
14962312
14960336
14962216
14962420
14962450
14962418
14962452
14962222
14965096
14965100
14967057
14967008
14967126
14965048
14960012
14965138
14960054
14960064
14960160
14960206
14962448
14962422
14967004
14967546
14962220
14967102
14960184
14965458
14962348
14961503
14965324
14967161
14967124
14967140
14967114
14967706
14965276
14965284
14960554
14965466
14960192
14962350
14965578
14965492
14965182
14967544
14967520
14967504
14965134
14960198
14960200
14965519
14965022
14962212
14962162
14962154
14962534
14962057
14960062
14960156
14960208
14960060
14960154
14965036
14965006
14960210
14965034
14960058
14965004
14960151
14960042
