17540224
17540017
17540210
17540242
17540132
17540110
17540202
17540410
17540120
17540106
17540408
17540013
17540240
17547008
17540019
17547002
17540304
17540025
17540156
17547014
17540230
17540404
17540406
17547000
17540148
17540112
17547010
17540023
17540212
17540226
17540033
17540154
17540400
17540222
17540204
17540152
17540130
17540116
17547018
17540035
17540100
17540402
17547004
17540124
17540007
17540015
17540011
17540021
17540158
17540003
17540118
17540214
17540244
17540005
17547016
17540308
17540312
17540310
17540416
17540208
17540027
17540150
17540001
17547006
17540206
17540220
17540211
17540102
17540228
17547012
17540144
17540300
17540029
17540009
17540126
17540104
17540302
17540108
17540031
17540146
17546899
17549899
17540142
17540134
17540114
17540414
17540122
17540140
17540136
17540412
17540306
17540200
