17570144
17572098
17572056
17572076
17570094
17572250
17572252
17572002
17570015
17572260
17572256
17570025
17572014
17572060
17572064
17570098
17570162
17570150
17570130
17572050
17570160
17570154
17572046
17572058
17572074
17572052
17572084
17570017
17572068
17572100
17572024
17570148
17572000
17572094
17570068
17570023
17570152
17570007
17570096
17570072
17572124
17572012
17572036
17572072
17572010
17572120
17572070
17572022
17572042
17570122
17570110
17571886
17572048
17572066
17572080
17570168
17572122
17572096
17570140
17570132
17572092
17572106
17572030
17572026
17570082
17570019
17572040
17570146
17572032
17570076
17570062
17572086
17570170
17572034
17572082
17570003
17570126
17570090
17570078
17570064
17572044
17570142
17570166
17570074
17570050
17570001
17570106
17570052
17570013
17572020
17572016
17570104
17570174
17572054
17571884
17570100
17570172
17572008
17572800
17572270
17572254
17572102
17570080
17570021
17571880
17571882
17572090
17572088
17572006
17570070
17572108
17572004
17570112
17570120
17570102
17570009
17570164
17570066
17572104
17579899
17570054
17570060
17572062
17570011
17570108
17570124
17572500
17570129
17570097
17572110
17570092
17570128
17570005
17572272
17572276
17572802
17572292
17572296
17572298
17572274
17572278
17572804
17572280
17572806
17571888
17572282
17571890
17572284
17571892
17572286
17572288
17572290
17572294
