19910215
19915430
19914130
19902680
19913522
19900042
19906205
19910715
19907170
19900220
19904603
19904652
19904565
19911749
19912325
19915300
19915706
19902447
19914540
19911151
19914520
19915330
19901721
19910088
19906455
19913116
19915050
19904230
19907019
19904626
19904250
19911126
19912330
19911080
19911160
19910002
19913554
19907490
19905435
19903338
19902341
19912320
19913160
19904706
19906025
19907025
19915281
19915510
19906543
19903312
19906255
19906445
19907030
19905035
19905300
19910118
19915501
19915876
19905102
19915703
19905170
19913080
19900030
19900031
19901070
19915700
19900250
19915030
19915240
19915738
19913192
19914550
19914165
19906296
19911123
19913182
19906250
19904240
19904558
19903376
19911710
19911722
19906304
19902444
19906507
19910254
19913390
19911290
19911435
19905255
19904709
19901130
19913170
19915270
19907561
19915727
19910490
19910302
19906500
19907173
19915742
19913330
19915110
19913260
19907465
19901760
19901734
19915540
19910207
19904707
19900180
19911162
19907000
19904638
19915641
19905106
19915570
19911153
19902031
19915494
19908307
19906410
19900080
19900081
19915525
19903306
19915695
19905010
19914190
19915735
19911425
19913165
19904635
19910091
19911115
19911332
19906155
19913515
19910079
19904520
19915846
19913477
19914510
19905020
19914400
19908237
19906010
19904149
19906040
19911020
19905003
19900170
19909040
19911129
19906536
19904700
19906284
19906297
19910718
19902600
19910260
19901550
19907320
19905450
19901540
19912250
19906265
19911810
19911622
19906260
19908303
19905104
19907080
19908241
19915250
19913210
19905220
19915728
19914150
19915495
19913451
19915726
19904802
19902510
19902097
19906004
19903378
19903332
19905040
19901019
19903344
19915796
19910040
19915520
19905270
19913030
19907090
19911275
19906055
19904255
19911460
19900010
19900011
19901225
19913360
19906523
19900240
19901690
19908160
19914083
19915685
19903352
19900313
19903326
19904196
19901240
19902010
19900300
19910235
19905480
19900270
19914212
19905490
19910466
19906302
19906150
19908090
19909090
19906240
19906450
19915290
19912400
19905135
19908000
19901732
19915498
19910304
19915150
19911265
19910222
19915423
19915245
19907070
19910101
19907290
19915225
19906020
19910103
19907235
19911070
19910481
19910483
19904701
19905305
19911615
19901640
19915729
19911400
19915697
19912049
19907463
19911105
19906497
19904190
19900079
19914211
19915499
19910047
19911117
19915600
19907229
19900130
19900231
19904280
19906561
19902620
19902360
19910282
19904627
19907059
19911690
19911724
19905475
19915391
19907420
19915045
19915720
19909500
19909100
19909110
19908210
19908220
19905210
19910217
19915425
19910132
19913450
19906520
19900090
19901000
19905000
19910475
19901060
19907280
19913000
19901750
19913243
19900100
19900101
19912120
19913220
19915732
19906521
19910640
19914738
19907435
19902330
19903380
19908239
19913525
19904197
19908251
19915230
19905225
19910474
19911040
19911731
19911100
19911800
19911621
19915210
19911606
19907190
19908130
19911205
19905275
19904703
19904194
19915660
19914701
19907573
19907577
19905157
19914120
19904800
19901510
19911610
19906560
19908247
19913190
19915530
19906519
19907585
19910243
19915120
19911134
19910209
19902350
19915490
19904716
19910742
19910245
19904604
19913530
19907475
19914115
19914600
19905330
19910250
19915008
19905160
19902020
19900103
19915488
19908255
19910484
19907240
19901620
19910224
19915420
19906283
19913487
19911141
19901250
19910081
19910136
19902030
19910740
19904600
19907310
19915760
19902410
19906545
19901715
19904560
19906525
19910680
19905385
19913040
19915001
19903386
19905375
19904225
19907501
19904555
19911097
19905336
19913552
19915693
19912322
19902419
19906517
19906506
19911079
19907592
19910237
19915669
19915433
19901701
19909125
19911121
19915481
19910272
19914590
19904193
19901711
19905136
19905111
19910045
19906050
19915882
19915862
19913117
19906544
19911780
19911781
19901720
19901040
19904210
19902448
19906529
19905355
19907230
19915410
19914732
19915684
19915830
19903384
19915730
19912070
19912010
19911060
19912030
19904623
19910500
19902400
19904639
19915733
19905005
19907110
19903356
19915842
19913523
19904620
19913410
19910721
19904629
19910713
19915590
19912410
19905350
19915487
19910274
19905320
19907565
19908263
19915100
19915200
19910690
19915683
19913556
19911629
19911620
19915180
19906495
19900043
19901680
19903340
19914420
19914140
19905141
19905447
19903324
19900041
19901630
19902610
19915484
19914090
19910212
19906285
19906535
19906435
19914305
19907445
19914110
19905293
19906060
19914430
19910270
19913520
19904000
19907380
19906210
19915383
19909060
19912130
19905156
19906248
19903330
19915020
19901742
19911728
19905420
19910469
19914500
19915722
19902108
19902420
19908311
19915827
19910262
19907395
19905285
19911455
19912340
19913155
19909020
19910205
19906100
19915335
19915021
19914005
19912310
19913435
19915003
19912240
19913531
19915385
19904530
19907265
19910089
19910540
19905155
19907400
19906120
19901660
19903342
19910085
19915670
19911630
19911457
19914210
19914185
19907405
19907260
19901650
19914365
19911820
19911832
19911833
19901010
19910485
19915708
19910712
19915836
19912270
19904577
19910719
19910230
19901713
19901100
19902440
19908171
19906190
19913050
19908070
19909070
19906470
19910570
19906130
19915740
19915792
19908257
19915405
19910240
19907430
19905445
19906552
19913510
19912260
19907180
19901013
19913240
19915690
19910010
19910520
19913590
19913440
19900040
19914073
19904265
19900233
19912083
19914020
19910510
19902130
19910105
19915070
19910650
19906180
19906541
19907390
19904742
19904712
19906015
19907020
19911155
19908120
19902349
19906073
19906503
19901110
19903393
19903348
19905151
19913558
19905145
19906538
19901530
19908259
19905140
19900195
19910200
19910670
19911128
19915852
19909050
19915278
19910144
19905153
19910479
19910470
19913187
19915886
19915864
19901740
19915009
19915686
19914410
19906290
19901120
19911720
19911721
19914080
19903322
19903397
19909124
19910133
19904621
19911415
19907500
19908300
19902441
19911600
19913250
19910472
19910471
19903300
19903370
19914105
19910142
19914010
19905200
19910591
19915870
19901050
19905165
19905030
19908267
19909121
19911095
19907530
19905345
19910725
19911150
19914320
19904602
19902670
19911243
19905235
19914570
19910115
19903372
19904630
19909030
19915005
19904245
19906405
19907515
19911240
19907160
19904215
19911255
19913175
19915736
19913005
19907415
19915560
19902443
19902430
19905250
19905470
19913180
19907480
19907555
19906425
19907525
19911291
19913460
19915004
19915790
19915826
19901260
19915492
19910264
19905205
19902080
19914310
19900280
19903394
19915823
19911210
19907550
19910620
19904550
19907060
19905240
19914580
19912020
19907520
19904738
19904220
19904105
19910065
19903358
19915310
19915762
19906195
19907231
19905158
19905015
19903382
19904806
19915725
19910590
19903360
19915280
19911050
19915731
19904719
19903395
19915630
19915820
19915739
19911025
19907470
19902340
19912283
19915130
19915848
19915631
19915772
19914070
19904276
19910030
19911220
19901520
19901730
19902445
19908080
19909080
19905103
19912370
19913130
19908270
19911440
19906200
19907120
19904724
19904235
19912050
19911770
19911771
19911799
19914221
19914030
19915350
19914325
19915085
19913310
19900260
19908020
19902050
19910113
19914730
19906542
19910716
19908245
19904139
19901560
19903328
19914724
19910252
19911063
19904746
19913110
19904744
19904713
19913115
19915007
19912040
19911760
19911761
19915080
19910087
19907440
19905430
19913495
19915205
19914350
19911285
19915260
19904195
19915277
19913020
19904710
19914202
19910112
19903396
19905325
19904270
19906555
19905436
19913470
19904740
19906075
19910249
19915650
19904198
19915006
19911154
19911639
19907545
19915365
19915770
19906170
19910004
19912290
19906530
19908170
19905025
19902100
19908306
19903391
19908243
19906485
19913572
19914748
19903374
19904150
19907050
19906005
19913200
19913035
19913493
19906000
19914125
19915482
19910013
19901670
19905045
19909010
19910278
19911729
19914100
19911152
19910052
19903388
19904282
19915872
19915737
19903020
19906496
19915055
19906282
19915090
19913540
19914440
19915856
19904575
19901736
19905438
19914043
19915707
19905455
19905150
19904622
19905202
19911250
19902060
19915165
19911090
19900190
19900150
19911124
19910467
19911230
19911127
19912323
19904736
19915392
19915497
19910137
19911140
19904636
19915135
19913521
19906480
19907150
19915774
19915235
19904722
19910001
19910134
19915620
19910210
19910717
19914746
19906215
19905360
19907510
19908095
19904730
19914099
19910067
19912300
19904633
19912100
19906110
19912321
19906270
19911247
19902650
19911295
19906510
19910660
19914175
19910201
19915724
19906220
19901712
19905013
19911131
19910204
19907540
19915360
19906275
19908030
19910116
19913580
19911120
19914195
19914360
19914160
19911790
19911791
19915834
19903304
19912380
19913120
19915168
19905404
19904632
19903314
19901744
19904275
19904718
19910076
19901710
19901500
19913118
19913574
19915500
19905460
19908302
19906475
19915702
19915305
19910075
19915704
19911331
19911260
19911161
19915040
19904510
19910665
19904260
19915840
19911078
19915764
19914405
19913430
19911065
19906160
19915635
19910044
19912324
19915721
19908253
19913400
19915821
19914530
19910600
19902640
19904631
19902630
19915340
19906230
19908261
19911122
19905315
19906498
19906035
19914726
19902690
19903000
19904100
19905440
19913485
19915115
19911640
19905280
19915822
19905233
19904580
19900060
19910135
19915276
19915489
19907460
19907209
19914300
19914713
19915550
19915220
19911727
19906245
19901020
19900235
19910530
19913550
19915874
19915480
19903347
19915011
19913090
19915105
19901738
19911750
19904290
19904300
19910120
19913518
19911830
19911831
19907140
19906465
19913340
19904727
19913113
19913119
19910610
19904556
19908010
19915782
19903320
19908100
19913489
19907505
19913475
19905215
19909120
19911740
19912150
19912420
19915682
19906534
19915640
19914082
19904625
19902069
19906522
19900070
19900071
19906532
19906524
19908190
19913592
19908269
19906515
19906490
19907594
19910082
19915347
19915285
19913320
19906225
19911010
19908305
19914081
19904500
19905290
19901714
19906528
19910034
19908060
19912350
19913150
19910220
19906140
19914315
19910280
19906281
19904634
19908140
19902442
19912360
19913140
19912280
19904130
19905500
19901150
19914340
19906034
19906551
19910476
19911700
19911723
19900020
19900021
19901080
19904804
19910070
19914330
19915878
19915858
19906235
19904624
19910473
19900050
19900051
19904140
19908150
19910550
19904715
19910276
19907100
19913420
19915734
19904540
19900120
19900221
19900044
19910202
19911631
19906533
19915491
19910580
19915723
19902333
19905405
19911000
19901610
19915486
19914200
19911145
19911142
19904734
19900140
19900241
19905310
19911235
19907010
19914560
19910084
19902040
19915710
19911270
19901700
19906430
19906415
19915610
19905477
19908050
19907570
19907575
19906070
19907233
19907300
19904557
19914367
19907210
19906509
19907593
19901703
19911133
19910630
19910724
19910114
19914345
19907232
19914040
19913570
19910700
19904200
19915022
19911730
19910495
19912000
19903362
19906514
19910080
19905119
19906420
19911450
19903302
19906558
19914707
19904732
19912390
19915808
19910086
19905154
19905101
19901230
19901600
19910480
19902415
19911215
19911445
19911680
19911725
19910477
19907234
19900001
19900002
19901090
19912430
19913100
19904721
19915496
19915493
19906460
19907270
19915012
19904628
19904205
19903316
19913594
19913185
19906559
19913465
19902446
19910303
19907250
19905152
19919899
19913560
19911143
19900230
19906030
19910050
19901140
19914149
19915880
19911245
19914720
19911093
19910130
19909000
19915798
19910482
19912080
19910478
19911225
19911273
19915370
19915160
19914585
19913060
19903308
19914050
19905370
19905230
19910090
19907450
19902500
19902119
19902320
19906526
19906518
19907586
19910247
19910077
19915415
19915325
19911410
19904120
19907560
19906557
19911405
19911300
19902310
19906527
19906516
19914425
19913490
19910117
19907220
19910062
19902070
19909005
19905260
19915485
19900191
19900261
19911280
19907485
19903390
19900110
19912090
19915380
19910020
19912140
19910000
19913070
19914353
19913505
19911420
19906204
19904559
19907130
19906019
19903334
19905265
19915060
19903354
19910092
19910035
19908110
19905495
19910468
19911030
19904637
19910560
19906044
19913350
19902000
19902418
19902359
19904110
19906508
19910239
19915140
19901702
19911132
19910723
19907200
19905380
19900109
19911726
19910465
19902660
19915170
19904199
19906505
19911089
19915400
19915345
19915125
19911130
19915390
19910720
19910111
19910722
19908180
19905245
19911110
19915832
19915450
19904545
19912110
19913230
19914419
19902530
19903310
19913576
19914075
19907541
19912060
19908304
19907040
19901633
19914716
19901030
19915580
19915320
19906423
19908200
19907588
19907595
19907590
19907587
19903030
19907580
19903010
19906580
19914370
19915002
19907599
19907410
19913125
19913025
19915665
19913010
19907236
19908040
19902520
19902098
19911107
19905295
19910206
19904570
19911200
19910060
19915680
19915095
19913500
19902523
19913480
19906045
19915692
19905335
19904725
19910140
19914155
19906065
19910701
19911330
19906280
19911430
19903318
19900310
19913578
19914700
19914705
19904653
19904668
19915884
19914702
19904666
19914703
19904663
19914709
19904667
19914706
19904665
19904661
19904662
19914718
19904660
19904704
19914719
19904658
19904657
19904656
19914731
19904655
19904651
19914734
19904650
19914735
19914736
19914747
19903398
19914750
19914751
19914715
19914722
19914723
19914727
19903392
19914728
19914739
19914740
19914742
19914743
19914744
19914753
19914754
19914755
19914710
19914711
19914757
