15828404
15828700
15828206
15828226
15828330
15828270
15828232
15828300
15828296
15828362
15828354
15828368
15828346
15828282
15828082
15828092
15828392
15828262
15828019
15828294
15828364
15828352
15828015
15828266
15828400
15828372
15828340
15829054
15829036
15828240
15828027
15828348
15828290
15829052
15829038
15828212
15828039
15828096
15828023
15829060
15828260
15828248
15828204
15828052
15828324
15828310
15828043
15828210
15828208
15828050
15828410
15828216
15828033
15828070
15828066
15828080
15828074
15828380
15828094
15829064
15828029
15828234
15828218
15828098
15828370
15828344
15828336
15828328
15828320
15828280
15829062
15828246
15828288
15828238
15828224
15829050
15829040
15828298
15828360
15828356
15828322
15828286
15829032
15828326
15828312
15828021
15828402
15828086
15828076
15829058
15828222
15828200
15828009
15829066
15828704
15828342
15828394
15828292
15828366
15828350
15829034
15828284
15828072
15828084
15828244
15828302
15828088
15828398
15828274
15828406
15828408
15828041
15828090
15828001
15828250
15828272
15829000
15829018
15829020
15829022
15829002
15829004
15829006
15829008
15829010
15829012
15829014
15829016
15828242
15828025
15828007
15828376
15828062
15828396
15829056
15828706
15828214
15828035
15828003
15828202
15828056
15828031
15828236
15828220
15829899
15828037
15828378
15828264
15828017
15828334
15828078
15828702
15829030
15829024
15828054
15828064
15828005
15828013
15828058
15828332
15828230
15828268
15828228
15828390
15828382
15828011
15828374
15828338
15828060
