19970134
19970362
19970382
19971228
19971110
19973208
19973526
19971096
19971112
19970374
19970352
19971136
19970054
19971124
19973630
19970354
19970364
19971104
19971212
19973234
19973156
19971006
19973724
19973640
19979004
19971022
19973650
19970324
19971046
19973252
19979010
19973008
19971102
19970300
19971134
19973654
19973532
19971226
19970082
19971215
19973186
19971042
19971066
19971094
19973258
19970136
19973132
19973134
19973202
19973610
19970384
19970001
19970066
19971114
19973126
19973130
19973190
19971138
19973710
19970064
19970386
19979002
19970130
19973716
19973226
19973528
19971050
19973714
19973150
19971224
19973250
19973256
19971076
19970128
19971068
19971092
19973178
19971030
19973120
19973741
19973718
19971122
19973146
19973158
19973188
19973002
19970304
19973614
19970003
19970086
19970132
19970104
19970330
19970322
19973739
19973722
19973142
19973262
19973652
19971044
19971002
19973238
19973101
19971052
19971060
19971120
19973172
19971070
19970140
19970372
19971208
19973624
19970338
19973236
19970122
19973622
19971016
19973618
19971118
19970058
19970068
19973732
19971206
19971222
19973106
19973104
19973006
19971216
19970084
19970340
19973206
19973522
19970106
19971014
19971032
19971080
19971088
19971074
19971062
19971100
19973000
19970074
19970076
19971128
19970380
19971010
19973612
19973730
19970062
19970072
19973524
19971220
19973148
19970108
19973110
19971210
19971018
19979014
19973180
19973626
19973518
19971214
19973124
19973530
19973510
19970306
19971126
19971130
19973230
19973735
19973176
19973100
19970126
19973138
19973512
19970090
19971218
19973616
19970360
19973210
19970350
19973222
19971034
19970060
19970005
19970302
19971132
19970144
19973628
19970370
19971202
19970314
19973720
19973516
19970308
19973534
19973160
19973170
19973216
19970388
19971008
19973214
19970098
19971106
19970092
19973184
19979006
19970310
19971004
19973102
19973232
19970110
19973712
19973240
19971082
19971230
19970390
19970318
19970080
19971116
19971090
19970120
19970334
19973224
19970124
19971232
19970100
19973620
19970138
19970316
19973260
19971040
19971012
19979000
19971086
19973140
19973144
19973536
19970332
19971064
19971098
19973010
19973136
19973204
19973520
19970366
19973737
19973726
19971140
19971072
19971204
19977200
19970320
19977204
19977202
19977206
19977208
19977210
19970096
19970368
19970056
19970050
19970088
19971084
19979008
19971000
19970070
19973152
19973174
19970142
19970052
19970094
19970312
19978899
19979899
19979012
19973200
19971200
19970078
19973154
19973514
19973128
19970102
19970392
19973182
19973218
19973004
19971020
19973254
19971048
19971078
19973129
19971036
19970146
19973108
19973743
19973212
19973228
19973734
19970336
19973122
19973220
19979016
