18728202
18728209
18728006
18728074
18728412
18722010
18722012
18720043
18722026
18728234
18728420
18722008
18728402
18728422
18728010
18728248
18728706
18728114
18722002
18722028
18724060
18724014
18722152
18722000
18720011
18720067
18720039
18720091
18728238
18728072
18728700
18722108
18728054
18720077
18720049
18724056
18720025
18728082
18728416
18722158
18728720
18728110
18728708
18722112
18728104
18722004
18720087
18720242
18722030
18720075
18720045
18724052
18722038
18720232
18720089
18728120
18722120
18722116
18720013
18724016
18720085
18728514
18728008
18728028
18728500
18728116
18722106
18728080
18728418
18728506
18722036
18720220
18728236
18722122
18728098
18728232
18728078
18728052
18724000
18728034
18728038
18722110
18728126
18724010
18724002
18728030
18722132
18720021
18728252
18722020
18720095
18724050
18724018
18722006
18722142
18722140
18728702
18728068
18728244
18728716
18728046
18722018
18728714
18728242
18728090
18728084
18722022
18720057
18728730
18720073
18722126
18720059
18728426
18728036
18728518
18728710
18728510
18728516
18722100
18722202
18728004
18728018
18720053
18728062
18720238
18728026
18728728
18720037
18722040
18728108
18728048
18728058
18728502
18728094
18720029
18720041
18720200
18720047
18720081
18722104
18722136
18722204
18720009
18720244
18722154
18720083
18720079
18724062
18720063
18720019
18720234
18722016
18720051
18720005
18720035
18728096
18720017
18724202
18720065
18722156
18722014
18722024
18720230
18728222
18728230
18728022
18728254
18728012
18728718
18728400
18720033
18722128
18728434
18728508
18728042
18720093
18722144
18722150
18722130
18727200
18727000
18728414
18720071
18728430
18720061
18724200
18728014
18720001
18728050
18728512
18720055
18728040
18728224
18728408
18728406
18728112
18728722
18728404
18728228
18724054
18722034
18722206
18722134
18728122
18728056
18728250
18728016
18728424
18728504
18728106
18724058
18720027
18728060
18728704
18724204
18728724
18728124
18728220
18728200
18728000
18722102
18728024
18728044
18728092
18722124
18722114
18728410
18728002
18720007
18720069
18728020
18728102
18728246
18727899
18729899
18728100
18728240
18728070
18720031
18720236
18728428
18728076
18728066
18728726
18728712
18723500
18722200
18728118
18728064
18728432
18728226
18720023
18720015
18720240
18728032
18722032
18722138
18724012
18720003
18720202
18728204
18723501
18727007
18723502
18727201
18727202
18723513
18727012
18727253
18723556
18727103
18727218
18723562
18727219
18723608
18727102
18727220
18723607
18727100
18727231
18723606
18727105
18727230
18723605
18727104
18727229
18723604
18727111
18727313
18723603
18727106
18727327
18723602
18727107
18727326
18723599
18727118
18727320
18723515
18727013
18727254
18723598
18727321
18723597
18727314
18723595
18727119
18727315
18723594
18727109
18727316
18723593
18727116
18727317
18723592
18727117
18727318
18723590
18727110
18727319
18723589
18727115
18727328
18723588
18727114
18727329
18723587
18727112
18727330
18723517
18727008
18727249
18723586
18727113
18727331
18723584
18727108
18727332
18723583
18727120
18727333
18723582
18727121
18727325
18723581
18727122
18727324
18723580
18727123
18727323
18723579
18727124
18727335
18723578
18727125
18727336
18727126
18727337
18723544
18727127
18727338
18723509
18727009
18727255
18723545
18727128
18727339
18723546
18727129
18727340
18723547
18727130
18727341
18723548
18727131
18727342
18723549
18727343
18723550
18727344
18723551
18727132
18727322
18727133
18727345
18727134
18727371
18727028
18727256
18723636
18727135
18727347
18727136
18727348
18727137
18727349
18727138
18727350
18727139
18727351
18727140
18727352
18727141
18727353
18727142
18727354
18727143
18727355
18727144
18727356
18723516
18727015
18727257
18727145
18727357
18727146
18727358
18727147
18727359
18727148
18727516
18727149
18727150
18727372
18727373
18727374
18727375
18723519
18727016
18727258
18727376
18727360
18727361
18727365
18727366
18727367
18727368
18727369
18727370
18727363
18723526
18727017
18727259
18727364
18727362
18727485
18727486
18727487
18727488
18727484
18727483
18727482
18723525
18727018
18727260
18727472
18727473
18727474
18727477
18727481
18727475
18727476
18727478
18727479
18727480
18723518
18727019
18727261
18727471
18727491
18727492
18727493
18727499
18727498
18727490
18727489
18727497
18720204
18728206
18723600
18727093
18723504
18727244
18727001
18727203
18723524
18727020
18727262
18727496
18727495
18727494
18727464
18727467
18727468
18727242
18727465
18727514
18723531
18727021
18727263
18727239
18727240
18727241
18727466
18727243
18727469
18723523
18727022
18727264
18727501
18727503
18727504
18727505
18727502
18727506
18727507
18723522
18727023
18727265
18727508
18727511
18727512
18727515
18727513
18727460
18727463
18727462
18727461
18723520
18727024
18727266
18727459
18727458
18727457
18727456
18727455
18727454
18727453
18727452
18727451
18727450
18723527
18727025
18727267
18727449
18727448
18727447
18727446
18727445
18727444
18727443
18727442
18723528
18727026
18727268
18727441
18727440
18727439
18727438
18727437
18727436
18727435
18727434
18727433
18727432
18723530
18727027
18727269
18727431
18727430
18727429
18727428
18727427
18727426
18727425
18727424
18727423
18727422
18723529
18727080
18727270
18727421
18727420
18727419
18727418
18727417
18727416
18727415
18727414
18727413
18727412
18723534
18727094
18727271
18727411
18727410
18727409
18727408
18727407
18727406
18727405
18727404
18727403
18727402
18720206
18728208
18723552
18727079
18723506
18727221
18727002
18727250
18723535
18727096
18727272
18727401
18727400
18727399
18727398
18727397
18727396
18727395
18727394
18727393
18727392
18723532
18727087
18727273
18727391
18727390
18727389
18727388
18727387
18727386
18727385
18727384
18727383
18727382
18723533
18727088
18727274
18727381
18727380
18727379
18727378
18727377
18727509
18727510
18723521
18727086
18727281
18723536
18727085
18727280
18723538
18727084
18727275
18723539
18727083
18727276
18723540
18727081
18727277
18723541
18727082
18727278
18723542
18727029
18727279
18720208
18723507
18727500
18727003
18727251
18723543
18727030
18727282
18723537
18727031
18727283
18723505
18727032
18727284
18723635
18727033
18727285
18723634
18727035
18727288
18723633
18727036
18727287
18723632
18727044
18727286
18723631
18727037
18727304
18723630
18727041
18727334
18723629
18727014
18727309
18720210
18723508
18727312
18727004
18723628
18727045
18727308
18723627
18727046
18727307
18723626
18727040
18727306
18723625
18727043
18727305
18723621
18727047
18727303
18723624
18727048
18727302
18727049
18727301
18723620
18727050
18727252
18723619
18727038
18727291
18723618
18727039
18727290
18720212
18723510
18727470
18727005
18727245
18723617
18727042
18727289
18723622
18727051
18727292
18723623
18727052
18727293
18723616
18727053
18727298
18723615
18727054
18727299
18723614
18727055
18727300
18723613
18727056
18727310
18723612
18727057
18727311
18723611
18727058
18727296
18723570
18727059
18727297
18720214
18723511
18727346
18727006
18727246
18723571
18727060
18727295
18723572
18727061
18727294
18723573
18727062
18727236
18723574
18727063
18727237
18723601
18727064
18727238
18723609
18727065
18727235
18727066
18727234
18723610
18723503
18727067
18727233
18723596
18727068
18727227
18723576
18727069
18727228
18720216
18723512
18727010
18727247
18723575
18727070
18727226
18723591
18727071
18727210
18723585
18727072
18727225
18723577
18727073
18727224
18723555
18727074
18727223
18723569
18727075
18727222
18723568
18727076
18727206
18723567
18727077
18727232
18723564
18727078
18727209
18727034
18727208
18723637
18720218
18723514
18727011
18727248
18723566
18727092
18727205
18723565
18727091
18727204
18723558
18727090
18727207
18723563
18727089
18727211
18723559
18727212
18723554
18727095
18727213
18723553
18727097
18727217
18723560
18727098
18727214
18723561
18727099
18727215
18723557
18727101
18727216
