15825306
15825190
15825412
15825420
15825148
15825150
15825214
15825220
15825430
15825520
15825015
15825162
15825017
15825230
15825204
15825182
15825308
15825033
15825304
15825110
15825120
15825526
15825001
15825434
15825500
15825194
15825142
15825186
15825132
15825153
15825528
15825400
15825029
15825428
15825172
15825426
15825404
15825406
15825027
15825506
15825436
15825300
15825156
15825039
15825176
15825522
15825021
15825414
15825510
15825192
15825302
15825314
15825144
15825184
15825130
15825212
15825222
15825432
15825108
15825122
15825104
15825023
15825512
15825312
15825402
15825524
15825003
15825410
15825422
15825408
15825424
15825210
15825224
15825126
15825102
15825128
15825146
15825527
15825100
15825178
15825154
15825504
15825011
15825041
15825206
15825035
15825600
15825208
15825226
15825170
15825231
15825037
15825158
15825140
15825188
15825134
15825152
15825112
15825180
15825106
15825124
15827899
15825310
15825025
15825508
15825031
15825232
15825174
15825202
15825005
15825013
15825502
15825160
15825019
15825228
15825200
15825007
15825514
15825009
