13145064
13146030
13140190
13141014
13145870
13140442
13145794
13141153
13142096
13145601
13145748
13140186
13145579
13141081
13142078
13145119
13140606
13140532
13142194
13145111
13140562
13141071
13142245
13140266
13145181
13145293
13141093
13145848
13140021
13145589
13141253
13145739
13142334
13141062
13140254
13145879
13141235
13148069
13141021
13145648
13145278
13145280
13145779
13148063
13142438
13142132
13145390
13145091
13145740
13145153
13145342
13142336
13140635
13148218
13145541
13140677
13140765
13140770
13140276
13140597
13145875
13145784
13145517
13141160
13142060
13141082
13145798
13140250
13145854
13142362
13145139
13140458
13140522
13140432
13142537
13140038
13145878
13148264
13145607
13145528
13141045
13145143
13144606
13142335
13142350
13142414
13144715
13141065
13145803
13145778
13148257
13144570
13145791
13145317
13148208
13142104
13145763
13140017
13140810
13148085
13142538
13142472
13140019
13142380
13148066
13145821
13145101
13142444
13142120
13145006
13140334
13140802
13142155
13142530
13141156
13140538
13145770
13142080
13142136
13148171
13145276
13148324
13145561
13145831
13145638
13141016
13144594
13145747
13145240
13148245
13145783
13145785
13140424
13142340
13142302
13142301
13142239
13142070
13145574
13145441
13141048
13145802
13140608
13144703
13140574
13148240
13142374
13142402
13142568
13145813
13145722
13142424
13144602
13145243
13147073
13145570
13144707
13145721
13148258
13145392
13144590
13147030
13145810
13140180
13142100
13145874
13145860
13145662
13140856
13145548
13145839
13145732
13145179
13148088
13148226
13145594
13140850
13141058
13148370
13141023
13145536
13145239
13140814
13140891
13140116
13140058
13145525
13142484
13142324
13142442
13142404
13144578
13145237
13144728
13145858
13145737
13145801
13140232
13142144
13145634
13140476
13145563
13141015
13141057
13142436
13140224
13140273
13145877
13140188
13145125
13142539
13140072
13140086
13140270
13148256
13140426
13140705
13140762
13140778
13148252
13145826
13141075
13145781
13142398
13145850
13141025
13140082
13140074
13145396
13142412
13140153
13140135
13141055
13140735
13148180
13145264
13140034
13145838
13148254
13142072
13140753
13140248
13148313
13141030
13145350
13140326
13140274
13145688
13141233
13146034
13148260
13148261
13144696
13148251
13145881
13140050
13145529
13145656
13145258
13145868
13142170
13140629
13140309
13142304
13144692
13145772
13140246
13141234
13140430
13145682
13140170
13142342
13144709
13142062
13142052
13140673
13142050
13142106
13145076
13141067
13148189
13145103
13142310
13142094
13145829
13145321
13145793
13145694
13140322
13140404
13140420
13140421
13142422
13140786
13146064
13140836
13142058
13145024
13140709
13148050
13140084
13140496
13140454
13140344
13140474
13140526
13142370
13141138
13142064
13140637
13145368
13145891
13140342
13140327
13140317
13140214
13145005
13145190
13140236
13142555
13142541
13140402
13145165
13145684
13140500
13142049
13145827
13142088
13141165
13142068
13140228
13140234
13140759
13148262
13145291
13142216
13145738
13145862
13147031
13142384
13141074
13145690
13145823
13145274
13140174
13144695
13145235
13141084
13140846
13141053
13140332
13145524
13142531
13142154
13145700
13140358
13145789
13142420
13145344
13145564
13148202
13145231
13145540
13145592
13145535
13141008
13144671
13142456
13141239
13140697
13141238
13140130
13145856
13141089
13145236
13148332
13145650
13141042
13141050
13141129
13140311
13144665
13140348
13140741
13148160
13148198
13142542
13148302
13148231
13142057
13142055
13140297
13140888
13140675
13140291
13140241
13140240
13140756
13145131
13142056
13140024
13141076
13142159
13144568
13145018
13144713
13148138
13145885
13148136
13141022
13142148
13141157
13140585
13140882
13142230
13140643
13145706
13145640
13148087
13142160
13148185
13145072
13140299
13148228
13142344
13141236
13140027
13142243
13141046
13142356
13142330
13145766
13140118
13148300
13141231
13145183
13145141
13142514
13145796
13142504
13140701
13148065
13142494
13145787
13144704
13142102
13145820
13145526
13142224
13147076
13148092
13148200
13145268
13145195
13147079
13148319
13145841
13141091
13145792
13148079
13140546
13141245
13140486
13145068
13142114
13141092
13141019
13142543
13145348
13142544
13145553
13142566
13140494
13141256
13140121
13145026
13142474
13145560
13145832
13145597
13145285
13145297
13147070
13142382
13145768
13140631
13140881
13148214
13140504
13140460
13140406
13140516
13140520
13140536
13140506
13144555
13144608
13146067
13145514
13145636
13142328
13145244
13140282
13140093
13140862
13145054
13142146
13145093
13141060
13145533
13141251
13140062
13140063
13140110
13140111
13140177
13140176
13144735
13145741
13145861
13148325
13140066
13140105
13140313
13140036
13145189
13140423
13141029
13145272
13148076
13145670
13145671
13145611
13142364
13145446
13141246
13148263
13145765
13145366
13140604
13145155
13145333
13145382
13145383
13145066
13145745
13145771
13145192
13145198
13145193
13145201
13145191
13145202
13145200
13145204
13140590
13140512
13142178
13145626
13142332
13145828
13142354
13141087
13142478
13142532
13142126
13145773
13145121
13145790
13140490
13142418
13140726
13145530
13142372
13145864
13148162
13140540
13141240
13145028
13142533
13142246
13142312
13145196
13140610
13140042
13145246
13142092
13145635
13140580
13140576
13148288
13145894
13141017
13144689
13145867
13145180
13142156
13145852
13142316
13145107
13144576
13140315
13140330
13140482
13145799
13140137
13142338
13144560
13145519
13145718
13140122
13145129
13140428
13140220
13142065
13140613
13140354
13140226
13142546
13140444
13142545
13142547
13146025
13145346
13142548
13142549
13142550
13141036
13140031
13140830
13140858
13142242
13140120
13141056
13145056
13145245
13145248
13142452
13140695
13140729
13140262
13141237
13145876
13145804
13145825
13142454
13148091
13142061
13140595
13142446
13144668
13144600
13140587
13142502
13145002
13148235
13145710
13140267
13141028
13145113
13145114
13145388
13140271
13141078
13140268
13142138
13145307
13148163
13141031
13140633
13140396
13144697
13141047
13140641
13141136
13142563
13145534
13140160
13142190
13145055
13148230
13148298
13140699
13141134
13141137
13141135
13141131
13141146
13145340
13140841
13140822
13140840
13140192
13144714
13142320
13141044
13142512
13140514
13141254
13141105
13142551
13145884
13148060
13148064
13145352
13148290
13148295
13148106
13148186
13144670
13141163
13145811
13144681
13145760
13140498
13141255
13144676
13144730
13145135
13140611
13142222
13142122
13145764
13141243
13145880
13148297
13144675
13148204
13145849
13148077
13140615
13145358
13142552
13145412
13145287
13145547
13140889
13147097
13142562
13142086
13140570
13142520
13140854
13145624
13145575
13145151
13145137
13145032
13145362
13140218
13142069
13148070
13140301
13148199
13140868
13145109
13142510
13144574
13142220
13145658
13145255
13145256
13145118
13145117
13140806
13140890
13148195
13141059
13140124
13145837
13148067
13145761
13141007
13141041
13145557
13142450
13145593
13145386
13144678
13140196
13140866
13142188
13145887
13140044
13145309
13142571
13145822
13145730
13141035
13142192
13148296
13142238
13145537
13148212
13140305
13145755
13145313
13145123
13140099
13140056
13148073
13142559
13142400
13148170
13148217
13142448
13145806
13145622
13145754
13146023
13145756
13140025
13145145
13145833
13142051
13148153
13145414
13145325
13148323
13141250
13145522
13141080
13140832
13140564
13142161
13145266
13140023
13145163
13142198
13148093
13141010
13141049
13142240
13148109
13142306
13148316
13145531
13145897
13141009
13142226
13141013
13140599
13145599
13145660
13148221
13145674
13145797
13142570
13144679
13145632
13144664
13142508
13144711
13142218
13145520
13148118
13145067
13140194
13145708
13140307
13145544
13141006
13144706
13145416
13144598
13144718
13140848
13142152
13145646
13141086
13148061
13146026
13142480
13142470
13141034
13142498
13148285
13142084
13145890
13144667
13140738
13144732
13142556
13144699
13145893
13142142
13142496
13142466
13145583
13141170
13140484
13142000
13140560
13140558
13140711
13140720
13140230
13140293
13140154
13145859
13145372
13145187
13145603
13142112
13148378
13142488
13145319
13145812
13148327
13145305
13145252
13145620
13145609
13145774
13145000
13140076
13140320
13140080
13140182
13140280
13140256
13140687
13140723
13140707
13140818
13140842
13141120
13140843
13145147
13140693
13140581
13141024
13145538
13145835
13146000
13142440
13145241
13145800
13140107
13140572
13142575
13144708
13142518
13145805
13140566
13142140
13148080
13148220
13148103
13141247
13145749
13145578
13144691
13148062
13142300
13145394
13141249
13145030
13144663
13142572
13140352
13140117
13140054
13145234
13145775
13145410
13141130
13141132
13142290
13144716
13142516
13141241
13141162
13141026
13140601
13142076
13145282
13141027
13145545
13148326
13144604
13141104
13145744
13145173
13144724
13142184
13144726
13140095
13142110
13145628
13148247
13145085
13142292
13142294
13142296
13142298
13142299
13142293
13142295
13142297
13142291
13146070
13141128
13146058
13140350
13142176
13140584
13145809
13148253
13140544
13145571
13148243
13142118
13148244
13148074
13144733
13142248
13145331
13142174
13140591
13145238
13144682
13145374
13145384
13145385
13145886
13145857
13145546
13140156
13145666
13141096
13144673
13145746
13145750
13148301
13142490
13142536
13148315
13145581
13141018
13145743
13142108
13141064
13144580
13144712
13144620
13148293
13140166
13140607
13145895
13145720
13145851
13145247
13146038
13145406
13142486
13140386
13141103
13140088
13140070
13141141
13141068
13148312
13145022
13145161
13145873
13142352
13145083
13140198
13148078
13145289
13148115
13148287
13148284
13142158
13140162
13145562
13140018
13140336
13141248
13142366
13145551
13140020
13142569
13144592
13145865
13145323
13140592
13142500
13145727
13141140
13145892
13140390
13142200
13148282
13145556
13140602
13148068
13145167
13142506
13145726
13145051
13148259
13145736
13142090
13145735
13148242
13144702
13145734
13142228
13141066
13148089
13148283
13140101
13140184
13141020
13140568
13140022
13141252
13144672
13148236
13145299
13148192
13145872
13142182
13148071
13148280
13144688
13148314
13148210
13145233
13145889
13145523
13148291
13144717
13141011
13148374
13142326
13140052
13145817
13140747
13148279
13142116
13145008
13148086
13142390
13145605
13145844
13141043
13144582
13142232
13148289
13145871
13140614
13141085
13142368
13148121
13140732
13142460
13145767
13148328
13145070
13140834
13145380
13141063
13145840
13140440
13144683
13140542
13144686
13140040
13140356
13142322
13140295
13140438
13141100
13144734
13145552
13145559
13140048
13140097
13141004
13145676
13140303
13140588
13140508
13140583
13145752
13141232
13145686
13145855
13141142
13145733
13144701
13145830
13142098
13145565
13145723
13145020
13142468
13140547
13144722
13145004
13144700
13144725
13145582
13144557
13140164
13144694
13142348
13141094
13145795
13145588
13145883
13140039
13140639
13140287
13140594
13148246
13145205
13145591
13142576
13145719
13145729
13148083
13148286
13140612
13145704
13140269
13145327
13144677
13145818
13147096
13145418
13145335
13140860
13144680
13145896
13147095
13144572
13140360
13144586
13145550
13141054
13141088
13142426
13145576
13144693
13141073
13145807
13142557
13144559
13145672
13140470
13140388
13145769
13142082
13140123
13140152
13140750
13140260
13140751
13140794
13145637
13145788
13145786
13140103
13140068
13142128
13142565
13140598
13148090
13145590
13148139
13142130
13141161
13142395
13142396
13140524
13140530
13145209
13142244
13140605
13145354
13140671
13145777
13142428
13140434
13146027
13146061
13140033
13145728
13142318
13145034
13145089
13145040
13145090
13145420
13145440
13140436
13148132
13140492
13142074
13140109
13145311
13148237
13142150
13145595
13140596
13145716
13145516
13145824
13141144
13141159
13145819
13142247
13148329
13140488
13140480
13141032
13145115
13141051
13140178
13145149
13145408
13145815
13144588
13140448
13140456
13140589
13145370
13142048
13140289
13140244
13140798
13140593
13141072
13144710
13148152
13148116
13140043
13140083
13140221
13148223
13140869
13141002
13140780
13140609
13141139
13141127
13140502
13141257
13140272
13141145
13145080
13145078
13140380
13140366
13140744
13146044
13140346
13142063
13140887
13140338
13145105
13148292
13145853
13148241
13145758
13141101
13141090
13148299
13142236
13145816
13145776
13145742
13145847
13145834
13145230
13145888
13145845
13141150
13140838
13140582
13140578
13142462
13148075
13145169
13142386
13142458
13140450
13142410
13140422
13140446
13145527
13145203
13145324
13140208
13140210
13148150
13148058
13148000
13148030
13140534
13142564
13145668
13146046
13142388
13145532
13140119
13145580
13148250
13148317
13145301
13145725
13140400
13144684
13148084
13144662
13145171
13145127
13140158
13141061
13140886
13145692
13142059
13140883
13142053
13145518
13145099
13145398
13140284
13145762
13142054
13145808
13145402
13140324
13145702
13145356
13145652
13145724
13145751
13141005
13141133
13144705
13145232
13144687
13142573
13145074
13145584
13142134
13145585
13140616
13145542
13145521
13142196
13141052
13145843
13141143
13140037
13140362
13145731
13142208
13140172
13145364
13144674
13148155
13146052
13145539
13146050
13140252
13145063
13145062
13145087
13145515
13148227
13148183
13148142
13145567
13145262
13142430
13145199
13145197
13145642
13140645
13140647
13148072
13140035
13145315
13145360
13140060
13140113
13140216
13142554
13140222
13141155
13145842
13145549
13142376
13145175
13145185
13142186
13145630
13145586
13144666
13144669
13141180
13142360
13140238
13142314
13142066
13140064
13140091
13142553
13141079
13140880
13140586
13142464
13148229
13140365
13140364
13140478
13140340
13140392
13140885
13140884
13140627
13148094
13142432
13140046
13148224
13148234
13141230
13145052
13145133
13142540
13145242
13144690
13148206
13145846
13148255
13140150
13140032
13145555
13145270
13145295
13140125
13140679
13140703
13141033
13145554
13141099
13145097
13145400
13141083
13141164
13145712
13142124
13141158
13145644
13142067
13142172
13142406
13145780
13142378
13146055
13148294
13141102
13145814
13141095
13140394
13142234
13140790
13140026
13145095
13145404
13142250
13142270
13142535
13142180
13148330
13147082
13142522
13145696
13145703
13144566
13140617
13144685
13145543
13148216
13140115
13142567
13145680
13145194
13141012
13140603
13141077
13145869
13145558
13140782
13140141
13140774
13140870
13148222
13146076
13147000
13148082
13141000
13140265
13142574
13144552
13146042
13148133
13141154
13148281
13142558
13148333
13148334
13142029
13145587
13142038
13142039
13142040
13144584
13142041
13142042
13142043
13142044
13140510
13145329
13142045
13142046
13142047
13144556
13145753
13148130
13148382
13148335
13142030
13141171
13145260
13140285
13144550
13148127
13148278
13148336
13142031
13142492
13140169
13144554
13148124
13148277
13142560
13148337
13142032
13144558
13142561
13148338
13142033
13144562
13145177
13148318
13148339
13142034
13144564
13148112
13148340
13142035
13148341
13142036
13148331
13142037
