19865206
19865216
19865228
19865230
19865051
19865011
19865049
19865077
19865009
19865212
19865190
19865053
19865013
19865043
19865186
19865065
19865081
19865031
19865047
19865182
19865055
19865180
19865174
19865200
19865057
19865224
19865037
19865208
19865023
19865188
19865039
19865041
19865170
19865025
19865035
19865172
19865003
19865017
19865019
19865198
19865184
19865218
19865150
19865192
19865196
19865033
19865152
19865015
19865194
19865160
19865079
19865202
19865045
19865063
19865204
19865083
19865059
19865027
19865162
19865069
19865071
19865168
19865007
19865085
19865029
19865001
19865226
19865234
19865067
19865075
19865164
19869899
19865021
19865073
19865005
19865210
19865222
19865232
19865061
19865220
19865214
19865236
19865166
19865238
19865240
19865242
