13920306
13928226
13925266
13920035
13920300
13920520
13920192
13920142
13925434
13925030
13925052
13920282
13925556
13920598
13920316
13922004
13923450
13925050
13920432
13920198
13928076
13928440
13920402
13920168
13920144
13923414
13920550
13925452
13923442
13923416
13920590
13920504
13920526
13923022
13922126
13922116
13922102
13923002
13928428
13928392
13928298
13920037
13920166
13920566
13920594
13922174
13925482
13923232
13928438
13920230
13928028
13920270
13928262
13923048
13927232
13928218
13925228
13925252
13925230
13923228
13927020
13920296
13923486
13928462
13928364
13922122
13927016
13923454
13927126
13928592
13925028
13928282
13928400
13923074
13928458
13928266
13920502
13928594
13922152
13928422
13922110
13920148
13920136
13925412
13920325
13922114
13923042
13928070
13920073
13925226
13920418
13922216
13925406
13928234
13922212
13925250
13922130
13927134
13920290
13922172
13922136
13920085
13922160
13923026
13920023
13923020
13920132
13928476
13923474
13927068
13920328
13928434
13925470
13927110
13925432
13920047
13920298
13928468
13920162
13928276
13923028
13928376
13920326
13928224
13920001
13923210
13925436
13923426
13925070
13928236
13928464
13928052
13920506
13923070
13928244
13925062
13923084
13928294
13920216
13928452
13925256
13923214
13920083
13928004
13925022
13928024
13928048
13920176
13922118
13923008
13928368
13928366
13928284
13928564
13925074
13920011
13927208
13923408
13920160
13928420
13923032
13920560
13928026
13922202
13927132
13920554
13923410
13922180
13928214
13928210
13928200
13925442
13920224
13928216
13928042
13923406
13923476
13925010
13920226
13920576
13927066
13925048
13920130
13920041
13927014
13923230
13920021
13927012
13922128
13925480
13923058
13922186
13922008
13928222
13920180
13927214
13927226
13927021
13920308
13927222
13922148
13925552
13925450
13925268
13925206
13928560
13925208
13920053
13928230
13925472
13922208
13923478
13928580
13920528
13920400
13928046
13920005
13927200
13928066
13928408
13925222
13927124
13923068
13923236
13920574
13923014
13923448
13925270
13928280
13920013
13923206
13925446
13928238
13925002
13925234
13927081
13925072
13925416
13923080
13928414
13928062
13928038
13925026
13920154
13920170
13920414
13928296
13920508
13927122
13920049
13928006
13920580
13927300
13920314
13922190
13927212
13925008
13925066
13928250
13927008
13923440
13923404
13925420
13922230
13928430
13920327
13925056
13925404
13923480
13928490
13925424
13920158
13925054
13923468
13923224
13922154
13928270
13922162
13928378
13923418
13925414
13927224
13925044
13925440
13920200
13920522
13920202
13927228
13920015
13922124
13925402
13928272
13923060
13922140
13923412
13920214
13920294
13925550
13925400
13923400
13927302
13925018
13925422
13927118
13920196
13927062
13928374
13920174
13927210
13928450
13920081
13928300
13927018
13920406
13922182
13920146
13920007
13920065
13928022
13920232
13920305
13928064
13922192
13920578
13925278
13928460
13928220
13927236
13925474
13920410
13928396
13922188
13922210
13923488
13920025
13925486
13923222
13928260
13920091
13928248
13920190
13925232
13920536
13925274
13923046
13923470
13920272
13928416
13922218
13928360
13920524
13928288
13925444
13928010
13928426
13927064
13922112
13925238
13927004
13920045
13928598
13928604
13925430
13920317
13923054
13923006
13922000
13927112
13923208
13925202
13925000
13920061
13927128
13923012
13923464
13928352
13922132
13922150
13925560
13922010
13928030
13920029
13928018
13925042
13923052
13928014
13928016
13928478
13928020
13922020
13920592
13925410
13928380
13922120
13925240
13928402
13928370
13928398
13928384
13928590
13920412
13925200
13928000
13928044
13925006
13923050
13923016
13920315
13927010
13923402
13925258
13925276
13920089
13923444
13920304
13925068
13923424
13928410
13920100
13928264
13920152
13923024
13928350
13928286
13923220
13920416
13922138
13922142
13920150
13920500
13925058
13925004
13925012
13928578
13922222
13928032
13927060
13927080
13920194
13928586
13920039
13920212
13923481
13920570
13928278
13920534
13928484
13923460
13920043
13925032
13920228
13922170
13928444
13920538
13923078
13928482
13928036
13925460
13928456
13925454
13928302
13920302
13920404
13920286
13928068
13923458
13922144
13922200
13923200
13922026
13928454
13927006
13922158
13923040
13928012
13920033
13923030
13923056
13923010
13928274
13920079
13925408
13920512
13923466
13925220
13920138
13927218
13927220
13922184
13927206
13920019
13920530
13925236
13922006
13920562
13923044
13928576
13928436
13928474
13928202
13920292
13920556
13928072
13928372
13928470
13920408
13925426
13927002
13922156
13925064
13923066
13920532
13928418
13928232
13920164
13920600
13927130
13928382
13927234
13925224
13925040
13922214
13928204
13923456
13920318
13920280
13927216
13925024
13920307
13928584
13923472
13923086
13922220
13928596
13920552
13928550
13920514
13925020
13925456
13928246
13922100
13928486
13928424
13920284
13925484
13928574
13922024
13920220
13928582
13928442
13925438
13925488
13925014
13923420
13920134
13928040
13920178
13928054
13928362
13928406
13928390
13928240
13928412
13923218
13920564
13927230
13928466
13925458
13928602
13928480
13922012
13925060
13920172
13920208
13920031
13925016
13922022
13923212
13928034
13923082
13925272
13920003
13925428
13927116
13920288
13925462
13923234
13923238
13925046
13927204
13928562
13920027
13927000
13923226
13928242
13920572
13928394
13925204
13920071
13923072
13920312
13928432
13928290
13920017
13923216
13920596
13920540
13925262
13920558
13922234
13928050
13923446
13920430
13920140
13923064
13928570
13925210
13928354
13920210
13929899
13925254
13925476
13928472
13928002
13928448
13928292
13927202
13920059
13920075
13928488
13925478
13928074
13920222
13928268
13920568
13927120
13923076
13925212
13923062
13920051
13923482
13925264
13920510
13928446
13928588
13920206
13927114
13920281
13923000
13920057
13925554
13920077
13922232
13920063
13928212
13920067
13923462
13920156
13922146
13920087
13922002
13928572
13928492
13928060
13920204
13928228
13925260
13922206
13925490
13920218
13920313
13922236
13922204
13923202
13925448
13923004
13925034
13923422
13920055
13923452
13920420
13923430
13923204
13920069
13928404
13923432
13928600
13927136
13923428
13920009
13923484
13920311
13922224
13922400
13922418
13922420
13922422
13922424
13922402
13923018
13922404
13922406
13922408
13922410
13922412
13922414
13922416
