15372264
15375546
15375464
15375102
15375092
15372194
15372192
15375440
15375414
15375432
15375114
15372204
15372227
15372174
15371046
15371062
15375488
15372028
15372198
15375604
15375606
15372186
15372034
15372130
15372082
15372094
15372122
15372270
15372280
15375702
15372261
15372242
15370290
15370370
15370350
15370454
15370360
15370452
15371256
15371324
15371258
15370622
15370646
15370488
15370584
15370560
15370556
15370490
15371358
15370459
15375408
15375486
15375704
15379000
15372144
15375714
15375718
15375520
15372132
15375530
15375700
15371230
15371222
15371182
15371078
15372080
15372096
15372120
15370384
15370390
15370484
15370482
15371350
15371346
15371336
15370284
15370266
15370270
15370222
15370212
15370182
15370092
15375170
15375328
15375352
15375372
15371074
15372134
15372086
15372042
15372206
15371272
15371268
15371320
15371270
15375310
15370372
15370400
15372220
15371124
15372052
15371286
15371310
15371290
15371184
15371044
15371016
15370260
15370224
15370210
15370184
15375162
15375302
15375326
15375376
15375320
15370238
15370236
15370254
15370408
15370070
15370054
15370044
15370426
15375478
15372078
15372098
15372118
15372162
15375460
15371148
15371094
15372022
15372230
15370634
15370424
15370542
15370554
15370422
15370420
15370064
15375008
15375010
15375024
15375064
15375074
15375104
15375124
15375504
15375549
15375608
15375547
15375462
15370640
15370534
15370434
15370432
15370430
15370052
15370428
15370058
15370020
15370060
15370009
15375006
15375026
15375062
15375076
15375096
15375100
15375122
15375508
15375300
15375142
15375022
15375060
15375030
15375052
15375042
15371152
15371090
15371050
15371072
15370614
15370580
15370572
15370564
15370412
15370410
15370232
15370204
15370190
15370084
15375140
15375134
15375364
15370642
15370448
15370450
15370510
15370520
15370532
15370446
15370444
15370442
15370046
15370032
15370005
15375004
15375032
15375040
15375054
15375078
15375080
15375094
15375120
15375510
15372168
15372228
15372240
15372184
15371128
15372244
15370582
15370570
15370566
15370552
15370544
15370492
15371362
15371096
15372074
15372102
15372114
15375404
15375482
15372136
15372088
15372090
15372202
15372226
15375454
15375600
15370376
15370380
15370460
15370458
15370456
15371262
15371342
15371330
15371326
15371264
15375332
15375360
15375136
15375072
15375082
15371126
15371102
15371110
15371042
15371040
15371060
15370282
15370262
15370264
15370286
15371274
15371300
15371190
15371280
15371292
15370280
15370274
15372188
15370088
15370180
15370048
15370436
15372180
15375710
15371353
15375602
15375304
15375555
15375374
15375402
15375110
15370702
15371356
15371340
15371338
15371266
15371194
15371218
15371234
15371176
15371154
15371146
15371120
15371100
15371116
15371010
15370226
15370252
15370228
15370208
15370186
15370090
15370102
15375156
15375306
15375322
15375388
15375724
15370394
15370486
15371354
15375722
15372172
15370066
15370007
15370030
15371212
15371188
15372046
15375548
15372164
15372262
15372250
15372300
15372010
15372002
15371000
15372020
15377000
15371034
15371022
15372290
15372246
15375180
15375450
15372266
15372284
15372268
15371298
15371076
15375370
15375354
15375338
15372308
15370704
15375616
15372310
15375386
15375132
15375422
15375434
15375490
15375324
15372210
15372282
15371032
15375150
15372076
15372100
15372116
15372012
15370644
15371392
15371384
15370472
15370470
15370468
15370466
15370464
15371250
15370462
15370042
15371200
15370034
15371210
15370001
15371240
15371170
15375000
15375044
15371160
15371140
15375050
15375084
15371134
15375090
15371002
15375118
15372000
15372236
15375506
15371276
15371196
15371216
15371236
15371174
15371156
15371144
15371130
15371008
15372030
15372224
15375334
15375716
15372306
15375706
15372232
15375452
15375480
15371064
15371332
15371284
15371180
15371092
15371112
15371014
15370214
15370220
15370068
15370056
15370036
15370040
15375551
15372312
15375466
15375382
15375406
15375420
15375112
15371278
15371296
15372200
15375172
15370082
15375160
15370100
15375154
15370094
15370062
15375012
15375002
15370003
15370502
15371382
15370504
15371030
15371024
15372026
15375384
15375550
15372304
15372143
15370194
15370200
15375610
15371352
15371334
15371322
15371282
15371192
15371220
15371232
15371178
15371150
15371098
15371114
15371012
15372054
15372142
15372126
15372160
15372048
15372182
15375612
15375468
15370392
15370374
15370288
15370352
15375474
15375330
15375720
15372148
15372196
15375476
15375336
15371048
15372296
15371036
15371020
15372234
15372166
15372260
15372248
15372302
15375544
15370612
15370632
15370512
15370500
15371370
15375472
15371360
15370480
15371344
15371260
15375484
15375436
15375116
15375500
15372131
15372084
15372040
15372036
15372072
15372104
15372112
15375378
15370540
15370536
15370494
15370496
15371366
15370618
15370636
15370506
15370638
15371390
15371386
15372032
15372298
15371004
15371122
15370610
15370586
15370406
15370398
15370382
15370404
15370402
15370362
15370256
15370230
15370206
15370188
15370086
15375158
15375308
15375362
15375470
15372024
15372070
15372060
15372106
15372110
15372140
15372124
15372092
15372050
15372208
15370396
15375174
15375176
15372138
15372146
15375390
15375400
15372014
15370530
15370522
15370498
15371368
15370272
15370240
15370250
15370418
15370050
15371294
15371186
15371080
15371038
15371018
15375614
15371380
15371364
15370478
15370476
15370474
15371254
15371198
15371214
15371238
15371172
15371158
15371142
15371132
15371006
15375350
15375340
15375545
15372056
15370620
15370630
15370546
15370562
15370550
15370416
15370414
15370072
15370234
15370202
15370192
15370080
15375152
15375014
15375144
15375020
15375130
15375066
15375070
15375106
15375126
15375424
15375430
15375502
15379899
15378899
15372044
15372294
15375708
15370438
15372222
15370700
15375552
15372058
15371372
15372238
15370440
15371252
15375553
15370616
15375458
15375712
15375707
15375456
15372141
15375312
15372190
15371070
15371063
15371031
15375380
15375410
15375412
15372170
15372292
