12411400
12422550
12423320
12422211
12420680
12422441
12445010
12445541
12444171
12443421
12402020
12440170
12415430
12421070
12412470
12425321
12405275
12442055
12404016
12410535
12421450
12441190
12415462
12440490
12441235
12413420
12442210
12414345
12442020
12426020
12401002
12420290
12444377
12425140
12426100
12446160
12420525
12411310
12420630
12402065
12446400
12421580
12446230
12443680
12443104
12401100
12426120
12425120
12400340
12410030
12410732
12426310
12410430
12404256
12445230
12422330
12422580
12421681
12421705
12415010
12446180
12442030
12421470
12445670
12402100
12401330
12445210
12401380
12412800
12420300
12423400
12440750
12400150
12420100
12426060
12425025
12411280
12411340
12402350
12400360
12404020
12443731
12403270
12401314
12424180
12422150
12444610
12410370
12422210
12422431
12405110
12420220
12402370
12401300
12424590
12440710
12411702
12420030
12440090
12413550
12404241
12421690
12410420
12424110
12440330
12402490
12424380
12441040
12421040
12414394
12420580
12410432
12411450
12413010
12400010
12400139
12445080
12424210
12446220
12405420
12401460
12426300
12422250
12446450
12440140
12446250
12421190
12401150
12421240
12444570
12402570
12420210
12441233
12421830
12423442
12441050
12412751
12402450
12421720
12414424
12421800
12421710
12410610
12405510
12442150
12421871
12410560
12420520
12421640
12421790
12440800
12401340
12444600
12440230
12404265
12404271
12422510
12445130
12402540
12400101
12424120
12414230
12411080
12440061
12423449
12444540
12443030
12446100
12442480
12402320
12442530
12402620
12422320
12445125
12424720
12420260
12425090
12445150
12414385
12415400
12410440
12411150
12400100
12412070
12445126
12412752
12412721
12412010
12412402
12412012
12420050
12441321
12422370
12445280
12444460
12420742
12415015
12410340
12400120
12425260
12412874
12443210
12421840
12420330
12404021
12440470
12414180
12415120
12401311
12413570
12444260
12411550
12424840
12420530
12424630
12414250
12402120
12420490
12423100
12405600
12444640
12400668
12405410
12421090
12442040
12422260
12424090
12421210
12412859
12446060
12405520
12402580
12420240
12444763
12405276
12446080
12412660
12404289
12443840
12421600
12402210
12403020
12441230
12400090
12410455
12400610
12410780
12404290
12426050
12402050
12402400
12423390
12403190
12446190
12415045
12422160
12423630
12445570
12404018
12414370
12420620
12411703
12404070
12421510
12404230
12425302
12424835
12440550
12422520
12405584
12414300
12441342
12412521
12424680
12410090
12423839
12445070
12420721
12440480
12424850
12444270
12445680
12405598
12442070
12443320
12413080
12403800
12421730
12444686
12444760
12403330
12414435
12425100
12426280
12425312
12411640
12412350
12424280
12441480
12444420
12441290
12412030
12423220
12411360
12444520
12440740
12444757
12424410
12440100
12423430
12424300
12400600
12402440
12426110
12444339
12423660
12445450
12441470
12411410
12403560
12424450
12402520
12444470
12442050
12444693
12440600
12415040
12443760
12444703
12441325
12423730
12426200
12426021
12410770
12403130
12442180
12425317
12402090
12403140
12424140
12403060
12420610
12420190
12422070
12424670
12443740
12422310
12424730
12400180
12400131
12444310
12420480
12414080
12420010
12412401
12412761
12420701
12412590
12414280
12420450
12421530
12411050
12403520
12400655
12425307
12425240
12401004
12440500
12420712
12445600
12441270
12414190
12425440
12414200
12444373
12412812
12404010
12415460
12442540
12423710
12413450
12424383
12411704
12440510
12420700
12443450
12400500
12422020
12412530
12413030
12403660
12443170
12413560
12420500
12420331
12412813
12420080
12411500
12425360
12441020
12425290
12444590
12444751
12400290
12411610
12402651
12412100
12403290
12411030
12423501
12426201
12443660
12410060
12423280
12446110
12420270
12410200
12401130
12412410
12425430
12443810
12420540
12426270
12410470
12403180
12441237
12402270
12426170
12444480
12423040
12421560
12415455
12410620
12412570
12424190
12412790
12405260
12400015
12413120
12444365
12420768
12420430
12445180
12444110
12405460
12405274
12441218
12426315
12412240
12442250
12402551
12402550
12400220
12420063
12410565
12446020
12423050
12424780
12443750
12440730
12426080
12420780
12425314
12411130
12414262
12401310
12420724
12440340
12440400
12423785
12412011
12405070
12420230
12440050
12414210
12443510
12444160
12413090
12444230
12421860
12442170
12425313
12414403
12440370
12404150
12412420
12446340
12413191
12444369
12415090
12442010
12403700
12442361
12413189
12423441
12422140
12423150
12403630
12401370
12420120
12401010
12445129
12420415
12413020
12445470
12400480
12445380
12445480
12426130
12403790
12420765
12423450
12443040
12403040
12401410
12426030
12443150
12444400
12401355
12422270
12424421
12404100
12445310
12404140
12412780
12412810
12442580
12444713
12424431
12441212
12426312
12445650
12410320
12415035
12423775
12442365
12425060
12403220
12403210
12423720
12445350
12415340
12423620
12446370
12400640
12400620
12402290
12402261
12440245
12441245
12442230
12404274
12401315
12414409
12446350
12425300
12401480
12421150
12422420
12415270
12405240
12410195
12410453
12403615
12410381
12410434
12424021
12412270
12403710
12412883
12446200
12402200
12410070
12403080
12400351
12412370
12412400
12402030
12412360
12426210
12425370
12401040
12443480
12420125
12422051
12412160
12420550
12414245
12421020
12412300
12400675
12420420
12442200
12440161
12404283
12444580
12445300
12445610
12401352
12443140
12443160
12443200
12443290
12443310
12443430
12443350
12443340
12443360
12444320
12443180
12443240
12443330
12443270
12443120
12443530
12443410
12443400
12443460
12443380
12412560
12403280
12412833
12415457
12443630
12420060
12412340
12410435
12421780
12425322
12401360
12401470
12424050
12403050
12400370
12422090
12402560
12412889
12424620
12412740
12401350
12423540
12410160
12405450
12445060
12420280
12402150
12412700
12441275
12403150
12402650
12401319
12423500
12412180
12442364
12400240
12424230
12444300
12423844
12424640
12424389
12420704
12411700
12410720
12423789
12444240
12405050
12420018
12420560
12415130
12443370
12400400
12403090
12412550
12422130
12421750
12405080
12412440
12425319
12423669
12410390
12405040
12412847
12400050
12421170
12425461
12425070
12415370
12444721
12414341
12422540
12412120
12412170
12411040
12422450
12410730
12444348
12444393
12444769
12444676
12440770
12444730
12412280
12400130
12401060
12440160
12424130
12415100
12412690
12405500
12445170
12425130
12446251
12400070
12446170
12422010
12422281
12422531
12423140
12423680
12400420
12441210
12402190
12422230
12400210
12411320
12440220
12415060
12412130
12442550
12425150
12410040
12410731
12422180
12411190
12441140
12422590
12422433
12405030
12400110
12443780
12446280
12411708
12440540
12420709
12444394
12414020
12424810
12441550
12440590
12403650
12423260
12403540
12443770
12411650
12425301
12440650
12423080
12442390
12446150
12415013
12441500
12425390
12411015
12440640
12415050
12441560
12421100
12422480
12405060
12442500
12420670
12420718
12440530
12411705
12420727
12424650
12443080
12411660
12411215
12442411
12425270
12404277
12403780
12440520
12411701
12402260
12410740
12415200
12443300
12423420
12440200
12424760
12445660
12440075
12400661
12400430
12445270
12421550
12443620
12443600
12444010
12413480
12413500
12413540
12422030
12411540
12402590
12425050
12410520
12412575
12420012
12410650
12445120
12410670
12441213
12412814
12422040
12400102
12400040
12440720
12411110
12420771
12423070
12446390
12425230
12420640
12404247
12412730
12423290
12424470
12421050
12422530
12443640
12400200
12400650
12442366
12426140
12423090
12445580
12400440
12423130
12424250
12440270
12404160
12411707
12442120
12442360
12442520
12422215
12445590
12422460
12414150
12401510
12421850
12402380
12402600
12422120
12410280
12401313
12440210
12425310
12441234
12444363
12442362
12442363
12411580
12444170
12400140
12446420
12423443
12420750
12414240
12412520
12421480
12405480
12444689
12415161
12405100
12414418
12404022
12401006
12424385
12414375
12414270
12422560
12425305
12404259
12425210
12442060
12420440
12400390
12412815
12411570
12446130
12405596
12423447
12440190
12401025
12446030
12413520
12415459
12415451
12424700
12414140
12405588
12425040
12420433
12444333
12401316
12425340
12441490
12411210
12423030
12414310
12413490
12412871
12403085
12443771
12412200
12412880
12420460
12424881
12425309
12413470
12411706
12420715
12440290
12413440
12415452
12421440
12424600
12401342
12423650
12401140
12404023
12425170
12445221
12443800
12426230
12446240
12414061
12441041
12422060
12403670
12423410
12403260
12411270
12404243
12441360
12446290
12423670
12441100
12400679
12424060
12421703
12421015
12445090
12404280
12423250
12411300
12412580
12400310
12422340
12425250
12444440
12440180
12420370
12403010
12403291
12415280
12444356
12414427
12420510
12415020
12445200
12444351
12441231
12400190
12420756
12411100
12423580
12411520
12401570
12424330
12440089
12440110
12403110
12410400
12405020
12441240
12410260
12423460
12412305
12422080
12446040
12423762
12402041
12402010
12402291
12411070
12423444
12422470
12443070
12445700
12411680
12411682
12411235
12444379
12425220
12415390
12402170
12422500
12422110
12411350
12410250
12420412
12444250
12443820
12401110
12441520
12423012
12401180
12400030
12410270
12410110
12441130
12410550
12443130
12412805
12420180
12422190
12411120
12445260
12412090
12446210
12405606
12444661
12401290
12403720
12425350
12413100
12410510
12445110
12422170
12441090
12403530
12425316
12444724
12425380
12425160
12445190
12421060
12420161
12423446
12402630
12402110
12441510
12441350
12423440
12400460
12422050
12412430
12404210
12410580
12441065
12440020
12443010
12402280
12425326
12404268
12404253
12420565
12440150
12401070
12426320
12410330
12421110
12414380
12415420
12424260
12401440
12446070
12422570
12422434
12441110
12440010
12425200
12415210
12403160
12441265
12421130
12411330
12403680
12441295
12401090
12446460
12405594
12444739
12423270
12412845
12415180
12415030
12441410
12411380
12400330
12413140
12443190
12445127
12404017
12412060
12412330
12445240
12405470
12424420
12415360
12410190
12423761
12410490
12403230
12425318
12423490
12412260
12425019
12405540
12444070
12444500
12414170
12422280
12410050
12444361
12446410
12441380
12441335
12411180
12445122
12440580
12423780
12402040
12423771
12400320
12401420
12412150
12441341
12414021
12445100
12441060
12403640
12402510
12405010
12412490
12441180
12420121
12445222
12412230
12444696
12424100
12410220
12405230
12424310
12412831
12423448
12444742
12412390
12423300
12444771
12402420
12410750
12401343
12446270
12405586
12423480
12423787
12420340
12425190
12424200
12425020
12415350
12410230
12401540
12425400
12402240
12413150
12444375
12403690
12400250
12441570
12442240
12422390
12420015
12412380
12420570
12425325
12412844
12400490
12405430
12441280
12446010
12441010
12446260
12410540
12440201
12441530
12402390
12424460
12412500
12411720
12402250
12445160
12410120
12413060
12401520
12423610
12423550
12412835
12420730
12421140
12410680
12444396
12424220
12425420
12415260
12403770
12400630
12412877
12424160
12415230
12400520
12404286
12440250
12420110
12425323
12440060
12440261
12410080
12420315
12412670
12423640
12403320
12424400
12422400
12446430
12420405
12425030
12445050
12425311
12400080
12402295
12421770
12411240
12403100
12411620
12414350
12441400
12412868
12400350
12403070
12426090
12420070
12443710
12400410
12411560
12411460
12424360
12402330
12412480
12411470
12442490
12412040
12410180
12444130
12415463
12440760
12411220
12446440
12405604
12444766
12402360
12424340
12411709
12444150
12444719
12403620
12405580
12410710
12425315
12444699
12403310
12400380
12422240
12415461
12420703
12404170
12440440
12444530
12444140
12421872
12440251
12444727
12422380
12402300
12423340
12411285
12442370
12410600
12443050
12402220
12412853
12401346
12415110
12405277
12415070
12405250
12446140
12414260
12442260
12423020
12411160
12426290
12412290
12423060
12402655
12414415
12441232
12423451
12421200
12425306
12401007
12421180
12402180
12403820
12440690
12401354
12442140
12403300
12444430
12444450
12404019
12420360
12442231
12411131
12442430
12425304
12444280
12443420
12410480
12424800
12420390
12411710
12440300
12411711
12404180
12421430
12415320
12444011
12443100
12443101
12421460
12443440
12413530
12421420
12415458
12413110
12400663
12440810
12412250
12410150
12422200
12413471
12411001
12414320
12411010
12443580
12421080
12425110
12440130
12420408
12445223
12444774
12426240
12425180
12401525
12412020
12422440
12401170
12421700
12423690
12412080
12424010
12403170
12440620
12404030
12404041
12422100
12425080
12420090
12422432
12441320
12420310
12401347
12415170
12443650
12412110
12400470
12412510
12444371
12420437
12442080
12442460
12404085
12405400
12401009
12404190
12440420
12410590
12412600
12440630
12405210
12444754
12423110
12443060
12444683
12444736
12441370
12441430
12440560
12420745
12423590
12442090
12415190
12402410
12401341
12401348
12421810
12441331
12445252
12441580
12412310
12444343
12402640
12444673
12426160
12415330
12441219
12403750
12415240
12415205
12403250
12441242
12421760
12441260
12423160
12403810
12412822
12425303
12441236
12444397
12420191
12446050
12401312
12440660
12440015
12444745
12441310
12403120
12444354
12440080
12440780
12413160
12401344
12440610
12414330
12410350
12440700
12412620
12415410
12420774
12404250
12405220
12421740
12441300
12421870
12401001
12444663
12420739
12440025
12423230
12402130
12400170
12445290
12410431
12426330
12426180
12401280
12401270
12444341
12443103
12400020
12400132
12411060
12423700
12420650
12445040
12420130
12400060
12440030
12440040
12401080
12445123
12443730
12401345
12422141
12443500
12423813
12445540
12414030
12401030
12423011
12402230
12420435
12445220
12442110
12423833
12401527
12423740
12412050
12426220
12424030
12404080
12404240
12405582
12424480
12403510
12404015
12423370
12411200
12423841
12412811
12414040
12424660
12421220
12405608
12415150
12414110
12400260
12401390
12420040
12415140
12400270
12423821
12400300
12401395
12411530
12423120
12413190
12422371
12422490
12444748
12404262
12444390
12412720
12423836
12403570
12444200
12415250
12414100
12405570
12425324
12444510
12404014
12403760
12445251
12444367
12412650
12402070
12423560
12423010
12424020
12420736
12402140
12441285
12440570
12412640
12423360
12444180
12426040
12411719
12444346
12445224
12414060
12445630
12443610
12444012
12445320
12415220
12426319
12410530
12414355
12420350
12441215
12405590
12405602
12445330
12442560
12426318
12424320
12411490
12410500
12424040
12445140
12410700
12441030
12444040
12401160
12420081
12444550
12445430
12444650
12412830
12410310
12411600
12411286
12412450
12411670
12424240
12442440
12440410
12415080
12402430
12425450
12440120
12415380
12441160
12441170
12444359
12411630
12410210
12402340
12405530
12420590
12412710
12411170
12420753
12440670
12423830
12421490
12423816
12440390
12444330
12401430
12445250
12415456
12445520
12440310
12412816
12445550
12414290
12443230
12411440
12412013
12423824
12441075
12441135
12424750
12401400
12424830
12415454
12400160
12425330
12414160
12410382
12442220
12443670
12423530
12420660
12415290
12401351
12412856
12402310
12412840
12442100
12400669
12402470
12444560
12421873
12421300
12404040
12401545
12445020
12401318
12443102
12410240
12424290
12442450
12411250
12424430
12402160
12442380
12410300
12401500
12422220
12403240
12401005
12420055
12441220
12446320
12424150
12401521
12403550
12401317
12401450
12412825
12412823
12424785
12424740
12443790
12421010
12420470
12424690
12411712
12440380
12424820
12404050
12420759
12401320
12401011
12401020
12424610
12411480
12413040
12421500
12444120
12441070
12423819
12415160
12413510
12421410
12444733
12445510
12410410
12445640
12413430
12444220
12444290
12412540
12423827
12444060
12402281
12411713
12421570
12415453
12411714
12410360
12420777
12441420
12401250
12400230
12410380
12421520
12445460
12445360
12441450
12404120
12405273
12441217
12426314
12444100
12424880
12445440
12441390
12414220
12414120
12443520
12421120
12424070
12425410
12410760
12443830
12413170
12443560
12421270
12411025
12444660
12423380
12441080
12403500
12444210
12414130
12415300
12405090
12405490
12402080
12446300
12441255
12414365
12404060
12401353
12443720
12400280
12414010
12443390
12443280
12443590
12443690
12443260
12443220
12443250
12443700
12443550
12443570
12425470
12440430
12441540
12414261
12412750
12420085
12445690
12410660
12405592
12412111
12414430
12411230
12444490
12426250
12420020
12425308
12402060
12402031
12401260
12444385
12413460
12440240
12414019
12422410
12404200
12440460
12420706
12444090
12415450
12413130
12403590
12400450
12401490
12449899
12423445
12420410
12423470
12411140
12402530
12424770
12421820
12410170
12411020
12423570
12421160
12444030
12446120
12443090
12424170
12413180
12410690
12420400
12415041
12412190
12410433
12410570
12414045
12446380
12405270
12411090
12444780
12402500
12410436
12420150
12424141
12423240
12446310
12444630
12403580
12424710
12445410
12426316
12445490
12440360
12422350
12445400
12442570
12426317
12410020
12425320
12403730
12421540
12412680
12444399
12444080
12440820
12412630
12420140
12424870
12444336
12444679
12440070
12405560
12445620
12403610
12414050
12405440
12412886
12401003
12424080
12443020
12423750
12411430
12425280
12420170
12412210
12411260
12442190
12440260
12444190
12410450
12405278
12410630
12444395
12401349
12442232
12401120
12420733
12401529
12440790
12405272
12445128
12401008
12423760
12412610
12423770
12442470
12443761
12402460
12413070
12424440
12411510
12421590
12420160
12403030
12400352
12412770
12445030
12443540
12414090
12404110
12412821
12444716
12424432
12441216
12426313
12445340
12402610
12410100
12412865
12440320
12424387
12442400
12412817
12411590
12423847
12414070
12412760
12413050
12422300
12424350
12446360
12404090
12444331
12444710
12402282
12441211
12426311
12424580
12414360
12445530
12445560
12424270
12423810
12444050
12441214
12412220
12422430
12442410
12403200
12444410
12441340
12441150
12412140
12415310
12410460
12420762
12420200
12421400
12425460
12442420
12441250
12444381
12441120
12404220
12440350
12441460
12411370
12423520
12412460
12412851
12412320
12421030
12420250
12422290
12443490
12415211
12410140
12410130
12410010
12410281
12403600
12414406
12412862
12444669
12442130
12423350
12444777
12444398
12405550
12426260
12445370
12441200
12446330
12402480
12446090
12415440
12423600
12424370
12400660
12403740
12440680
12423330
12420409
12421250
12443470
12420595
