15820146
15820618
15820242
15820274
15820340
15820316
15820342
15822030
15822026
15822100
15820075
15820214
15820220
15820170
15820142
15820676
15820039
15822010
15822006
15822110
15822060
15820017
15820682
15820270
15820262
15820662
15820382
15820246
15820278
15820312
15820079
15820210
15820138
15820150
15820174
15820352
15820194
15822004
15822112
15820067
15820071
15820224
15820140
15822014
15820622
15820258
15822134
15820672
15820118
15820132
15820156
15820180
15820051
15820294
15820096
15822146
15822032
15820252
15822062
15820112
15820668
15820680
15820634
15820035
15820116
15820130
15820158
15820182
15820390
15820338
15820318
15820296
15820059
15822104
15820015
15820236
15820360
15820206
15820001
15820678
15820248
15820648
15820280
15820660
15820600
15820232
15820202
15820188
15820364
15822056
15820021
15820031
15820162
15820186
15820033
15820666
15820630
15822054
15822106
15820637
15822142
15820330
15820322
15820290
15820636
15820664
15820638
15822020
15820029
15820104
15820230
15820164
15820200
15820171
15822140
15822024
15820005
15820332
15820606
15820160
15820184
15820616
15820049
15820148
15820172
15822012
15822040
15820073
15820222
15820640
15820632
15822052
15822102
15820069
15820226
15820106
15820624
15820077
15820212
15822136
15822034
15822058
15820260
15820612
15820384
15820144
15820003
15820013
15822118
15820310
15820302
15820386
15820608
15820642
15820063
15822144
15820350
15820192
15822000
15822132
15822116
15822050
15822044
15822018
15822130
15822120
15820298
15820674
15822022
15820045
15820336
15820366
15820388
15820370
15820065
15820100
15820228
15820102
15820120
15820134
15820154
15820178
15820628
15820300
15820061
15820114
15820620
15820108
15822002
15822114
15822038
15820081
15820208
15820190
15820604
15820254
15820626
15820007
15820234
15820204
15820362
15822016
15822042
15820282
15820037
15822064
15820610
15820354
15820023
15820092
15820256
15820670
15820244
15820276
15820314
15820334
15820320
15820011
15820240
15820012
15820272
15820358
15820344
15820644
15822899
15820009
15820646
15820250
15820027
15820053
15820098
15820136
15820152
15820176
15820094
15820356
15820372
15820380
15820292
15820110
15820043
15822138
15820602
15822036
15820019
15820041
15820055
15820614
15820025
15820047
15820090
15820057
