13632600
13635282
13632283
13631130
13632494
13635207
13632150
13643000
13633490
13632460
13640462
13640482
13643373
13632282
13643462
13635366
13631607
13635371
13631111
13630195
13643363
13632453
13631750
13632415
13631300
13632195
13634074
13635082
13640460
13636218
13633322
13632592
13632101
13635160
13636136
13633256
13636132
13636197
13636124
13636151
13635095
13643353
13635195
13630350
13635226
13635342
13631080
13630120
13634052
13633350
13635263
13632405
13632435
13635101
13631450
13632162
13633120
13643376
13632596
13632098
13643333
13632465
13635280
13633701
13630100
13634015
13632055
13633579
13634762
13633585
13632594
13630470
13634222
13633310
13635093
13631700
13631614
13632093
13633379
13636127
13633129
13633480
13637000
13634240
13635192
13631061
13635260
13636152
13634058
13631638
13633335
13643474
13630702
13633610
13631082
13632000
13632278
13636202
13635201
13636217
13635132
13633368
13634104
13630372
13635086
13631335
13635005
13633130
13636203
13633588
13633108
13635350
13630345
13632047
13631609
13636128
13633606
13636230
13631096
13632060
13631110
13633030
13633037
13633111
13636131
13630722
13630310
13636199
13634078
13643374
13643351
13641046
13630005
13641054
13640467
13635341
13634108
13635269
13635370
13638421
13635285
13630025
13634000
13632190
13631615
13631125
13641081
13631050
13633404
13643372
13636174
13633506
13632572
13638451
13630712
13633376
13635099
13634209
13635127
13630710
13636120
13633084
13635230
13633082
13631462
13636100
13632111
13635288
13634799
13636180
13630800
13632593
13633362
13636231
13632042
13634204
13631703
13635258
13633096
13630708
13633601
13638450
13635075
13635203
13632062
13632400
13634798
13632550
13632552
13640437
13630150
13640448
13635190
13631140
13633703
13632547
13630130
13630128
13633527
13630370
13633519
13633705
13632548
13640452
13638403
13633328
13638453
13634507
13632020
13632301
13633090
13636170
13638452
13636115
13630614
13630825
13634032
13635186
13632546
13633522
13635107
13631066
13630105
13634048
13643230
13635104
13635359
13632452
13632575
13636350
13632562
13632554
13632330
13632568
13633122
13631706
13632456
13640012
13633528
13635102
13633715
13632532
13633109
13632534
13633709
13633607
13635224
13634800
13634008
13633020
13631492
13635283
13630325
13633418
13631280
13632591
13632365
13630520
13630500
13630390
13630095
13635000
13635008
13635206
13635023
13635110
13635274
13635251
13635290
13635375
13632420
13636237
13631112
13634797
13633128
13631464
13635130
13630290
13630501
13635105
13633137
13640436
13640450
13631611
13631494
13635106
13643456
13632215
13632466
13630622
13633075
13636235
13632321
13635369
13640404
13630190
13633523
13633702
13632536
13633515
13630718
13643362
13636214
13633612
13638425
13643375
13635287
13636234
13632430
13631226
13634263
13635228
13636030
13635289
13640468
13633017
13630820
13631166
13631327
13635036
13640501
13630315
13641086
13640441
13640502
13640454
13632454
13635144
13643484
13634323
13638447
13632212
13643200
13643202
13643204
13643206
13643208
13643210
13643212
13643214
13643216
13643218
13643220
13643222
13643224
13643226
13643228
13640480
13631640
13633352
13635238
13640433
13632095
13633330
13630624
13630852
13643483
13641008
13638448
13635193
13634790
13632357
13641048
13634206
13634318
13633360
13635112
13632015
13643348
13638401
13633358
13634040
13635031
13635250
13641050
13633386
13635115
13633384
13631210
13630602
13630618
13641001
13632595
13636172
13632602
13638443
13633016
13635234
13632624
13641044
13636320
13635205
13631009
13630830
13635213
13643001
13643003
13643005
13643007
13643009
13643011
13643013
13643012
13643014
13643016
13643018
13643020
13643022
13643024
13643101
13643102
13643103
13643104
13643105
13632030
13635266
13633366
13641084
13636240
13632036
13635355
13633040
13632576
13630125
13634034
13631005
13632590
13631120
13638433
13633340
13634042
13631118
13632167
13631072
13631004
13641003
13631650
13635358
13631645
13634760
13632122
13632478
13632577
13632490
13633524
13633521
13640488
13640458
13635072
13635194
13634072
13632276
13632110
13633085
13631049
13635041
13640405
13632097
13630160
13633060
13634262
13634316
13630215
13631227
13630521
13636232
13635168
13635164
13630136
13632070
13633370
13631087
13632700
13631002
13634791
13632544
13633138
13632480
13631162
13633410
13633428
13632626
13634319
13635361
13643364
13632492
13633010
13640431
13635090
13635033
13632286
13640490
13631325
13633510
13632390
13633704
13643310
13641051
13632563
13632542
13635109
13630450
13631225
13635074
13635027
13633012
13635209
13631228
13640493
13632279
13638409
13640430
13635346
13634273
13634100
13631601
13632272
13631880
13632066
13633382
13636193
13641012
13634794
13632628
13635138
13643493
13632281
13632340
13632605
13632214
13635166
13643365
13632484
13638440
13632630
13632439
13635182
13630604
13632210
13643485
13634793
13634041
13640434
13638407
13631064
13632482
13633123
13643320
13631115
13635013
13640403
13632804
13633324
13635128
13635264
13633334
13638405
13632130
13640485
13635047
13636192
13633136
13636113
13632564
13635126
13634110
13641010
13643494
13632620
13643370
13643354
13643366
13633126
13641045
13632566
13631098
13638445
13631224
13633367
13636162
13631102
13643330
13635191
13635178
13635020
13640443
13631709
13634503
13636211
13632437
13635146
13632165
13631460
13632025
13638423
13632039
13635284
13635022
13636122
13635077
13632046
13636210
13643491
13635124
13643492
13641047
13635078
13635344
13632802
13630305
13643471
13631610
13631490
13635196
13635136
13630275
13636196
13630608
13631664
13635050
13631660
13633706
13640410
13630270
13634502
13631085
13636110
13632325
13630626
13638030
13631250
13635220
13636130
13636142
13636191
13635080
13635029
13630082
13631020
13632335
13635123
13638415
13631498
13630358
13636194
13631630
13630620
13635261
13636219
13633416
13635199
13631170
13632607
13640440
13640504
13641052
13631613
13630248
13635025
13636140
13643300
13638446
13634220
13633603
13636310
13635211
13631274
13643345
13643315
13633035
13631062
13630010
13634010
13632285
13638020
13635286
13636215
13630613
13640470
13635217
13635222
13638442
13630612
13640503
13631600
13631340
13633252
13630300
13635076
13633412
13633576
13633087
13634036
13632193
13630375
13633106
13636224
13643325
13635357
13632604
13634218
13633426
13633611
13635236
13632160
13633094
13631302
13636236
13638439
13635172
13638431
13633378
13632050
13636080
13632436
13630380
13630850
13638419
13631656
13634202
13635270
13638000
13643476
13631655
13636182
13636200
13633125
13631070
13634208
13630706
13632310
13634314
13634224
13631215
13633071
13631345
13630147
13631223
13633022
13641042
13643339
13643453
13636212
13633135
13632284
13632493
13633620
13643336
13643371
13643356
13640506
13630714
13630854
13630137
13634200
13638430
13638441
13635014
13634043
13630840
13641014
13633707
13638449
13633450
13631116
13636166
13643361
13641082
13631605
13635197
13640412
13636195
13630704
13631496
13630249
13635267
13640489
13640400
13640491
13638432
13635184
13632606
13636000
13632113
13635351
13640481
13632048
13631330
13631665
13638413
13643352
13634070
13630378
13634264
13630805
13638435
13636221
13640438
13635038
13633127
13633525
13638417
13631160
13632486
13633504
13630050
13636213
13632032
13630616
13638010
13635094
13636085
13632632
13632096
13631712
13632380
13640402
13635356
13631150
13632496
13635010
13632434
13630225
13643495
13631715
13643480
13635360
13635187
13640494
13635189
13630835
13636198
13640456
13635188
13633573
13638429
13643459
13636216
13633482
13633491
13635174
13640492
13635083
13630628
13632100
13643342
13636190
13636155
13635145
13640464
13632040
13640439
13632312
13632322
13632401
13632424
13632586
13630247
13643490
13632057
13640401
13632530
13640487
13632370
13635015
13633390
13635242
13633329
13635081
13633045
13641005
13643232
13633018
13635114
13632702
13632140
13630815
13636233
13632432
13630360
13635271
13632395
13636201
13633325
13635353
13630615
13634792
13630170
13635098
13635039
13632499
13633508
13635367
13634501
13638411
13633608
13636222
13634076
13635232
13636238
13636220
13631045
13631040
13634102
13633114
13636133
13632704
13635002
13633388
13633517
13640466
13635363
13632470
13635001
13631301
13632622
13630810
13635362
13632433
13636150
13636111
13635120
13631217
13643468
13632585
13634214
13635256
13635198
13635088
13635372
13633602
13633258
13631114
13635003
13632438
13630610
13636010
13631060
13630020
13638427
13631625
13638437
13635262
13635096
13638438
13640486
13631185
13633254
13630295
13630502
13631230
13633033
13635176
13632476
13630272
13634325
13630146
13634007
13634059
13630161
13632069
13632498
13633121
13631463
13635097
13631161
13635063
13632360
13634012
13641006
13632091
13634312
13633134
13634796
13643450
13631220
13635343
13643489
13635273
13643486
13641016
13634211
13634106
13632010
13635268
13633326
13635240
13643305
13633327
13640409
13635364
13634038
13631175
13630138
13635349
13634009
13635345
13635162
13641049
13632355
13633570
13633380
13641083
13630040
13630030
13634310
13632375
13634795
13635113
13641018
13632422
13632472
13633708
13632527
13633124
13632500
13633500
13635103
13632501
13640473
13631480
13633529
13631000
13630070
13630075
13636112
13643234
13632280
13636160
13641058
13635180
13638434
13635368
13635052
13633502
13636204
13633582
13633377
13635254
13630060
13630720
13632169
13633050
13630115
13634049
13632385
13632417
13632361
13636148
13634270
13633014
13632287
13635347
13632044
13636239
13636225
13635252
13633341
13631612
13635354
13636146
13640432
13640472
13635004
13635365
13641002
13632450
13643360
13635006
13644899
13632540
13633710
13632468
13635340
13631165
13641000
13636126
13630080
13640408
13635045
13634216
13635265
13641043
13635215
13640484
13633092
13632216
13633320
13632410
13632538
13632531
13632574
13635122
13631608
13634317
13630135
13632706
13630085
13631010
13631015
13631018
13631275
13632502
13643377
13636223
13635012
13632462
13633323
13640435
13636164
13635272
13631090
13630716
13635352
13640411
13640483
13631092
13630606
13631100
13632455
13633712
13634313
13632302
13635100
13635087
13634213
13638444
13636352
13636129
13640495
13635108
13631155
13632034
13641056
13640407
13633353
13633419
13634054
13631063
13633354
13632451
13641004
13640469
13633526
13631145
13635170
13638436
13635348
13632601
13632094
13633361
13635281
13636040
13632603
13633609
13643465
13636125
13631657
13630320
13631135
13631094
13631030
13630140
13630145
13643355
13632300
13631068
13630110
13634047
