13408260
13420628
13425686
13401411
13401582
13423213
13423200
13423216
13425011
13401566
13403016
13401502
13413075
13413071
13425542
13414424
13404207
13414117
13424488
13403283
13408031
13405189
13405043
13408135
13412367
13403884
13405054
13428630
13414427
13417460
13424750
13408203
13411531
13411302
13405457
13405363
13420483
13422005
13411040
13411070
13422508
13423751
13401635
13422200
13418450
13414100
13406014
13408378
13408177
13428209
13428212
13405212
13412219
13408198
13403338
13405327
13402400
13403347
13403784
13412438
13413654
13403050
13403769
13424727
13403375
13408014
13413118
13421632
13403701
13401395
13412041
13402743
13401878
13400008
13401757
13427250
13424360
13414034
13423578
13423580
13423582
13423584
13423586
13424180
13423756
13416030
13424344
13403885
13400740
13417480
13409112
13406506
13428203
13423346
13401489
13414316
13401478
13416235
13426005
13412050
13433018
13420791
13402240
13403899
13403646
13420133
13405415
13402020
13417441
13423363
13425040
13426567
13417670
13417820
13418000
13421731
13427262
13408214
13424587
13403773
13426730
13423326
13405033
13403876
13413644
13405390
13406386
13402243
13406500
13412154
13420650
13426006
13432141
13432011
13405424
13403828
13403843
13408126
13414330
13405097
13413302
13420666
13422756
13408018
13416570
13401540
13424052
13420855
13423190
13418445
13420152
13405236
13402177
13422702
13401888
13416238
13401538
13400090
13406524
13419285
13419075
13419080
13421510
13421634
13402296
13408211
13426144
13406481
13403749
13402116
13405421
13400840
13400020
13414351
13417758
13421764
13411078
13412345
13412344
13421458
13422585
13408029
13408086
13401585
13413014
13421595
13414305
13421640
13424301
13411025
13425392
13424381
13423465
13403650
13402818
13416259
13418060
13423588
13420857
13412281
13414344
13424790
13412032
13412090
13425082
13401831
13422044
13426090
13401531
13428215
13401789
13423268
13416510
13406491
13417444
13422754
13409148
13424330
13403369
13412467
13401533
13426192
13432160
13421768
13432038
13408375
13423766
13408153
13412470
13405244
13408199
13414310
13432347
13433022
13413031
13414114
13405374
13412300
13412660
13402346
13408156
13423590
13420204
13412018
13402740
13420849
13421750
13427203
13408178
13408190
13426059
13403757
13406344
13405385
13432726
13412338
13408071
13414260
13401788
13424729
13405262
13405176
13424386
13423592
13417655
13403623
13414421
13411085
13426203
13405382
13401554
13408373
13402373
13425532
13426264
13402770
13415070
13401270
13408376
13400535
13409023
13402813
13408210
13411560
13421150
13425012
13433025
13416657
13406485
13417600
13403291
13411502
13423110
13403882
13400260
13414422
13406001
13412260
13426503
13423000
13420853
13408032
13411507
13426563
13426084
13411038
13411199
13408386
13412386
13402819
13420792
13424740
13424730
13411067
13426087
13417610
13405247
13412487
13420350
13402804
13423594
13425390
13402281
13412264
13405383
13409145
13402738
13403772
13403745
13432149
13404202
13401852
13414358
13426564
13402412
13424714
13420839
13404100
13422002
13420865
13409154
13411045
13426309
13412348
13422046
13412025
13420826
13409097
13421116
13420640
13423318
13403763
13401589
13420257
13421635
13400160
13424700
13424467
13403829
13402416
13417380
13411037
13424070
13403776
13432163
13408382
13412162
13423314
13424742
13426313
13408047
13422010
13420825
13432118
13411073
13420723
13424732
13424806
13421757
13406302
13411191
13405171
13432324
13412135
13401741
13422560
13426180
13403781
13411022
13402377
13420665
13412435
13403832
13422700
13400810
13413119
13403619
13428200
13408275
13408296
13411102
13421121
13411120
13402369
13403857
13408121
13406490
13405039
13420840
13428221
13428206
13402237
13421732
13400030
13428342
13428218
13421480
13425832
13405328
13405271
13413652
13409059
13403414
13401841
13405019
13422506
13423757
13408020
13423747
13423227
13403044
13424022
13424388
13417165
13425005
13425098
13421331
13423700
13425262
13409062
13423666
13402114
13412306
13420160
13412279
13417353
13409115
13412242
13423674
13402344
13413022
13417160
13422582
13421096
13401135
13404788
13409044
13422040
13413096
13414352
13403712
13414345
13426732
13423322
13403053
13402063
13425740
13411134
13401826
13423626
13423722
13401657
13420471
13414127
13404410
13421755
13411019
13402172
13425080
13415020
13402244
13401613
13402268
13402732
13408218
13422584
13417750
13416045
13409088
13411063
13426253
13408402
13412431
13411116
13402619
13401539
13412299
13412313
13408044
13425253
13420263
13424792
13426739
13433016
13418557
13404205
13402851
13432356
13420821
13405036
13426000
13403839
13418575
13426236
13405361
13412249
13402286
13403617
13403010
13414126
13403742
13420824
13400852
13406480
13401627
13412376
13405402
13405436
13411051
13403411
13406391
13423262
13415100
13402552
13412216
13420271
13402236
13426003
13401490
13424754
13414376
13426578
13426169
13409041
13415094
13422194
13411065
13403703
13422588
13411186
13403831
13402069
13408049
13425251
13425252
13406512
13408400
13425744
13401730
13401836
13413024
13401370
13420543
13424270
13411512
13408360
13414370
13425746
13421650
13404767
13409113
13404203
13412311
13423598
13406364
13423509
13419150
13408122
13403317
13412456
13412352
13423596
13401889
13425695
13423600
13423620
13402192
13426427
13405117
13405108
13403170
13425498
13424804
13414300
13414340
13405020
13423344
13422583
13409174
13432554
13411157
13423622
13412334
13420516
13401825
13423215
13411034
13406006
13401806
13424691
13425496
13432004
13406526
13406318
13409058
13432030
13403419
13422192
13402692
13408281
13408294
13414425
13423744
13423661
13412664
13403864
13423359
13412257
13405187
13425705
13424720
13405268
13402119
13403331
13400010
13400005
13414019
13414144
13432121
13401721
13412425
13420694
13412040
13432336
13420331
13402235
13420086
13409045
13401842
13432008
13401463
13404791
13423230
13401396
13421690
13412251
13401514
13432720
13416239
13412133
13419283
13428609
13408390
13402801
13405060
13402163
13424370
13401720
13405216
13414311
13409022
13414105
13432136
13420774
13411118
13425152
13424483
13402195
13403759
13409054
13408012
13403682
13403649
13412013
13412125
13411105
13425707
13402617
13414244
13402261
13401528
13425249
13423704
13432155
13420473
13411301
13420833
13406054
13403853
13401804
13424150
13403844
13401802
13401800
13402810
13401468
13412318
13403838
13432350
13432371
13414400
13401843
13403739
13413032
13432374
13403709
13421155
13405083
13406046
13433004
13402263
13403293
13405362
13423246
13423248
13423244
13423238
13423242
13423240
13408140
13432690
13421700
13403322
13417330
13424378
13421636
13401808
13411151
13419136
13420834
13432018
13402409
13414257
13423272
13416381
13426593
13426153
13414253
13401330
13417760
13409027
13401810
13403162
13401812
13416398
13408005
13401526
13403013
13418590
13420162
13402053
13426126
13413015
13428227
13420695
13409060
13403344
13423758
13408243
13405072
13405110
13400820
13418200
13411569
13401738
13403166
13401728
13412132
13405380
13403168
13411559
13405116
13424786
13421547
13412383
13409196
13402824
13406048
13409229
13406484
13403402
13423750
13403662
13406038
13401863
13402130
13400190
13433008
13402757
13406362
13424485
13405147
13421147
13422000
13422534
13432353
13400720
13417777
13420620
13412096
13408055
13423716
13405437
13403702
13401521
13401537
13405438
13400230
13411138
13412020
13403852
13411500
13400050
13400053
13400056
13401050
13421738
13423727
13402266
13411128
13421670
13417180
13420375
13420560
13423664
13412023
13401799
13401722
13411126
13419100
13402366
13403775
13424695
13401743
13401814
13421593
13403710
13421592
13401380
13400140
13400440
13428612
13402803
13401520
13408149
13401816
13423734
13420515
13419050
13419055
13419060
13421591
13401392
13424462
13403376
13405071
13401844
13432518
13426706
13409029
13424377
13403003
13423256
13425836
13421590
13426703
13414259
13417420
13416530
13412120
13412221
13401120
13400080
13425710
13421874
13401839
13402075
13403027
13413016
13401845
13408241
13405041
13426010
13402154
13423375
13401823
13421721
13428349
13426283
13425400
13422589
13401724
13424380
13411124
13401726
13426587
13426155
13409012
13409103
13401564
13408139
13408159
13420851
13403294
13405398
13421290
13421580
13401350
13401565
13428618
13424460
13425144
13401568
13401846
13411518
13412098
13401768
13417779
13423638
13419040
13401090
13408215
13402034
13421576
13401567
13421104
13425702
13412052
13424362
13402241
13408123
13412051
13412535
13426715
13408138
13408150
13412464
13413020
13403886
13432696
13401796
13424693
13423498
13412496
13403161
13406494
13405080
13409118
13412654
13424694
13422752
13401887
13403100
13403290
13421575
13408245
13400200
13416310
13416391
13418310
13401561
13405115
13403887
13402812
13421574
13412240
13405480
13412508
13405161
13411122
13425340
13421573
13401290
13401515
13411182
13400680
13403042
13423496
13405178
13421270
13421571
13401556
13426576
13426172
13425254
13411091
13425713
13411201
13416140
13416145
13401480
13405391
13402161
13403343
13401866
13411558
13402291
13425035
13416395
13424718
13409126
13412388
13425721
13424365
13419003
13418385
13420370
13403874
13402251
13417260
13408108
13401638
13406018
13406372
13421727
13408259
13401705
13418080
13425064
13401220
13420780
13406383
13416440
13414121
13424487
13409085
13426562
13425062
13416400
13411030
13412520
13401679
13423303
13421102
13432133
13403842
13401595
13423280
13411561
13412145
13411527
13423504
13412484
13412053
13403372
13418510
13409068
13409100
13421560
13403677
13425711
13420057
13420355
13420360
13412474
13412010
13424367
13402273
13425075
13425107
13420368
13405127
13416690
13417490
13400150
13403743
13403173
13421578
13416150
13424306
13405409
13400490
13405381
13415095
13411562
13408291
13412222
13423746
13432167
13405128
13412014
13414224
13414241
13421765
13432037
13426082
13401895
13408083
13413093
13401581
13426568
13405066
13420365
13416000
13408162
13412493
13421550
13401642
13424385
13420696
13414007
13423761
13402807
13401871
13414157
13422502
13403888
13421743
13402274
13411250
13424170
13426420
13420128
13425703
13421093
13421531
13405079
13420279
13417650
13403155
13423702
13409142
13409311
13420795
13401847
13402234
13403400
13420526
13422504
13412350
13422048
13402301
13425712
13425726
13412420
13409073
13409130
13403658
13432143
13406392
13403418
13403811
13420587
13421759
13422035
13412097
13402823
13426100
13432157
13405296
13402594
13402735
13405069
13405181
13421582
13401732
13401271
13401616
13423765
13405111
13403022
13401340
13405404
13419097
13405280
13427235
13423340
13432599
13402806
13411564
13401010
13423790
13423015
13421710
13411127
13402614
13408072
13411123
13411077
13428615
13413130
13403327
13401702
13403672
13418430
13424020
13401620
13428621
13402204
13402010
13411080
13408023
13408024
13422708
13412030
13401060
13425232
13425310
13413001
13432697
13405077
13406310
13405084
13412293
13421577
13403756
13400240
13419310
13403625
13406382
13405269
13405400
13412225
13405459
13412227
13418605
13432691
13432581
13411154
13405101
13405030
13432560
13403167
13411150
13409136
13405365
13405102
13403280
13405118
13423369
13408113
13422751
13422701
13405085
13402854
13420247
13424787
13412614
13406343
13408165
13414136
13427265
13401834
13405468
13425691
13403661
13412382
13412354
13420278
13409190
13420545
13427227
13402239
13401633
13406501
13418435
13406400
13421140
13414341
13403352
13403686
13408217
13412422
13421546
13413034
13401571
13402265
13416580
13418565
13412622
13401631
13401740
13408004
13412408
13405343
13425684
13425137
13411567
13409321
13412608
13420531
13428427
13416380
13408127
13406007
13432309
13412292
13411557
13409125
13421108
13420555
13433002
13405460
13425709
13420831
13425544
13408184
13408027
13402280
13420085
13426064
13403353
13406352
13409082
13432156
13414113
13432168
13422606
13413038
13423306
13420842
13421581
13423728
13425802
13421660
13419314
13403158
13408046
13408325
13417515
13411251
13425672
13401676
13402015
13401136
13401592
13401590
13406504
13423292
13412214
13425131
13420861
13408263
13411165
13432127
13409305
13402253
13402255
13420610
13420835
13423100
13426301
13425540
13432148
13426062
13426122
13402336
13403421
13427238
13412278
13425835
13425246
13425275
13405411
13411098
13421101
13403768
13432312
13423290
13414430
13408380
13403350
13403328
13405326
13420100
13408117
13425139
13402354
13401619
13409163
13409325
13412083
13432027
13411145
13411146
13411125
13425534
13408078
13425804
13412324
13426507
13418530
13401558
13401100
13419001
13408143
13424784
13402590
13403700
13413105
13427217
13411099
13426057
13426120
13426160
13426583
13421734
13420828
13416020
13412437
13414139
13411121
13413036
13403711
13421544
13403377
13408212
13401453
13427216
13402156
13408362
13412413
13426019
13404204
13412042
13411520
13427237
13402287
13408002
13426188
13402375
13406308
13425806
13406004
13406488
13415101
13423650
13423721
13402711
13408124
13425808
13403346
13432725
13401569
13401828
13426164
13412017
13425402
13412385
13424285
13412373
13425693
13423764
13426574
13400331
13401787
13425533
13425019
13417730
13405408
13401860
13425696
13402815
13418495
13412360
13401401
13432012
13411521
13420670
13413650
13412288
13412430
13432002
13412256
13421733
13411573
13421305
13403174
13409016
13425803
13425718
13416040
13406374
13403716
13405420
13411032
13405340
13424794
13400700
13425698
13405009
13412277
13400040
13403883
13405163
13411088
13412343
13421766
13421542
13401381
13408016
13402257
13420517
13412636
13422573
13408394
13421744
13401748
13432692
13406320
13411024
13401609
13425066
13405342
13423330
13403867
13408120
13411135
13417170
13403332
13420154
13405065
13411023
13403826
13420530
13412148
13421763
13401030
13402297
13412301
13401530
13416480
13408019
13420505
13401518
13416500
13418170
13420630
13402283
13400615
13408013
13405249
13411188
13403409
13420206
13408266
13402613
13425811
13424041
13412315
13401737
13401736
13401587
13427236
13425087
13417660
13408022
13408021
13409070
13420830
13416350
13404350
13414349
13422586
13416218
13416401
13418350
13408282
13421770
13422180
13405425
13414015
13405250
13409202
13420707
13412085
13402756
13426011
13421450
13406389
13414374
13403288
13411189
13425016
13406368
13402739
13420335
13427204
13405157
13412029
13408244
13408292
13412022
13408213
13403865
13401867
13403654
13424366
13421310
13421286
13412024
13432578
13424230
13401899
13426500
13417465
13424530
13413050
13412000
13401853
13400100
13419290
13418560
13402065
13411114
13423250
13408011
13408041
13405407
13401473
13401552
13425706
13403645
13403621
13401655
13422190
13427270
13408191
13423052
13419071
13405148
13411195
13406348
13417510
13417421
13423234
13426364
13405352
13433014
13402694
13420580
13403778
13401190
13416250
13416253
13418330
13411035
13411094
13400660
13414230
13424060
13402417
13421521
13402295
13408366
13401454
13408216
13426395
13420208
13412616
13420782
13402758
13403632
13403012
13425812
13411133
13412511
13405384
13425238
13432006
13432103
13421739
13422140
13412320
13402178
13414347
13402706
13402856
13412666
13425814
13402855
13425717
13412033
13403153
13419326
13412662
13424355
13405156
13400520
13419170
13419141
13403169
13420770
13425818
13403889
13403281
13402582
13425044
13425081
13423502
13416520
13405259
13421775
13412355
13412270
13424480
13403335
13402714
13426600
13414116
13404797
13402700
13402245
13402127
13412346
13402247
13427230
13403410
13411104
13422170
13406483
13424781
13400420
13422042
13405021
13422512
13402270
13421525
13400590
13400595
13401471
13408119
13402540
13418180
13401654
13403605
13423202
13412095
13405375
13401651
13420005
13401751
13405285
13405282
13420440
13411187
13401760
13401764
13401785
13403607
13418070
13411511
13421500
13423648
13423737
13408030
13408084
13422510
13418030
13403802
13408056
13423501
13409114
13420004
13411084
13425084
13412316
13420140
13402430
13409076
13409133
13423768
13421115
13401762
13426566
13432344
13405098
13400750
13417775
13402289
13404773
13426106
13403704
13420720
13423365
13409065
13403417
13411137
13401529
13406487
13425820
13426596
13401681
13403066
13405164
13420168
13412263
13403075
13420050
13408010
13401780
13405022
13401603
13402206
13432164
13405061
13402050
13416008
13403890
13402055
13405132
13420003
13405086
13411523
13418470
13421282
13426017
13408361
13420472
13420832
13428348
13408175
13408085
13426570
13401622
13406003
13426002
13413090
13413120
13426163
13403609
13408036
13409040
13412200
13406031
13411029
13432022
13412434
13423724
13403758
13402420
13426747
13411551
13411522
13408131
13414371
13432153
13405087
13401848
13406398
13409221
13409211
13420248
13402737
13405456
13402150
13401600
13432545
13402064
13414239
13432693
13418415
13414250
13432159
13405141
13406304
13411552
13424726
13420674
13401393
13402568
13409053
13412272
13415008
13405082
13403676
13409107
13425256
13420164
13401040
13401487
13417620
13417381
13425320
13417320
13400530
13419165
13419143
13418520
13420575
13412284
13421281
13408137
13427240
13414312
13403285
13403146
13401667
13403630
13427245
13412274
13420507
13426029
13421873
13408246
13417290
13411147
13401668
13403147
13411148
13411149
13401417
13409015
13402805
13412479
13406495
13411185
13403163
13402558
13425838
13420823
13417762
13402229
13405013
13405037
13423270
13414402
13413040
13426603
13418585
13425060
13411303
13403404
13420129
13427215
13426024
13412340
13412602
13421530
13401451
13421459
13421716
13423710
13426323
13405004
13424585
13403052
13423228
13420025
13400730
13403862
13420130
13424190
13412283
13403738
13402406
13412357
13409110
13425015
13420837
13401742
13412423
13414218
13417740
13426175
13414392
13402717
13415092
13420200
13412404
13402293
13401510
13406322
13401777
13426595
13426609
13417560
13409226
13411566
13405433
13409116
13403611
13420153
13425050
13420708
13406328
13412015
13415096
13401523
13402290
13413048
13411050
13402258
13409193
13424782
13419328
13425536
13411097
13403684
13401893
13422750
13420273
13424320
13424357
13424793
13409127
13424110
13424535
13403020
13406022
13401837
13416402
13402152
13402356
13405373
13425230
13401472
13401474
13401838
13420843
13420256
13426606
13415003
13426572
13426212
13417080
13405051
13421742
13420524
13422564
13405191
13402304
13423332
13417590
13405414
13416648
13403420
13408340
13413500
13411162
13401418
13414313
13401419
13401424
13401422
13432539
13401579
13421522
13403292
13402246
13409104
13424140
13427205
13414429
13409129
13403634
13401423
13412086
13406332
13428340
13426760
13401858
13420841
13422562
13403351
13423010
13401415
13401500
13424120
13424389
13411550
13405168
13411568
13405435
13418040
13411096
13411081
13403613
13403766
13428230
13403627
13405350
13410099
13401414
13400560
13419160
13419155
13416240
13409025
13426712
13432158
13421719
13401543
13426028
13412481
13419284
13405131
13411136
13409173
13401886
13401420
13409030
13422706
13411554
13409031
13400480
13400485
13419190
13417390
13409014
13423490
13403871
13421120
13408242
13402170
13401421
13426700
13426307
13403415
13414367
13421095
13408082
13421250
13422045
13418425
13424800
13414134
13420474
13403770
13403413
13401467
13420249
13412672
13411513
13412674
13411553
13424586
13411601
13411600
13428460
13418370
13414372
13425716
13401824
13426321
13402302
13401629
13413641
13403820
13426394
13403755
13414119
13401879
13423208
13401570
13420203
13402091
13428627
13424361
13432566
13421872
13403164
13420481
13416490
13411508
13420482
13402080
13406376
13414343
13401882
13402092
13402093
13409019
13401666
13409172
13409001
13423482
13401416
13432524
13401578
13402800
13423486
13405159
13432530
13409021
13425236
13423767
13425834
13403714
13427213
13421772
13409122
13421754
13417445
13404764
13411052
13409026
13412532
13424312
13412514
13423508
13432602
13424363
13412298
13412312
13423745
13423743
13402078
13401794
13402242
13428201
13411571
13420410
13412021
13412640
13408364
13420420
13411596
13421718
13420565
13408017
13432694
13417412
13414304
13420484
13412290
13420030
13403800
13403002
13411183
13406409
13420693
13414390
13414155
13406036
13406306
13425248
13432587
13423030
13401636
13403030
13401110
13425690
13402201
13432521
13425840
13405088
13412476
13408168
13402090
13409121
13408107
13412262
13402157
13411112
13420275
13401717
13406395
13412453
13408048
13418210
13405242
13409232
13406312
13403848
13411058
13432367
13405180
13405192
13405431
13401832
13415030
13414434
13414314
13417761
13416382
13416585
13419045
13432009
13426762
13432005
13420274
13432050
13412080
13408313
13408250
13432165
13423316
13420450
13405397
13423258
13418380
13424752
13412325
13402120
13420470
13422500
13421720
13421724
13403877
13414212
13411517
13408067
13421535
13420264
13406508
13426615
13426580
13426177
13405207
13412336
13425076
13423020
13400460
13405257
13405252
13413122
13418555
13402598
13402122
13423634
13412327
13403847
13405210
13401080
13424010
13400690
13403177
13401191
13405023
13425264
13426215
13426269
13423630
13408132
13421284
13403809
13423644
13423741
13411075
13411041
13409052
13401677
13405006
13425538
13424710
13402554
13403336
13411090
13427200
13411107
13423371
13402267
13401360
13420544
13403014
13423224
13413087
13425083
13425261
13422160
13411192
13411194
13401522
13425105
13426124
13411069
13404794
13401560
13411076
13411514
13420166
13405463
13419144
13425708
13406482
13421717
13411117
13426136
13417431
13401778
13417580
13405467
13402578
13413102
13411221
13422570
13412246
13424753
13411506
13412140
13420449
13406511
13417770
13402729
13414227
13402168
13414110
13401851
13417550
13405419
13423035
13425054
13426315
13403685
13423668
13405024
13418570
13405246
13417430
13402362
13411020
13401680
13401706
13414354
13411142
13421105
13401656
13405417
13401548
13417755
13414353
13401770
13402556
13408328
13416216
13416421
13416383
13418340
13401859
13408061
13422600
13411577
13425120
13426259
13426233
13412028
13405240
13406366
13412081
13401400
13400130
13408196
13402118
13411515
13400850
13400851
13420207
13423676
13411197
13426612
13423660
13405225
13420167
13420475
13411106
13423628
13423733
13401492
13423312
13405063
13405266
13423640
13423635
13423642
13404782
13423632
13423735
13425095
13404770
13406016
13401534
13416255
13412254
13421762
13401583
13421541
13411180
13401476
13403779
13401766
13420667
13411565
13405158
13406042
13414401
13416075
13423342
13412082
13411516
13411510
13408255
13408270
13408311
13405032
13420430
13412604
13406340
13401798
13417773
13411056
13428341
13425090
13408114
13427255
13402720
13401456
13401563
13401200
13402704
13420330
13412330
13400330
13419250
13428421
13406516
13423770
13420836
13403830
13402076
13402584
13432364
13404206
13423670
13426221
13412266
13408115
13423759
13401678
13421758
13422580
13423462
13432146
13423349
13406013
13408401
13401562
13401756
13432339
13416355
13428412
13420564
13414238
13408398
13418400
13421148
13426618
13408219
13432013
13420400
13424716
13400340
13405335
13400120
13400123
13400126
13411089
13411119
13408381
13406324
13402151
13406397
13420829
13414377
13405035
13414373
13426218
13415099
13405403
13422020
13401672
13418390
13419325
13411605
13402262
13402726
13408379
13422572
13427212
13419505
13403615
13420627
13414394
13423672
13420563
13408134
13417443
13402310
13404200
13405368
13412379
13426007
13412019
13411159
13424565
13412370
13432145
13420778
13425057
13423286
13403345
13433010
13416060
13400550
13423400
13423736
13432003
13432100
13401892
13412241
13425839
13403152
13408399
13420669
13402348
13406510
13414252
13411079
13412363
13426423
13427267
13402588
13420867
13414397
13401820
13401747
13414237
13401793
13414128
13412638
13405364
13432007
13403416
13423662
13423762
13408185
13408026
13414240
13403673
13426392
13433012
13401776
13409094
13406384
13403805
13426356
13408377
13403836
13420625
13414131
13401835
13403032
13424724
13412124
13420156
13403077
13417681
13426261
13403765
13421107
13403337
13400009
13421100
13425257
13423712
13403840
13403780
13420451
13403708
13414006
13403178
13411028
13412414
13411170
13402705
13423232
13423260
13405034
13401524
13420721
13401605
13417757
13405416
13408310
13408257
13404201
13419000
13419281
13412632
13422150
13414124
13425490
13426390
13411580
13432315
13421741
13420700
13424788
13412439
13406044
13424210
13421773
13415010
13403009
13403856
13402435
13408179
13408003
13432161
13432361
13405278
13423367
13412088
13408230
13412166
13425500
13420267
13417470
13401774
13414346
13425010
13402821
13402421
13409051
13400450
13412401
13411042
13412265
13426582
13426173
13421726
13402374
13408069
13426074
13408391
13402307
13404800
13423324
13402419
13414368
13416070
13424741
13424731
13424200
13426571
13420847
13411529
13423720
13412084
13425250
13403333
13427226
13414336
13424042
13422608
13401754
13424310
13401745
13418500
13432010
13432140
13432327
13402070
13426104
13402603
13428624
13405089
13414017
13432551
13432536
13408395
13403657
13426271
13405114
13414000
13405434
13426350
13424369
13421715
13420706
13405011
13432303
13413069
13405243
13401250
13426586
13426149
13415199
13426735
13402361
13401752
13411033
13403325
13401630
13402604
13426737
13408176
13409109
13425110
13406052
13426186
13402110
13401891
13432115
13426076
13403401
13401874
13417150
13425723
13426581
13426161
13432695
13421534
13425258
13423708
13409004
13411155
13412323
13411501
13426132
13414432
13420380
13420722
13418600
13412646
13413300
13405258
13421774
13405073
13401755
13418110
13403675
13425722
13402060
13424715
13425130
13401861
13405190
13412026
13415093
13403740
13403680
13427257
13408280
13408295
13400897
13421543
13420340
13406020
13405406
13422210
13422212
13417726
13421537
13416090
13401452
13406326
13409055
13409056
13424043
13405235
13405264
13414032
13404374
13405371
13413642
13405174
13425714
13401516
13414018
13432533
13402032
13427258
13405045
13408306
13408297
13420899
13423282
13401849
13402365
13420205
13423507
13416080
13423723
13405405
13412319
13426573
13412612
13412650
13423760
13403859
13402233
13405208
13421536
13411224
13412656
13423206
13423484
13402415
13413042
13414306
13423725
13403647
13420120
13417370
13425000
13424696
13424589
13405446
13403798
13401749
13425670
13401797
13405422
13402175
13406050
13412353
13403663
13418090
13418092
13403656
13409020
13405255
13401020
13405186
13414350
13423738
13412403
13412670
13403807
13408314
13408248
13412389
13421730
13424785
13403004
13408286
13403866
13408374
13402703
13424796
13408348
13403850
13406385
13402260
13423361
13406379
13403340
13411093
13408128
13421722
13411043
13423752
13420163
13406522
13416461
13425831
13424708
13405248
13418533
13403804
13400780
13422230
13420000
13428430
13427220
13420269
13401840
13411602
13408112
13404752
13412317
13420677
13423729
13418465
13413021
13411054
13424570
13411200
13426393
13412429
13426621
13406346
13406520
13426745
13413651
13421142
13423300
13403855
13402586
13402736
13408392
13402850
13417570
13412259
13402759
13405025
13405012
13411061
13426239
13426001
13426056
13426142
13412433
13412248
13412304
13417530
13425070
13406390
13416254
13412027
13423487
13406502
13408397
13403642
13402560
13413099
13423714
13412411
13412329
13426023
13421756
13401409
13403748
13401790
13412280
13401576
13406401
13403365
13408350
13408367
13403707
13406399
13403054
13425688
13405014
13420202
13425842
13423739
13406350
13415103
13423060
13425103
13408028
13432593
13421584
13403160
13417540
13405038
13412239
13405081
13408287
13408305
13412634
13425741
13411563
13405090
13413044
13423488
13401618
13405091
13423040
13412502
13420675
13403141
13403371
13403355
13412461
13401486
13432359
13426227
13426256
13401628
13426738
13420055
13408110
13406378
13405026
13405230
13405234
13424014
13411202
13401652
13401734
13411196
13406528
13405003
13426577
13426166
13423624
13411055
13408040
13408065
13420710
13400270
13432333
13405387
13405183
13405120
13420250
13414141
13405426
13401856
13401881
13405450
13408271
13425068
13414137
13406015
13414118
13425841
13403849
13402550
13414258
13419130
13403172
13424383
13424340
13405053
13411095
13428401
13412170
13426184
13408105
13408100
13420020
13420367
13423288
13421540
13411031
13421767
13421769
13414348
13401744
13403070
13415110
13414420
13414357
13426325
13402115
13418130
13411082
13402742
13402814
13401632
13423461
13406393
13405074
13420280
13420255
13428202
13427207
13422001
13420006
13424160
13403403
13403737
13418002
13425260
13406367
13403761
13406008
13412624
13424734
13403747
13406381
13428344
13423726
13421735
13403641
13412218
13405439
13403841
13402334
13402376
13426734
13426569
13426311
13423353
13427400
13406012
13402690
13409106
13424461
13425147
13411021
13403817
13425259
13425017
13412628
13403342
13422047
13408059
13402160
13420528
13423753
13421113
13420626
13405399
13406334
13406336
13403678
13401896
13406338
13408129
13405418
13401857
13408279
13405232
13401637
13423769
13405351
13423203
13426066
13401898
13402249
13402378
13426319
13401673
13401593
13413084
13423320
13406342
13403406
13402303
13423377
13426025
13426559
13408081
13402158
13409157
13412126
13424783
13402857
13424706
13425743
13432142
13403837
13426597
13403741
13405219
13405265
13412618
13405204
13405044
13401300
13425730
13403679
13409160
13412326
13420866
13412331
13402403
13401795
13428345
13432106
13402822
13414393
13414226
13417440
13403821
13403000
13403330
13424795
13408369
13420793
13412384
13419142
13403015
13404761
13417300
13409007
13402026
13401545
13403407
13425833
13423514
13401659
13402580
13408193
13403151
13403295
13425395
13403880
13412199
13403835
13413108
13414123
13415097
13402338
13414129
13424560
13405155
13405270
13405386
13403827
13421771
13401674
13402440
13403879
13403705
13418580
13402574
13415098
13414333
13401850
13426391
13413510
13420724
13402723
13424780
13417724
13414142
13415102
13409231
13402605
13423731
13401607
13428224
13408383
13402612
13417640
13417645
13403071
13405188
13403045
13416180
13411074
13432112
13414040
13409018
13425396
13405068
13422039
13400895
13418475
13412151
13403040
13420504
13405123
13425699
13414228
13403670
13426134
13424692
13404779
13403408
13412652
13404804
13424040
13412016
13401391
13421520
13403046
13406370
13409169
13401634
13402615
13432319
13432700
13414395
13426280
13432377
13420002
13400540
13426584
13426145
13401617
13412212
13411086
13401464
13412201
13408372
13402238
13402230
13411057
13406361
13406040
13420673
13408111
13405401
13402174
13428600
13406330
13403643
13425715
13414216
13402610
13424015
13405092
13414308
13408192
13402125
13402231
13401320
13403029
13426209
13423236
13401833
13423220
13402117
13413012
13403891
13412473
13403892
13409057
13401648
13401664
13408304
13402256
13420258
13405162
13401070
13418300
13403640
13432503
13423500
13424400
13424390
13401394
13401643
13401503
13424555
13426147
13426159
13400350
13400353
13400356
13419240
13419245
13405260
13414016
13403140
13411555
13403059
13409003
13408303
13426014
13402600
13403150
13425069
13424583
13408130
13421538
13401746
13412307
13402364
13411060
13412349
13426072
13432154
13414369
13432130
13418160
13403683
13420270
13405093
13404776
13424364
13412282
13420518
13402282
13411152
13403717
13405423
13414008
13402155
13426206
13426250
13406387
13420540
13402167
13401758
13401877
13414398
13426130
13421630
13420820
13401897
13427202
13403706
13404375
13409124
13423730
13402576
13411046
13408171
13402350
13401880
13432144
13426128
13402062
13421533
13403861
13400400
13414309
13412314
13408116
13415060
13420363
13405209
13412217
13403777
13423740
13426138
13426167
13411059
13420819
13403073
13411026
13408183
13408025
13403783
13408370
13403334
13401872
13420260
13403304
13426317
13432166
13425745
13405273
13424371
13405078
13422574
13428343
13401206
13424387
13426585
13426151
13403175
13425674
13425136
13409319
13412626
13403039
13403036
13403037
13401884
13420252
13413030
13412011
13403845
13417680
13401791
13409230
13426505
13432306
13403744
13427214
13424789
13413653
13403008
13425630
13401588
13412230
13425135
13411586
13413018
13409151
13409317
13424405
13426361
13423308
13408220
13418420
13422610
13409224
13411027
13403171
13408099
13412305
13409013
13411556
13411589
13420369
13428346
13406388
13412450
13412630
13414342
13412276
13420001
13406005
13408034
13401783
13406380
13421337
13414391
13403600
13403799
13403667
13426266
13425138
13409323
13412302
13416460
13401822
13400220
13417682
13403869
13408225
13432512
13413078
13423506
13423602
13423480
13432147
13424733
13424802
13402592
13406377
13422604
13412335
13420868
13402248
13421761
13421753
13405396
13404373
13413640
13403858
13424791
13425541
13405094
13409017
13409111
13432023
13420040
13405445
13422578
13409227
13417505
13423204
13412342
13406360
13402817
13408302
13406034
13401625
13402164
13402371
13418515
13420567
13418190
13424376
13425142
13420246
13405370
13401527
13403767
13411115
13425013
13402562
13425149
13424374
13414399
13421740
13412642
13411110
13432152
13414133
13421572
13411039
13411509
13405354
13402294
13401555
13403056
13409108
13422587
13419220
13417095
13401862
13415090
13432109
13412321
13409117
13401601
13408343
13403412
13420261
13401647
13420253
13420460
13401557
13418260
13401553
13412499
13405275
13405267
13401140
13403893
13409009
13401525
13409028
13405100
13405099
13424384
13403041
13403142
13411181
13420262
13403143
13423497
13402809
13408301
13408053
13419330
13420251
13402025
13420822
13426121
13408346
13405410
13423050
13418375
13403058
13422704
13414046
13423464
13415091
13403018
13405103
13412523
13402811
13421470
13408273
13409006
13405075
13405070
13405160
13405165
13428606
13401541
13411503
13411519
13428424
13403875
13409105
13425030
13402372
13401864
13421144
13412128
13401829
13420562
13400853
13400890
13424468
13408384
13402124
13412415
13420668
13406314
13424588
13417520
13417756
13402363
13425700
13401894
13414125
13423201
13416222
13418050
13401485
13418393
13403051
13412247
13421283
13418480
13403636
13421579
13409000
13408145
13422030
13401517
13401772
13426565
13402232
13416330
13403822
13412356
13409225
13405366
13426764
13401477
13401470
13403782
13411066
13402162
13400070
13400060
13400063
13400075
13400066
13402370
13426060
13422568
13403803
13420556
13420542
13401407
13402153
13402066
13400410
13419200
13417791
13400390
13419210
13417792
13401663
13402418
13401611
13403815
13414145
13403023
13408347
13415000
13414375
13416420
13406010
13412620
13425830
13412339
13403341
13411140
13411087
13405325
13414140
13415080
13420165
13403652
13412328
13401550
13403320
13408080
13405064
13405167
13422566
13405109
13425825
13402808
13405341
13420595
13405412
13412294
13409024
13400825
13411049
13401488
13405076
13403746
13403324
13401669
13424345
13412245
13425492
13424469
13428347
13403894
13401559
13414042
13412529
13403323
13405104
13402330
13402360
13432500
13414254
13414255
13403326
13432021
13428418
13434001
13416005
13416389
13418360
13417780
13409010
13402606
13432509
13403329
13432596
13424430
13412509
13405113
13414433
13432548
13414222
13404755
13413081
13405002
13403339
13401865
13405005
13421330
13420557
13425620
13425621
13420598
13405454
13432572
13405448
13414315
13402802
13402564
13400830
13425330
13403001
13425244
13425140
13416470
13432542
13421532
13408300
13409008
13405001
13405392
13414036
13414030
13424382
13413600
13426022
13403719
13420790
13402760
13402611
13401623
13402030
13400790
13400310
13400315
13419260
13412387
13405095
13409005
13420115
13403156
13406000
13405336
13425678
13401710
13409309
13411156
13417782
13402299
13403895
13432033
13428408
13405205
13408363
13412310
13405455
13403026
13403659
13412410
13401646
13405058
13412658
13402035
13400380
13400385
13424797
13420290
13401542
13401457
13426182
13403354
13417295
13421760
13403005
13426140
13425692
13403671
13401883
13402852
13425300
13424165
13425742
13432569
13420794
13403801
13427210
13421335
13412129
13432321
13414122
13414389
13423755
13421112
13416260
13406496
13424751
13402566
13412130
13400510
13419311
13434003
13413007
13413004
13420087
13425100
13408312
13408252
13417410
13425494
13402570
13411068
13405432
13411103
13405429
13404803
13414214
13408365
13413010
13419110
13419115
13419316
13414048
13420590
13425380
13425381
13420506
13401868
13420500
13403145
13423494
13428407
13406507
13411064
13424728
13423706
13423304
13400570
13420566
13400250
13426749
13426089
13416200
13425701
13401425
13412406
13412309
13401462
13417350
13405119
13408035
13408290
13408298
13425020
13405372
13412351
13403055
13409199
13421570
13412127
13426016
13424280
13420513
13405427
13414150
13404758
13412600
13403144
13414038
13422041
13426560
13406375
13408015
13413011
13404785
13403823
13405263
13425731
13405173
13412220
13426021
13411530
13421110
13424050
13420856
13401406
13423334
13423754
13402165
13400180
13400183
13400186
13401138
13411525
13422590
13402596
13413063
13401390
13405047
13401855
13426303
13421751
13420869
13405096
13420784
13405166
13426012
13406002
13425255
13414138
13426026
13422043
13432584
13412296
13405218
13405217
13403825
13433899
13424702
13402159
13423355
13403834
13405105
13419138
13405453
13412297
13403318
13403348
13405272
13400210
13416320
13418395
13416257
13411153
13412505
13414256
13401240
13425014
13406493
13425265
13414115
13412644
13420705
13401854
13401626
13402710
13411595
13402332
13416404
13418320
13414229
13401750
13405107
13401408
13409043
13401818
13419020
13419030
13419035
13421870
13411505
13405283
13405369
13405367
13412424
13403674
13426004
13403289
13426055
13401260
13414143
13418120
13412517
13421280
13402000
13432590
13421871
13402618
13417783
13417759
13420442
13418485
13402284
13426579
13426170
13401753
13416322
13424712
13424540
13424051
13403762
13420728
13402352
13402077
13418610
13426190
13423212
13412243
13421545
13424522
13414431
13405413
13420776
13420690
13411044
13403154
13420150
13425680
13432341
13409313
13426013
13412676
13432039
13405143
13413132
13416365
13402300
13421336
13403846
13405149
13425694
13409139
13406402
13423302
13409120
13415040
13403713
13411227
13421723
13424311
13412526
13413000
13405220
13405121
13432527
13405169
13408133
13420827
13425682
13412229
13408136
13409315
13416190
13432024
13418365
13405441
13420277
13432330
13420702
13403648
13408393
13408181
13425398
13402252
13403872
13419140
13412250
13411158
13432151
13421490
13426224
13403753
13406396
13400710
13402169
13405298
13412255
13402816
13420480
13413002
13405106
13401658
13409222
13409214
13423373
13425689
13409042
13413023
13403165
13422220
13423005
13415015
13414020
13423070
13423170
13401544
13401130
13402166
13402741
13421094
13425837
13416403
13424350
13401665
13402028
13403651
13423274
13408254
13405279
13412409
13424722
13403176
13426709
13403638
13432506
13414261
13412333
13417778
13408174
13413013
13425394
13426425
13402198
13403896
13406492
13413046
13423499
13432515
13422591
13412459
13401584
13401640
13423570
13424368
13408240
13414428
13421875
13401885
13401653
13405440
13412443
13408276
13408368
13402176
13411524
13402368
13427260
13421752
13417500
13401662
13411053
13413066
13423492
13420585
13401671
13402259
13401873
13403367
13421729
13409050
13409079
13426018
13424709
13421728
13414396
13409123
13414356
13403754
13423742
13409128
13400650
13408180
13405112
13401645
13423192
13400760
13400765
13403715
13416073
13418525
13420570
13405175
13420550
13401455
13403897
13412303
13426157
13416215
13416210
13432575
13402853
13402616
13418220
13403319
13421460
13402264
13419315
13403157
13405284
13405139
13425676
13402016
13401577
13401591
13401397
13412215
13412233
13420862
13408330
13401708
13409307
13401624
13402544
13408057
13403760
13412238
13409327
13420534
13420599
13400300
13419270
13432036
13428409
13420522
13414135
13425724
13411036
13419320
13424290
13424300
13424295
13424305
13403819
13421300
13420725
13411048
13421260
13411220
13405048
13402096
13403148
13424302
13421456
13412291
13421680
13401280
13423510
13423512
13432557
13427211
13423470
13421285
13425411
13400430
13419313
13405000
13403159
13408045
13405144
13425530
13401675
13402014
13401410
13412213
13425240
13420860
13409303
13402542
13402254
13403764
13414236
13412287
13403349
13423211
13402123
13414264
13402292
13403833
13421451
13414120
13420514
13421452
13403898
13412490
13401870
13401890
13423771
13402367
13432150
13411300
13405233
13414251
13413643
13417190
13421457
13421122
13409091
13402342
13411198
13420838
13409011
13426561
13428603
13426575
13406486
13422592
13403007
13403006
13401661
13401519
13416345
13401660
13432124
13405428
13405052
13401546
13412347
13432162
13400770
13421146
13401869
13411184
13427225
13424372
13408125
13417630
13412427
13423463
13423351
13411190
13400500
13433023
13420009
13421725
13415050
13414005
13403813
13409166
13411528
13432300
13411504
13422602
13408182
13405430
13413047
13416050
13401650
13421106
13403681
13408403
13432563
13420056
13402068
13423310
13420532
13420520
13425720
13401210
13424105
13411305
13405049
13421453
13421548
13411083
13424080
13424704
13420785
13403405
13409217
13409220
13406030
13411526
13424030
13408371
13405067
13414044
13412168
13424580
13401575
13409046
13401739
13402305
13401535
13432015
13412167
13411572
13433020
13433006
13424808
13421103
13412160
13405286
13401458
13406518
13409228
13409301
13426305
13400290
13419280
13421454
13421455
13406514
13423226
13423210
13423763
13411139
13413060
13414112
13421737
13420272
13403644
13416256
13401827
13414423
13423025
13406316
13402572
13402250
13401460
13412308
13402173
13400800
13403824
13414426
13421736
13402340
13417647
13408285
13424810
13432609
13417442
13400370
13419230
13419235
13417100
13416756
13425725
13401876
13412337
13401830
13422576
13401875
13409208
13409223
13406032
13426751
13426086
13403771
13408307
13423732
13420276
13424090
13408385
13401615
13412286
13409119
13427201
13424375
13411304
13405050
13425403
13408272
13421114
13405040
13402298
13426353
13403774
13428403
13428406
13428415
13412332
13428400
