17581400
17588036
17582480
17582672
17582524
17582016
17588066
17582184
17582106
17586260
17584296
17584248
17584250
17582040
17584270
17582014
17584262
17580095
17584488
17584510
17582472
17582176
17584416
17588034
17580055
17588058
17581166
17582114
17584266
17589016
17580508
17582474
17589000
17582112
17586244
17582158
17582326
17586072
17588028
17581180
17584460
17588030
17582138
17588008
17580035
17586242
17584280
17584226
17584222
17581158
17582320
17584026
17582122
17584432
17582478
17581176
17580041
17582164
17582476
17581402
17582150
17582542
17584042
17588084
17588014
17584278
17584220
17582172
17581000
17582066
17584254
17580057
17580130
17580110
17582182
17581168
17584268
17582024
17580047
17584050
17584028
17580400
17584230
17584464
17584046
17588050
17586222
17580089
17580049
17584242
17580025
17584274
17586258
17586034
17582168
17586062
17582128
17581184
17580504
17582054
17586036
17584512
17588038
17580061
17586234
17584514
17582340
17584036
17584284
17588070
17584024
17582140
17582342
17582084
17582072
17582166
17584224
17581010
17581006
17584022
17580075
17582530
17582000
17580021
17589010
17580085
17581008
17582006
17582034
17582020
17582092
17582124
17586040
17581018
17582328
17580408
17580083
17580023
17584272
17584454
17586050
17586210
17586200
17581174
17580063
17586246
17584244
17581154
17584256
17582046
17580013
17588054
17581170
17584458
17584482
17582038
17586022
17580051
17586202
17581164
17588056
17586010
17580009
17584442
17580033
17586012
17580011
17586256
17584240
17586002
17580003
17586007
17580007
17582156
17589012
17588022
17584500
17584494
17581014
17589014
17584520
17580037
17582322
17582032
17588020
17588042
17584502
17586237
17580045
17586066
17584236
17584300
17584260
17580015
17582120
17586018
17580077
17588080
17586052
17582148
17581002
17581210
17581150
17581220
17581022
17581160
17581004
17588026
17582332
17584444
17580027
17580053
17584452
17584506
17588068
17588040
17584474
17581162
17586068
17582520
17582334
17582544
17582177
17586248
17588062
17584020
17588076
17589002
17584524
17582676
17584414
17582146
17582116
17582162
17589004
17586226
17586060
17582540
17586252
17588024
17582324
17582018
17586064
17580059
17589006
17581024
17584294
17582082
17582080
17589008
17582470
17588000
17588082
17584054
17584508
17580402
17584438
17584492
17582142
17582048
17581172
17588200
17588016
17580100
17580097
17581152
17580039
17580419
17580500
17582002
17582132
17582042
17584484
17582136
17584030
17584298
17580091
17580069
17588072
17584276
17582033
17582060
17586048
17582022
17580093
17582050
17584448
17582102
17584412
17582144
17580120
17588004
17584434
17584032
17582186
17584446
17582188
17584490
17582076
17584052
17582674
17582074
17586006
17580005
17582134
17584516
17584040
17584450
17581012
17581020
17586254
17584420
17584246
17582178
17582154
17588064
17584252
17582008
17584038
17580017
17582160
17586074
17580410
17586224
17582174
17582030
17584400
17584430
17584290
17584436
17588032
17584044
17582100
17580010
17586016
17588012
17580414
17584410
17582126
17584456
17582004
17582012
17580031
17584472
17580404
17580079
17586042
17580006
17586024
17581016
17580001
17586030
17586000
17584238
17580102
17588010
17581182
17584056
17584264
17582010
17584418
17584034
17582078
17584522
17584440
17580073
17582180
17582104
17586212
17586240
17586220
17586032
17584232
17581212
17581239
17580008
17586020
17588006
17581178
17582321
17582152
17582118
17586004
17580502
17584466
17582096
17582094
17580029
17580065
17587899
17589899
17588899
17584462
17582086
17580087
17580071
17586230
17580506
17584468
17584292
17582330
17588052
17586044
17582522
17581156
17584480
17584476
17584470
17582130
17582068
17588018
17588060
17582052
17582070
17586038
17580019
17582036
17586070
17586046
17582007
17582088
17580081
17586014
17582090
17580043
17586250
17586241
17586236
17586228
17584518
17582671
17584228
17582670
17588074
17584234
17588078
17582170
17584048
17584282
17588044
17582044
17580104
17580067
17580406
17586238
17580412
17584486
17582062
17582064
17584504
17588202
17581226
17581190
17588204
17581228
17581192
17588206
17581229
17581194
17588208
17581231
17581196
17588002
17581233
17581198
17582098
17581235
17581200
17581237
17581202
17581224
17581204
17581222
