16666279
16660031
16665034
16660148
16660090
16660146
16660001
16665004
16666290
16660144
16660104
16660118
16666284
16660050
16660023
16660017
16660045
16660041
16666286
16665070
16666292
16660068
16660059
16665066
16665060
16665036
16666281
16660009
16660025
16665062
16660035
16665002
16665008
16665064
16660003
16660027
16665072
16660033
16660140
16666280
16660125
16665100
16660188
16660043
16665030
16665006
16660039
16666282
16660111
16660019
16660077
16666287
16660015
16660202
16666288
16660142
16660013
16660029
16660005
16660184
16660037
16666291
16665032
16666289
16660182
16660186
16660200
16660180
16660204
16669899
16665074
16660097
16660190
16660011
16665068
16660021
16660007
16666283
16666285
16665000
