15670120
15670140
15670220
15673012
15670106
15670062
15670043
15670005
15670108
15670031
15670202
15670256
15670017
15670226
15670060
15670122
15670142
15670222
15673016
15670056
15670011
15673002
15670124
15670144
15670224
15670200
15670021
15670019
15670126
15670146
15673020
15670206
15670128
15673004
15673000
15673006
15673008
15670204
15670029
15670214
15670262
15670258
15670009
15670210
15673014
15670260
15670039
15670070
15670050
15670037
15670130
15670100
15670074
15673018
15670033
15673010
15670252
15670228
15670015
15670041
15670066
15670052
15670007
15670240
15670054
15670250
15679899
15670242
15670003
15670023
15670246
15670216
15670254
15670230
15670013
15670072
15670110
15670248
15670035
15670244
15670001
15670068
15670112
15670212
15670025
15670064
15670114
15670116
15670208
15670027
15670104
15670102
