13661088
13661198
13662216
13664248
13662072
13661021
13668028
13662210
13665452
13662256
13661270
13661264
13660310
13660200
13660148
13661284
13661050
13667040
13667036
13667300
13660051
13660180
13667062
13662220
13668034
13660204
13662242
13665138
13660168
13662146
13660194
13660138
13667020
13662194
13661172
13661126
13664284
13664254
13661254
13664072
13667214
13660224
13660230
13661250
13661242
13661356
13661288
13668736
13664056
13664226
13668030
13660045
13661303
13661046
13667226
13662204
13668040
13668001
13667240
13667060
13665463
13665150
13667172
13665092
13668041
13660003
13664308
13668032
13661118
13661084
13662252
13668043
13667314
13662116
13664240
13661218
13660348
13662162
13664066
13664089
13664088
13664099
13664272
13664322
13660472
13667064
13662200
13662112
13662140
13668588
13662174
13661048
13661112
13661184
13668260
13667260
13664260
13665120
13667180
13667236
13664224
13665459
13661278
13662232
13662198
13660320
13661034
13664222
13667252
13667184
13660326
13664058
13664084
13662176
13664246
13664570
13667242
13668567
13662212
13662170
13668738
13660007
13667170
13667192
13668584
13668550
13665162
13667194
13665117
13662144
13662172
13664355
13665140
13660352
13661374
13661213
13662070
13662106
13664235
13664230
13664220
13665128
13665116
13661240
13667206
13660039
13660172
13661260
13664306
13660322
13661282
13660492
13668571
13661036
13661370
13664290
13664302
13664288
13662126
13661094
13664314
13667058
13660055
13660336
13660182
13664242
13664296
13668554
13660317
13665076
13667190
13667288
13665190
13661122
13661002
13661195
13660049
13660178
13660252
13660017
13660076
13660220
13668569
13661066
13661042
13668276
13667044
13667028
13661018
13667200
13660254
13661174
13661128
13664100
13668054
13660496
13668582
13664312
13664110
13667290
13668552
13660084
13660120
13660015
13665052
13665080
13665054
13662224
13665192
13660476
13660164
13660104
13660110
13664247
13665074
13660184
13660118
13662114
13660238
13661068
13660080
13660128
13660154
13667202
13664262
13660011
13662206
13664251
13668600
13668672
13660338
13660004
13664243
13667008
13662196
13661258
13667276
13664249
13667238
13662084
13661090
13665455
13660256
13668006
13662137
13664241
13662178
13660328
13667032
13660082
13660124
13660152
13668042
13668052
13668008
13667278
13664334
13662136
13662246
13661006
13664064
13664086
13662122
13664332
13667054
13664320
13667224
13660342
13660234
13667312
13660478
13661082
13660214
13668561
13661236
13660236
13664068
13664090
13667186
13665102
13661022
13667004
13660190
13660130
13662088
13662090
13662100
13664062
13661014
13660019
13660094
13661040
13661078
13665066
13665070
13667244
13661000
13660324
13665172
13668004
13668590
13660083
13664074
13661170
13661114
13667196
13660059
13660070
13660158
13660136
13660159
13660141
13660346
13667230
13661274
13661062
13660318
13667292
13661252
13661290
13661272
13665154
13662226
13661238
13662142
13665112
13665104
13667282
13665136
13661092
13667322
13668002
13661038
13665130
13660086
13660116
13660078
13660132
13660156
13668026
13664108
13661354
13668565
13668024
13667258
13668580
13668586
13662250
13661030
13662166
13661016
13662102
13662074
13668568
13664304
13667302
13665124
13662236
13664310
13664232
13664236
13664234
13664324
13662240
13667220
13665451
13665462
13662108
13660474
13668262
13668044
13665180
13661212
13661116
13668583
13662150
13662160
13664354
13662164
13668731
13668605
13668740
13660023
13665108
13661262
13660092
13660112
13660350
13660484
13667176
13661182
13661222
13661204
13661192
13660041
13660100
13668585
13668562
13661276
13660037
13660170
13660038
13660033
13661202
13661210
13660043
13660174
13661044
13667296
13662202
13667006
13667228
13662222
13667182
13665098
13661230
13668050
13664258
13664253
13665062
13667016
13661186
13664282
13660206
13660330
13660240
13667026
13667050
13667208
13660218
13662086
13662161
13662148
13662076
13667010
13664054
13664082
13662258
13668563
13662254
13665458
13660490
13662230
13667012
13660246
13664270
13662192
13665132
13661124
13665453
13660142
13665134
13665094
13668730
13660198
13660140
13661098
13660316
13660146
13664245
13664280
13662128
13660166
13660114
13661104
13667246
13667248
13661020
13667320
13667198
13664052
13664256
13665122
13664102
13662124
13664358
13661100
13661180
13667030
13664076
13664075
13664080
13662208
13665081
13662066
13664330
13667024
13661102
13668581
13665166
13661234
13661108
13664106
13664244
13660358
13664350
13661302
13662120
13664342
13664294
13665156
13660332
13662062
13661286
13660057
13660162
13662214
13665152
13667284
13665164
13661177
13662180
13661351
13668020
13668014
13668010
13665110
13665106
13661032
13661076
13661110
13661232
13661188
13661350
13661200
13661360
13662238
13660090
13662234
13665056
13665064
13667034
13660340
13662130
13664094
13661028
13664112
13661364
13662104
13665078
13667216
13660222
13668048
13667306
13661300
13660047
13660176
13665454
13660482
13665114
13665100
13664338
13660242
13667316
13668012
13665457
13668566
13668022
13664116
13660312
13667056
13660088
13660202
13660334
13660344
13664283
13664318
13664351
13661372
13660192
13660134
13660150
13661216
13660188
13660126
13660360
13660470
13664096
13664097
13667022
13661086
13667298
13665161
13661074
13661052
13667218
13667274
13668018
13668029
13661304
13665060
13667310
13668732
13668570
13660232
13668016
13662244
13664362
13665082
13661362
13660354
13661026
13668564
13661080
13668278
13660027
13667222
13667254
13664104
13660029
13661224
13660216
13664286
13660021
13665158
13664263
13660212
13664292
13661060
13661024
13667014
13667042
13665168
13668000
13668734
13660160
13660053
13660102
13667052
13661352
13667304
13661301
13662050
13662060
13661096
13660005
13660072
13664360
13660244
13665096
13661176
13661130
13668733
13668272
13665178
13664340
13661280
13665160
13668270
13662218
13662248
13667318
13662078
13668046
13664098
13667018
13667178
13664070
13664092
13660250
13661106
13661376
13660147
13660331
13661120
13660144
13662052
13667256
13667234
13664281
13664298
13664300
13668602
13664264
13660356
13665456
13662168
13661132
13661196
13661214
13660035
13660098
13667286
13661193
13660009
13660074
13661292
13668674
13661283
13665058
13660480
13664114
13661256
13665072
13667002
13662190
13667280
13664060
13660001
13664050
13662068
13669899
13667210
13661004
13660013
13664326
13664352
13660248
13664356
13664336
13665118
13667000
13667250
13661178
13661194
13661220
13667308
13667272
13667232
13668560
13668592
13665461
13661294
13668274
13661012
13665173
13662082
13660494
13668036
13665460
13664316
13665050
13668673
13667262
13664101
13668671
13668735
13660186
13660122
13665126
13667174
13665090
13665450
13662110
13660210
13660031
13660196
13661072
13661070
13661064
13661010
13660025
13660096
13662064
13664250
13660314
13667212
13665174
13665170
13667294
13664252
13667204
13665176
13662228
13667270
13662080
13668612
13667339
13667346
13667345
13667344
13667343
13667353
13667352
13667355
13667354
13667342
13668614
13667337
13667341
13667331
13667333
13667330
13667338
13667334
13667332
13668616
13667336
13668618
13667335
13668620
13667351
13668622
13667350
13668624
13667349
13668626
13667348
13668610
13667347
