18543542
18547148
18540360
18548106
18542520
18540073
18543088
18542262
18540614
18542308
18546018
18542354
18542434
18540384
18546184
18540123
18540536
18540376
18543190
18545220
18540206
18546320
18546318
18542270
18540630
18547090
18547088
18547142
18542458
18545246
18545262
18548380
18540616
18540147
18548500
18540071
18542318
18545276
18540622
18543504
18542076
18546012
18540572
18542336
18542486
18542522
18547402
18545402
18543176
18547818
18545024
18540057
18546050
18547060
18540548
18540550
18542380
18542358
18542452
18542350
18540210
18540358
18540220
18546180
18545216
18545218
18547040
18548538
18540222
18545096
18547082
18540352
18546036
18546042
18546248
18547086
18547140
18546262
18545132
18548322
18546004
18543080
18542276
18542248
18547062
18546431
18540466
18542058
18540017
18540324
18540083
18548130
18546234
18545292
18546178
18540452
18540488
18540534
18540039
18540300
18540077
18540450
18540460
18547000
18547080
18547300
18547550
18547560
18547700
18547710
18547800
18548000
18548220
18547092
18540446
18540298
18547058
18540344
18540350
18547164
18540009
18540566
18546174
18546324
18542388
18542456
18546186
18540232
18546154
18546124
18545414
18545036
18540638
18547810
18540145
18540200
18548226
18540043
18548404
18543538
18543192
18540444
18542074
18542260
18540159
18540482
18547360
18542060
18543070
18543086
18543040
18547054
18542068
18547302
18540031
18542362
18546404
18542352
18547188
18547186
18540608
18543544
18540554
18540061
18548228
18548410
18548402
18547162
18540364
18540636
18545038
18540468
18540095
18540107
18547816
18545022
18547068
18543008
18547308
18542314
18542390
18540127
18540011
18545106
18546224
18540328
18540143
18545400
18546152
18545008
18540372
18542072
18542514
18540368
18546423
18540091
18545293
18542070
18547038
18546176
18547004
18542156
18542438
18542432
18547172
18540067
18540646
18543512
18540462
18543546
18542158
18547404
18546402
18547202
18540005
18542018
18545030
18547822
18546164
18542064
18540021
18548510
18548408
18540650
18548176
18542000
18545000
18545080
18545090
18545222
18545230
18542154
18545070
18540023
18545130
18546422
18548398
18540105
18547016
18547216
18548024
18548270
18540019
18548396
18543062
18545278
18542164
18540378
18540013
18546024
18545010
18548412
18540670
18543158
18543556
18547458
18548010
18548138
18548120
18545156
18548328
18546421
18545244
18547052
18548400
18548174
18546214
18546046
18540103
18548512
18547190
18547194
18540290
18540085
18547196
18546000
18540656
18545026
18540053
18543562
18547204
18542492
18542460
18545286
18542470
18540312
18545288
18542226
18542436
18546212
18540121
18540680
18543168
18548020
18540692
18540694
18540696
18546435
18548526
18546226
18543506
18546426
18546202
18540664
18543152
18543550
18543560
18547452
18547722
18548004
18548132
18548370
18546314
18542510
18547166
18546428
18540149
18543188
18543502
18546427
18540684
18540059
18543564
18540414
18545266
18543170
18545004
18548272
18546430
18546008
18545406
18545408
18545062
18548394
18540362
18540134
18547034
18548522
18543522
18540069
18543054
18540634
18548172
18546198
18546316
18540135
18547084
18545100
18545291
18548332
18542244
18547136
18542476
18543524
18546434
18547138
18547160
18548112
18548114
18545212
18548102
18545136
18545214
18540027
18545006
18540410
18545060
18546134
18546162
18546246
18540624
18540440
18540458
18546032
18546040
18546038
18547200
18543082
18547010
18547042
18542494
18542004
18542010
18546086
18548508
18545290
18540540
18540370
18547096
18540632
18546016
18546254
18547812
18540025
18545124
18542056
18540464
18543200
18540139
18547208
18542220
18542506
18540354
18540562
18540380
18546194
18540208
18547206
18540642
18548392
18546132
18548502
18546436
18542454
18547006
18545202
18540660
18540620
18540560
18547184
18545068
18542232
18542240
18548438
18547056
18543204
18545295
18540336
18540045
18540644
18542166
18547008
18546420
18543058
18547350
18546022
18545242
18546250
18546236
18540111
18543202
18546010
18548436
18543072
18543536
18542312
18542172
18546028
18543014
18543528
18548122
18548444
18547018
18548116
18540542
18540654
18545294
18540041
18540204
18542182
18540546
18543510
18540342
18548544
18543006
18548273
18543172
18545150
18545122
18543074
18547150
18540442
18542324
18540552
18542480
18542498
18546406
18540476
18545418
18542348
18542242
18540480
18540035
18545420
18540131
18540310
18542062
18546044
18540292
18540226
18542278
18540033
18546410
18540001
18545012
18545020
18540099
18542066
18546150
18547094
18548532
18543010
18543520
18548548
18546082
18546322
18542014
18543186
18540081
18545206
18540151
18542516
18540097
18546272
18540051
18548516
18542306
18542012
18542370
18546252
18546240
18546006
18540338
18543076
18546168
18546220
18546148
18546192
18545098
18546156
18540318
18540202
18546264
18545102
18543016
18540065
18542328
18542300
18545282
18542482
18542344
18540093
18540224
18548430
18540320
18545240
18545272
18546256
18540055
18545416
18542078
18543514
18543508
18542316
18540470
18540113
18542230
18542246
18546170
18543178
18548432
18540356
18540330
18540612
18547070
18546126
18547400
18548420
18547500
18540490
18540610
18546433
18548454
18545066
18545154
18542484
18542490
18540141
18546190
18548320
18542346
18543184
18543534
18545208
18546216
18548542
18540109
18547002
18546439
18546238
18548452
18547192
18540374
18547152
18547170
18548110
18545236
18546501
18540322
18540600
18542496
18546328
18540007
18545110
18542222
18545120
18545108
18540484
18540230
18543002
18542254
18545064
18546244
18540326
18542302
18542430
18548104
18548506
18540492
18540530
18546182
18546144
18542374
18546326
18548418
18540570
18547134
18548324
18542472
18548534
18543532
18547198
18546196
18540340
18547014
18546172
18545274
18546048
18542330
18542360
18546054
18546415
18546274
18546310
18547064
18542184
18542310
18542002
18546210
18545158
18542518
18545200
18546120
18545232
18545280
18542512
18546332
18546228
18545140
18546438
18542320
18540294
18545410
18540640
18546128
18546090
18540101
18546002
18546014
18546242
18540314
18540558
18547182
18548434
18547050
18548428
18548440
18548426
18540626
18548224
18540129
18548524
18546020
18547304
18545104
18546230
18546270
18546268
18540119
18540472
18548422
18548118
18545134
18543174
18540678
18543166
18548018
18548146
18545138
18542504
18540676
18543164
18547464
18548016
18548144
18542050
18542019
18542005
18542152
18545248
18547144
18545404
18540332
18542326
18547130
18547098
18540682
18548022
18546222
18547180
18540568
18545210
18548520
18542366
18547306
18546425
18546146
18542280
18540478
18546140
18540125
18542274
18542250
18542474
18548424
18540079
18547408
18545092
18547168
18545034
18540474
18546266
18548530
18546232
18542500
18547301
18548518
18540153
18548546
18540047
18540133
18540454
18547061
18545204
18546260
18547146
18542502
18543530
18542264
18542252
18547072
18545284
18542368
18548406
18546400
18546440
18540574
18545032
18548100
18540652
18542160
18542272
18547406
18542384
18545264
18548222
18543700
18547020
18547030
18548528
18543060
18548170
18540688
18540668
18543156
18543554
18547456
18547726
18548008
18548136
18548382
18540690
18546330
18540648
18546034
18548326
18540544
18540137
18540087
18540296
18540556
18540576
18542508
18542266
18540604
18548514
18545270
18547307
18540850
18546412
18546500
18540564
18540382
18540214
18548540
18540412
18542052
18546166
18542150
18542080
18540366
18542228
18546088
18547214
18540117
18549899
18547012
18540602
18545028
18547820
18540089
18542342
18548108
18542162
18540304
18547310
18546130
18543180
18540538
18545250
18545260
18540003
18542016
18546334
18548536
18540486
18546080
18546160
18546122
18540075
18546158
18546030
18546056
18540672
18543160
18547460
18548012
18548140
18545412
18542268
18540674
18543162
18547462
18548014
18548142
18548330
18543056
18545238
18540120
18542224
18540308
18546052
18542386
18543000
18543212
18543500
18543050
18542364
18540049
18543518
18540532
18542168
18549000
18546437
18542322
18540316
18548390
18548450
18542180
18542174
18542256
18546084
18543012
18543084
18543052
18543210
18542170
18548124
18547132
18540628
18540212
18540666
18543154
18543552
18543558
18547454
18547724
18548006
18548134
18540686
18543194
18540037
18547814
18547212
18548414
18548442
18548416
18545152
18542054
18540662
18543150
18543540
18543548
18547450
18547510
18547720
18548002
18546218
18545268
18542304
18547066
18543516
18543182
18542372
18540132
18542478
18540334
18546429
18548504
18540115
18540302
18543526
18540306
18545234
18542440
18542450
18547032
18547210
18542340
18543004
18543064
18540015
18540416
18545094
18546026
18542382
18540456
18540063
18546312
18546432
18540029
18546424
18542356
18547036
