08551270
08553725
08551037
08558470
08567370
08553640
08556130
08557590
08552350
08568300
08568660
08562120
08563070
08565420
08551480
08567400
08567130
08567200
08568736
08556360
08556340
08552060
08557640
08561620
08559140
08554200
08558310
08561007
08561550
08560580
08562440
08561430
08558230
08568741
08568130
08562420
08556350
08555135
08553420
08553450
08558120
08559070
08566190
08561630
08567010
08555410
08563760
08562110
08562030
08552020
08568742
08560510
08560260
08554050
08554010
08550330
08550050
08551410
08559460
08553335
08568610
08562175
08557060
08559320
08560320
08550200
08550350
08550355
08557420
08558240
08561640
08557455
08558220
08555110
08557110
08554130
08556320
08553040
08555640
08551275
08565410
08564500
08567030
08561320
08568743
08553370
08552010
08551420
08560550
08557720
08559210
08554080
08566100
08559220
08563130
08568510
08568330
08558430
08560360
08556210
08559440
08557070
08556310
08553440
08553260
08566550
08551020
08553530
08567410
08563140
08562100
08563330
08568260
08563410
08553000
08562200
08563780
08558460
08557740
08550231
08568410
08557610
08559100
08557040
08557660
08554360
08563720
08565530
08567120
08550340
08559010
08555050
08558420
08555610
08550450
08552430
08553540
08561600
08560310
08556100
08560230
08561000
08560010
08559080
08556050
08565140
08551010
08561340
08550410
08564340
08566060
08553130
08554450
08552210
08566130
08553710
08557410
08558000
08558030
08555450
08563660
08568740
08553400
08550550
08558150
08551430
08563300
08556410
08568570
08568605
08565050
08553160
08564010
08551210
08552130
08568350
08551060
08551440
08560330
08550310
08556000
08552170
08563050
08553460
08550300
08551260
08568450
08550220
08559240
08553510
08561140
08554440
08551000
08551035
08554000
08557750
08560130
08558010
08562180
08556040
08564420
08552190
08555670
08568735
08557200
08568120
08554070
08568140
08568310
08560430
08556110
08552315
08552330
08558130
08563740
08558005
08556300
08556220
08566540
08562430
08565010
08557300
08564300
08556440
08553250
08564020
08567420
08563210
08563540
08552400
08563520
08563620
08561310
08566120
08564430
08558040
08568731
08561100
08552100
08559430
08567110
08556430
08565520
08560375
08566150
08562320
08553310
08550160
08566620
08560160
08567360
08564210
08559230
08557050
08557770
08553230
08564030
08557580
08551201
08556180
08554435
08552500
08557520
08561220
08568733
08553100
08561005
08554300
08556030
08564517
08567210
08554220
08551350
08562060
08557130
08554310
08552120
08555350
08565210
08568150
08566640
08566630
08566650
08566660
08558480
08566160
08561120
08562270
08563730
08559400
08562240
08567450
08560270
08563700
08562510
08562400
08560500
08551130
08550335
08550120
08559159
08564800
08559420
08556200
08555000
08568420
08563320
08553700
08568430
08550240
08559340
08557340
08557020
08568738
08550540
08550500
08567220
08550010
08554110
08555420
08565510
08559410
08562410
08557710
08563450
08565110
08561610
08559200
08562330
08557450
08551070
08561050
08551150
08568640
08561200
08556470
08556140
08568320
08567230
08567100
08561560
08550510
08568500
08559060
08560000
08550180
08557090
08553620
08568720
08552360
08560110
08562020
08556010
08558410
08564410
08552320
08560040
08552630
08566530
08552230
08555460
08563650
08556020
08550130
08550230
08556400
08557120
08568200
08567350
08559470
08553220
08550070
08566520
08557540
08565250
08557560
08552110
08557220
08559050
08552140
08555240
08553630
08557400
08566030
08550420
08564040
08551040
08559300
08565100
08563440
08555260
08555200
08552620
08564050
08567340
08564060
08554500
08561410
08555220
08565620
08550190
08558360
08551370
08561130
08555250
08563420
08564110
08555230
08559450
08557500
08560340
08560520
08563530
08565000
08555360
08552160
08561440
08562350
08566510
08553300
08563610
08567280
08557140
08559120
08563775
08557210
08555015
08565130
08550530
08552050
08563040
08568540
08568370
08557700
08558400
08559000
08568360
08557670
08563710
08557680
08552040
08562450
08560590
08557440
08561360
08552000
08568010
08557350
08552030
08568530
08568210
08554400
08565320
08566010
08560300
08562500
08565600
08568000
08568020
08557080
08556450
08554350
08564515
08557620
08557630
08566645
08551120
08561330
08558140
08553560
08559040
08560390
08562000
08562220
08562225
08553720
08567000
08553600
08565240
08559330
08561510
08552290
08560540
08557107
08551073
08561300
08551140
08560100
08564510
08550570
08565030
08557010
08557330
08555025
08561230
08564350
08561010
08567430
08552470
08551065
08550560
08561435
08553050
08552175
08568746
08558160
08561500
08566180
08550430
08556230
08552150
08568400
08565400
08554460
08554060
08561150
08560530
08568730
08567320
08559310
08550150
08566200
08560220
08552460
08560250
08552200
08559130
08564150
08558110
08563600
08566600
08563630
08567330
08563100
08563115
08559170
08557760
08551500
08557310
08557145
08568620
08557600
08551345
08551347
08564520
08555040
08561040
08554410
08565310
08550400
08564230
08558340
08568747
08566050
08554510
08564120
08553610
08565200
08563500
08568650
08557430
08561540
08565425
08565610
08562010
08564820
08550145
08555120
08557570
08560410
08563030
08558300
08556120
08553430
08563310
08567060
08551180
08567065
08553120
08552280
08560210
08561400
08557650
08566055
08557510
08567040
08567310
08555130
08563200
08550210
08557460
08568600
08554355
08557230
08559030
08553240
08550440
08554035
08558450
08553550
08554100
08556150
08561420
08562040
08562310
08550110
08568230
08562250
08554210
08561110
08553140
08564140
08557250
08553070
08555400
08560180
08562460
08551100
08551470
08560570
08553730
08563230
08554120
08568732
08554030
08559160
08558440
08558330
08567270
08552440
08552450
08550100
08557100
08553200
08552600
08563790
08568734
08551360
08555430
08565430
08564810
08567140
08561210
08568100
08568630
08550520
08567240
08565440
08568240
08568745
08560400
08562130
08558210
08563220
08551320
08567250
08554020
08565120
08553150
08568460
08554040
08555630
08563640
08552420
08558290
08566140
08553020
08556250
08566610
08561660
08552510
08551030
08551110
08561530
08565260
08550040
08560170
08557105
08553325
08568700
08568520
08567020
08551050
08553360
08563400
08564405
08566000
08565450
08564200
08560380
08562210
08568220
08560050
08551490
08557160
08555060
08552270
08555470
08562340
08554320
08566020
08566500
08562300
08556420
08564070
08564100
08561350
08557240
08567440
08564000
08562150
08558320
08555660
08564400
08558200
08564130
08560030
08559350
08563150
08564330
08563160
08563170
08553215
08551230
08551495
08567260
08553330
08555300
08560020
08551240
08555440
08557030
08554420
08566040
08551170
08561520
08555100
08552070
08566110
08563240
08550232
08567300
08551200
08552310
08563460
08557730
08560440
08553320
08553520
08568710
08556460
08562170
08560150
08552250
08550320
08555330
08560120
08569899
08550140
08568749
08551330
08554330
08552240
08568550
08553030
08553645
08557320
08556240
08565040
08551300
08555140
08565230
08568305
08562160
08565330
08552410
08565220
08560060
08567150
08553010
08550020
08550030
08550060
08561650
08551250
08564240
08563430
08557150
08565300
08556330
08565060
08560240
08564160
08563350
08560560
08557550
08568748
08563750
08552220
08564310
08551310
08563510
08563120
08552180
08560200
08555010
08568340
08558350
08553350
08560350
08551450
08563340
08568470
08555030
08563010
08554430
08555310
08565500
08553555
08553340
08568744
08552610
08568440
08551220
08561060
08563060
08555340
08555320
08560370
08563020
08555600
08555680
08555510
08555210
08555550
08555500
08555520
08555650
08555540
08555530
08555555
08553060
08559025
08553110
08557530
08557260
08559090
08560600
08553410
08559250
08555620
08563000
08556170
08568250
08563110
08563250
08558225
08553210
08560140
08562140
08559110
08566560
08568030
08551460
08557000
08557505
08554140
08561030
08555020
08558050
08552340
08550025
08566170
08568380
08562050
08568560
08554230
08553500
08564220
08564320
08567050
08565020
08568110
08560420
08561370
08561020
