11714050
11724660
11706132
11701315
11703490
11707170
11706390
11725080
11718160
11703690
11700090
11704380
11707160
11705072
11725530
11725165
11704835
11704080
11704085
11704028
11703670
11709200
11725170
11722270
11717005
11724450
11722340
11725320
11722295
11710110
11704490
11714180
11705680
11714150
11705465
11713490
11700320
11709210
11708405
11713500
11710260
11724780
11704040
11706150
11714170
11709275
11710250
11703010
11719160
11708120
11702080
11705070
11713170
11702340
11717080
11717227
11705480
11713560
11720000
11723190
11704760
11704765
11720150
11708170
11708165
11712120
11713150
11704110
11717355
11717357
11717143
11714250
11722130
11713050
11714550
11709230
11712420
11705062
11718335
11712440
11717029
11709170
11724030
11708110
11725280
11722120
11704850
11705102
11726050
11700260
11700095
11717073
11709140
11702170
11702090
11712430
11702800
11717010
11718265
11706330
11712322
11718030
11718035
11725120
11713280
11717290
11717292
11717175
11717170
11724005
11709010
11704020
11704706
11705580
11705430
11713115
11702160
11725325
11724320
11700081
11706200
11718267
11722395
11704390
11722000
11717410
11705712
11723210
11706515
11720070
11717070
11717225
11702430
11722260
11718138
11704340
11700082
11713620
11709370
11725150
11720010
11706580
11712190
11706530
11721075
11725020
11711150
11704430
11705637
11706050
11724595
11713220
11705290
11702450
11707120
11703220
11722100
11704500
11725010
11702400
11712040
11709410
11704525
11708030
11718100
11703510
11703770
11705067
11719040
11724630
11710020
11703060
11703280
11703590
11714230
11712490
11721130
11707390
11702110
11709030
11724650
11719030
11700550
11723040
11717113
11718250
11724020
11712070
11722005
11717090
11717235
11705600
11704805
11724730
11706142
11708430
11721065
11705370
11718257
11703110
11714490
11706320
11709100
11705050
11706370
11709070
11707380
11701515
11710070
11709290
11710050
11721110
11718020
11726000
11726500
11708010
11725030
11710150
11714060
11718145
11724670
11702830
11700280
11700035
11711710
11718170
11707420
11702740
11710290
11706030
11700640
11709390
11702620
11717200
11718025
11708180
11713130
11706250
11711597
11725250
11710120
11709120
11708899
11700585
11720060
11701650
11706080
11709420
11710180
11700240
11701240
11714320
11711755
11701640
11701850
11717150
11702460
11703390
11701400
11703360
11708150
11701680
11701090
11701635
11717140
11706480
11708070
11700070
11724710
11713610
11724680
11712230
11701230
11703270
11703320
11707191
11707180
11703520
11708200
11721050
11701110
11707460
11700230
11713260
11702140
11724510
11705110
11724770
11713100
11703740
11702770
11703001
11703250
11703400
11703560
11713360
11717030
11705420
11700083
11720085
11700570
11709160
11704190
11719110
11702750
11702410
11719020
11700370
11704520
11724280
11704155
11724465
11705530
11717116
11704707
11712510
11717037
11709360
11724430
11713540
11712630
11712570
11701520
11708400
11707450
11704600
11706500
11705550
11709350
11700800
11700805
11700015
11701750
11702005
11702255
11702700
11702705
11702755
11703650
11703655
11704305
11709320
11703420
11700040
11706220
11714500
11707430
11700060
11700790
11724555
11706020
11709150
11701560
11700084
11712550
11701700
11724190
11721010
11712640
11705510
11704767
11712620
11702150
11724405
11701430
11718185
11700025
11701280
11712360
11723240
11700860
11711630
11711680
11711650
11711670
11711690
11711660
11711640
11718080
11702220
11724480
11724490
11701475
11717098
11706570
11711190
11704701
11711120
11714040
11724200
11717510
11709330
11702020
11717180
11712250
11714080
11714090
11713350
11714015
11713380
11714110
11712310
11723260
11701670
11717390
11717395
11712320
11710200
11700120
11703430
11712400
11713590
11704260
11701000
11700005
11701005
11700007
11700650
11702190
11707220
11714290
11708130
11708210
11708220
11710240
11717011
11709260
11706230
11717000
11714510
11713240
11701310
11720080
11700690
11709110
11700450
11700305
11705400
11701210
11708230
11724390
11711140
11702580
11712670
11721040
11704815
11725240
11704240
11706310
11701270
11705520
11724530
11713420
11700590
11725070
11726070
11717370
11722440
11717377
11700100
11704780
11717335
11704725
11717372
11718037
11722420
11722430
11704810
11704630
11710170
11714630
11711790
11712005
11712680
11713650
11711125
11710005
11716000
11717275
11706400
11702730
11723110
11717060
11712200
11726110
11700830
11718018
11717190
11724545
11724340
11706380
11711625
11724580
11707310
11724420
11717015
11705320
11701010
11717210
11714610
11713440
11726090
11704670
11702710
11702650
11721245
11721030
11710130
11725135
11718165
11709250
11700500
11706335
11723170
11711090
11718240
11704415
11725270
11718360
11712130
11703660
11712020
11713530
11713340
11717470
11702270
11710140
11723030
11704310
11724570
11702810
11701080
11721090
11724350
11722060
11700085
11724275
11701320
11701730
11707260
11724740
11700086
11724470
11704170
11725440
11724560
11722370
11701510
11707530
11702670
11702180
11712280
11704480
11722010
11713190
11725390
11704030
11704702
11718220
11710190
11714140
11712290
11700190
11700065
11702630
11713020
11702130
11718285
11712590
11712380
11709300
11700780
11704580
11720020
11711070
11700330
11702395
11714370
11704704
11717145
11721240
11700750
11700520
11720005
11725525
11714125
11701015
11704220
11700105
11707360
11700630
11706300
11706560
11724010
11713570
11724600
11718290
11705020
11718263
11718230
11714380
11702590
11711210
11718040
11718045
11706290
11701540
11705315
11706130
11714130
11708080
11700210
11700490
11708040
11700720
11714560
11712100
11709130
11711200
11709220
11718050
11718136
11718137
11718055
11722080
11724475
11705700
11712090
11706270
11706115
11706025
11722410
11713120
11703460
11700087
11722230
11702680
11704060
11704022
11710095
11722460
11721100
11701790
11714260
11704140
11704024
11707140
11704410
11701160
11701715
11714460
11702470
11711160
11708260
11714360
11702850
11700770
11725380
11718255
11701570
11724165
11704360
11701305
11705330
11724775
11722325
11718310
11706540
11724250
11725370
11708280
11717085
11706450
11725430
11713285
11704290
11704812
11705040
11717025
11703440
11708270
11722385
11717240
11700680
11711685
11724750
11722220
11704130
11704026
11701760
11712300
11709310
11725220
11702210
11702605
11703120
11703160
11703070
11701420
11703240
11700030
11724765
11701170
11703080
11701710
11701840
11701300
11702040
11702310
11702330
11702320
11705490
11704210
11704665
11717100
11717237
11725190
11701500
11704160
11723070
11702050
11712325
11700610
11706185
11704605
11700310
11713210
11706245
11712150
11718305
11720110
11713125
11717118
11702595
11721210
11702600
11713180
11714480
11711585
11713290
11700250
11706550
11705730
11707280
11702060
11717120
11708310
11713320
11711230
11722070
11713330
11714070
11700440
11723130
11724575
11724585
11714010
11719100
11701440
11714210
11717360
11717285
11701600
11712470
11701130
11701705
11708100
11707330
11706135
11700545
11705660
11706007
11725360
11706105
11703040
11701490
11717276
11703780
11703050
11703030
11701740
11703410
11707190
11701550
11707290
11701620
11713160
11713395
11701060
11708380
11712480
11700530
11717012
11720040
11724700
11719060
11713060
11706510
11702640
11703810
11717111
11703550
11703680
11708320
11712530
11700270
11701190
11703290
11703170
11724230
11712610
11705100
11702380
11706170
11721120
11725480
11722360
11705300
11710090
11719140
11720120
11701530
11700088
11712210
11719010
11704802
11706060
11705635
11705410
11705540
11705590
11714340
11725060
11718060
11718345
11702520
11707010
11702820
11714160
11722210
11704703
11702010
11719070
11705310
11714310
11714330
11714420
11714005
11713510
11700460
11722280
11718350
11717270
11702390
11706590
11705090
11718200
11724180
11720030
11706210
11705360
11706430
11724050
11702440
11704495
11710040
11721160
11717255
11718005
11709380
11717310
11719120
11717280
11717282
11725420
11705010
11702690
11713140
11701220
11706305
11721260
11722040
11703100
11704280
11702560
11702030
11717350
11723060
11705630
11726025
11700155
11722350
11722400
11724260
11700470
11717230
11717325
11700600
11711605
11704090
11704029
11703640
11721220
11713295
11713090
11709470
11718270
11724085
11713010
11703730
11706122
11724270
11714190
11717112
11718000
11722330
11724460
11700350
11724090
11706490
11711575
11702350
11717110
11712240
11709190
11701250
11701770
11703800
11703210
11703470
11703580
11706140
11706440
11707100
11707205
11706125
11718235
11712060
11724170
11722275
11707070
11702485
11703205
11702205
11701335
11706005
11709005
11708207
11708005
11707005
11705755
11705005
11704105
11701330
11708206
11708000
11707000
11706000
11709000
11705000
11704100
11703200
11702480
11702200
11705750
11704440
11701035
11706410
11719080
11709090
11713000
11723080
11722240
11725460
11717265
11722380
11717075
11724620
11701630
11721180
11700390
11701470
11703450
11709050
11726035
11704470
11705075
11720050
11707340
11712170
11712220
11704070
11708140
11709280
11701260
11705060
11706120
11711180
11707500
11710060
11701720
11708340
11725310
11700020
11713200
11707165
11707490
11723150
11710010
11721267
11721305
11710135
11709270
11712460
11701055
11712330
11701040
11725520
11724130
11718210
11701820
11704510
11701780
11724070
11724410
11724120
11725110
11704550
11718245
11712140
11705340
11706040
11720170
11702370
11725200
11709340
11723050
11710115
11708350
11721020
11700405
11700400
11701340
11708020
11708410
11711700
11719000
11709240
11705390
11706470
11723090
11702760
11715000
11705280
11705265
11717032
11705260
11705270
11717035
11712080
11708370
11718070
11722110
11712450
11717400
11714300
11705690
11724255
11724110
11701610
11703750
11712050
11724625
11708290
11700420
11725290
11706155
11708360
11706190
11702530
11717260
11717500
11718380
11719150
11721000
11724000
11724205
11717114
11710280
11708060
11708190
11707030
11722190
11722195
11721170
11707130
11705350
11721080
11712560
11705470
11708490
11706090
11718370
11722090
11707060
11721185
11724080
11721230
11718344
11711615
11706215
11703715
11722160
11721190
11714000
11711330
11725260
11707015
11705560
11705610
11723200
11704535
11705085
11725510
11725100
11722050
11722030
11711340
11705450
11721070
11706260
11713370
11701150
11711565
11707050
11721255
11705500
11704120
11704350
11724040
11711080
11708330
11700580
11700180
11700055
11722300
11724150
11702790
11725210
11717130
11704000
11700300
11724140
11706360
11707370
11703090
11711100
11700140
11706280
11706520
11724330
11724485
11714540
11703710
11718205
11702570
11713480
11713270
11702100
11706110
11704610
11722020
11701370
11712030
11709060
11718140
11712000
11708390
11719050
11701100
11705045
11707240
11718127
11702720
11712180
11704150
11703570
11703760
11703150
11717540
11717267
11722305
11719130
11703620
11724615
11708420
11711220
11724610
11724220
11722185
11701180
11721235
11708300
11706100
11705645
11725090
11702240
11725470
11718155
11702510
11718260
11700150
11705720
11704250
11714350
11709040
11722510
11712500
11711555
11713410
11712270
11710080
11726060
11704770
11704420
11711130
11721060
11703790
11718320
11722310
11722390
11713400
11712260
11713095
11704720
11704200
11725410
11714570
11721280
11722200
11725450
11711770
11711595
11707230
11718015
11714400
11711240
11717013
11725125
11710030
11718190
11714600
11713430
11726080
11711250
11704775
11704640
11710220
11702500
11706145
11707150
11709080
11712370
11708440
11704050
11704035
11717440
11704840
11724755
11700730
11718280
11702540
11724360
11718300
11701360
11709460
11701120
11700380
11704655
11717300
11717305
11700700
11700340
11704450
11718122
11707250
11717055
11705710
11702290
11703330
11708450
11713250
11702120
11708160
11700110
11702070
11700130
11707320
11711760
11700080
11700145
11704570
11704010
11722320
11704255
11722315
11701022
11711750
11704540
11725340
11707080
11712580
11700360
11704180
11705380
11701665
11701380
11717117
11709480
11700540
11701140
11717065
11717050
11700089
11704345
11724400
11726010
11713470
11703000
11706340
11702550
11702780
11713070
11722215
11722180
11723180
11723065
11717247
11701690
11717450
11722140
11713110
11704400
11714430
11711730
11707300
11701660
11700010
11714390
11702610
11712600
11702250
11701450
11724455
11711740
11708460
11707400
11706240
11724720
11724060
11707510
11707480
11701020
11701810
11703600
11703230
11701390
11706010
11707410
11708050
11704800
11704710
11720160
11718057
11718135
11717330
11718065
11710300
11710330
11710320
11710310
11718125
11700220
11703540
11703380
11711530
11711580
11711550
11711620
11711610
11711570
11711590
11711600
11711560
11711540
11712650
11717074
11713460
11723230
11714100
11712350
11726100
11717045
11700850
11704715
11704680
11702230
11713520
11700510
11703700
11707210
11714505
11705640
11721310
11714240
11717420
11706165
11714590
11714020
11724500
11717245
11724550
11724160
11704530
11704370
11717430
11707200
11721300
11724520
11713640
11705082
11702025
11700200
11700050
11706015
11705650
11704320
11717520
11704330
11705670
11706008
11701350
11702215
11702360
11703500
11704270
11709490
11705740
11706600
11707520
11708525
11705095
11705570
11723160
11701030
11714440
11714410
11707040
11700160
11721270
11707090
11724210
11714580
11711780
11700740
11713580
11712375
11705080
11722250
11708480
11712660
11701070
11713600
11702280
11703130
11704465
11700620
11710210
11700170
11729899
11718330
11723100
11712295
11724760
11710270
11709400
11725400
11700760
11712520
11701830
11726030
11721225
11706420
11721200
11724540
11706460
11712110
11704590
11725050
11707350
11703630
11724300
11725160
11718180
11704445
11718010
11718340
11705440
11719090
11701200
11723140
11714120
11725140
11704505
11701800
11710000
11722170
11724240
11709180
11704595
11712540
11717460
11707470
11713390
11726040
11707440
11704830
11722375
11720140
11703610
11722150
11718225
11725230
11714220
11714030
11704650
11704585
11725300
11703720
11702000
11724290
11702345
11707270
11703140
11719170
11703340
11703310
11713105
11721150
11714270
11721140
11714200
11712410
11725350
11704460
11712160
11722520
11702420
11706070
11722290
11725490
11705105
11718252
11705620
11704515
11706160
11702840
11702860
11701590
11724440
11703370
11700290
11700410
11714280
11710160
11725000
11720090
11723000
11721295
11723120
11723220
11707055
11712340
11700840
11704607
11708090
11708470
11717220
11714620
11713230
11713450
11704660
11717205
11718090
11711430
11725500
11711480
11711450
11723250
11711520
11718130
11711510
11718110
11722490
11711470
11718120
11711490
11711500
11722470
11711460
11711440
11704700
11703190
11701480
11702490
11708500
11703180
11703260
11703020
11703530
11701460
11710230
11725040
11705065
11703350
11726120
11712185
11704602
11703480
11717550
11725180
11701410
11702300
11725145
11720190
11713550
11713630
11705030
11711110
11702660
11706350
11702260
11711170
11724370
11701290
11704300
11700710
11701025
11714450
11707020
11704230
11700480
11704695
11717380
11718150
11722450
11705035
11704625
11711380
11717115
11711040
11704790
11704750
11705055
11711010
11722500
11711420
11711410
11711030
11711390
11711050
11704730
11717250
11711400
11711060
11722480
11711360
11711020
11704690
11724565
11704820
11711000
11704740
11704620
11708240
11708135
11714520
11721290
11700385
11701050
11713080
11717530
11724100
11708250
11708145
11700660
11707110
11720100
11706180
11720180
11708510
11704825
11724590
11701580
11717119
11705460
11717020
11704560
11721250
11721285
11726020
11712010
11700560
11703300
11711720
11700430
11713300
11717027
11700670
11709020
11721265
