18660794
18660557
18660890
18660517
18660501
18660028
18660190
18660036
18660212
18660800
18660216
18660196
18660009
18660011
18660514
18660507
18660894
18660050
18660560
18660798
18660556
18660792
18660511
18660802
18660892
18660222
18660013
18660888
18660030
18660197
18660007
18660886
18660500
18660498
18660052
18660502
18660516
18660026
18660192
18660214
18660199
18660551
18660048
18660034
18660022
18660492
18660884
18660881
18660553
18660882
18660198
18660218
18660024
18660210
18660200
18660880
18660554
18660490
18660494
18660038
18660193
18660044
18660042
18660019
18660504
18660559
18660552
18660040
18660510
18660508
18660790
18660513
18660558
18660046
18660506
18660515
18660001
18660883
18660555
18660496
18660889
18660512
18669899
18660220
18660796
18660003
18660020
18660194
18660885
18660887
18660032
18660015
18660005
