19400452
19400420
19405032
19405058
19406242
19400079
19405190
19402480
19407636
19402412
19406096
19409540
19407652
19407634
19407664
19406074
19402406
19407278
19407280
19409538
19407446
19400310
19406078
19400416
19405274
19402226
19409534
19402534
19400220
19400218
19400194
19409550
19400628
19400630
19402330
19402436
19402400
19407302
19400226
19402410
19402316
19402346
19407608
19407028
19405012
19405078
19402518
19409544
19402370
19400400
19402490
19400228
19400842
19400222
19400103
19402012
19405040
19405004
19405052
19409564
19400190
19400212
19400077
19400182
19400320
19405072
19400099
19402016
19402444
19400037
19402130
19406216
19407082
19406076
19407044
19407010
19400282
19402356
19400288
19406080
19406236
19400808
19400800
19407086
19402516
19406278
19402194
19407620
19407600
19407660
19407088
19407654
19402404
19402446
19402460
19402200
19402546
19406260
19402220
19400224
19400085
19402024
19402218
19402004
19402466
19409542
19400654
19400612
19400626
19406264
19400328
19400284
19400386
19400236
19402240
19405010
19400087
19402236
19405080
19402376
19407452
19400850
19400019
19402448
19402320
19407450
19402486
19400460
19400298
19402462
19400616
19407642
19407650
19406248
19400382
19406094
19402503
19402488
19407606
19400272
19407002
19402522
19402440
19407048
19407222
19407248
19400636
19405168
19405062
19400378
19400007
19406014
19406276
19402208
19400388
19405016
19405022
19407024
19407034
19406030
19407234
19407206
19400055
19406024
19407168
19407272
19407250
19407218
19402192
19402182
19405112
19402294
19402252
19407296
19407400
19400017
19402510
19400274
19407062
19400089
19402232
19407186
19400047
19407158
19407266
19402124
19400450
19400418
19400414
19400634
19402336
19402348
19400618
19402426
19407640
19400067
19405002
19407070
19409506
19406088
19406104
19409500
19400115
19400376
19409520
19407260
19409560
19400812
19409530
19409570
19406212
19407254
19406044
19402434
19405006
19400071
19405034
19405056
19407000
19400005
19409000
19406200
19402452
19402322
19400642
19402464
19402318
19407428
19407282
19407604
19407012
19407040
19407052
19402038
19400814
19402438
19405166
19405154
19400276
19405262
19406148
19402138
19402104
19402052
19400234
19402284
19407164
19407408
19400632
19400600
19400436
19407252
19407290
19402380
19406084
19400053
19407204
19406142
19406204
19407422
19402468
19400422
19407414
19406086
19407460
19407448
19400326
19406016
19407276
19405174
19405198
19407080
19400402
19406018
19407242
19407212
19406040
19400059
19406042
19400232
19402282
19402332
19402372
19402428
19402526
19409522
19400384
19407628
19400192
19400107
19400180
19400027
19402050
19402142
19402036
19402100
19406034
19407236
19400057
19406022
19407208
19402018
19402020
19409524
19405090
19402244
19405110
19400150
19400117
19400332
19400160
19400013
19406000
19402242
19400083
19402002
19406070
19400446
19405070
19400176
19400075
19400200
19400322
19405026
19400021
19406106
19400041
19407020
19405156
19402204
19402366
19402338
19402288
19409514
19402206
19400844
19402352
19402378
19409508
19406110
19400610
19400304
19405268
19405116
19407152
19405238
19405236
19400652
19405064
19405046
19406124
19406130
19407054
19405158
19400442
19400412
19400061
19406072
19407066
19402248
19402382
19402000
19400081
19405074
19402390
19402384
19400113
19405182
19402396
19409518
19405044
19400009
19406010
19402010
19400196
19400109
19400178
19405042
19402250
19402222
19400458
19400302
19400152
19402422
19407306
19405260
19406220
19400840
19400300
19402364
19409556
19407632
19407662
19406268
19407180
19407178
19407202
19402432
19406136
19402374
19400170
19400202
19400162
19400210
19406082
19405000
19405050
19400065
19405048
19405178
19405194
19407068
19406262
19406102
19402008
19406020
19406038
19407238
19400324
19407172
19407004
19402502
19402408
19406098
19402128
19407402
19407300
19407274
19406012
19406238
19407454
19400105
19402430
19407630
19407046
19406258
19407176
19407184
19400091
19402198
19402230
19402324
19402454
19405132
19402102
19402140
19400292
19406146
19400095
19400438
19406232
19407064
19400648
19406210
19400290
19407240
19407210
19400111
19407444
19405230
19405150
19406254
19402360
19406272
19400312
19400286
19405118
19402234
19402326
19402450
19406244
19409558
19406138
19407298
19402424
19402394
19400296
19407622
19405232
19405248
19409502
19407170
19400606
19402122
19400650
19400608
19407610
19407304
19407404
19402214
19400434
19406140
19405136
19407246
19405142
19405234
19400644
19400604
19402144
19407440
19400448
19407076
19406252
19407258
19405240
19407050
19400802
19407626
19405098
19407156
19406122
19406134
19406108
19409528
19405148
19405246
19405250
19407294
19402482
19409516
19407456
19409552
19402296
19400216
19407220
19400614
19400314
19409512
19407056
19400406
19405160
19405192
19400238
19400306
19400622
19402040
19402110
19405144
19406256
19402358
19400640
19409546
19407160
19406224
19400316
19400432
19402414
19400211
19406246
19406266
19407624
19406228
19409536
19402524
19400308
19407072
19400280
19406036
19409532
19405276
19409548
19406144
19402420
19407256
19407216
19400806
19405134
19407288
19406226
19405146
19405094
19402492
19402500
19402224
19402392
19402540
19402470
19402506
19400394
19400069
19406230
19406100
19406092
19407458
19405264
19402314
19402344
19407262
19402532
19402290
19402342
19402120
19402114
19402044
19400101
19402014
19405278
19406284
19406090
19400370
19407308
19402350
19402362
19409526
19405266
19407074
19402032
19400029
19402292
19406118
19402212
19402228
19405024
19405014
19405076
19407026
19407032
19406150
19405051
19406231
19400848
19407150
19400043
19407022
19406240
19400656
19400602
19400620
19402310
19402300
19402340
19400023
19406234
19407244
19402536
19407410
19405164
19402108
19402054
19405120
19407412
19405130
19405162
19405122
19406202
19407406
19407016
19409002
19402184
19402034
19402055
19405270
19407030
19400039
19407018
19407060
19400015
19406114
19406132
19400172
19400073
19405008
19400201
19407430
19405138
19400454
19406002
19406214
19400066
19407084
19402246
19402512
19405180
19407232
19406032
19400033
19402042
19402112
19402196
19400270
19400063
19409572
19406270
19400846
19407078
19405152
19402328
19402442
19402006
19402354
19407036
19400011
19406004
19407284
19407174
19407214
19400440
19402134
19406222
19400404
19405054
19409510
19400410
19400430
19400374
19402210
19402058
19405176
19405196
19400174
19400198
19400214
19400390
19405028
19405172
19405068
19402056
19405092
19407200
19407268
19400049
19407162
19407190
19407418
19407292
19402550
19406282
19406116
19400372
19407182
19400045
19407264
19407154
19400001
19407230
19407224
19407188
19407008
19402520
19402544
19409004
19402484
19406071
19406250
19400003
19407006
19409899
19400051
19400093
19406112
19400638
19400330
19400392
19402528
19405272
19406280
19400444
19402298
19402202
19407464
19407426
19405242
19407416
19409562
19402286
19402334
19402368
19400804
19400456
19406218
19407038
19400035
19407014
19400380
19406274
19400294
19407286
19400624
19405170
19407042
19407602
19406120
19400097
19402030
19402150
19402146
19402190
19402026
19402548
19402180
19407420
19400031
19402542
19407424
19400408
19405140
19405244
19405066
19405030
19402022
19402280
19402254
19405114
19402312
19402132
19405018
19405020
19402126
19400646
19402402
19407638
19400810
19409504
19407166
19407270
19400025
19400318
19407442
19402136
19402106
19407462
19409554
19400230
19405060
19402514
19405100
19402530
19402216
19405096
19402508
19402504
