19023430
19026500
19060680
19034753
19073018
19062432
19065620
19060330
19041524
19062342
19065600
19065546
19067720
19073003
19044316
19044378
19041390
19041400
19110117
19028230
19031010
19031000
19042000
19027200
19065470
19053832
19034813
19015470
19045320
19040310
19026157
19064770
19044005
19064576
19062210
19053778
19072016
19024417
19085210
19067460
19042140
19067040
19053850
19025030
19020350
19020792
19072091
19068177
19036208
19043070
19050470
19060340
19034475
19085315
19044265
19030380
19050750
19045610
19054708
19053827
19034560
19041150
19034160
19053030
19054185
19065700
19030508
19027320
19024180
19053660
19050530
19036064
19035340
19045523
19062080
19064090
19053600
19026570
19026838
19029086
19064410
19064746
19065130
19031150
19031160
19053728
19050030
19050380
19045720
19063390
19064002
19035346
19065706
19053692
19062442
19025270
19036094
19015360
19061543
19033300
19066350
19050280
19100490
19029008
19024340
19060310
19063010
19053701
19020360
19023350
19026000
19025662
19023665
19072040
19042483
19054201
19029035
19042320
19029050
19044268
19061513
19025420
19024370
19031310
19034130
19062313
19072096
19053752
19085230
19065630
19064485
19042070
19050150
19067620
19045740
19067050
19053379
19050210
19072022
19034280
19060460
19100250
19063410
19015730
19054081
19061251
19053845
19060708
19053683
19041000
19060240
19025230
19050290
19013420
19045410
19097608
19053310
19023150
19027180
19060510
19036044
19053841
19028344
19027436
19025882
19064430
19042658
19072010
19036008
19034650
19034751
19067350
19026894
19013530
19045270
19061220
19025576
19015440
19015450
19033841
19065050
19072026
19061135
19097490
19030440
19033000
19033282
19030702
19028362
19140020
19044396
19044402
19064355
19073012
19054189
19023500
19064495
19036220
19044130
19026560
19054095
19054088
19015570
19014060
19020280
19064520
19023630
19063030
19097470
19033210
19043040
19054016
19045088
19035336
19054048
19045020
19053686
19026460
19067750
19044065
19040110
19053667
19024250
19067560
19066100
19064510
19035050
19027380
19027080
19027360
19066030
19065315
19068200
19015710
19053687
19044411
19035467
19035324
19063731
19036218
19025130
19025118
19067770
19030110
19068125
19067540
19064635
19065708
19045750
19072098
19020793
19024320
19100360
19042380
19064680
19054082
19100210
19053777
19062180
19068113
19034050
19064572
19036018
19085205
19065770
19044403
19026664
19061100
19042001
19065705
19036201
19033719
19063020
19070070
19045730
19067060
19042100
19013320
19025400
19025170
19033700
19100050
19015490
19054207
19025080
19041130
19025250
19023460
19050200
19064740
19064256
19025110
19063590
19060420
19024432
19053530
19013470
19036148
19027330
19036160
19026280
19064695
19025640
19010160
19064782
19036016
19045150
19035300
19033564
19061080
19036046
19042580
19057360
19033730
19033670
19054097
19014040
19053859
19053848
19068174
19044183
19033846
19100440
19070115
19100560
19067150
19053410
19064375
19061070
19036092
19044165
19045190
19063220
19026166
19063790
19053804
19026725
19025593
19023250
19042478
19100220
19064768
19034803
19030480
19050250
19057350
19067030
19061544
19067760
19036144
19044115
19061545
19062010
19028045
19026832
19033650
19053826
19061134
19064480
19064195
19044394
19053682
19027240
19063580
19026860
19031250
19031260
19067180
19061140
19063780
19073017
19026889
19036102
19067020
19041317
19024433
19053240
19064700
19036232
19053824
19045420
19044195
19054028
19070120
19042060
19028055
19085310
19044272
19015330
19020220
19070060
19026320
19026230
19013375
19013370
19035160
19035470
19053884
19041410
19028075
19100040
19015580
19030510
19033610
19061546
19036104
19053882
19031240
19013580
19013460
19068050
19033851
19036207
19031110
19031100
19025589
19064130
19036070
19026170
19024425
19040150
19064752
19026210
19045380
19041550
19034250
19026884
19026750
19050090
19072088
19030520
19110042
19063180
19036010
19067480
19029010
19110123
19097540
19061060
19068108
19067345
19041120
19068180
19060200
19044257
19034800
19024390
19045170
19045200
19051216
19026580
19064280
19063190
19064115
19044310
19044391
19044351
19054044
19064562
19040400
19063000
19042560
19034420
19045760
19110010
19013229
19013220
19013221
19042565
19053808
19024202
19063600
19067630
19027020
19026873
19026550
19068187
19061330
19063470
19072034
19043060
19063813
19054009
19034822
19065380
19030120
19033060
19033850
19068106
19042631
19044193
19054019
19063610
19033190
19042530
19053861
19065070
19028367
19085400
19025814
19028065
19042618
19054085
19020070
19030300
19046100
19034773
19034816
19014020
19044399
19068277
19014130
19023100
19024300
19036096
19028010
19027261
19051140
19060716
19062170
19033430
19066394
19026220
19028343
19027438
19014240
19065540
19044381
19042498
19034120
19036106
19033250
19036042
19024310
19045620
19026490
19044135
19033130
19034771
19030635
19035030
19023390
19100170
19035040
19051232
19053180
19066393
19025650
19110017
19062050
19034040
19026650
19026158
19014210
19015530
19045210
19013570
19035150
19065660
19060440
19066010
19026780
19061368
19026162
19023410
19040410
19013720
19053680
19054702
19034823
19064650
19013510
19034825
19064665
19067430
19053380
19065220
19025190
19045640
19041160
19061547
19064690
19036146
19053726
19026843
19034779
19045770
19054035
19029045
19042150
19042550
19044010
19027370
19020020
19065040
19033780
19034525
19040020
19053570
19053360
19053718
19024030
19040300
19033566
19024423
19033620
19053849
19024290
19042400
19036237
19026420
19068250
19033567
19066395
19025590
19020470
19097450
19015750
19067590
19065090
19072070
19026510
19053470
19042607
19013300
19040120
19030030
19035250
19035060
19010250
19064300
19042485
19025565
19023130
19025470
19027000
19040030
19020300
19063160
19025350
19060690
19023440
19036136
19046200
19015260
19015261
19062090
19063340
19064240
19023530
19065360
19015380
19068282
19035240
19042605
19085200
19036213
19064040
19034760
19033630
19062416
19036152
19053788
19045050
19025745
19036022
19065720
19067220
19045080
19028205
19045470
19034330
19034808
19053798
19025140
19063280
19045400
19043020
19044033
19030010
19063330
19060380
19053801
19033180
19053080
19064605
19027100
19042350
19042510
19028377
19020380
19015540
19023580
19065450
19036212
19061210
19023590
19045430
19054706
19061480
19020690
19023300
19061379
19050740
19025320
19015460
19033260
19063380
19010030
19010031
19010032
19013000
19013001
19013002
19053340
19046110
19013670
19020180
19064780
19033283
19067640
19064330
19025160
19067190
19026836
19020400
19072078
19053230
19045097
19025220
19097625
19020760
19024080
19024204
19050550
19061390
19013070
19033710
19030310
19053825
19025040
19020060
19042300
19030540
19030230
19020290
19013640
19020730
19061290
19045098
19013650
19050190
19024020
19053716
19020420
19029000
19063070
19072008
19036219
19054079
19060550
19031170
19031180
19025578
19033770
19036138
19035285
19023480
19045373
19042535
19025571
19025612
19057340
19051238
19033690
19063560
19042540
19042155
19042390
19044170
19020480
19041110
19025050
19085370
19064490
19026835
19042620
19013760
19064150
19026660
19024130
19020794
19060470
19028347
19060360
19010280
19015250
19015251
19060530
19033810
19013250
19030160
19010190
19026861
19053460
19054096
19064110
19085320
19070040
19040250
19030320
19010220
19015190
19023180
19072052
19026163
19033844
19067380
19054026
19033590
19015760
19015270
19028340
19027442
19036116
19066390
19042653
19064470
19025780
19060180
19053881
19061430
19026675
19061440
19067210
19026360
19034745
19034695
19044125
19053755
19025730
19028040
19053160
19054195
19025460
19053170
19054208
19023000
19020795
19065280
19036078
19044178
19064210
19100190
19026878
19100096
19053095
19036120
19034790
19042003
19068194
19034826
19030712
19027402
19028177
19073045
19054142
19036050
19061374
19042079
19044250
19034467
19053590
19026440
19068182
19042078
19015790
19053767
19015350
19140010
19053751
19064345
19023200
19044260
19072085
19026815
19064160
19064630
19035474
19053732
19063240
19042525
19065020
19053699
19085380
19060702
19027130
19070125
19028025
19100150
19033320
19063810
19025884
19025570
19025613
19050710
19033310
19067600
19066250
19064352
19020660
19020500
19015070
19013790
19065310
19013390
19065370
19062404
19100540
19050640
19028085
19024240
19041210
19060560
19062100
19064155
19068175
19061050
19100550
19034763
19060390
19013260
19050010
19040180
19053757
19027275
19013590
19050100
19026060
19025595
19035296
19026140
19063515
19065560
19062440
19053810
19042470
19072097
19053500
19034824
19050690
19054181
19062434
19028215
19035130
19025330
19013060
19044276
19097645
19051120
19097595
19097485
19100178
19046040
19067820
19054092
19030722
19044328
19027412
19028166
19073039
19054134
19100162
19027430
19044361
19042638
19054178
19100084
19044364
19054173
19100082
19068178
19054175
19100164
19064220
19054030
19027420
19054177
19072087
19033200
19040350
19030140
19035342
19064060
19026875
19063450
19041070
19042635
19054704
19064574
19036126
19026110
19026896
19064764
19050410
19027267
19053670
19034746
19034150
19068080
19024120
19024206
19013770
19053802
19015040
19033209
19034466
19097535
19100098
19043110
19060120
19053140
19031280
19065079
19033287
19068184
19036234
19073007
19030708
19035306
19027396
19027450
19044385
19028172
19073025
19073043
19051234
19054145
19053050
19015510
19063050
19054010
19100280
19030506
19057370
19042420
19061230
19044095
19044294
19035190
19026857
19023670
19030262
19053734
19013180
19040315
19062336
19035270
19041170
19033293
19067160
19026340
19025020
19057430
19068060
19065590
19013280
19100430
19100590
19014120
19013810
19050260
19072002
19053871
19072072
19100018
19053019
19054025
19028170
19051244
19054155
19020520
19015090
19045460
19036052
19064385
19031290
19140005
19053619
19025880
19053895
19053883
19036202
19042600
19026870
19028178
19044346
19025845
19042180
19042505
19042626
19026833
19036140
19063508
19024427
19068230
19036040
19033480
19025520
19068100
19034505
19026020
19035316
19053731
19053490
19029005
19015680
19100270
19065250
19053889
19034190
19045180
19029095
19062333
19028015
19140013
19065170
19068070
19063690
19010210
19020100
19025680
19033450
19064225
19110053
19026270
19100130
19025569
19026862
19028380
19027392
19028020
19027365
19036088
19072082
19034735
19062351
19034725
19044420
19044332
19062345
19060450
19029088
19035334
19063710
19100610
19064500
19034720
19044427
19100480
19033080
19054038
19041430
19044342
19063830
19035338
19015230
19035255
19013200
19042641
19042660
19053070
19065159
19064275
19025820
19053696
19023570
19063670
19024090
19023110
19042609
19064765
19045390
19035462
19035350
19065610
19068185
19065520
19054001
19034829
19053270
19026710
19042636
19036204
19062301
19053657
19053829
19066320
19023010
19050060
19030390
19023520
19013090
19064435
19064515
19064045
19067330
19023380
19063440
19065787
19033042
19020600
19053730
19033845
19061548
19034350
19060100
19026770
19030265
19070050
19027250
19050400
19034200
19034440
19067390
19062070
19044417
19070030
19036214
19097575
19085290
19062412
19068103
19042170
19041520
19063110
19050500
19066397
19034300
19066370
19110048
19042310
19053618
19065097
19020620
19061372
19041393
19054086
19013750
19034470
19015340
19066230
19054710
19034765
19040330
19060230
19010050
19010051
19010052
19013020
19044409
19060220
19030350
19034705
19053815
19045700
19035275
19027300
19042596
19020260
19062348
19029093
19033070
19040080
19054203
19067490
19020570
19065125
19053847
19053739
19013730
19042481
19025540
19053840
19023280
19015560
19053605
19065010
19031130
19033270
19020389
19034818
19023675
19062438
19065510
19040060
19040050
19061376
19060170
19024050
19024385
19025810
19025664
19030020
19023510
19072038
19010140
19054020
19064270
19073048
19053370
19046130
19046120
19045840
19042080
19026310
19020050
19100520
19053020
19097620
19064400
19028369
19020170
19042330
19036076
19034100
19110130
19034620
19040560
19045084
19026410
19025672
19053609
19044160
19061265
19063270
19064525
19072020
19066003
19040500
19027060
19020130
19026450
19036030
19040340
19100340
19025585
19025665
19036086
19013190
19044030
19033790
19053756
19013780
19044015
19015410
19010290
19015400
19042645
19053400
19010300
19034410
19035070
19035460
19035290
19042619
19023080
19067740
19061542
19020560
19068179
19062304
19034080
19030240
19064180
19015520
19064615
19025410
19023190
19060706
19063279
19067230
19020770
19024070
19024208
19044415
19054029
19064425
19064750
19061549
19040210
19065640
19025700
19053640
19042460
19024360
19020090
19023230
19034320
19053010
19053018
19045010
19031030
19023060
19053789
19020000
19054187
19036209
19036245
19030360
19029048
19033340
19036072
19026839
19053842
19073013
19053759
19036112
19053761
19014160
19025530
19028352
19027426
19054098
19100070
19031210
19045590
19040155
19051180
19097640
19030080
19053560
19030704
19100370
19027260
19033284
19054045
19026874
19013690
19045070
19110045
19060685
19068102
19033420
19036142
19065460
19026180
19065780
19027278
19050520
19067440
19030625
19033330
19020270
19010170
19041330
19085360
19100110
19044372
19045540
19034595
19072084
19026700
19045490
19063700
19067320
19064370
19044188
19065500
19068220
19063770
19034685
19064135
19061541
19030330
19033050
19063200
19053540
19028358
19026740
19066290
19020740
19023330
19050630
19014180
19066120
19024110
19024100
19024212
19024214
19023620
19034520
19027272
19065596
19034570
19042582
19053357
19013110
19025881
19023160
19050370
19028190
19043030
19025670
19030470
19062200
19010020
19015140
19044025
19064170
19064603
19064788
19027268
19013130
19034260
19041490
19044359
19013360
19050480
19067070
19067110
19015670
19030726
19036020
19053898
19043080
19044447
19053738
19036098
19053706
19063506
19053754
19036150
19063540
19036128
19060480
19042190
19034030
19042210
19034060
19034819
19034774
19034781
19015430
19030033
19026070
19097605
19068176
19034360
19054087
19035457
19035356
19051248
19033655
19063250
19026846
19064566
19063230
19065400
19064455
19064758
19041445
19053766
19025440
19050490
19010330
19035450
19061395
19042610
19042160
19042500
19020080
19053714
19020190
19030210
19015640
19045078
19023680
19110030
19066380
19030260
19041230
19042594
19100260
19100460
19062020
19041500
19064654
19064325
19073009
19025847
19061190
19061300
19061540
19014200
19015550
19026130
19063620
19068274
19041010
19050620
19066130
19066000
19013600
19050120
19033565
19110027
19044397
19025850
19034797
19063504
19033849
19028333
19066360
19053705
19062321
19036000
19053793
19085220
19023090
19051150
19044281
19064715
19053691
19027350
19034240
19053733
19034010
19097520
19024170
19053740
19067500
19031270
19050590
19024230
19024270
19053630
19034778
19100450
19068272
19044261
19014070
19044123
19034545
19054093
19065580
19067130
19045372
19026663
19045086
19030605
19064405
19027258
19034780
19033830
19054100
19025200
19044060
19044280
19045115
19062447
19066220
19026150
19030460
19025586
19025667
19025340
19100180
19015160
19015170
19015180
19026165
19062428
19044421
19063500
19053290
19025574
19034715
19051228
19045660
19024386
19068112
19072012
19063739
19066060
19065320
19064766
19064535
19066080
19030180
19066240
19100570
19030600
19045082
19023320
19063290
19025800
19110023
19097635
19044318
19044377
19044285
19061240
19061030
19064380
19033720
19085410
19026730
19046210
19040380
19026040
19044070
19053075
19041360
19110127
19053830
19025510
19062150
19054197
19044264
19026480
19061350
19033750
19033847
19053190
19050670
19036203
19042450
19110125
19044287
19026685
19053809
19026844
19051190
19054191
19044175
19013520
19057390
19053260
19053817
19025750
19025674
19044075
19014190
19041290
19044334
19044158
19042586
19100080
19040370
19040440
19024190
19066140
19064020
19068040
19064564
19025579
19026755
19072095
19025390
19033637
19064778
19036158
19026200
19033820
19062338
19065765
19033185
19024260
19024216
19044040
19100010
19034795
19040140
19034748
19053715
19044320
19044375
19045230
19044434
19030100
19063430
19063210
19061020
19054076
19061460
19068260
19070080
19054071
19015480
19060050
19066330
19015740
19044295
19028225
19057450
19044286
19035354
19054000
19045340
19072048
19041315
19040230
19034090
19065570
19035020
19026030
19025596
19045095
19027010
19036108
19029015
19028368
19034749
19034590
19036217
19036118
19062339
19015610
19064015
19051170
19030490
19100075
19053620
19044200
19034769
19066396
19063650
19044437
19031128
19054200
19028050
19010230
19020140
19042370
19025592
19042280
19034811
19063490
19045090
19036130
19028378
19013490
19045310
19063310
19024410
19034370
19068240
19030220
19057440
19053300
19063008
19013660
19050220
19061000
19067550
19044262
19025563
19042592
19025580
19025615
19062426
19028363
19027406
19067680
19026190
19035455
19060700
19034385
19035452
19053803
19046080
19061130
19061133
19033660
19010079
19010070
19010071
19010072
19013040
19026208
19100020
19025150
19067000
19061550
19054005
19053758
19054013
19013350
19097630
19068111
19027310
19034605
19034670
19024419
19027110
19064655
19034140
19020670
19034310
19042487
19050270
19013290
19050352
19053823
19044386
19035308
19060285
19061410
19044426
19034747
19042633
19045525
19033020
19061420
19040040
19072042
19063300
19027274
19025210
19023210
19030500
19066387
19027340
19025561
19028235
19040490
19044408
19042655
19042430
19035465
19035320
19073006
19063015
19028338
19027446
19026370
19068278
19064755
19024350
19015379
19064725
19026520
19064450
19064754
19020330
19025835
19026390
19045076
19063745
19063645
19044180
19054091
19065740
19050680
19061450
19020720
19061160
19035170
19023685
19040530
19065710
19063320
19025560
19040280
19070020
19044133
19053717
19041265
19051080
19072000
19073001
19042648
19031230
19053893
19060714
19066386
19040450
19020310
19026869
19013700
19045710
19027175
19062190
19068191
19025490
19020015
19020010
19043090
19100600
19053684
19060090
19029060
19027140
19025450
19065547
19040240
19060764
19024280
19044448
19035080
19015050
19044256
19051246
19042479
19033460
19067727
19036100
19050070
19028220
19045510
19026167
19053510
19050330
19067830
19034170
19053009
19026720
19065549
19053356
19020810
19050540
19051160
19026540
19042588
19063130
19054046
19026856
19035200
19072092
19040190
19065550
19010040
19010041
19010042
19013010
19013011
19050000
19025300
19044270
19068110
19036114
19045107
19045440
19060300
19024414
19072028
19036110
19063400
19062319
19062420
19015200
19067310
19053690
19072032
19044366
19053725
19053580
19026600
19053350
19067790
19023470
19044105
19044275
19050080
19050240
19040550
19034768
19028350
19027428
19060260
19067170
19025564
19050350
19063741
19061551
19036048
19065785
19061552
19033640
19014050
19065750
19028332
19013270
19061490
19026235
19053708
19067520
19035358
19042665
19045112
19054008
19026670
19026847
19045670
19053688
19063640
19085240
19061553
19043120
19060410
19063120
19013150
19035090
19053776
19034777
19036215
19036239
19068188
19025550
19029084
19064252
19063680
19053890
19061180
19025562
19045130
19033842
19062270
19044326
19061510
19064745
19061554
19024220
19025587
19029098
19026795
19030200
19034210
19100510
19026866
19034792
19063040
19085250
19044198
19044278
19025581
19025617
19044445
19040480
19035280
19030570
19065790
19061040
19062316
19035332
19033755
19042410
19034020
19010089
19020120
19010080
19010081
19010082
19013050
19050230
19053210
19053575
19042240
19053771
19026050
19064530
19020540
19020791
19024218
19062444
19034761
19053610
19014220
19026530
19060370
19044338
19044406
19035472
19035328
19053694
19029089
19026885
19063517
19030060
19064000
19044344
19063800
19025720
19062000
19023690
19045290
19026715
19068210
19100530
19065200
19015660
19015390
19028070
19042628
19034340
19026080
19025594
19051210
19027150
19031050
19031060
19046180
19027265
19062327
19045079
19024163
19042520
19034575
19023260
19028360
19027410
19065598
19063420
19034540
19063510
19065788
19027120
19053769
19026260
19044432
19020440
19015210
19010200
19064010
19033520
19063369
19065290
19045092
19042624
19026161
19100230
19065300
19026655
19024400
19033390
19030560
19042120
19045000
19067655
19033295
19030732
19025852
19025822
19024322
19025572
19043050
19033843
19067120
19050700
19100330
19054036
19028355
19068186
19053420
19053430
19026897
19064550
19064772
19067090
19066210
19013560
19054193
19028375
19066040
19023020
19064465
19064762
19025610
19025817
19064610
19025853
19050730
19028373
19085330
19033370
19033400
19034675
19065795
19036222
19065110
19034810
19140017
19100300
19015310
19026805
19053862
19034460
19042482
19027090
19068090
19033350
19064120
19025600
19025815
19044190
19100350
19053775
19045350
19027070
19100420
19053735
19064254
19033585
19034565
19053844
19044429
19042622
19034610
19044251
19053807
19050720
19063755
19040320
19034430
19061270
19140007
19044418
19042604
19027290
19053713
19064415
19064748
19072075
19042637
19065230
19029025
19035362
19065340
19064640
19051236
19035312
19033030
19025290
19044314
19024380
19066170
19033440
19064078
19030019
19027271
19035292
19044400
19041240
19034070
19040420
19054090
19110115
19064670
19065530
19097500
19065030
19067370
19028374
19013610
19050140
19064774
19026820
19030450
19034270
19065000
19025280
19065594
19041090
19035010
19053821
19053799
19050130
19050232
19036205
19067240
19026590
19061145
19026837
19045360
19020700
19140027
19010310
19060429
19028193
19034655
19034752
19026575
19063550
19028353
19044348
19097585
19013230
19054042
19041310
19041510
19110047
19054080
19063660
19063100
19053736
19044430
19024210
19064545
19072006
19064735
19065650
19027160
19060400
19033380
19044405
19034640
19034815
19041320
19062140
19044312
19026470
19034485
19033633
19024000
19033568
19031090
19013685
19026012
19013620
19050170
19042484
19025833
19036240
19031140
19100160
19053354
19044433
19044045
19044436
19036014
19044100
19044292
19030190
19053665
19068192
19100240
19053865
19034776
19065410
19050570
19067510
19015590
19025360
19044000
19065420
19046190
19014140
19066070
19045630
19030400
19110055
19053145
19042130
19042555
19110025
19013140
19064365
19063775
19026168
19020320
19010130
19063735
19054205
19053000
19041080
19044035
19053816
19050440
19050300
19025690
19044185
19025843
19064285
19025573
19067800
19026877
19062030
19010270
19015240
19015241
19060000
19065755
19026864
19028370
19033715
19034220
19065730
19042617
19025010
19024411
19042340
19064310
19015320
19067080
19025180
19033500
19031220
19063820
19060500
19045810
19061517
19065060
19068030
19100100
19020530
19036233
19063480
19020030
19042533
19064440
19045120
19041040
19041190
19031020
19030340
19023089
19062414
19110120
19066389
19035288
19020150
19035140
19073014
19030420
19013160
19065350
19067610
19063753
19062406
19067340
19064262
19053480
19064264
19064260
19013630
19050160
19042602
19045530
19051100
19045103
19054206
19063747
19062402
19015630
19057400
19015620
19068215
19044414
19025812
19026765
19026883
19053685
19027277
19064403
19034550
19026690
19023695
19034555
19053655
19054183
19034772
19064660
19024429
19028035
19027050
19042110
19063530
19026662
19036084
19015650
19057380
19064570
19044153
19044380
19025070
19100390
19026888
19036074
19026156
19026892
19026865
19064445
19097565
19025830
19064295
19110033
19064756
19110133
19036028
19051090
19034110
19110036
19072074
19053390
19064776
19068101
19100470
19035364
19028200
19028005
19034530
19064230
19044393
19054073
19034495
19042545
19053707
19062040
19062120
19027280
19044138
19045820
19053792
19064560
19031190
19036162
19065760
19028335
19024200
19027210
19023050
19035100
19025630
19026430
19034615
19072090
19044349
19036034
19045500
19053869
19025837
19036032
19036038
19085350
19054077
19100580
19051110
19042584
19044252
19045113
19036231
19054018
19053870
19030429
19034730
19053800
19027018
19053760
19065150
19041440
19027185
19028342
19027440
19063513
19064320
19026871
19050450
19035180
19026154
19043130
19041528
19060150
19063260
19045558
19014110
19044277
19026858
19067530
19027262
19063519
19060540
19068245
19025370
19050460
19070100
19064675
19053772
19053896
19051212
19053779
19110035
19044274
19066385
19044439
19060762
19100500
19100120
19045240
19045680
19053846
19015370
19015377
19085390
19015100
19063090
19040160
19100310
19053764
19026863
19050390
19053765
19033540
19028337
19027448
19031045
19033570
19061362
19033195
19063080
19033288
19044090
19063725
19042480
19036124
19057330
19053220
19060740
19085270
19024388
19025100
19035469
19035326
19041140
19026848
19068225
19064190
19026665
19068105
19110020
19028210
19065100
19029083
19060140
19050650
19040010
19040000
19046070
19040390
19033510
19065160
19100030
19025310
19054012
19061500
19042515
19053650
19045374
19053681
19053200
19041270
19041060
19041050
19066190
19100320
19044423
19026152
19044150
19065260
19015690
19025840
19044173
19041380
19065800
19063743
19026695
19026790
19027030
19053550
19036006
19020800
19023140
19024222
19024412
19053741
19073010
19068270
19062130
19064460
19064760
19053822
19026400
19064125
19053709
19085280
19051224
19060520
19068275
19034380
19031200
19053577
19067580
19034000
19043140
19064258
19100200
19013330
19053365
19066391
19051172
19044340
19053172
19064420
19060020
19060190
19053352
19045105
19061556
19029020
19064775
19053729
19053819
19028060
19026887
19110110
19033110
19061364
19063460
19025120
19053695
19072030
19070110
19025618
19025205
19025260
19025816
19026810
19064698
19034580
19025760
19062110
19044020
19036210
19023030
19044163
19066185
19026893
19063170
19023360
19033560
19064620
19054083
19024224
19044283
19042490
19025660
19066392
19020790
19050340
19010010
19015020
19015021
19053820
19024330
19053750
19023240
19065704
19044110
19060210
19044330
19041220
19033717
19033040
19067360
19027444
19028339
19033840
19110015
19050420
19062436
19042621
19034645
19034750
19053040
19097507
19100166
19053120
19035475
19036238
19030720
19028164
19073041
19054135
19010240
19053700
19026879
19034807
19026886
19044412
19053828
19028030
19020210
19034766
19036242
19053856
19064080
19062260
19097550
19097517
19100168
19053130
19033280
19034830
19030718
19027408
19028163
19073029
19051222
19054137
19044440
19040070
19028080
19020110
19053805
19066388
19068114
19044384
19035330
19040270
19060695
19040510
19053886
19033010
19034660
19067730
19064235
19041260
19026142
19110037
19029040
19100140
19066160
19064720
19053663
19029055
19061310
19064035
19053060
19097475
19100176
19073011
19030724
19027414
19028167
19073021
19054148
19050050
19061360
19054075
19070090
19024430
19026760
19063772
19051200
19026867
19097510
19068055
19026841
19064250
19020750
19064555
19025240
19036056
19065745
19053697
19026834
19020550
19036122
19025430
19053753
19053867
19030620
19054022
19013120
19065480
19072036
19053773
19025588
19053698
19020630
19062060
19110060
19065120
19027270
19053791
19045300
19028000
19061090
19042623
19053863
19060160
19044085
19042634
19072050
19085340
19064070
19036154
19045085
19062424
19061515
19028348
19067780
19063729
19061400
19053790
19066340
19063140
19036036
19027230
19026300
19035344
19042632
19013500
19066090
19015280
19015290
19067570
19065690
19064095
19040290
19053330
19013540
19060060
19023600
19065390
19033240
19030170
19023560
19030090
19030150
19013410
19020490
19066215
19013480
19013485
19065080
19044050
19040460
19063350
19061370
19064557
19010180
19060171
19050642
19023290
19013430
19028356
19027416
19028330
19028372
19053710
19024422
19065680
19023640
19023650
19026891
19045520
19061260
19010150
19040090
19026191
19025000
19025671
19025668
19025813
19025492
19020410
19063841
19060710
19044255
19034802
19072079
19064340
19072044
19034390
19028063
19045220
19066280
19066050
19067100
19061366
19053891
19036060
19046170
19045077
19031040
19034535
19025620
19053831
19036002
19010100
19068020
19013240
19025577
19020340
19068109
19053711
19053770
19042440
19110057
19030630
19053704
19057460
19063570
19036132
19023420
19023400
19026842
19028365
19027400
19053768
19025740
19063760
19015700
19034450
19035348
19041340
19064784
19044370
19030050
19034690
19034740
19100090
19065430
19030370
19066200
19068000
19026872
19063816
19053702
19064685
19026705
19063727
19027255
19026120
19035294
19053868
19040360
19097610
19042643
19066310
19013400
19060430
19027188
19023610
19042627
19045370
19013080
19014150
19050560
19061380
19020040
19066300
19020780
19024040
19060070
19015720
19023120
19110063
19029100
19024160
19020797
19046140
19046150
19050600
19065240
19024150
19024226
19013800
19110014
19041020
19040260
19015600
19051155
19061470
19066295
19054115
19054125
19054108
19054123
19054121
19054127
19054113
19054117
19054119
19054111
19054110
19062307
19020370
19023340
19044388
19062448
19100225
19036024
19044155
19066020
19053658
19100094
19067010
19068181
19030730
19027422
19051242
19054170
19041030
19041208
19013380
19014000
19015770
19034468
19097543
19100113
19053090
19064055
19067700
19034775
19029081
19030706
19035318
19028175
19073046
19054143
19020610
19020450
19015220
19030410
19030000
19100092
19029101
19027424
19044365
19051230
19054171
19072086
19020590
19020460
19015060
19110040
19045798
19033580
19041370
19067810
19013740
19140015
19033470
19046090
19044291
19023540
19028090
19034700
19140002
19110008
19025380
19026290
19060760
19044145
19045469
19061170
19031300
19061378
19035245
19053814
19033680
19030270
19072081
19062330
19042486
19013310
19023310
19053205
19063005
19067175
19068190
19040430
19030430
19063630
19034230
19035000
19026100
19064245
19029030
19033090
19062310
19100362
19023070
19100410
19061120
19065670
19034827
19072004
19062410
19024415
19027220
19064145
19053727
19062160
19050430
19020250
19020580
19020430
19015030
19035304
19026610
19036134
19063765
19072077
19053887
19045074
19015120
19010000
19015010
19015011
19014230
19030130
19030040
19050320
19057420
19026330
19060350
19040470
19033410
19053818
19060030
19072093
19035230
19053762
19060080
19044322
19044374
19053813
19010320
19045075
19060250
19140025
19067650
19065270
19045450
19060712
19041470
19045087
19033170
19063360
19053860
19030640
19064165
19020240
19042629
19053806
19063733
19061280
19026859
19020710
19026380
19065330
19063520
19072083
19044120
19026735
19085300
19023270
19065490
19034814
19072014
19045333
19045332
19097580
19045060
19026350
19044288
19053669
19015110
19010260
19015000
19015001
19033668
19064050
19140899
19053742
19045560
19041480
19029080
19072024
19034515
19024421
19031070
19023660
19026240
19026011
19063370
19041200
19045030
19036243
19062324
19053712
19050510
19040130
19061131
19025060
19035366
19073008
19029096
19027170
19064290
19045260
19034793
19025770
19035260
19026876
19036004
19020230
19063750
19031088
19020390
19031120
19015130
19026010
19014100
19046160
19063737
19061132
19033530
19014010
19050310
19023315
19033760
19033848
19025480
19042625
19053774
19035310
19020650
19020640
19053353
19068235
19067660
19036082
19061320
19097615
19041100
19035265
19064568
19036156
19023095
19013440
19068107
19097530
19097590
19033100
19029085
19034290
19025676
19064705
19025790
19045650
19053874
19034400
19043100
19064100
19036026
19025818
19026855
19068104
19034589
19097515
19100088
19053100
19140023
19024418
19034798
19042002
19033290
19034805
19073016
19030714
19027404
19028162
19073023
19051218
19054139
19064360
19034490
19034806
19034510
19035360
19045040
19064625
19030070
19030530
19023040
19020796
19036066
19034585
19041295
19097505
19100086
19053110
19033292
19036244
19073015
19030716
19028161
19073037
19051220
19054138
19035110
19020510
19015080
19110050
19026160
19063840
19053689
19068010
19060290
19097560
19072071
19028003
19027190
19029103
19064123
19045600
19041280
19044258
19026153
19024413
19031080
19031085
19097537
19043000
19026745
19042040
19053320
19023220
19010060
19010061
19010062
19013030
19024428
19061340
19097600
19034770
19100290
19020160
19030615
19033635
19026890
19054024
19053812
19064395
19100400
19025567
19024426
19067140
19073005
19013340
19053656
19042010
19040520
19067670
19061555
19020680
19014090
19014080
19044269
19036012
19040200
19053355
19110065
19053737
19061250
19036054
19026785
19063278
19068189
19026775
19013820
19026845
19068255
19034665
19030610
19046230
19024424
19044443
19035454
19035352
19035464
19041350
19035120
19035322
19013170
19064335
19033740
19035220
19033360
19025500
19066260
19023550
19040170
19042125
19042616
19063150
19013450
19050360
19053280
19053662
19097513
19100125
19060110
19034710
19028346
19054015
19068193
19030710
19035314
19027398
19027459
19044383
19028174
19073027
19073035
19054141
19015500
19100016
19068183
19030728
19027418
19044368
19073033
19051240
19054169
19033230
19100377
19100343
19044424
19100277
19054004
19054002
19100235
19100245
19042220
19100425
19100345
19100255
19100423
19100275
19050580
19050020
19014170
19050610
19040100
19053666
19044290
19060040
19010110
19042590
19034465
19097545
19100115
19043010
19060130
19067450
19053150
19033160
19064085
19065078
19025582
19033569
19045083
19042004
19034835
19036235
19073002
19035302
19027394
19028171
19073031
19051214
19054147
19033550
19110012
19045480
19051226
19064025
19045140
19045690
19045280
19072094
19062408
19064710
19034630
19072046
19061110
19033800
19064600
19064350
19072073
19063518
19044362
19053843
19045250
19036062
19026800
19065140
19030250
19041180
19053450
19060670
19053440
19034764
19024140
19024228
19015420
19026090
19026868
19044267
19053250
19041460
19064730
19027040
19053693
19024010
19064200
19067690
19034600
19054104
19036068
19036090
19036058
19061200
19045100
19060704
19057410
19061150
19025568
19065803
19025575
19025090
19035298
19066110
19100174
19034762
19054034
19027432
19044357
19054157
19020200
19100435
19054163
19028345
19100014
19044353
19054160
19034480
19100375
19100273
19044113
19042090
19054040
19100445
19054167
19100035
19054165
19100373
19044282
19100012
19054039
19054072
19054161
19023170
19100172
19027434
19044355
19054159
19066270
19066180
19065440
19041530
19050660
19042630
19044140
19068205
19051130
19045330
19026895
19046220
19034767
19060490
19030280
19044442
19029091
19044324
19066150
19062422
19054006
19050110
19072076
19013550
19100380
19028195
19044336
19065807
19053703
19034500
19033285
19050180
19033120
19050040
19053811
19028023
19013100
19068280
19010120
19024431
19063060
19010090
19015150
19023450
19060010
19063720
19014030
19097460
19033490
19026840
19026680
19097570
19013710
19030580
19110112
19044080
19062430
19053763
19054032
19025566
19015300
19042020
19040220
19053661
19026250
19067200
19045160
19030550
19029090
19023490
19053894
19072018
19044011
19054133
19054151
19054131
19054153
19062418
19064804
19064806
19053857
19064808
19064794
19062445
19064802
19064800
19064799
19064798
19064790
19064795
19064792
19064796
