16670590
16670574
16670598
16670512
16670586
16670594
16670306
16670546
16670532
16679016
16670568
16670584
16670610
16670047
16670300
16670582
16670554
16670560
16670538
16670572
16673620
16670570
16679020
16679032
16670041
16679026
16679042
16670007
16670542
16670534
16670314
16670552
16670528
16670500
16670029
16670037
16670015
16670600
16670003
16679022
16670548
16670524
16670506
16679014
16670578
16670508
16670540
16670522
16679002
16670502
16670310
16670019
16679000
16679024
16670312
16679012
16670588
16670606
16673622
16673624
16670304
16679040
16670596
16670013
16670562
16673626
16673632
16670025
16670023
16679044
16679034
16670592
16670580
16679038
16679008
16670302
16670031
16670510
16670520
16679006
16670564
16679004
16679010
16679018
16670576
16670604
16679046
16670544
16670526
16670504
16673628
16670044
16670550
16670530
16670308
16670536
16670043
16679028
16670011
16670021
16670039
16670290
16670005
16670001
16670033
16678899
16679899
16670566
16673630
16670608
16670602
16670045
16670035
16679030
16670036
16679036
16670009
16670017
16670027
