19780131
19780154
19780202
19782104
19780129
19780143
19787016
19785002
19787158
19780019
19785112
19785106
19787112
19785144
19780047
19782080
19787124
19787150
19787170
19785042
19780204
19782084
19782044
19787160
19780164
19782032
19780152
19785150
19785004
19782168
19780168
19782048
19787134
19780190
19787154
19780011
19780045
19785008
19780182
19787166
19785118
19782108
19780069
19785014
19785045
19785072
19782061
19780178
19780023
19780063
19785022
19780025
19782034
19782042
19780007
19787026
19780172
19787168
19787008
19780192
19787132
19782020
19787102
19780073
19785010
19782002
19782066
19780015
19780260
19780252
19787114
19780210
19782024
19787136
19785134
19785114
19787120
19785202
19787004
19780145
19785000
19785110
19780027
19782000
19782050
19782106
19782028
19787122
19785020
19782040
19782036
19787130
19780065
19787140
19780262
19780033
19785040
19782068
19782102
19787152
19782010
19780077
19782160
19782110
19780061
19780186
19782004
19785044
19782060
19782052
19782094
19780184
19780035
19780208
19782176
19780250
19780137
19785060
19782026
19782062
19785046
19785116
19785026
19780071
19787024
19782162
19780059
19780075
19785018
19780174
19785074
19780206
19782072
19782018
19780141
19785132
19782030
19782006
19787138
19787104
19785126
19785142
19780031
19785070
19787142
19785016
19780001
19780043
19785036
19780150
19787028
19780079
19785152
19782064
19782016
19787164
19780160
19787030
19780214
19780158
19785076
19780133
19787106
19780266
19785038
19787128
19780135
19780162
19780037
19782078
19787156
19782046
19785032
19785050
19782012
19782014
19782076
19787012
19787162
19780264
19780188
19785104
19787032
19785148
19785204
19782164
19780009
19785120
19782008
19782022
19785122
19785140
19785048
19780017
19785052
19782098
19782070
19780097
19787022
19780021
19787000
19785124
19782114
19782074
19787108
19785030
19782172
19785206
19787034
19787126
19787100
19780057
19785100
19785034
19785006
19785102
19785108
19782112
19780166
19782090
19782086
19785012
19785024
19780013
19780139
19782166
19782174
19787116
19780041
19785028
19787110
19780170
19780180
19780029
19782082
19780212
19780003
19780005
19789899
19787020
19780176
19780067
19780051
19787002
19785208
19787006
19787018
19780200
19785154
19787118
19782092
19780156
19787014
19782170
19780039
19782100
19785130
19785146
19782096
19785128
19787010
