13580043
13584166
13582396
13582008
13584186
13584120
13582000
13582020
13582352
13582300
13582066
13580069
13580178
13580150
13582354
13582006
13584032
13580041
13584154
13580003
13584160
13588046
13588024
13584114
13588010
13584206
13584204
13582030
13582306
13584212
13582046
13582042
13588008
13584130
13584040
13580017
13584014
13582366
13584170
13580067
13580514
13584172
13584208
13580039
13582386
13584006
13584138
13584008
13580504
13584132
13584102
13580506
13584152
13584124
13584164
13588002
13580508
13584036
13582390
13584142
13582024
13580079
13580260
13580252
13582322
13582406
13582362
13584044
13588054
13580170
13580162
13584134
13582022
13584104
13580512
13584178
13584216
13582028
13584042
13584174
13588048
13584110
13588022
13588044
13584112
13588042
13582336
13584034
13588034
13582062
13582036
13580065
13584022
13580019
13580184
13580156
13588058
13582064
13582388
13588014
13588040
13588020
13580061
13580047
13582420
13582414
13588052
13580073
13584024
13584136
13580081
13582004
13580510
13584016
13580035
13584140
13584200
13584190
13588012
13580502
13580011
13588032
13584176
13588056
13582326
13582410
13582358
13584182
13584010
13582308
13588000
13588060
13582044
13584000
13582382
13584210
13582400
13582398
13580174
13584156
13584122
13580172
13580160
13580015
13582014
13582370
13582330
13582394
13582032
13582304
13582302
13580154
13580182
13582048
13584028
13582334
13584116
13582040
13580254
13580083
13580188
13582324
13582408
13582360
13588030
13584018
13584118
13584150
13580180
13582018
13582392
13582312
13582016
13582402
13582380
13582372
13580037
13580075
13580013
13584162
13580045
13580049
13588004
13580025
13580031
13582012
13582368
13582332
13582338
13580085
13580186
13580158
13580152
13588006
13582038
13584100
13580250
13584020
13582010
13582350
13582340
13584108
13580176
13580027
13584158
13580053
13582384
13584038
13580500
13580007
13580009
13580071
13582310
13588050
13580001
13582422
13584004
13584002
13580033
13584214
13584184
13580264
13588018
13589899
13587899
13584168
13580262
13580077
13580055
13584012
13580029
13584202
13584188
13582060
13582050
13588016
13584106
13580021
13582320
13582404
13582364
13580059
13580057
13582026
13580063
13582034
13584026
13580051
13580190
13584180
13584030
13582002
13582412
13582356
13582328
13580005
13580023
