14094575
14031792
14093602
14093607
14079303
14078494
14026519
14098816
14022071
14059200
14059230
14029546
14027491
14027682
14025050
14073804
14095460
14031090
14031276
14066458
14056360
14025199
14030420
14030325
14026552
14096160
14096175
14021179
14060569
14097500
14096700
14020630
14029172
14021514
14025339
14056631
14080390
14060655
14094194
14055569
14055660
14055662
14065650
14056777
14056703
14093597
14070670
14070590
14056691
14056670
14055220
14078110
14100034
14056590
14065775
14092370
14070420
14035162
14077150
14094076
14025670
14026390
14031000
14070490
14022105
14093120
14037109
14079402
14093532
14026310
14071020
14100058
14075370
14093019
14066200
14078705
14063310
14021129
14085140
14037134
14061370
14020310
14026295
14026180
14021320
14025520
14020605
14096470
14066336
14062076
14094182
14035198
14062079
14056060
14079793
14066100
14098561
14056300
14030530
14030783
14025040
14020210
14063235
14030590
14030764
14076310
14079307
14076480
14085339
14090470
14096740
14031130
14031286
14056629
14039055
14029190
14040620
14020076
14106065
14093176
14096390
14093240
14020151
14078100
14078090
14057190
14085015
14059213
14080080
14063373
14072095
14039068
14056818
14057120
14090660
14079606
14091400
14050215
14051110
14027520
14065693
14056734
14090259
14040120
14096210
14093530
14030300
14030792
14030309
14066018
14057239
14079113
14085100
14078366
14075514
14093583
14020009
14055300
14021128
14091440
14056711
14098830
14090010
14055607
14098587
14056395
14033046
14094030
14079087
14091019
14065781
14033035
14060837
14056420
14028572
14057438
14075740
14039035
14022094
14079270
14079272
14091310
14028018
14040230
14075500
14037444
14020030
14052800
14057800
14066800
14062800
14071800
14079397
14039025
14091210
14056626
14094890
14071669
14056604
14062021
14097030
14065350
14040320
14075668
14061040
14093174
14091520
14027185
14028790
14090149
14056640
14022041
14031300
14031383
14022114
14055180
14098324
14077420
14061100
14058046
14028536
14062083
14094210
14091260
14037100
14037140
14037126
14093323
14094120
14094116
14093610
14093499
14093663
14100010
14094214
14065694
14050159
14080570
14055037
14096570
14057040
14021140
14092304
14077484
14021631
14071579
14091099
14085309
14031815
14056835
14030360
14030803
14025530
14051500
14026577
14093579
14066406
14029121
14025030
14020200
14094166
14021495
14094223
14077080
14095490
14040609
14031850
14085459
14056240
14055033
14010080
14050090
14093130
14037408
14056733
14021640
14015140
14060290
14030040
14030050
14094626
14033048
14022046
14020360
14071680
14051298
14021130
14021120
14091039
14071060
14020050
14020196
14094072
14021259
14060670
14051440
14010070
14051009
14028521
14055240
14079382
14050250
14097560
14035150
14080279
14080270
14085470
14010120
14025110
14060341
14051390
14065690
14076030
14056779
14056700
14090360
14056738
14075290
14078368
14078010
14060060
14060095
14065210
14065487
14065673
14065483
14060009
14066209
14015050
14020025
14080710
14039005
14056400
14027095
14057350
14079372
14033166
14075620
14076500
14094510
14056690
14056668
14065100
14080650
14061270
14079433
14080159
14027140
14078703
14078840
14093495
14040059
14075120
14050038
14021207
14092330
14098009
14065779
14033042
14056070
14030080
14026250
14065762
14055309
14065090
14078260
14079017
14057437
14030170
14030533
14050140
14051220
14051215
14060500
14031043
14031046
14031048
14031266
14031332
14031232
14031036
14031236
14078270
14079018
14050240
14096640
14055537
14057180
14071550
14055650
14057426
14090450
14098500
14078280
14079019
14093260
14080119
14091110
14022043
14022096
14079041
14063175
14079160
14057433
14035080
14035090
14035140
14035240
14035393
14021497
14078673
14091460
14090400
14071530
14065140
14085016
14024300
14066150
14055666
14029030
14070080
14093584
14035217
14025648
14057510
14037436
14031303
14031390
14033031
14027000
14098327
14028542
14098060
14075670
14077380
14030090
14075710
14056390
14091450
14091470
14028524
14060680
14050285
14057250
14065640
14094082
14055567
14059203
14096110
14040240
14078190
14025480
14055098
14097140
14093500
14079000
14070730
14072000
14078290
14079020
14031872
14028548
14077140
14031760
14056833
14070070
14080280
14085480
14098313
14093190
14055410
14093345
14039039
14065360
14075628
14022726
14065340
14098322
14050229
14094623
14062375
14028772
14031262
14029573
14063088
14063364
14092076
14092070
14093599
14063094
14078405
14079070
14079300
14066140
14056741
14062091
14061580
14051480
14091390
14021636
14063334
14091500
14080010
14094110
14020600
14098812
14021080
14092590
14092230
14040622
14029177
14079624
14071240
14056653
14020390
14028602
14021149
14098069
14021150
14057465
14077090
14094247
14079431
14057504
14078719
14079336
14029185
14057428
14063241
14062082
14079389
14096249
14090348
14098305
14098350
14066220
14066210
14066470
14066472
14092210
14063124
14026050
14026215
14063316
14056837
14093290
14063199
14096510
14060835
14073806
14077230
14077220
14072065
14071119
14060780
14096100
14091166
14093676
14026210
14020240
14020250
14100012
14057506
14095420
14065069
14021800
14024800
14026800
14031800
14032800
14041800
14030258
14050010
14055130
14026556
14061250
14021377
14096669
14027730
14093523
14050479
14095280
14093640
14040634
14065290
14026515
14098328
14095360
14066350
14066230
14065510
14077480
14035252
14040605
14095440
14094176
14021209
14079163
14080690
14080160
14051320
14050320
14056887
14051158
14075812
14055250
14079375
14079127
14055320
14031280
14060430
14060730
14065030
14098318
14021499
14066189
14075039
14025059
14071280
14098848
14098010
14092470
14098505
14098800
14022800
14021220
14021230
14065795
14096290
14024050
14029548
14040626
14091250
14062248
14057020
14077110
14093320
14037445
14080560
14085660
14027195
14095230
14091510
14093670
14065220
14094221
14050474
14055135
14031489
14065773
14079120
14031250
14080299
14071590
14079800
14072073
14050478
14020369
14059207
14093040
14057070
14063271
14037411
14055009
14077100
14051030
14098822
14051430
14071720
14065500
14051149
14091410
14026514
14056250
14061306
14076140
14031810
14030015
14106071
14061304
14066187
14030067
14037441
14027665
14096023
14051008
14092290
14021634
14040608
14050476
14061380
14060296
14071670
14056723
14094224
14027065
14020460
14095080
14056180
14060432
14020409
14031660
14055068
14030439
14075660
14056753
14079439
14031750
14092302
14029178
14031263
14056727
14080108
14107070
14107050
14100020
14075822
14077390
14063424
14022032
14060490
14078300
14079021
14051060
14035197
14057490
14020689
14051210
14025130
14080050
14076020
14060178
14075110
14075452
14085079
14050128
14021290
14059223
14057494
14030180
14078310
14079022
14078320
14075470
14096520
14062094
14056657
14078330
14065778
14031120
14031284
14057528
14076190
14027758
14056721
14077290
14035194
14065419
14090267
14094165
14033169
14078347
14028539
14092530
14039103
14078557
14031034
14061520
14093346
14094248
14056868
14098550
14031200
14077280
14093200
14031730
14037425
14061170
14060823
14070009
14075029
14037448
14051369
14031340
14057522
14079403
14085260
14060854
14092480
14095200
14095275
14025056
14063049
14093588
14031817
14031876
14056780
14056695
14077478
14093497
14098309
14091220
14091283
14091313
14091530
14026594
14020150
14050448
14098781
14071430
14065753
14098314
14025440
14055027
14090580
14070540
14070548
14080440
14094094
14065695
14091438
14063187
14029207
14029453
14090630
14096500
14030310
14096370
14065180
14056696
14035193
14080519
14070180
14092420
14020100
14079626
14097558
14093541
14056702
14096039
14096599
14093440
14095550
14093080
14090140
14090405
14093242
14026060
14060662
14051059
14094054
14057310
14062236
14033121
14066325
14066418
14020609
14028512
14095140
14095110
14070559
14065280
14026564
14028768
14065150
14065520
14093589
14076250
14063367
14106002
14075665
14093635
14050350
14095240
14075800
14021450
14021460
14096750
14098029
14062071
14075780
14027190
14039040
14058043
14037440
14039033
14050100
14070360
14039116
14056090
14075430
14095450
14095570
14098580
14060130
14060133
14085049
14063253
14039036
14096240
14040169
14079792
14025270
14078728
14028783
14025469
14020489
14094578
14031794
14093606
14078493
14065750
14022072
14027490
14040070
14066130
14055020
14060480
14060463
14055025
14094240
14092012
14092000
14092066
14092355
14030670
14030680
14040040
14040030
14015068
14030198
14079028
14078470
14055550
14075000
14030016
14080480
14055119
14060609
14050080
14060460
14079393
14066422
14057330
14090160
14090425
14030497
14075516
14051070
14060445
14075480
14055562
14021270
14029174
14098376
14085350
14080199
14027155
14095050
14098850
14078363
14079319
14065683
14070630
14100030
14065783
14026300
14039071
14092752
14033032
14061680
14030168
14029460
14096410
14031510
14062087
14094640
14031680
14037404
14066019
14071180
14065758
14021500
14031110
14031282
14039107
14026100
14020308
14062078
14093582
14098220
14020350
14021617
14093629
14097050
14085240
14025489
14085450
14093514
14094167
14060852
14061470
14056697
14085014
14015130
14020093
14076340
14050299
14094653
14094238
14024200
14098202
14030610
14030758
14030249
14070700
14057280
14065230
14056764
14090269
14055470
14025459
14040628
14027738
14075250
14076390
14055050
14077009
14055365
14055060
14094149
14050340
14078450
14065308
14055007
14026513
14098102
14094143
14050292
14078362
14078376
14078360
14091008
14075040
14075030
14077210
14078000
14077398
14029278
14092550
14079095
14031290
14063079
14026040
14026610
14028779
14094130
14056895
14079443
14090620
14027100
14077270
14070300
14080530
14093017
14075320
14061500
14060618
14022060
14055563
14094246
14094580
14031796
14093605
14073807
14031863
14022073
14059215
14025119
14021592
14040260
14078210
14055568
14039041
14078250
14079016
14030169
14057484
14026342
14026190
14101100
14098556
14030176
14050230
14050220
14060199
14078635
14025140
14075518
14094195
14040310
14075590
14026140
14079083
14055080
14060570
14060582
14060383
14060140
14040279
14055278
14080268
14085340
14090210
14076419
14061289
14021390
14051050
14060470
14075070
14077190
14078150
14078165
14079033
14055440
14015110
14020058
14030218
14093480
14076170
14060671
14060760
14040250
14020140
14085379
14079005
14085150
14020688
14040140
14050459
14051180
14055636
14078460
14060658
14090150
14060298
14094199
14078030
14078548
14060659
14025080
14030000
14025303
14025710
14060040
14060038
14060647
14075100
14021044
14039067
14031831
14035154
14058036
14051020
14057268
14092750
14024310
14098160
14062035
14062090
14058030
14085320
14090190
14021633
14024010
14024270
14075621
14051080
14098340
14100056
14028560
14078710
14078660
14078676
14031170
14021600
14021610
14077498
14085400
14010020
14056805
14093324
14027508
14096480
14063073
14056724
14093586
14025620
14093534
14080118
14029120
14029090
14029130
14029123
14029150
14037437
14039032
14022740
14063346
14024380
14079185
14076080
14070600
14061490
14020603
14093494
14079135
14028596
14066050
14035172
14057279
14065684
14030447
14020089
14106008
14060330
14031178
14078680
14071380
14062031
14092340
14060067
14080030
14075570
14079275
14020060
14020193
14056800
14031180
14031190
14040058
14092189
14060068
14090495
14091285
14091413
14096560
14095000
14050370
14051069
14079035
14050190
14051243
14051140
14055325
14055480
14055456
14026565
14071500
14039108
14096010
14090375
14092215
14039074
14094601
14030217
14030177
14050427
14015020
14080290
14085520
14090300
14055640
14031710
14057300
14040179
14098593
14024070
14021060
14031830
14061440
14027175
14066260
14029166
14098510
14098515
14098571
14072085
14095270
14093512
14079612
14063064
14063151
14063190
14063193
14010130
14025120
14025370
14077180
14026230
14020500
14020510
14090052
14090345
14090540
14021656
14057319
14093250
14090712
14094618
14098802
14071650
14057425
14065590
14035170
14024235
14031239
14020723
14020615
14020610
14056824
14061499
14090170
14092009
14039069
14092073
14079466
14098564
14065767
14021322
14022505
14059280
14079418
14091100
14077069
14098204
14021668
14092090
14070650
14021480
14058021
14098557
14070369
14080189
14079464
14066434
14035370
14096690
14057210
14021682
14063427
14077490
14094560
14035171
14100046
14092270
14020410
14031270
14024330
14051420
14071410
14056280
14037452
14037413
14037438
14092490
14022036
14020187
14090350
14093537
14080630
14085710
14075450
14022050
14075280
14056808
14056623
14079427
14070040
14055026
14040290
14076090
14050470
14079292
14094144
14040100
14050059
14096230
14060066
14085179
14055034
14020229
14060649
14025650
14026032
14055590
14093520
14080130
14080120
14075610
14075600
14096380
14096030
14096385
14096275
14050420
14056616
14025690
14090112
14090284
14026524
14066069
14030600
14030761
14031560
14031506
14055659
14055370
14055350
14060628
14051100
14060710
14021400
14093236
14091300
14094168
14072117
14094582
14031798
14093604
14073808
14060349
14021720
14059217
14062241
14094520
14025279
14065793
14061029
14066408
14090680
14091010
14076450
14062246
14050400
14076280
14061050
14085222
14072120
14070249
14066070
14031420
14031042
14098354
14079628
14022736
14085017
14030598
14079462
14079795
14062028
14060360
14079107
14071610
14055664
14101104
14057200
14057384
14039070
14070000
14065782
14010190
14025386
14025210
14091018
14056040
14071290
14026573
14031264
14060375
14078200
14055210
14094605
14060669
14022510
14059267
14029570
14079311
14075340
14094600
14093642
14079451
14022516
14022517
14063331
14066464
14071149
14060292
14030209
14060343
14057418
14093550
14094015
14071320
14098582
14021020
14056704
14056480
14028662
14070732
14063247
14098370
14056866
14056719
14071200
14056841
14040630
14055497
14063358
14079338
14037149
14094612
14094204
14040155
14030623
14060834
14021028
14098572
14022502
14027511
14050450
14079130
14072114
14055228
14027115
14021606
14056077
14028703
14071630
14021530
14079049
14035189
14031032
14061460
14095075
14094164
14098240
14062029
14094018
14094212
14070430
14070239
14091078
14093625
14030499
14092040
14077060
14106044
14061200
14070450
14070660
14035216
14021579
14033127
14061679
14070370
14040602
14039066
14056865
14065763
14029567
14024120
14094603
14060667
14022512
14059265
14066448
14033040
14056756
14093238
14063091
14035199
14094584
14033004
14093603
14021721
14093654
14035192
14093328
14098030
14080460
14033187
14056633
14030400
14098150
14028793
14096037
14051139
14091020
14106017
14031745
14057260
14096490
14056845
14028717
14066179
14021490
14022097
14098852
14021510
14039106
14063223
14027045
14035173
14071030
14106059
14062072
14095385
14095250
14060810
14080730
14075820
14061710
14060431
14063289
14027650
14031825
14075623
14021030
14021540
14077508
14080680
14079043
14025500
14029540
14077120
14050480
14031040
14063412
14076050
14098331
14056130
14057502
14094112
14031610
14077340
14071300
14094074
14095320
14060579
14093595
14096130
14028787
14051449
14092080
14096600
14106050
14028518
14021010
14093669
14078730
14056160
14097000
14021200
14025020
14020190
14040625
14106035
14095030
14028704
14080388
14095009
14065540
14066120
14079622
14072105
14026598
14065070
14050290
14035160
14062020
14071730
14092240
14021250
14035182
14106053
14065270
14065300
14059240
14026370
14098574
14091077
14070410
14021046
14021684
14071489
14051459
14028715
14096120
14031018
14098306
14055099
14096320
14039060
14092130
14080128
14092020
14096579
14078589
14078842
14031060
14079093
14090218
14030660
14051159
14092375
14070220
14021595
14063070
14079326
14020130
14070309
14097040
14098586
14090347
14055570
14050430
14075300
14063382
14022112
14026200
14071150
14090480
14094017
14098576
14066452
14076070
14096530
14098591
14056530
14056210
14062019
14066433
14062367
14062232
14070480
14079305
14066127
14085670
14092439
14075440
14060643
14085589
14055165
14055030
14060510
14060523
14026392
14061140
14062230
14065680
14066180
14066190
14066356
14066421
14056651
14080200
14085420
14030460
14030353
14098090
14057388
14071140
14071130
14070270
14070260
14100016
14079327
14075629
14077070
14031320
14031442
14091428
14098846
14065670
14027150
14021208
14020461
14070340
14020640
14028578
14060821
14066404
14021430
14077300
14057320
14098581
14031807
14028599
14057498
14063016
14055279
14079788
14079157
14063133
14028766
14096199
14031505
14090278
14093490
14094585
14033006
14027160
14021722
14033100
14031640
14050000
14080150
14056878
14033196
14106038
14056782
14056694
14035388
14028771
14020080
14079110
14092030
14077430
14093524
14060449
14100022
14100042
14026597
14071210
14037442
14079425
14040130
14040195
14055348
14026522
14050360
14093160
14020420
14030069
14093673
14063361
14096310
14056600
14065649
14056330
14031670
14030260
14085270
14085590
14026582
14077040
14051280
14051345
14090380
14026282
14026020
14026010
14093039
14021646
14096169
14079310
14079370
14079452
14062086
14094078
14098840
14056627
14037443
14080540
14085630
14057410
14093493
14055190
14035262
14095480
14093090
14029558
14079323
14076200
14021648
14055032
14057230
14056620
14078695
14020685
14070720
14073809
14093018
14021513
14022039
14098558
14031261
14098836
14094133
14093592
14056039
14080430
14085600
14060843
14015060
14020028
14021675
14031476
14031470
14010200
14025388
14025220
14030469
14078590
14065060
14056510
14055360
14055349
14035255
14090250
14075490
14080600
14030488
14092310
14096460
14079313
14060090
14060098
14033029
14095540
14093070
14020530
14092150
14071390
14059287
14093538
14070520
14060380
14095130
14070190
14094160
14093230
14060769
14090550
14033154
14096050
14070200
14093420
14062027
14098040
14060832
14028730
14056850
14080389
14040627
14093172
14022113
14037428
14075760
14028500
14028527
14061669
14033142
14079384
14079170
14055629
14094241
14092380
14056870
14080140
14010030
14085310
14020000
14091000
14020103
14096000
14098050
14098820
14055515
14051380
14080330
14080129
14071070
14094131
14029175
14095090
14096079
14096060
14026558
14091179
14063154
14056838
14096620
14061030
14096400
14071729
14061630
14076490
14098590
14065787
14065240
14077350
14055270
14066462
14093008
14065648
14062018
14020539
14030470
14030356
14031152
14024060
14079340
14061089
14056285
14020682
14051099
14093470
14094586
14033008
14021723
14094239
14060629
14094146
14093521
14020400
14093671
14056071
14056749
14020620
14024193
14063085
14080219
14040330
14033026
14010170
14025382
14025190
14098020
14035226
14030018
14055565
14055388
14085160
14076240
14066344
14071510
14057435
14030621
14079040
14056290
14056340
14057030
14031265
14065430
14056675
14021043
14034000
14039031
14056843
14029170
14056892
14026554
14056705
14027180
14021090
14078724
14078584
14097568
14063100
14037419
14097120
14060410
14076275
14022498
14060664
14039044
14079789
14098382
14098200
14058005
14056647
14024290
14040319
14057150
14040300
14056010
14066402
14063379
14022049
14078714
14078810
14035385
14079145
14063397
14060825
14030290
14028727
14040624
14063238
14031755
14096670
14094202
14098562
14035218
14092376
14063304
14040168
14040285
14098127
14094208
14093518
14027125
14021319
14077000
14066239
14021650
14040167
14080260
14085460
14030448
14030570
14030770
14050380
14063172
14030230
14030575
14051039
14055608
14057060
14066440
14058027
14095253
14095380
14021160
14085640
14060050
14060092
14022001
14075510
14071220
14026574
14020710
14040190
14060518
14055430
14078130
14092350
14040350
14090102
14090283
14040160
14030060
14078240
14061420
14066310
14077030
14055028
14065380
14031430
14050170
14051160
14075220
14075210
14076320
14066340
14090440
14080590
14085058
14056836
14075720
14057496
14065698
14065330
14028726
14093030
14030630
14065685
14056286
14021498
14020069
14065560
14094174
14066080
14033115
14090538
14090600
14056884
14050160
14051170
14021520
14020070
14091009
14085458
14056075
14055109
14091360
14090098
14056349
14037406
14037434
14050436
14021378
14027505
14033010
14094588
14021724
14031650
14056230
14027742
14060844
14079388
14100024
14098551
14056834
14020520
14093522
14056760
14058015
14090048
14026380
14062089
14092469
14079050
14094170
14033157
14079304
14077502
14093325
14061080
14035236
14022750
14092250
14020259
14094181
14094140
14094000
14035260
14035195
14077486
14093340
14101103
14028716
14085330
14090200
14025280
14106041
14071090
14076230
14063031
14079090
14093565
14022000
14022070
14022010
14022020
14022090
14022494
14022500
14022091
14062235
14060675
14060800
14076300
14094230
14078820
14078678
14063052
14078683
14078670
14090490
14051479
14022058
14022062
14085280
14028778
14020090
14078726
14025639
14037108
14098356
14085220
14056755
14093400
14061010
14055089
14096610
14021210
14093566
14093002
14071350
14075678
14055276
14075240
14027653
14031310
14039038
14021330
14065450
14035220
14056863
14076420
14026590
14025590
14026090
14026225
14024000
14062075
14066160
14095260
14024280
14020680
14070240
14070030
14080580
14085690
14077310
14093652
14033012
14094589
14028015
14091080
14085080
14080595
14040166
14030496
14061340
14085050
14094213
14094088
14056646
14055048
14079039
14065570
14065663
14075453
14072108
14021560
14071370
14094040
14094086
14025640
14070460
14065190
14066029
14056740
14090092
14090282
14031843
14051282
14030219
14040200
14031160
14031306
14051040
14094080
14094083
14025680
14075730
14020010
14010210
14025393
14025390
14025230
14025235
14026150
14026160
14026528
14026527
14026561
14055520
14080267
14040170
14010100
14025100
14030498
14030490
14030368
14096189
14080450
14093001
14079123
14030120
14021512
14027252
14027280
14027272
14040090
14055495
14056743
14033133
14030480
14030365
14080198
14093561
14027656
14033190
14050236
14027085
14071450
14080629
14030299
14094128
14062092
14096550
14070230
14028705
14062380
14040612
14035174
14079165
14094148
14020540
14050039
14092182
14092453
14079117
14025250
14060030
14060036
14060115
14060660
14096049
14075460
14056550
14056872
14033145
14060180
14075050
14077200
14055140
14051355
14060632
14060610
14060403
14090122
14090285
14055036
14078180
14090082
14090281
14090070
14025070
14025240
14090130
14085019
14075090
14075454
14024110
14098120
14059220
14029176
14057090
14057100
14057232
14056610
14057422
14056625
14057478
14095180
14093006
14085120
14060599
14095400
14028664
14033041
14071360
14063388
14022115
14094590
14033014
14060150
14050259
14078230
14056725
14091130
14070170
14075626
14093510
14093620
14090343
14020120
14092500
14079036
14093557
14035387
14057270
14056659
14092540
14093596
14079610
14057259
14057423
14035159
14090579
14063136
14106029
14055610
14027105
14039065
14055680
14031163
14066010
14093012
14075420
14055107
14055100
14060634
14060620
14060406
14040270
14040280
14025449
14070731
14070160
14070635
14020470
14060822
14022300
14022310
14095042
14022080
14075560
14021658
14094244
14098342
14055120
14060640
14060426
14060826
14061310
14061185
14061308
14092120
14055170
14030017
14098384
14050258
14098332
14097142
14075624
14079454
14010040
14096430
14093672
14037454
14037415
14040610
14079458
14065170
14056858
14093246
14080340
14093626
14022038
14020697
14051200
14024190
14070400
14092520
14096720
14066118
14095399
14022752
14056470
14061260
14056564
14097100
14056814
14066128
14061550
14030549
14035263
14097572
14065659
14022320
14098594
14031828
14056563
14080700
14106032
14085090
14090340
14093360
14056663
14056758
14085490
14062032
14079140
14075625
14027736
14079787
14031179
14037430
14037402
14021260
14094108
14080350
14085550
14090330
14060442
14079472
14040054
14075279
14066328
14066415
14028709
14056774
14056708
14026330
14020077
14025638
14056877
14070290
14063166
14031460
14061110
14056076
14094645
14031259
14061008
14061610
14028781
14090560
14025310
14025320
14020523
14020527
14024250
14024260
14093556
14076350
14056810
14075830
14070440
14093513
14029268
14025420
14020230
14026586
14020550
14066412
14020619
14061280
14061670
14030440
14030343
14094243
14090640
14056310
14035152
14021340
14094222
14090460
14056634
14056754
14060444
14025249
14073812
14055290
14065120
14090258
14020299
14056867
14061480
14065780
14065420
14051400
14055008
14057360
14094016
14061410
14066300
14066290
14098300
14096260
14056778
14056701
14096150
14085510
14090290
14090387
14077160
14062095
14024030
14027030
14093543
14025563
14025350
14091180
14094172
14090420
14090289
14070747
14020607
14056380
14025010
14020180
14020373
14093585
14026587
14078480
14065460
14065470
14085588
14085040
14093344
14093280
14080610
14085700
14039034
14060420
14024390
14030030
14076430
14065200
14071570
14077494
14079468
14061510
14033036
14066040
14057460
14031319
14079390
14029561
14085130
14028551
14079328
14085290
14028581
14060690
14060829
14031822
14093128
14075457
14096139
14031809
14024180
14028666
14060663
14065696
14094206
14079193
14056320
14095470
14093100
14091350
14091330
14093644
14025448
14031010
14085449
14060400
14061070
14056603
14035169
14031380
14062030
14076009
14050030
14031350
14031329
14091290
14030619
14056618
14025610
14076370
14026580
14100018
14090610
14031220
14057290
14061699
14035378
14090295
14057492
14080619
14037133
14055487
14095060
14080097
14079476
14096749
14063283
14093591
14071600
14030320
14030795
14027165
14096650
14093009
14028729
14085569
14050110
14065160
14063277
14035234
14077109
14093252
14056560
14022732
14021380
14027145
14094203
14031734
14025510
14050280
14031327
14010160
14025180
14025186
14079306
14092360
14024210
14031480
14079380
14079153
14092400
14090370
14066280
14093564
14027672
14026030
14096359
14098386
14057447
14026130
14035375
14035210
14056729
14094598
14056722
14056746
14056637
14033043
14057220
14094200
14094201
14094135
14094136
14063115
14021190
14063370
14066348
14093600
14095160
14031813
14056825
14056812
14092172
14092456
14063268
14031030
14078364
14065658
14060700
14029275
14027663
14093674
14040618
14070580
14057524
14021300
14021618
14098308
14098374
14091430
14092510
14026360
14070570
14070560
14056430
14022095
14050477
14025049
14075739
14020087
14096730
14065010
14010050
14025660
14024090
14076470
14065040
14075750
14091200
14100026
14079180
14098100
14033044
14098180
14028724
14097552
14098584
14090690
14063418
14027060
14100054
14092295
14029188
14090369
14026600
14090219
14031080
14031274
14092220
14080139
14026240
14026255
14026106
14024160
14090042
14090344
14098110
14071740
14062100
14080360
14085560
14031520
14071560
14037410
14095261
14061540
14092200
14093525
14095040
14066353
14066240
14062034
14057500
14080060
14079023
14056718
14070742
14097070
14078716
14078650
14040615
14092110
14056861
14090432
14040613
14056656
14070310
14092410
14097080
14066270
14070610
14027070
14061560
14077240
14098303
14070110
14071050
14092280
14085479
14031866
14021632
14098304
14057289
14076290
14095340
14095330
14060627
14091169
14070390
14061090
14056840
14066119
14063118
14096020
14093540
14060820
14020560
14066068
14056490
14055277
14094226
14093568
14098780
14098787
14098772
14098792
14031720
14092300
14020686
14026563
14062039
14077370
14098323
14051240
14035232
14025260
14076380
14027756
14096140
14027055
14061539
14028660
14058000
14029543
14098330
14077360
14094020
14079177
14090349
14057455
14093558
14096540
14093637
14066129
14056896
14050049
14039043
14021350
14079620
14079133
14061210
14059237
14090410
14056150
14091480
14060720
14022092
14021802
14093555
14070140
14078722
14078685
14079374
14098002
14071160
14061240
14079007
14056260
14050129
14057434
14093649
14093300
14029552
14022111
14075539
14093636
14050499
14071110
14093548
14060300
14031746
14022109
14091239
14022746
14060653
14079115
14079077
14096630
14037152
14033047
14030380
14073810
14094242
14098858
14098000
14057372
14062026
14056020
14039030
14057389
14057390
14059290
14026575
14070210
14085549
14079330
14070090
14096360
14026249
14096200
14030199
14027740
14035146
14065309
14057240
14057386
14056074
14057339
14070550
14020450
14026593
14059285
14020398
14080420
14078365
14095530
14093060
14029266
14021673
14091190
14065050
14022744
14030200
14071270
14061360
14030350
14076440
14061450
14050310
14071480
14079150
14096330
14050239
14055229
14094169
14078800
14056450
14061350
14056879
14055330
14096397
14055486
14094205
14030545
14079051
14061300
14091339
14037132
14037106
14079312
14079450
14096420
14066208
14075627
14029290
14029289
14079322
14092190
14030450
14030346
14091270
14098585
14056713
14056751
14079320
14079400
14066250
14025060
14030580
14030767
14031550
14031504
14093004
14079376
14078380
14078193
14079031
14066017
14025609
14096040
14093668
14063352
14057329
14060019
14030410
14030313
14090393
14065580
14037110
14085020
14031370
14057140
14098854
14021470
14091439
14100028
14033016
14094592
14096552
14077010
14022738
14028557
14021280
14098129
14096340
14096350
14095210
14095220
14035184
14094594
14021726
14060589
14015080
14020053
14060450
14055274
14092140
14090062
14090346
14022734
14096250
14050399
14098578
14093515
14055498
14070530
14098762
14076330
14020430
14056456
14031829
14028792
14050437
14065757
14065130
14022048
14091090
14027025
14035379
14035214
14030100
14020650
14020647
14031812
14066430
14096180
14096190
14079296
14026567
14061620
14055070
14030270
14075089
14078630
14057512
14020538
14037400
14080230
14039101
14093000
14063037
14022102
14095432
14031827
14033124
14025209
14035153
14061320
14026340
14093651
14025580
14057420
14079342
14061430
14085250
14021578
14056752
14020480
14098588
14094147
14022118
14040060
14040115
14050130
14031700
14055310
14101101
14050449
14080250
14090430
14050070
14078140
14079034
14078120
14033028
14056642
14056819
14060110
14057340
14090700
14028714
14095170
14057382
14020319
14066170
14031842
14063013
14027732
14051510
14063415
14039050
14100036
14077504
14079467
14021580
14021635
14031600
14070100
14030710
14092252
14058040
14072075
14030540
14030780
14031530
14106068
14079391
14061180
14094250
14063421
14056745
14056638
14056645
14066319
14051403
14051090
14098563
14056284
14095430
14056735
14026576
14055459
14056562
14079614
14093003
14098329
14093573
14094249
14062070
14031490
14028773
14056654
14070735
14027744
14025058
14029281
14077130
14078600
14027752
14029187
14065530
14027080
14080090
14040150
14037427
14085180
14029564
14055029
14022720
14079143
14060271
14028784
14094123
14031835
14106011
14062037
14056568
14092560
14071310
14056580
14060830
14050040
14020570
14056170
14010109
14056410
14078790
14061160
14093590
14063148
14085500
14090280
14090383
14090513
14033193
14106014
14098552
14027250
14077506
14063121
14065785
14093519
14065550
14076279
14061088
14059210
14056500
14057160
14085319
14056000
14065000
14057000
14065700
14080220
14065760
14090220
14021127
14072090
14056747
14056636
14056628
14028786
14072098
14096220
14033034
14028728
14096680
14056370
14093562
14072055
14035196
14093007
14066320
14066338
14022496
14022098
14079435
14022724
14024080
14076260
14094177
14097010
14056658
14071710
14071139
14076408
14077020
14070020
14020459
14021643
14091038
14063076
14058024
14071120
14030645
14039105
14079048
14094145
14062247
14077410
14093496
14097090
14090169
14025090
14063157
14077492
14031240
14031230
14094127
14026520
14026518
14026569
14094596
14021727
14060447
14020078
14055536
14030130
14055489
14080109
14050490
14033184
14080240
14030443
14026189
14094234
14022044
14026596
14079047
14021644
14071000
14071010
14021515
14040299
14021667
14028775
14060576
14076210
14076460
14060567
14040298
14021517
14021664
14060520
14060525
14060650
14080218
14094198
14040340
14040057
14025170
14080339
14021180
14020590
14035158
14031330
14031502
14031860
14094522
14030280
14030789
14066110
14070470
14026572
14060841
14094183
14093140
14094235
14092430
14051010
14030635
14095150
14092320
14020038
14100040
14057440
14079298
14066346
14079173
14031503
14079398
14027035
14063295
14071250
14056601
14095410
14065761
14091370
14095070
14057508
14063163
14056622
14056649
14061690
14025600
14055667
14071079
14093492
14093460
14030560
14030773
14031540
14030449
14063130
14101102
14060138
14050210
14051120
14050429
14050475
14030500
14030375
14060179
14055600
14055596
14028777
14028515
14061330
14026290
14063307
14028530
14077440
14062023
14093578
14029184
14037123
14037111
14098826
14022116
14094550
14077510
14035390
14031823
14057516
14028791
14065080
14095008
14010150
14025160
14061019
14094050
14094060
14094216
14094217
14026583
14063325
14091070
14093580
14060840
14040229
14104002
14091060
14079395
14098362
14063244
14029179
14073805
14057010
14056520
14056624
14056661
14057050
14071029
14056730
14056072
14056757
14094207
14098378
14039114
14093150
14060350
14070229
14098856
14092100
14028713
14037107
14094570
14071609
14056073
14071069
14055275
14059283
14093598
14020109
14065687
14025123
14037130
14037103
14027040
14094173
14096270
14093593
14027075
14100021
14031838
14091230
14091240
14028710
14060435
14094231
14075675
14098159
14098310
14033118
14078699
14079100
14071100
14063232
14060654
14072110
14031840
14058033
14106056
14026550
14031841
14093430
14095065
14062040
14062360
14056050
14077050
14020683
14071679
14077496
14065669
14077320
14079137
14026344
14096289
14057130
14091017
14060850
14028769
14058012
14039112
14077470
14063208
14030655
14056281
14057518
14098190
14021670
14094171
14039113
14056846
14063229
14065039
14022758
14066334
14021047
14056803
14057110
14093667
14021314
14025325
14065788
14097566
14031837
14021178
14022100
14024350
14065600
14098140
14056110
14025299
14057480
14085018
14033160
14096300
14022103
14040135
14015010
14024360
14092050
14025540
14020188
14075790
14020048
14031819
14075059
14100014
14098380
14071540
14080438
14025560
14096710
14091380
14080689
14051490
14031590
14057488
14021597
14021310
14077250
14035389
14061800
14071750
14066450
14030340
14030801
14040056
14026578
14096660
14039115
14098169
14078583
14057443
14033148
14093270
14092460
14035230
14035156
14035380
14035180
14079183
14095370
14021257
14071499
14093536
14098326
14092570
14094161
14093498
14056816
14093560
14021420
14093571
14055280
14065370
14021255
14025460
14021582
14065490
14056570
14091279
14050169
14031630
14090590
14093648
14035238
14091150
14057448
14051448
14022730
14028774
14098592
14055088
14050180
14051150
14061230
14055453
14055450
14050260
14050050
14080620
14080625
14056460
14056282
14095120
14026512
14028027
14077189
14055564
14079317
14079407
14060320
14062074
14020687
14094090
14055560
14055593
14091079
14030190
14030555
14060139
14060310
14050027
14092580
14063301
14094180
14092381
14056844
14096075
14020750
14096170
14021000
14029189
14063292
14026262
14079437
14071690
14079392
14090329
14031820
14056200
14065771
14061530
14063010
14063160
14026170
14078568
14030550
14030776
14085230
14090003
14090341
14080098
14080490
14061009
14030459
14057430
14101105
14075230
14076360
14056766
14030690
14080310
14090390
14080329
14095510
14030140
14030149
14093248
14020549
14026080
14026235
14024220
14021289
14061709
14093491
14093450
14090530
14020161
14028545
14094096
14062041
14079456
14057269
14092450
14066188
14092335
14020330
14080688
14021040
14079097
14062077
14057288
14062370
14063106
14037418
14090309
14031570
14031508
14021379
14031150
14071080
14060359
14021613
14063217
14056885
14055122
14093650
14093455
14079616
14063196
14078570
14080190
14085410
14098555
14078220
14055049
14097052
14078700
14078720
14079147
14066332
14094530
14055069
14075517
14076120
14035224
14078050
14079014
14078070
14079012
14078060
14079013
14075270
14075260
14076410
14076400
14093327
14035142
14039037
14051260
14078170
14050120
14078160
14078163
14055420
14080095
14051340
14051270
14030510
14030520
14030786
14030378
14031243
14031246
14033027
14020604
14051330
14024130
14063286
14092160
14015090
14050330
14079038
14025300
14021687
14060137
14062245
14055538
14021494
14098834
14055510
14060517
14020110
14070368
14031509
14040278
14021728
14030220
14070640
14056190
14031740
14056880
14056890
14056680
14056665
14056667
14057470
14057475
14092374
14020399
14026571
14028789
14035377
14071420
14056613
14098352
14100032
14079405
14079381
14022108
14078740
14033039
14065770
14027130
14061020
14056685
14056795
14055390
14021050
14061220
14051299
14098364
14078370
14078167
14079030
14061700
14057482
14065688
14025290
14020490
14020385
14098210
14035200
14092292
14066327
14066416
14072068
14093310
14093526
14021022
14075619
14057380
14093516
14027754
14056693
14056671
14031836
14080549
14027020
14098302
14025360
14093370
14029191
14065686
14029456
14097133
14065755
14020660
14021616
14079105
14039104
14026350
14037432
14093180
14056632
14071330
14030216
14091229
14066410
14020529
14061284
14079470
14094084
14031821
14029182
14051478
14056612
14085300
14063025
14056648
14031012
14078690
14078718
14077500
14063034
14028707
14079460
14063274
14021055
14051250
14090710
14095020
14057267
14021615
14033163
14076180
14020079
14039042
14077170
14091490
14021593
14021590
14055110
14094608
14060668
14022509
14059273
14020039
14015170
14025000
14020098
14020170
14063328
14078040
14079015
14021729
14055017
14029168
14057399
14056854
14079377
14030643
14065320
14065310
14066020
14026270
14026591
14065660
14063394
14031752
14029555
14056687
14051415
14028711
14060434
14093554
14063322
14094609
14065175
14022508
14101107
14059253
14060846
14022322
14020020
14025400
14071660
14021608
14076220
14095038
14096090
14106005
14098589
14056621
14031811
14029171
14029204
14029163
14096280
14065390
14025150
14060665
14079103
14056856
14055496
14062093
14094236
14057453
14051450
14028767
14079378
14071190
14077260
14066178
14072050
14091140
14098828
14021596
14039102
14094604
14022511
14059270
14085030
14024340
14057385
14025189
14078580
14021440
14097130
14091280
14079344
14098080
14090240
14065610
14059235
14060600
14060345
14063109
14031818
14070280
14094106
14093244
14056561
14026120
14093254
14021370
14021019
14073802
14057454
14094125
14071400
14031862
14065259
14092260
14040165
14098814
14022104
14076510
14056673
14035010
14035186
14035164
14028765
14028780
14078737
14056739
14070380
14025319
14021584
14031874
14070330
14010000
14015030
14090520
14076060
14063250
14035212
14066456
14062073
14079785
14022037
14063214
14035261
14078367
14031736
14031238
14065480
14094103
14094100
14020726
14030150
14057387
14098315
14079385
14021360
14092459
14080269
14092751
14075807
14056891
14039020
14028788
14051360
14095290
14063376
14025380
14055160
14065400
14028506
14024100
14027110
14096580
14025630
14028563
14065295
14022042
14096080
14056350
14057080
14056569
14026568
14050149
14106023
14020443
14085109
14098754
14055499
14060446
14062249
14029167
14071520
14056686
14062081
14026584
14026070
14050439
14040164
14055285
14055010
14060440
14078620
14075350
14080020
14075529
14050440
14055490
14055472
14060100
14060113
14051290
14076110
14060029
14096033
14031183
14098242
14055062
14094150
14051293
14098192
14078468
14078478
14020340
14020356
14021655
14076000
14076010
14056220
14098126
14060676
14030650
14051470
14055665
14030125
14030620
14030667
14030750
14031595
14031580
14031757
14031870
14061279
14080300
14085530
14090310
14091309
14040220
14075538
14031864
14091069
14056614
14070350
14085010
14056853
14020320
14020288
14020354
14035188
14079346
14024370
14079429
14021573
14030430
14030335
14093285
14066060
14057442
14079046
14021637
14066330
14066090
14021240
14079324
14060390
14021177
14031519
14090339
14075680
14101108
14022030
14063082
14039000
14093256
14106074
14056806
14031748
14077482
14027200
14095398
14031738
14056875
14029263
14022722
14056567
14075640
14020270
14020493
14079608
14071640
14027023
14095289
14080439
14075550
14026526
14031410
14031400
14055539
14050270
14051169
14063145
14063142
14106026
14098366
14093210
14020690
14055639
14028533
14056762
14079044
14076150
14057419
14080107
14021576
14080410
14056736
14056716
14094105
14094098
14065209
14056660
14080500
14077450
14026560
14055620
14055630
14080380
14085580
14051230
14056270
14065790
14031140
14031298
14079175
14020679
14061640
14065679
14096440
14066432
14071709
14057370
14065299
14070320
14066342
14062088
14078841
14090500
14093020
14078566
14079187
14066460
14051297
14094196
14050200
14051130
14080370
14085570
14050447
14080520
14075310
14075048
14080400
14094197
14075530
14040297
14056848
14100048
14056641
14055357
14055040
14060530
14097550
14097600
14029287
14030110
14039073
14031839
14075140
14078400
14078420
14050438
14080550
14085650
14070130
14030250
14030240
14030585
14030658
14085360
14090230
14090275
14025570
14078410
14078440
14050150
14085609
14094193
14020730
14091160
14091170
14061150
14090489
14080100
14060648
14080070
14021594
14055494
14078490
14051310
14055400
14078340
14078373
14078350
14060550
14060556
14060363
14055460
14078430
14020073
14020115
14020380
14020733
14021003
14075520
14026516
14050428
14056857
14076023
14030390
14071580
14076270
14090209
14030020
14024040
14040632
14070050
14020280
14020344
14021679
14076069
14055540
14015100
14020055
14055609
14021516
14095310
14022514
14059263
14094614
14098565
14060672
14030622
14022504
14024150
14106047
14033003
14027260
14096089
14015160
14020095
14094599
14093641
14022515
14059260
14010010
14021070
14100044
14085620
14085610
14079085
14066438
14090328
14075810
14076130
14094010
14020469
14056802
14060070
14079453
14057170
14050179
14040636
14050300
14090180
14030210
14030565
14021645
14056652
14072070
14026280
14031014
14070680
14060673
14025048
14095560
14093110
14026115
14026220
14060064
14098230
14079334
14065440
14079280
14079420
14078369
14078390
14078195
14079032
14085370
14095026
14091120
14098358
14033151
14029462
14079602
14055663
14090399
14096509
14072080
14093630
14057520
14026592
14066016
14031070
14062234
14065786
14094225
14026260
14094012
14020152
14066466
14031260
14031365
14093531
14051148
14056897
14094132
14061060
14071260
14056849
14056847
14056715
14056770
14056744
14056714
14056655
14056650
14076068
14022324
14028770
14030068
14075080
14055200
14056765
14059225
14033037
14075650
14031833
14031526
14031450
14027668
14060260
14060220
14060160
14010140
14055580
14015000
14075540
14080180
14085390
14060120
14060118
14055530
14055478
14055000
14060230
14060489
14060210
14060200
14060186
14060170
14060183
14060340
14060686
14060858
14060280
14055690
14060000
14055125
14056080
14056815
14051520
14056830
14079276
14060250
14060270
14060190
14060188
14060240
14022047
14030239
14055638
14025488
14106062
14070035
14094134
14071040
14033030
14033109
14061120
14029272
14021100
14026562
14079080
14085110
14061190
14071668
14093029
14015139
14025487
14063112
14060845
14025340
14055018
14079618
14094014
14028566
14031507
14098573
14063406
14050390
14058006
14098368
14075630
14060750
14062033
14070710
14021126
14080640
14085720
14094179
14026585
14061400
14025550
14095500
14024140
14056140
14021256
14065630
14080099
14079441
14030330
14030798
14028503
14063043
14025430
14020220
14055230
14055343
14055333
14056888
14080320
14056883
14051000
14093542
14031100
14031278
14075580
14062096
14077330
14078780
14057383
14039010
14070010
14065020
14062022
14079396
14060065
14027010
14040296
14028708
14065620
14058050
14055016
14021355
14090019
14026608
14021686
14021575
14076100
14078610
14057445
14093643
14065250
14066414
14021110
14037423
14029181
14080510
14029390
14029450
14029420
14029430
14085060
14020309
14015120
14020083
14109899
14039100
14094509
14066039
14094092
14075360
14055039
14075028
14066420
14085170
14063061
14021045
14028024
14010035
14010060
14040210
14040614
14030489
14085440
14080210
14085430
14051350
14055260
14055403
14020580
14024170
14092465
14022106
14075770
14024020
14020408
14055340
14055336
14055669
14071700
14066117
14066446
14020019
14055035
14020453
14065777
14079037
14031500
14071490
14021750
14090079
14093665
14098832
14020729
14050398
14060448
14085210
14075060
14050060
14055038
14050410
14040180
14098070
14080000
14085000
14022742
14026551
14031529
14080387
14080720
14050359
14055670
14079383
14030019
14092010
14035190
14015040
14020023
14093330
14101106
14057450
14020160
14021587
14079321
14093627
14061570
14093380
14035002
14035013
14035100
14035110
14078735
14078492
14027050
14021042
14059227
14060370
14059205
14094107
14097020
14063028
14051410
14060790
14060839
14060080
14056120
14096070
14075690
14094607
14075362
14022506
14059275
14106020
14079791
14073814
14078843
14030487
14055668
14079604
14098317
14090570
14056440
14029155
14094650
14056630
14029198
14029201
14029260
14098125
14029169
14080040
14080049
14040050
14078640
14075458
14063400
14094610
14022507
14059277
14028712
14090689
14015069
14010180
14025384
14025200
14097110
14021677
14021620
14051190
14093350
14062250
14035168
14026110
14062242
14094178
14027005
14098128
14040080
14056566
14057427
14065110
14051179
14055150
14080110
14070060
14071170
14085680
14078702
14078830
14030640
14094175
14096590
14022704
14077460
14060652
14059243
14075410
14050419
14080170
14085380
14051038
14091040
14021614
14050168
14098595
14025309
14020183
14020370
14055637
14071498
14091379
14029183
14057375
14039110
14039072
14039111
14075130
14098824
14021522
14092053
14092060
14025470
14071230
14025450
14092483
14091050
14098838
14063385
14072102
14021410
14031309
14060197
14060584
14060580
14060386
14060586
14028012
14060540
14060553
14062363
14062000
14096450
14085070
14075010
14060568
14020700
14071009
14085048
14055090
14060590
14060168
14055409
14060770
14075020
14050500
14066207
14091320
14030370
14056100
14056105
14056728
14056820
14056772
14056852
14098250
14085540
14090320
14040607
14098560
14040616
14096298
14079790
14028776
14060740
14040600
14091340
14094122
14051300
14055380
14080096
14085159
14063211
14056851
14021660
14066030
14056811
14098570
14091429
14063139
14062240
14026570
14093390
14066400
14031690
14098260
14031479
14063202
14061552
14027015
14075390
14075380
14078550
14078560
14070740
14094500
14020290
14020283
14020346
14021653
14030010
14057514
14010090
14025009
14073800
14075456
14055488
14079190
14060169
14010110
14061660
14031753
14076160
14060558
14060560
14060366
14094540
14021798
14027660
14075649
14080670
14021730
14024230
14020300
14020285
14020348
14021676
14060519
14025708
14079155
14078080
14079011
14094613
14098566
14040153
14092373
14030624
14075632
14022503
14027514
14094602
14022513
14059257
14090270
14090260
14020670
14021612
14028003
14022093
14093170
14030009
14040199
14050435
14050351
14060636
14060630
14060423
14080660
14070500
14079010
14027090
14028585
14028584
14098554
14021680
14028006
14078645
14094611
14078602
14073803
14040157
14060838
14031880
14022501
14063022
14058003
14061600
14030700
14066454
14040110
14040125
14096036
14076519
14094070
14094102
14094209
14027135
14022748
14028554
14075330
14075336
14075348
14020720
14079474
14098810
14056775
14056707
14097570
14025490
14056855
14075700
14091420
14029132
14061000
14031360
14056748
14091523
14100050
14079167
14031805
14071620
14024240
14090277
14060559
14078712
14078585
14056699
14093129
14020260
14025405
14020273
14025700
14020277
14020525
14024196
14026000
14085200
14028021
14033038
14020728
14031814
14025330
14079125
14075814
14095390
14055019
14056283
14020045
14020040
14025410
14025415
14031020
14061302
14028785
14080459
14080470
14071440
14079308
14061290
14098388
14095190
14066444
14035144
14033130
14021585
14098320
14070120
14021049
14071340
14056732
14056768
14096188
14039117
14051370
14063220
14091030
14063127
14056750
14056712
14095100
14098360
14070510
14095024
14060020
14060033
14020440
14061282
14060010
14079423
14096034
14095025
14021662
14021564
14092413
14071459
14056643
14066468
14065765
14063046
14065776
14065768
14063319
14051365
14050460
14090539
14040163
14075079
14070690
14093631
14055566
14092440
14037420
14031599
14035175
14063391
14027502
14056275
14056635
14056742
14056669
14056688
14057526
14040623
14021170
14033020
14030160
14021577
14021619
14030070
14028009
14090510
14079318
14079409
14093647
14075622
14085548
14060661
14092122
14093013
14030315
14030412
14079042
14060860
14060862
14035191
14057400
14033103
14093666
14057486
14061390
14076040
14026320
14065791
14058018
14056030
14027600
14056817
14028509
14031620
14025649
14070620
14062038
14065772
14060069
14024320
14055493
14093622
14051460
14085158
14020678
14021581
14094228
14063103
14056453
14031210
14056615
14021258
14039045
14077400
14095350
14037143
14093410
14033106
14096295
14093220
14056119
14063256
14031016
14061130
14098583
14063055
14092390
14096038
14066442
14094237
14056602
14056871
14021583
14021647
14027120
14056860
14056399
14070250
14026517
14085190
14090342
14093675
14061650
14093628
14070745
14061590
14093347
14071470
14071460
14094109
14062365
14029192
14058053
14063265
14027170
14056540
14056710
14070150
14031742
14037439
14093005
14095229
14031203
14031440
14021630
14021683
14095300
14031868
14050315
14065410
14056874
14093567
14093535
14058009
14077488
14060619
14040020
14033181
14095520
14093050
14072123
14093010
14063226
14079045
14065260
14066436
14063355
14026581
14027492
14027493
14027494
14027495
14027496
14027497
14027498
14027499
14104014
14097554
14097602
14097614
14106080
14106086
14106090
14027688
14104032
14097564
14097622
14106099
14104034
14097586
14097624
14106098
14104036
14097584
14097626
14106100
14104016
14097574
14097630
14106101
14104038
14097576
14097632
14106102
14104040
14097588
14097634
14106103
14097578
14097636
14106104
14104042
14097590
14097638
14106105
14104026
14097580
14106106
14104028
14097582
14106107
14104008
14097604
14097628
14106084
14106088
14027692
14104048
14106108
14104050
14104052
14104044
14104046
14104060
14104058
14104054
14104056
14104012
14097606
14106091
14027690
14104006
14097608
14106092
14027686
14063181
14104004
14097610
14106093
14027684
14104018
14097612
14106094
14063403
14063205
14097616
14106095
14104024
14097618
14106096
14104030
14097562
14097620
14028723
