14832032
14832000
14830033
14830266
14830172
14832140
14832134
14832104
14832034
14832044
14832184
14832162
14832148
14830262
14830017
14832154
14832168
14830258
14830076
14834026
14832182
14830204
14830156
14830242
14830167
14830063
14832132
14832040
14830045
14832218
14830029
14834012
14832046
14832108
14832002
14830027
14830222
14832020
14832100
14832050
14832004
14832212
14832114
14830228
14830252
14830152
14830248
14832180
14832170
14832042
14832014
14830232
14832160
14832158
14832126
14830025
14830230
14830070
14830061
14830003
14832128
14830013
14830190
14830160
14830154
14832016
14830256
14830234
14832012
14830236
14830055
14830074
14830015
14830051
14830007
14830005
14834022
14830001
14830246
14830202
14830180
14830244
14830226
14830053
14830206
14830182
14834020
14834001
14834002
14834028
14832112
14832144
14832186
14834006
14832036
14830240
14830059
14834024
14832166
14832152
14832216
14830224
14832142
14832110
14830260
14832048
14834030
14830072
14830031
14834004
14830158
14830200
14830192
14832190
14834008
14830250
14830254
14832188
14832146
14830188
14830162
14830168
14830170
14832018
14830049
14830184
14830166
14830041
14830035
14830264
14832010
14830238
14832150
14832106
14832038
14830174
14830220
14830210
14830039
14832164
14830164
14830011
14830009
14833899
14834899
14832130
14832006
14832102
14832022
14832030
14830078
14830043
14832008
14830037
14830047
14830208
14830150
14832214
14830186
14832122
14830021
14830057
14830080
14830019
14832156
14832124
14830023
14832116
14832210
14832192
14832200
14832120
