14986120
14980032
14983510
14987608
14987064
14987414
14987416
14986016
14987728
14980610
14980023
14980476
14986020
14980430
14983512
14987078
14983526
14980170
14980262
14980404
14980450
14980420
14987422
14983504
14980448
14980428
14987410
14980144
14980272
14983546
14987726
14986034
14987070
14987438
14987002
14980178
14980402
14983544
14983550
14986036
14980458
14980264
14986030
14986100
14986044
14987724
14986046
14980007
14980142
14980100
14987720
14980632
14980472
14987060
14983528
14980106
14980019
14987426
14983552
14980454
14986018
14987420
14986006
14980164
14987086
14980270
14980602
14980400
14986024
14987714
14980474
14987030
14980025
14980005
14987020
14987004
14987718
14980618
14980670
14980620
14987706
14987418
14986002
14980662
14987042
14987604
14986014
14980268
14980478
14987708
14987022
14980470
14986012
14980452
14987406
14980140
14980134
14980260
14986040
14986038
14986026
14987602
14980104
14980880
14980672
14980630
14987034
14980030
14987032
14980606
14980640
14980636
14983520
14987090
14987206
14987412
14986042
14987430
14980612
14980027
14987204
14980622
14987610
14987000
14987208
14980015
14980482
14980444
14980408
14987026
14987404
14986032
14980440
14980432
14983522
14980634
14980674
14980642
14980102
14987600
14987080
14980650
14980624
14980614
14980412
14980011
14987436
14987044
14987050
14987710
14987700
14987200
14987054
14987010
14987432
14986028
14986108
14987052
14980122
14983524
14986110
14987402
14980668
14980604
14983556
14983506
14987006
14987028
14987434
14987024
14980003
14983540
14987056
14986104
14980456
14987702
14983502
14980644
14980616
14987076
14987202
14987428
14987074
14986008
14987068
14987072
14980446
14980162
14980132
14980174
14980660
14987440
14980424
14980480
14980442
14987442
14987400
14980664
14987082
14980426
14987704
14986022
14983548
14980148
14980009
14987040
14980176
14980150
14980422
14986000
14987062
14987008
14980266
14980152
14987408
14987716
14987712
14980146
14987084
14983542
14987722
14986106
14987066
14980168
14983700
14983702
14983704
14983706
14983708
14986150
14986140
14986130
14980001
14980667
14980600
14987058
14986010
14980172
14980460
14983554
14989899
14986102
14987424
14987088
14983500
14987036
14987038
14980666
14986112
14980608
14980021
14980017
14980120
14980406
14980110
14983508
14987606
14980160
14980108
14986004
14980013
14980410
14980166
14980130
14983710
14983712
14980250
14983530
