13440076
13442160
13442104
13442122
13442200
13440062
13442040
13440118
13440080
13440090
13440138
13440192
13440106
13440082
13440198
13440030
13442206
13442134
13442012
13442047
13440042
13442006
13442168
13440054
13442201
13440116
13442178
13440104
13442033
13440186
13440060
13440026
13442024
13440120
13440112
13442144
13440058
13442020
13442010
13440019
13440070
13440064
13442120
13442004
13442022
13442008
13443061
13442000
13442032
13442100
13442110
13442046
13440056
13440134
13442042
13442203
13442140
13440130
13440001
13440108
13442156
13442158
13442154
13440110
13442172
13442121
13442002
13442026
13442030
13442108
13440015
13440028
13440044
13440052
13440088
13440011
13442038
13442179
13443060
13442044
13440194
13442132
13440128
13442102
13442028
13440084
13440100
13442136
13440005
13440046
13440180
13440200
13440072
13440074
13442176
13440182
13440102
13440184
13442166
13442118
13442045
13442116
13442130
13442043
13440190
13440010
13440020
13440078
13442114
13440012
13440022
13442170
13442048
13442150
13442205
13440126
13440007
13442142
13440086
13442106
13440003
13440202
13442174
13442164
13442162
13442204
13442034
13442152
13444899
13440191
13440122
13440115
13440013
13440050
13440034
13440041
13440114
13442036
13440196
13440136
13440124
13440009
13442138
13440032
13440040
13442112
13440132
13440043
13440024
13440014
13442049
