15785224
15785422
15785240
15785100
15785134
15785110
15785428
15785204
15785300
15785248
15785400
15785003
15785220
15785404
15785015
15785360
15785328
15785200
15785146
15785019
15785116
15785090
15785424
15785118
15785092
15785210
15785142
15785228
15785132
15785098
15785001
15785440
15785430
15785136
15785112
15785208
15785140
15785230
15785096
15785406
15785011
15785420
15785410
15785426
15785114
15785206
15785138
15785222
15785330
15785009
15785202
15785232
15785005
15785242
15785244
15785094
15785130
15785120
15785402
15785013
15785007
15785408
15785246
15785226
15789899
15785017
15785212
15785310
15785450
15785312
15785452
15785314
15785454
15785316
15785456
15785318
15785458
15785320
15785460
15785322
15785462
15785324
15785326
