14827000
14827034
14825206
14825062
14827016
14827050
14825035
14825182
14825196
14825013
14825005
14827042
14827012
14825806
14825804
14827076
14827048
14827080
14825052
14827046
14827038
14825154
14825192
14825158
14827022
14825029
14825009
14825184
14825200
14825204
14825176
14825042
14827006
14825001
14825058
14825040
14825037
14825194
14825162
14827068
14825208
14825170
14827032
14827064
14827024
14825054
14825178
14827010
14825168
14827054
14825027
14825150
14825050
14827028
14825025
14825017
14825190
14825156
14825160
14825202
14825166
14825019
14827002
14827008
14827004
14827020
14827036
14825046
14827040
14825172
14825011
14825802
14827070
14825064
14827018
14827062
14825048
14825060
14827044
14825174
14827074
14827066
14825023
14825180
14825044
14825056
14825800
14827060
14827056
14825015
14827052
14827072
14829899
14827030
14825198
14827078
14825164
14825152
14825003
14827014
14825007
14825066
14825021
14827026
14825031
14825210
14825033
