18652456
18652080
18654142
18652164
18652124
18652436
18650774
18654532
18650778
18654578
18650404
18652162
18652122
18652148
18652404
18652184
18652132
18652118
18652442
18652440
18652248
18658350
18652342
18656462
18654552
18654546
18652082
18652050
18654058
18650164
18654018
18654096
18652114
18654110
18656086
18650045
18652300
18652414
18650582
18658424
18658338
18658184
18650820
18650728
18650706
18652186
18650826
18656312
18650021
18652086
18652540
18656284
18654372
18654562
18654516
18652444
18652204
18652188
18652200
18654592
18652136
18656006
18658012
18656292
18658112
18654074
18658404
18658355
18650019
18654116
18656052
18654554
18654328
18658036
18658018
18652242
18654584
18656056
18654168
18652078
18650546
18652502
18652518
18656468
18652538
18652510
18658332
18654016
18650152
18656204
18650792
18656062
18658298
18654632
18650804
18656220
18656230
18656240
18652416
18655514
18652448
18650552
18652062
18652072
18652116
18650156
18652306
18656482
18658266
18654572
18658264
18650558
18652108
18658320
18650504
18654368
18654332
18654310
18654340
18656276
18650506
18658342
18654662
18650578
18654536
18658110
18652478
18652454
18654672
18658002
18654510
18650770
18658120
18652084
18654504
18658322
18654330
18654148
18654170
18654160
18652092
18650071
18656470
18656250
18654138
18650061
18650005
18658118
18656314
18654362
18654378
18652212
18658190
18658256
18652106
18658004
18654382
18650818
18652130
18650027
18652006
18656030
18656040
18650158
18652000
18654012
18654526
18650754
18650406
18654352
18654326
18650079
18650822
18654638
18658262
18650029
18656318
18650564
18652088
18654556
18652288
18658170
18652500
18652536
18650037
18654114
18658006
18654302
18656044
18654608
18650554
18650025
18658038
18654620
18654674
18654606
18650049
18652320
18652134
18652182
18656082
18652470
18656466
18650550
18656458
18650824
18652002
18652170
18652004
18656214
18650784
18656322
18654090
18654582
18650576
18658340
18652056
18656008
18656026
18658274
18658016
18658412
18658410
18658114
18650712
18650722
18652438
18656234
18652276
18650500
18650043
18654344
18650081
18650748
18650790
18654132
18654080
18654308
18654364
18654320
18652286
18650039
18652270
18650055
18652324
18656454
18650780
18656484
18652312
18652330
18650782
18656252
18656260
18650023
18650756
18650812
18650814
18656268
18650744
18650083
18650502
18650085
18656236
18656262
18650302
18658330
18650412
18656206
18656286
18656238
18650530
18658278
18654666
18656264
18650035
18654306
18654052
18650538
18656068
18652460
18652430
18650041
18652058
18650087
18654386
18650001
18650750
18650522
18650534
18654542
18652348
18654588
18658032
18658422
18658400
18652074
18650708
18650726
18650542
18654522
18652246
18658296
18652272
18656054
18654022
18654518
18656002
18650544
18656096
18654162
18652700
18654646
18650736
18654010
18654550
18652090
18650007
18656046
18654590
18654644
18652128
18658414
18658426
18656280
18652210
18656000
18650150
18654568
18656084
18654068
18658306
18654652
18652216
18650794
18658182
18654508
18658194
18654360
18654300
18654540
18654660
18654630
18654564
18658357
18652426
18658020
18658010
18652482
18652492
18654172
18656072
18658276
18658168
18658301
18656024
18650154
18658024
18658040
18658180
18652340
18652308
18652326
18654002
18658022
18658044
18650732
18654610
18654062
18650548
18656274
18658104
18650772
18656456
18650520
18650073
18650704
18654524
18658000
18658416
18658420
18652146
18652483
18650031
18652252
18650168
18650069
18654056
18654384
18650414
18650528
18658351
18652160
18650009
18658328
18654175
18652052
18652452
18650572
18658353
18650776
18650562
18656060
18654668
18658008
18656212
18652412
18655504
18654574
18650416
18650420
18652292
18652264
18658166
18654006
18654122
18654130
18654140
18652280
18656048
18656218
18650710
18650724
18654098
18652100
18654000
18652150
18654070
18652168
18654050
18658164
18654136
18656200
18652476
18652514
18654370
18652486
18652472
18654100
18650566
18650570
18652504
18652516
18656064
18650013
18650053
18652240
18652142
18650702
18654544
18656278
18656288
18658406
18656244
18658162
18654020
18654076
18656058
18654670
18652479
18652458
18656248
18654548
18654664
18654528
18652282
18654560
18655516
18656290
18650740
18658014
18654512
18652506
18658186
18654618
18650796
18650586
18658292
18652260
18650047
18652296
18652304
18656298
18656464
18650033
18658294
18650162
18650524
18655506
18656070
18652112
18652496
18650800
18656042
18650798
18654604
18656066
18652520
18650752
18654350
18654008
18658362
18656004
18658280
18652434
18650734
18650786
18650166
18654376
18654304
18650580
18652432
18656270
18658336
18655510
18650720
18650700
18652262
18652294
18652302
18650402
18650408
18650760
18652110
18656300
18658324
18650508
18654594
18650742
18652474
18654176
18650560
18658302
18652076
18652190
18652064
18654060
18656088
18650160
18658304
18654346
18654064
18652102
18652512
18650057
18652180
18652166
18652126
18654598
18650588
18654612
18650540
18656028
18656094
18658100
18650518
18650536
18658188
18656296
18654650
18654134
18654104
18654120
18652400
18658366
18658106
18652420
18654066
18654082
18652120
18658270
18658042
18650063
18652274
18658102
18656090
18652214
18652350
18652012
18656282
18650015
18656050
18656242
18654530
18654558
18658360
18650738
18658172
18652450
18658272
18658356
18650424
18650746
18654616
18650067
18654586
18654092
18658300
18652534
18656266
18652418
18658408
18652490
18652422
18652244
18654380
18652406
18655508
18650514
18650532
18658359
18656010
18656020
18650556
18654614
18654173
18656022
18652144
18656208
18656232
18652140
18654144
18650075
18654054
18652104
18654014
18654534
18658108
18658308
18658116
18658252
18652010
18656450
18654538
18654634
18656216
18658310
18650758
18650810
18658368
18652532
18658326
18655502
18654078
18650410
18654502
18650816
18658196
18658250
18652314
18650059
18652138
18656316
18652206
18656460
18656452
18654004
18658260
18650003
18658284
18658334
18658268
18650065
18658254
18654596
18656272
18658282
18652498
18652494
18654514
18658402
18650730
18652352
18650516
18654342
18656092
18654164
18654166
18655512
18652316
18652332
18652290
18652266
18650011
18652054
18650788
18650526
18652318
18654500
18655500
18656480
18658348
18652542
18654150
18656472
18654094
18654322
18658030
18658192
18654600
18652334
18654118
18652268
18656246
18654640
18654602
18657899
18659899
18656320
18650574
18654520
18650089
18652284
18650077
18650584
18656202
18654642
18658346
18654348
18652530
18652322
18650051
18656074
18656080
18658122
18652424
18658344
18652402
18652060
18652070
18658258
18650422
18650400
18652202
18654576
18650510
18658160
18656310
18652310
18652328
18656210
18654580
18654636
18654072
18650300
18654112
18654566
18658364
18654506
18652008
18650512
18652410
18654648
18654374
18652208
18652488
18652344
18652346
18652250
18654570
18652428
18654146
18654102
18654366
18654354
18654324
18652480
18652484
18652446
18652462
18652408
18656294
18650802
18650828
18658034
18658290
18654178
18650017
