11600778
11601000
11621103
11625599
11608224
11625545
11606172
11604228
11623238
11626473
11617109
11618071
11626189
11611603
11601054
11604204
11618526
11608251
11622100
11602370
11603334
11615687
11604240
11614774
11600518
11608230
11626494
11628570
11609012
11611187
11619401
11618339
11629242
11614239
11624106
11601037
11628216
11629565
11628311
11628293
11603280
11629287
11604213
11626183
11608623
11623277
11608269
11604168
11629206
11604243
11608206
11623514
11619001
11618303
11618306
11609509
11610145
11612719
11623436
11608233
11610142
11618360
11629556
11623487
11615648
11611103
11623280
11600199
11623316
11612630
11622109
11614200
11628103
11624221
11626300
11608620
11629547
11615651
11622606
11600506
11608605
11600224
11629248
11608554
11629260
11610106
11612100
11611600
11608560
11601030
11629236
11611247
11609524
11601033
11609503
11608626
11608566
11619392
11618137
11624224
11629541
11610172
11628646
11611217
11611220
11619371
11618086
11618089
11606142
11624218
11625593
11626488
11612779
11626360
11606130
11606136
11623445
11602188
11622121
11603310
11608599
11609006
11610109
11603292
11614215
11618378
11618275
11608227
11618405
11618553
11618375
11623241
11628290
11618381
11629559
11600763
11608533
11618279
11624173
11625608
11619447
11601057
11619398
11600194
11621100
11600195
11625500
11605100
11629275
11618411
11621630
11621636
11614362
11628658
11611169
11619368
11612710
11626345
11615654
11628118
11617157
11615669
11619446
11617154
11608557
11614230
11623232
11629293
11617148
11628100
11618391
11618535
11606121
11610657
11618408
11617145
11617103
11629213
11612776
11604201
11618276
11612722
11610112
11612571
11628299
11623260
11623220
11600527
11623283
11618574
11602358
11609530
11608221
11623286
11603316
11623115
11610154
11629568
11611208
11611651
11618559
11623103
11623292
11608257
11608548
11618213
11618216
11605506
11614762
11628201
11623304
11604186
11626306
11615663
11617142
11623442
11624473
11617139
11618399
11622119
11603319
11618357
11615606
11600748
11628245
11624215
11628563
11618210
11615621
11622609
11626503
11601105
11629227
11617136
11614233
11600742
11602185
11608584
11624194
11628536
11624477
11600421
11626512
11618264
11618330
11615672
11600772
11622621
11628121
11626303
11623466
11619000
11621624
11602325
11625590
11615678
11618332
11602328
11617106
11619109
11600515
11624340
11626330
11618053
11600751
11600769
11603298
11612770
11608575
11603265
11612731
11623246
11628655
11617163
11618125
11600206
11626182
11628566
11609045
11622603
11626339
11623516
11628568
11629209
11601024
11602176
11618571
11614242
11624479
11628539
11600400
11629305
11618342
11612746
11612559
11621000
11601009
11600730
11629284
11618267
11628119
11600545
11619365
11608545
11600215
11611190
11629200
11600530
11624476
11611226
11626476
11618336
11628578
11621615
11622612
11602197
11600321
11619419
11609042
11601084
11611148
11623463
11601078
11601087
11602623
11623223
11629793
11629550
11622618
11618059
11600754
11628296
11628551
11612713
11604237
11603289
11608590
11628388
11603274
11628195
11628560
11618387
11605109
11603259
11622624
11624212
11601051
11604701
11623469
11608602
11609036
11626336
11602349
11600733
11623298
11602353
11621600
11619350
11611654
11611657
11628385
11610103
11608596
11608018
11628117
11628459
11618113
11618214
11623274
11611115
11610606
11610651
11611175
11628545
11600407
11618301
11622627
11629251
11609033
11601042
11605139
11624209
11608003
11629302
11608209
11623460
11606139
11601072
11615690
11619106
11628219
11600424
11619104
11618547
11618077
11606118
11600427
11611627
11602334
11601027
11602170
11612737
11612764
11605115
11604692
11614364
11611238
11603283
11601003
11601006
11606115
11609030
11604177
11611660
11628465
11628382
11600766
11623289
11628192
11626479
11608245
11612773
11601012
11600787
11611621
11608236
11612755
11612758
11621663
11600198
11608242
11625501
11606109
11616503
11608239
11614353
11602337
11618321
11626363
11619151
11600509
11618116
11625185
11618580
11617115
11611663
11601045
11618288
11615688
11609018
11614079
11622106
11621669
11628569
11614085
11629203
11623307
11606160
11628533
11604707
11629544
11628207
11604686
11618255
11623109
11611106
11611109
11628115
11618134
11610139
11618249
11618252
11611214
11615657
11600197
11622133
11628112
11618273
11628379
11622633
11605509
11623322
11605118
11629577
11612568
11611100
11609039
11622112
11618352
11623262
11629290
11629553
11600736
11612565
11629299
11618219
11603253
11611118
11601039
11614753
11614756
11611193
11625509
11621633
11605103
11608593
11601015
11619359
11625188
11612636
11603328
11629253
11626497
11615633
11628450
11625569
11628189
11629790
11615691
11625530
11604153
11625566
11618348
11628453
11618345
11600512
11618390
11610118
11600503
11604683
11600775
11600196
11618550
11618318
11618245
11614203
11612562
11608012
11608015
11618080
11614771
11621606
11618309
11612728
11600536
11612734
11614082
11614236
11611645
11604180
11618228
11609051
11615615
11623475
11618122
11611630
11626482
11624182
11615681
11618312
11601048
11625176
11608606
11623481
11623484
11626318
11618538
11601117
11618577
11622130
11618327
11624176
11610136
11600757
11608248
11602343
11615612
11614076
11621666
11618243
11624197
11615618
11624206
11612716
11606124
11625505
11626305
11624343
11626324
11612752
11623275
11628577
11626500
11623301
11623226
11608569
11622124
11617121
11617133
11621657
11628210
11611181
11611184
11609021
11618285
11626348
11603271
11618092
11600318
11618414
11609533
11618234
11615689
11619004
11625536
11623229
11614218
11629230
11623265
11625173
11608539
11600430
11601120
11608611
11608260
11624170
11602629
11600306
11608551
11614765
11614206
11608215
11608218
11600784
11611232
11623256
11615630
11605518
11606157
11611133
11629266
11602364
11602620
11606169
11611624
11628124
11628183
11612725
11618119
11608021
11615693
11621660
11629796
11629224
11629296
11622151
11605512
11628370
11629308
11617151
11610642
11610645
11629538
11602641
11609054
11600542
11604189
11600539
11629245
11623439
11624177
11618131
11623106
11618270
11619416
11619445
11602638
11604156
11602635
11604165
11606133
11610175
11611139
11619434
11610627
11610630
11605515
11610127
11610615
11602644
11628575
11614212
11618231
11611250
11614221
11618562
11611121
11611124
11611205
11602322
11608266
11624470
11625605
11600303
11623493
11617166
11608254
11611157
11611160
11623508
11618544
11625533
11619107
11623478
11618333
11604698
11611235
11625503
11623112
11605106
11621642
11628376
11629546
11618556
11621654
11609536
11624346
11608263
11603262
11600412
11618261
11618532
11600418
11614768
11600200
11618083
11608006
11622142
11619362
11609001
11608530
11608200
11624188
11623457
11614759
11606163
11602340
11621651
11600315
11622154
11612633
11612743
11608608
11603337
11614350
11623310
11618232
11618233
11618139
11623490
11604192
11601021
11600793
11600218
11619386
11624103
11625170
11628652
11619383
11611612
11625554
11618246
11628186
11622115
11600524
11623244
11603325
11602367
11624191
11618225
11603313
11618568
11608000
11626515
11616500
11617100
11625572
11612109
11612550
11618055
11628116
11614070
11614750
11615600
11619353
11622148
11623100
11624227
11615102
11606100
11605136
11604710
11629254
11600403
11611606
11608572
11623433
11618222
11622163
11618354
11623451
11626180
11600521
11608563
11629218
11622118
11629520
11608009
11609003
11618056
11618062
11628308
11615624
11609518
11626491
11618104
11628643
11600312
11615609
11623502
11619356
11622150
11623505
11603304
11602331
11618074
11622103
11618393
11629263
11606154
11628305
11606151
11611136
11618068
11619105
11623268
11624236
11617124
11628554
11628557
11604246
11610157
11603286
11626186
11622600
11610654
11629257
11608536
11603277
11628649
11623499
11614209
11618128
11628231
11629532
11629535
11614359
11604195
11600300
11629529
11626309
11625563
11625560
11623250
11623263
11625557
11602352
11628213
11605121
11602191
11623249
11629269
11626470
11629574
11605500
11609521
11609057
11624230
11604234
11617160
11610148
11629526
11618237
11621639
11602355
11621609
11603301
11610163
11623454
11610166
11600781
11610160
11621612
11610151
11619413
11618315
11604695
11618324
11601069
11611648
11628225
11628226
11611633
11601114
11601036
11625578
11610621
11624349
11628571
11609506
11608578
11618095
11604219
11618520
11628222
11611229
11610624
11625581
11625575
11601075
11601102
11610636
11601018
11600790
11621603
11618065
11623448
11611172
11621645
11619428
11628640
11624352
11602319
11610133
11617169
11610130
11610600
11600324
11626509
11621648
11623235
11603250
11626354
11601093
11608581
11600533
11619148
11621621
11611636
11619363
11609527
11624233
11600212
11617112
11602361
11626357
11618402
11619404
11619407
11628127
11609512
11614227
11602173
11611196
11629278
11629281
11626333
11605127
11628109
11625518
11625551
11601060
11601081
11612103
11622127
11619374
11623269
11600404
11628530
11604704
11622157
11611642
11611639
11612740
11618101
11618541
11618329
11609000
11618523
11618294
11600309
11623271
11615100
11612553
11628204
11624355
11626312
11601099
11611202
11602200
11601066
11602194
11623313
11603295
11615639
11608212
11624179
11626342
11619377
11621106
11618240
11618297
11623515
11617127
11614073
11616506
11604150
11626185
11629233
11618396
11615636
11618110
11621627
11602626
11602346
11621618
11622139
11608024
11606112
11612106
11615660
11628572
11611615
11600760
11618291
11615675
11618050
11619118
11619133
11619121
11619142
11619124
11619130
11619127
11619136
11619139
11619115
11619145
11603322
11616509
11614071
11600415
11603268
11618366
11609015
11625182
11629562
11611178
11612761
11601108
11625179
11610612
11606166
11608555
11609024
11611154
11600209
11614088
11619395
11610121
11609500
11610100
11604183
11626321
11622160
11619112
11623472
11626327
11603307
11600739
11609009
11605130
11618372
11618374
11608203
11619389
11618282
11611609
11611618
11611151
11619410
11622630
11628246
11628247
11628248
11623517
11602373
11628456
11627899
11612767
11628468
11626190
11629215
11619103
11612782
11606103
11629571
11610115
11610633
11615642
11618363
11605112
11601090
11609515
11612749
11612556
11610124
11604159
11604162
11611241
11604171
11602313
11602310
11611127
11611130
11619422
11602316
11619393
11629314
11604245
11602632
11618565
11628228
11608614
11625191
11604210
11604216
11614356
11615666
11603331
11629272
11617130
11624358
11624185
11604207
11622615
11611145
11628223
11606145
11628373
11628542
11616512
11628234
11623430
11623259
11623261
11604231
11623300
11623319
11628229
11618098
11618400
11619425
11629311
11611142
11628314
11629580
11615645
11623496
11625506
11629239
11605133
11614224
11600221
11625524
11600500
11611211
11625548
11625512
11628198
11622145
11619440
11601096
11623253
11626351
11611199
11629221
11619100
11618117
11604222
11623247
11623248
11615603
11628180
11610618
11601063
11610639
11615684
11610609
11611166
11611223
11608587
11619443
11628120
11601111
11618369
11600203
11618384
11625596
11619431
11625507
11626315
11625539
11625527
11628462
11625602
11609048
11619437
11628106
11610169
11610603
11610648
11611163
11618300
11628548
11604174
11624109
11609027
11602179
11611112
11621500
11600227
11600406
11600409
11606106
11611244
11618258
11624203
11623295
11602182
11600745
11623511
11604689
11624100
11604198
11622136
11604225
11624200
11608201
11618351
11618350
11604680
11628122
11622166
11603256
11612785
11618529
11608617
11605503
11618107
11606148
11629212
11625515
11606127
11605124
11625521
11626506
11625584
11625542
11625587
11615627
11617118
11626485
11624482
11628302
11619380
11602636
11608542
11602348
11602350
11602351
11624483
11618371
11624484
11618217
11618578
11618373
11624485
11618218
11624486
11624487
11624488
11624489
