13575161
13568580
13570765
13575682
13562513
13573570
13565290
13565310
13565380
13565400
13565333
13562722
13571807
13571815
13571821
13571823
13571822
13569003
13571617
13564630
13567120
13562150
13566612
13571819
13566530
13560530
13570105
13561000
13575340
13563743
13567180
13568498
13560470
13563732
13574160
13562292
13563307
13568220
13566587
13565428
13563892
13571818
13566421
13566423
13568802
13566880
13568841
13568832
13575715
13564807
13573128
13564530
13571253
13562390
13568150
13572084
13566010
13563340
13563778
13563602
13570480
13573544
13572060
13566585
13575888
13573470
13573106
13568010
13561030
13573684
13571511
13575160
13561232
13571512
13562290
13560290
13566290
13574365
13570540
13568742
13573496
13560460
13561270
13560649
13569520
13570383
13575871
13561080
13564813
13560644
13572080
13575173
13565252
13564600
13566419
13566582
13572400
13568390
13563275
13562148
13575881
13570592
13564300
13568310
13571820
13562439
13562000
13561358
13562848
13569710
13573530
13575630
13563610
13563490
13573190
13564350
13564180
13573324
13571806
13571639
13574031
13569470
13574280
13573345
13566853
13574490
13575773
13568774
13570510
13573258
13568805
13568777
13572323
13568370
13567480
13570216
13568520
13573346
13567590
13567460
13564700
13571866
13571854
13571120
13562341
13574510
13575702
13566894
13562832
13566447
13568803
13570500
13567250
13570200
13561205
13562144
13563747
13573260
13571255
13566020
13567060
13574270
13563565
13573056
13573564
13562293
13563306
13568808
13570070
13567870
13568762
13567560
13573208
13574290
13563898
13572271
13563858
13574034
13562802
13573560
13573572
13573329
13563711
13564832
13563759
13575240
13570020
13564390
13568060
13571628
13567700
13568826
13575007
13566602
13573742
13563758
13568130
13567470
13570600
13575783
13575782
13573146
13564720
13570636
13568680
13573540
13573480
13575090
13573420
13571200
13570110
13575220
13568070
13571320
13566605
13567894
13563774
13568787
13562502
13568670
13573800
13573552
13574480
13570323
13560046
13573013
13571860
13571851
13560297
13560291
13560051
13560489
13560491
13560471
13566230
13560500
13567231
13570212
13569460
13575500
13573850
13562846
13567192
13573558
13567330
13564710
13575480
13567409
13568040
13573494
13568860
13573256
13563833
13566487
13573120
13573223
13572277
13573240
13573028
13571800
13571802
13571813
13571811
13571805
13571810
13571814
13560120
13571809
13575620
13565884
13566770
13571803
13571816
13571824
13569136
13573254
13566600
13567813
13563700
13567300
13571150
13563530
13575260
13568527
13566565
13575870
13575880
13564730
13573721
13564351
13570783
13570475
13568320
13568813
13573340
13567864
13568050
13573140
13571528
13566446
13570410
13563524
13562804
13571808
13571804
13564510
13571795
13569390
13563480
13569002
13567220
13573382
13573370
13573252
13568781
13571867
13573280
13573126
13575877
13575063
13568820
13568759
13575805
13568835
13573015
13562110
13562381
13563844
13570829
13566500
13568420
13568590
13562515
13573630
13565291
13565311
13565334
13565381
13565401
13567876
13572190
13560043
13567730
13561418
13562505
13572070
13573029
13575130
13575781
13567415
13562724
13560292
13567867
13566857
13573851
13563737
13564091
13560045
13562842
13568430
13560645
13568560
13573351
13567440
13563896
13563562
13566485
13573492
13562500
13574004
13568190
13568817
13567260
13560660
13569330
13568460
13574703
13568690
13574030
13566490
13575263
13565262
13574706
13563150
13566417
13566415
13566425
13568872
13569020
13566680
13574620
13562240
13564100
13565517
13569200
13564120
13569135
13563894
13565440
13563261
13571095
13561414
13569480
13569231
13568350
13570430
13573320
13573681
13562420
13567600
13567230
13575163
13570217
13565292
13565312
13565335
13565382
13565402
13572460
13575860
13567280
13567550
13562828
13564210
13567050
13571340
13571170
13560490
13569360
13567150
13574515
13566538
13566240
13560296
13560350
13562140
13563300
13574320
13564640
13566860
13573687
13570660
13560001
13560010
13560002
13560011
13566330
13562808
13562830
13568828
13561003
13560250
13560251
13569230
13571619
13564690
13560550
13564526
13564420
13568340
13571620
13570771
13571602
13563854
13565810
13568090
13573114
13572110
13572311
13561230
13574580
13563220
13563776
13566603
13573065
13568120
13573376
13573568
13563812
13570695
13561384
13561411
13574001
13570658
13574020
13563801
13573336
13566503
13572370
13573730
13563742
13563260
13564060
13568241
13571070
13573766
13561356
13575331
13572402
13572440
13564809
13564822
13560510
13573772
13571252
13571611
13566610
13565530
13567350
13562840
13575375
13562295
13562400
13574230
13562506
13575230
13568784
13574024
13564846
13564865
13566804
13575676
13573532
13568757
13563577
13563882
13568776
13573526
13575862
13570810
13563110
13565897
13565888
13565894
13566630
13562521
13565359
13567670
13573104
13563848
13573692
13573272
13574430
13564505
13566070
13566690
13561400
13566536
13569707
13567811
13566570
13566550
13560680
13569340
13571160
13565893
13561406
13563829
13568493
13569530
13565293
13565313
13572202
13570213
13575662
13563552
13573693
13563264
13563384
13570470
13567210
13562801
13560646
13575440
13564220
13562728
13560200
13560201
13569006
13570211
13573298
13572391
13563670
13564857
13563570
13563713
13573493
13570321
13563160
13562836
13562145
13568230
13566494
13566849
13566873
13566878
13564852
13564859
13566883
13566801
13562806
13575774
13570210
13568080
13563303
13562003
13573435
13564130
13568610
13574210
13575008
13563100
13570530
13574702
13570501
13563825
13563290
13573590
13564332
13573310
13564872
13573582
13569580
13563563
13568716
13572076
13574360
13575350
13571861
13571856
13564280
13571783
13572359
13566863
13568834
13567000
13565294
13565314
13563748
13570657
13568643
13563578
13567530
13563190
13563779
13571240
13571100
13563704
13573440
13566889
13564817
13566750
13564250
13574440
13575268
13563745
13572100
13563608
13570170
13567885
13560047
13572420
13570215
13566332
13572130
13573574
13560178
13564335
13573204
13575701
13568360
13575060
13573556
13563738
13574705
13568640
13573545
13573689
13563305
13566030
13569490
13560301
13566431
13563760
13560570
13560049
13566800
13568783
13563775
13563750
13563571
13564570
13565540
13575802
13571390
13575801
13570460
13563850
13566845
13566862
13566868
13566886
13573491
13571786
13561200
13568782
13575764
13561351
13564365
13566050
13563761
13563263
13566427
13562430
13567879
13569190
13575890
13562300
13573410
13573528
13566611
13569270
13564500
13575678
13575232
13573688
13573775
13573209
13568843
13573068
13565295
13565315
13571370
13562342
13562508
13575171
13563852
13570594
13562250
13570341
13565422
13566890
13572160
13569703
13568766
13563567
13574190
13564159
13572200
13570788
13564200
13568811
13563090
13573122
13561352
13562002
13562807
13571518
13567610
13560041
13569350
13574420
13573168
13573578
13571335
13566355
13563890
13573218
13563560
13568708
13562001
13569702
13573017
13564170
13568836
13575300
13566606
13573016
13563888
13560310
13567202
13570835
13566865
13574011
13573706
13573321
13573262
13565545
13573342
13569004
13574007
13568678
13563360
13575400
13563810
13563040
13565500
13566400
13572090
13570650
13573625
13570160
13570740
13572410
13566190
13564002
13561250
13563310
13563200
13570827
13575070
13570651
13567140
13563483
13562503
13569590
13564080
13569060
13561420
13560480
13565296
13565316
13574540
13575330
13565881
13563868
13573769
13566859
13566540
13570750
13574002
13570655
13562410
13562294
13563601
13571310
13560641
13569310
13563729
13561231
13573388
13566601
13561413
13575600
13568764
13572230
13570420
13563615
13572543
13573576
13575170
13575873
13566541
13570219
13569005
13570180
13571060
13564801
13574265
13570800
13568030
13563751
13570390
13570672
13571272
13571271
13568785
13568470
13562350
13573450
13563620
13563878
13573299
13572450
13569232
13575490
13575590
13573022
13567190
13573344
13571090
13561357
13572331
13570620
13561416
13561404
13574140
13571260
13564290
13561419
13572170
13565873
13572020
13565863
13573300
13566720
13573386
13566268
13565583
13565555
13566434
13565890
13565880
13573250
13572275
13565520
13565297
13565317
13573724
13564836
13566710
13569650
13565871
13564869
13571385
13563726
13566412
13573490
13566537
13574010
13575580
13568830
13575510
13568480
13575000
13575878
13567090
13572530
13569517
13568540
13562480
13575061
13567290
13568874
13573754
13564480
13573054
13563827
13567101
13564450
13566869
13563755
13573265
13566760
13566533
13570140
13563846
13570630
13570670
13574640
13568210
13565298
13565318
13571817
13571812
13572010
13565861
13565868
13568663
13568160
13569007
13572151
13566581
13566480
13566501
13565865
13566856
13560190
13572442
13573504
13561392
13568769
13562834
13563564
13568825
13575062
13561140
13570790
13568831
13572274
13573314
13563603
13561040
13568818
13564590
13574240
13570665
13565822
13564610
13563485
13563004
13563265
13569500
13575658
13575766
13568400
13571603
13564380
13568882
13573350
13565299
13565319
13561354
13566888
13560462
13560515
13567430
13565891
13571864
13573551
13565869
13562826
13575560
13560293
13573534
13570340
13571789
13573273
13566517
13566891
13573282
13562470
13566892
13575006
13560642
13569300
13564270
13575768
13571380
13573286
13573348
13561110
13562025
13567040
13568698
13575174
13563512
13562142
13564305
13567015
13568410
13571270
13566604
13569535
13565535
13573244
13570834
13562385
13562090
13564680
13575430
13574005
13563777
13563120
13563616
13568020
13563006
13568250
13575450
13562143
13567660
13563773
13562450
13564838
13570320
13575550
13575891
13562721
13568665
13571140
13575162
13571257
13573212
13571250
13566410
13563663
13572203
13564819
13575110
13573224
13574245
13575670
13571608
13568780
13563714
13570040
13567103
13575705
13563823
13567201
13560170
13563840
13567873
13573010
13562501
13568650
13575866
13573278
13564090
13574390
13575140
13575273
13570324
13575050
13563003
13567110
13561180
13562530
13564522
13564440
13570570
13570550
13566899
13574470
13568806
13560300
13566280
13572542
13573378
13562100
13563330
13571630
13570770
13570780
13566810
13565170
13575460
13565580
13564160
13569070
13570640
13563492
13573059
13575150
13570782
13567710
13575885
13574450
13575610
13573164
13575003
13574008
13573514
13575652
13562435
13562020
13568801
13567170
13565811
13573550
13566695
13568658
13564110
13568495
13563697
13570720
13565836
13566586
13563712
13565590
13573397
13573000
13561429
13572276
13571415
13570820
13571792
13570080
13573330
13574300
13564803
13570130
13560610
13564524
13564430
13562844
13565210
13563555
13575778
13563532
13570190
13570653
13570450
13571525
13571400
13569540
13573763
13570787
13566000
13573686
13567510
13564030
13565515
13563709
13564495
13564460
13573188
13572520
13573328
13568496
13574701
13565525
13566440
13569420
13571080
13569450
13573143
13573230
13573703
13573116
13564020
13575100
13573312
13573003
13571609
13561220
13568635
13575886
13566360
13560160
13560161
13560162
13569010
13563240
13573680
13571290
13575713
13567100
13562270
13563660
13573194
13571258
13563752
13570030
13574500
13570831
13575385
13560005
13562824
13573362
13569570
13569560
13563654
13568633
13568170
13569400
13575465
13563382
13573633
13562405
13562060
13570150
13568510
13571280
13574570
13573500
13562160
13573124
13573430
13568675
13565095
13569705
13574380
13575380
13562280
13568705
13572320
13568100
13570580
13569700
13563517
13573562
13575420
13565560
13562800
13572272
13560710
13573192
13570370
13575688
13572404
13573333
13575896
13562440
13562490
13568500
13568810
13573216
13571210
13563864
13573398
13573400
13573095
13573543
13563561
13567888
13573297
13569050
13563618
13567020
13575080
13573566
13564540
13570828
13565872
13563504
13563350
13573071
13569160
13562210
13574250
13575005
13573325
13571863
13567232
13572150
13574520
13561010
13570634
13562230
13565896
13571410
13567650
13575779
13571230
13568812
13565320
13568535
13565085
13565321
13573685
13573739
13561382
13563652
13568655
13561215
13571621
13573757
13568660
13573210
13575771
13562522
13571251
13573162
13563862
13573349
13575520
13575176
13563522
13575656
13575640
13574170
13564331
13564340
13573712
13561415
13566805
13574220
13573518
13568645
13563842
13563716
13566370
13566514
13574630
13561421
13563622
13563534
13575769
13575876
13563617
13567620
13573154
13566844
13569380
13563665
13573733
13568715
13568837
13572201
13567520
13573160
13561412
13564580
13571641
13573338
13571612
13573343
13564805
13563856
13571633
13563800
13575800
13566340
13573600
13562330
13567080
13568450
13567181
13563536
13562511
13573264
13574009
13563573
13575666
13571050
13573327
13575868
13574370
13575360
13562723
13575684
13568260
13564842
13569355
13564834
13566670
13568838
13569704
13566609
13573358
13575875
13572120
13573085
13575808
13563808
13573302
13563302
13563301
13563262
13570002
13575680
13564010
13568380
13568605
13566448
13560520
13563880
13564830
13575760
13566866
13572544
13565322
13570673
13560370
13567191
13566854
13561381
13560650
13566896
13561398
13561355
13570821
13575002
13560831
13560410
13567070
13563705
13575708
13571220
13568490
13568465
13563510
13573118
13562395
13562070
13571515
13572310
13568550
13571030
13575178
13573588
13568863
13563065
13570004
13575686
13572510
13575770
13572390
13575570
13573580
13568494
13571330
13570322
13574032
13566413
13573760
13575784
13563580
13575265
13560299
13560400
13566210
13574023
13565835
13563566
13563304
13566543
13563559
13569550
13563579
13568683
13571607
13568880
13563506
13563739
13575718
13573554
13568693
13573024
13563820
13563623
13568773
13567892
13565882
13573304
13572215
13564260
13569265
13561120
13563558
13568804
13573347
13573322
13563835
13569600
13560260
13575700
13566200
13568180
13567680
13575485
13567030
13573700
13571002
13563576
13567640
13570833
13561081
13563554
13573727
13560048
13563860
13569395
13567420
13563872
13575703
13571600
13573620
13570380
13570760
13575270
13563270
13573018
13568793
13572406
13573396
13573026
13568648
13565889
13575020
13571040
13573374
13571180
13572541
13565565
13571636
13568790
13563763
13570654
13568270
13566780
13563702
13566580
13570590
13574200
13565360
13565251
13563609
13563130
13560361
13566180
13562180
13565570
13575776
13568668
13561002
13561067
13563470
13562190
13562296
13563691
13563668
13565864
13573019
13571523
13567540
13563613
13570656
13575777
13566544
13563575
13570330
13568857
13563070
13568530
13567310
13569290
13562504
13572000
13566080
13566435
13573586
13566861
13566877
13573268
13563805
13565323
13572082
13568840
13575674
13566429
13566040
13566608
13566534
13572540
13571615
13575030
13573384
13573341
13562260
13566411
13571605
13568746
13562146
13573290
13573718
13568829
13574541
13569610
13573090
13563380
13568870
13569640
13567287
13562415
13562101
13565180
13568800
13564660
13570730
13565510
13564240
13563572
13570560
13568140
13562820
13561090
13567580
13565575
13565585
13565420
13575650
13573502
13568854
13568280
13572325
13567490
13562141
13575672
13571052
13563605
13568638
13572005
13563703
13574530
13573520
13564855
13560042
13560560
13570786
13565324
13563715
13564620
13575883
13573062
13563508
13562507
13562531
13563520
13574700
13560280
13563515
13568300
13571610
13573335
13575177
13575763
13562220
13575765
13563740
13563735
13569430
13571254
13567511
13573048
13563556
13573690
13560450
13563884
13563710
13570205
13575660
13575261
13563210
13561234
13568809
13571020
13573214
13566851
13572273
13568688
13566520
13570050
13564031
13568842
13561210
13575654
13563753
13563553
13560640
13569532
13563876
13563170
13573510
13574410
13570214
13573270
13571259
13563180
13563606
13571198
13560020
13560070
13568600
13571520
13575668
13573372
13563673
13567705
13564815
13563701
13573184
13565325
13572330
13572210
13566895
13561353
13561410
13567891
13570837
13573691
13566700
13571618
13565886
13566545
13572360
13566650
13572180
13573591
13565867
13565895
13565887
13569150
13561380
13566305
13573748
13567320
13561385
13569615
13566887
13573323
13567882
13561060
13560040
13569510
13573288
13574391
13560651
13574615
13560340
13560053
13566250
13568630
13564824
13575842
13567160
13568778
13568755
13563866
13565820
13564400
13562340
13570003
13570218
13561235
13575410
13563756
13574704
13563050
13572140
13570830
13568485
13575664
13573186
13570381
13575893
13573394
13564490
13572500
13573238
13574180
13560179
13562380
13573631
13563519
13568850
13560320
13560235
13560440
13566270
13574006
13573751
13568200
13565543
13573538
13562509
13575332
13565830
13563250
13572380
13566620
13561383
13575120
13572332
13574460
13560648
13569030
13566855
13574260
13561359
13574560
13566470
13566730
13562028
13566510
13570632
13567200
13563002
13562291
13563308
13565300
13565301
13565302
13565303
13565304
13565326
13561350
13564140
13570208
13573508
13566852
13566864
13566875
13564811
13564848
13564870
13573632
13566803
13565885
13574003
13568330
13561206
13560240
13560241
13569220
13563295
13575370
13560298
13560050
13566220
13567010
13568595
13568290
13570591
13569706
13564650
13568771
13571850
13563607
13562170
13568653
13563841
13565090
13573232
13570633
13564360
13573380
13573050
13571196
13562803
13563280
13573228
13574542
13564190
13562821
13572278
13563658
13563764
13563762
13572081
13566740
13565550
13560110
13563650
13567360
13573052
13573274
13565030
13565040
13565220
13560030
13565070
13565230
13565150
13565130
13565100
13565140
13565160
13565060
13565240
13565200
13565020
13565050
13565120
13565000
13565080
13565190
13565010
13565110
13565250
13562460
13573331
13568744
13565831
13563569
13562382
13562520
13571010
13574022
13564230
13570675
13564520
13573020
13573495
13562726
13563870
13571130
13565834
13564670
13560360
13563600
13571601
13563746
13568525
13564550
13575169
13562147
13563651
13573506
13574060
13568851
13562727
13571616
13563706
13562725
13573308
13573337
13564050
13571110
13566560
13566450
13566858
13563500
13563495
13563497
13573682
13573112
13571513
13567225
13573522
13572430
13560330
13566260
13577899
13560044
13573709
13568876
13568839
13567720
13560785
13561190
13561402
13574590
13566350
13568700
13560220
13574040
13570382
13560540
13572083
13575864
13562838
13573736
13568492
13570360
13575845
13566590
13563723
13561390
13565832
13560775
13560795
13569645
13560065
13566445
13570090
13560750
13567240
13573584
13561207
13560230
13569181
13571300
13566571
13573276
13563757
13575040
13573339
13562425
13562030
13562010
13573206
13575004
13573108
13573536
13563831
13573683
13566841
13575540
13562120
13563320
13573226
13570785
13566876
13564814
13564844
13564863
13561130
13561065
13563551
13563557
13566430
13573499
13572085
13574610
13566607
13564861
13575780
13560180
13560181
13569000
13563741
13560765
13566898
13573745
13560294
13573334
13563744
13571644
13570652
13565261
13573366
13565898
13575530
13561100
13560805
13573460
13560760
13560815
13563886
13563080
13563653
13575810
13568878
13561260
13561394
13572350
13565870
13573332
13561050
13560210
13569180
13574033
13567130
13563230
13568000
13575390
13563708
13575761
13571780
13573205
13573149
13565850
13569055
13568240
13574130
13569140
13573542
13571190
13575172
13566583
13562200
13574400
13567500
13567570
13564560
13569370
13560430
13570010
13569240
13569139
13569531
13575848
13575175
13566496
13566843
13566850
13566874
13566879
13564850
13564871
13566884
13566802
13560647
13569040
13565883
13561396
13565866
13565862
13570637
13563502
13566492
13566848
13566870
13566872
13564826
13564828
13564840
13564854
13564873
13566882
13566885
13561066
13561233
13563528
13566897
13566790
13571256
13563568
13562823
13565595
13573512
13573284
13566060
13566460
13566640
13566842
13573524
13563707
13570060
13570593
13568833
13573005
13564820
13562805
13571000
13564470
13569440
13564310
13561020
13575762
13573360
13571606
13568110
13573498
13567690
13568816
13568713
13573516
13575772
13575775
13560270
13560643
13563574
13566532
13564040
13572220
13564070
13568761
13564330
13570635
13560055
13566584
13564867
13574550
13568440
13560277
13574012
13563874
13563604
13568827
13568695
13575803
13567102
13572321
13573110
13569080
13575675
13571510
13571291
13568175
13567800
13566840
13565800
13564800
13563526
13563821
13575483
13568779
13573497
13573390
13573130
13561417
13575813
13563780
13563624
13565254
13565260
13565265
13563684
13565480
13565270
13565327
13565336
13562700
13565395
13565414
13565343
13565860
13568710
13563790
13563634
13563687
13565489
13565279
13562711
13565386
13565406
13565341
13573236
13573246
13573248
13568807
13563793
13563628
13563686
13565490
13565280
13562702
13565385
13565405
13565340
13563795
13563635
13565281
13562701
13565384
13565404
13565346
13573076
13563796
13563636
13565282
13562712
13565383
13565353
13573292
13573294
13573296
13563797
13563637
13565283
13565354
13573080
13563794
13563638
13565284
13565350
13573082
13563789
13563639
13565285
13565355
13563791
13563640
13565286
13568673
13563792
13565287
13563749
13565288
13563783
13563625
13565256
13565263
13565267
13563683
13565485
13565271
13565328
13562704
13565394
13565413
13565345
13565289
13568685
13563538
13563540
13575451
13563784
13563626
13565255
13565264
13563682
13565482
13565272
13565329
13562703
13565393
13565411
13565347
13563781
13563627
13565253
13565268
13563681
13565484
13565273
13565330
13562706
13565392
13565410
13565352
13563785
13563629
13565266
13563680
13565483
13565274
13565331
13562705
13565391
13565409
13565351
13563782
13563630
13563690
13565481
13565275
13565332
13562707
13565390
13565408
13565348
13573172
13573174
13573176
13573178
13573180
13573182
13568703
13563788
13563631
13563685
13565486
13565276
13562708
13565389
13565407
13565349
13563501
13567315
13573318
13572408
13563787
13563632
13563688
13565487
13565277
13562709
13565388
13565403
13565344
13563786
13563633
13563689
13565488
13565278
13562710
13565387
13565412
13565342
13562729
13573220
13573234
