13876728
13873040
13873095
13876668
13874859
13871300
13876642
13876630
13876878
13876758
13876816
13870080
13875089
13874368
13877750
13874653
13874346
13874380
13873085
13876663
13872311
13877770
13876640
13875376
13872610
13872268
13870520
13872013
13876102
13870480
13874559
13872304
13876870
13876080
13876306
13871111
13875030
13874124
13874144
13872588
13870580
13875563
13874500
13876875
13876299
13871153
13874447
13874892
13876251
13870341
13871065
13874840
13876256
13874088
13874704
13874099
13875280
13874058
13874589
13876260
13871219
13871190
13872577
13872778
13871019
13875449
13875278
13875430
13874527
13874774
13871126
13872680
13870439
13871020
13874836
13873207
13873506
13877051
13876029
13874718
13874780
13875248
13873206
13873505
13873168
13870329
13874528
13870317
13872720
13870668
13874727
13872188
13874770
13870199
13876345
13872692
13875299
13872576
13873503
13874032
13875201
13873251
13872181
13876850
13870232
13876689
13874607
13871509
13872277
13876748
13871256
13877027
13874019
13872218
13877006
13874668
13871027
13875350
13874018
13874608
13876303
13877070
13876274
13876898
13874739
13876309
13873472
13872550
13872768
13872040
13874359
13872322
13874601
13876568
13875321
13877071
13877019
13877030
13876286
13872409
13870200
13871002
13875256
13876277
13876290
13876355
13877029
13872070
13874348
13872774
13873053
13870245
13871259
13874357
13870255
13877037
13874399
13876347
13876626
13874445
13874457
13876896
13876725
13874529
13872499
13876883
13875331
13872589
13872419
13875258
13874133
13874685
13872301
13872200
13876310
13874441
13874369
13871125
13875240
13876429
13870630
13876579
13877050
13876161
13875339
13872468
13871208
13873086
13870226
13872762
13872060
13876453
13876594
13876860
13876792
13876616
13876603
13876301
13874710
13874080
13876428
13874356
13875287
13876789
13876017
13870250
13874510
13872410
13875218
13874891
13870258
13874109
13873522
13873081
13870347
13873099
13870470
13877057
13876296
13875265
13872457
13875369
13873519
13873520
13872427
13876827
13876519
13872046
13874874
13870300
13874089
13872459
13874772
13877043
13876858
13877096
13876254
13877054
13870005
13872349
13876649
13876528
13874031
13876834
13872083
13870583
13872420
13876817
13879002
13876307
13870572
13870254
13874143
13874448
13874625
13872694
13876667
13873461
13873502
13870236
13871009
13871152
13872048
13873089
13871118
13870619
13874231
13870387
13873500
13874150
13876681
13876275
13876479
13871004
13871012
13870479
13870090
13874218
13876852
13875288
13874870
13876489
13875289
13875209
13874106
13874750
13871258
13876470
13874219
13878001
13877079
13871185
13877026
13876892
13875260
13876804
13870220
13872082
13870319
13876289
13873550
13870248
13876252
13876060
13871506
13872007
13870221
13879006
13870590
13876893
13872479
13875429
13874406
13870130
13870549
13870350
13874241
13871206
13876480
13877756
13870231
13875450
13873513
13877014
13870235
13873515
13870262
13871090
13875427
13870610
13872620
13870239
13872028
13870217
13870268
13872447
13874480
13870551
13874453
13874743
13875567
13872216
13873470
13876587
13870224
13870720
13873067
13870009
13872020
13871008
13871007
13872418
13876801
13876271
13876597
13876840
13876613
13876600
13876791
13873090
13874844
13872000
13870460
13874599
13876195
13872407
13877080
13876357
13874340
13872338
13871508
13870527
13875568
13874090
13876662
13876101
13873504
13877024
13875304
13870709
13875179
13877040
13875566
13875426
13875071
13873512
13874410
13870430
13874318
13870378
13870528
13874540
13874145
13876341
13877039
13872269
13875136
13877093
13872448
13873020
13872689
13876872
13871188
13875349
13874603
13875138
13877041
13874837
13876810
13870316
13876353
13874078
13874560
13874695
13874659
13874561
13870223
13876589
13876588
13870672
13874724
13870574
13873464
13875297
13871210
13870336
13872583
13874806
13871505
13876457
13876441
13876781
13871504
13877757
13874683
13872006
13870337
13874134
13874067
13876194
13871110
13876683
13876800
13874122
13874234
13874142
13874245
13874159
13874281
13874446
13874350
13874422
13874371
13874788
13874789
13874686
13870469
13876880
13874482
13876670
13872310
13872490
13870510
13874736
13875000
13871106
13874443
13872035
13877776
13875130
13876808
13876410
13872305
13874330
13873120
13874895
13873173
13876815
13876151
13876783
13872408
13877777
13870338
13872012
13870265
13873069
13874525
13871510
13876740
13874517
13873460
13874714
13874623
13874221
13876439
13870249
13870679
13874726
13874551
13870552
13872347
13874044
13871290
13877061
13872579
13871100
13876186
13876278
13874217
13876281
13876854
13874360
13876664
13875560
13872314
13872324
13874776
13871064
13876018
13874059
13870638
13874157
13873088
13876510
13870550
13877078
13876269
13877755
13875259
13875530
13872480
13873066
13874884
13872498
13875032
13870330
13874856
13876276
13874401
13870060
13873133
13875336
13876330
13872260
13871119
13874039
13874621
13873080
13873052
13870617
13870577
13875520
13874604
13879004
13872764
13871502
13874066
13872346
13874758
13871207
13877074
13870477
13872049
13876450
13870410
13877032
13876784
13876730
13872039
13872057
13870540
13872030
13873160
13872668
13875407
13875310
13871017
13876666
13870180
13876786
13870599
13876539
13870382
13870608
13870432
13870421
13874894
13870335
13874700
13871148
13876647
13871098
13870530
13876752
13872585
13874605
13877075
13876567
13872036
13871238
13876300
13873466
13872330
13871112
13870110
13874427
13871113
13870100
13873209
13870618
13876609
13873030
13870261
13872780
13872630
13874835
13871038
13874139
13875330
13872190
13877759
13876409
13874716
13872400
13872334
13876150
13872670
13870225
13876488
13874658
13876876
13876162
13871059
13875230
13874627
13874154
13874189
13876100
13876313
13876181
13876105
13876312
13876402
13876621
13876511
13876360
13876623
13875031
13876682
13874602
13876261
13876645
13876874
13874680
13874405
13870030
13870227
13876452
13871191
13870556
13874784
13871050
13873110
13872655
13876361
13876625
13870340
13874590
13874861
13874853
13876153
13873061
13871115
13877046
13872770
13875140
13876862
13876401
13876189
13876750
13876612
13876059
13872302
13872092
13871121
13874855
13874048
13874119
13870582
13874766
13874146
13874606
13877753
13876259
13876460
13876138
13876400
13870519
13874228
13870222
13872309
13871160
13872730
13875090
13876193
13874425
13875360
13872693
13874037
13874131
13873465
13870513
13874309
13876021
13871192
13876449
13874069
13874071
13874280
13872551
13871114
13874062
13876343
13872245
13876825
13870579
13876733
13871062
13875572
13876871
13872321
13874358
13870555
13875250
13873484
13872079
13876354
13876130
13875419
13871147
13876291
13875340
13876803
13871097
13873059
13871099
13876608
13876188
13876440
13874569
13870559
13877034
13876408
13871021
13874151
13874118
13875334
13875529
13874814
13870251
13872784
13871202
13876298
13874887
13872340
13870676
13876070
13872431
13873210
13873175
13870710
13875255
13875035
13874820
13875249
13870538
13875540
13875318
13871011
13872078
13875268
13870498
13876888
13876139
13874818
13874349
13870259
13874519
13872691
13875099
13870511
13870558
13870383
13870149
13870139
13870381
13874702
13874034
13870120
13874129
13876530
13874132
13874220
13870257
13870388
13876836
13872333
13870399
13874744
13877012
13874064
13874822
13876427
13875078
13872278
13875170
13872038
13875571
13874539
13876103
13870539
13877023
13870740
13874020
13870499
13875139
13871000
13874520
13871026
13876370
13874036
13872460
13871061
13874524
13872186
13870515
13872669
13875070
13876199
13872008
13874808
13870339
13877082
13877020
13874075
13877098
13877045
13874665
13876690
13876885
13874871
13874156
13876809
13874108
13872027
13874768
13874580
13875020
13875410
13874444
13871209
13871257
13870348
13873471
13875214
13871154
13876293
13875267
13872315
13872470
13875332
13876599
13870568
13876273
13874810
13876897
13870327
13876754
13876819
13871109
13875307
13872034
13870576
13872329
13876895
13874579
13876644
13870334
13874390
13876591
13876794
13876606
13876857
13875069
13877072
13877033
13876622
13876363
13876351
13874072
13870376
13873008
13876669
13874127
13876595
13876615
13876602
13874016
13874370
13875300
13876619
13874110
13874507
13870230
13876019
13875036
13874756
13874449
13870450
13873130
13873165
13876560
13876842
13874778
13876272
13876529
13870243
13872077
13873051
13870730
13870735
13871205
13870640
13872690
13876757
13874128
13870597
13872312
13874421
13872735
13872182
13872015
13876650
13876285
13876459
13871146
13874242
13873129
13872437
13876877
13876746
13874035
13876665
13872328
13875270
13870332
13874663
13876811
13876050
13872021
13870490
13876288
13874782
13874030
13877077
13874530
13873049
13877042
13871088
13875180
13874804
13874875
13876660
13872010
13870459
13876483
13872045
13872660
13873482
13876580
13873054
13872486
13876890
13872014
13870517
13872011
13874752
13876023
13874660
13871003
13874057
13874620
13876873
13874137
13877760
13871186
13876793
13874722
13873167
13874675
13872080
13874865
13873469
13876304
13874135
13872493
13872491
13871187
13872279
13877778
13871204
13870386
13876192
13874526
13874800
13876887
13876688
13875460
13874409
13876253
13876693
13872303
13877055
13876419
13874148
13870529
13874650
13876191
13876720
13872458
13876263
13872090
13872062
13872004
13874158
13870380
13872578
13872760
13876184
13876596
13876614
13876601
13876844
13873250
13876891
13875009
13874764
13873011
13873012
13871201
13876417
13874308
13871029
13870570
13872782
13874706
13872430
13876747
13877010
13876806
13870326
13871200
13874229
13876691
13873028
13876020
13871005
13877058
13873169
13875587
13875408
13874210
13876745
13875573
13876569
13874451
13872184
13872326
13877780
13873462
13873551
13871107
13871249
13876280
13873100
13874060
13874046
13871006
13876358
13877820
13874851
13874860
13870246
13870575
13876039
13875569
13873039
13875290
13874317
13872327
13876187
13870256
13870216
13870409
13872037
13875040
13872469
13874152
13874337
13874435
13877060
13877036
13876723
13871228
13871122
13872003
13874073
13876889
13871240
13871108
13876258
13875044
13876305
13876607
13876590
13874833
13874411
13871298
13874896
13875029
13875082
13877049
13876838
13872217
13874136
13873474
13874430
13876648
13870598
13876692
13874762
13877056
13876484
13874741
13872017
13874547
13874760
13873151
13873212
13873524
13873038
13874138
13875037
13876292
13870263
13877076
13877025
13876294
13872766
13874890
13876339
13876785
13874893
13874624
13872440
13874738
13874873
13874063
13871124
13874017
13877000
13874338
13872732
13876196
13876311
13872016
13876148
13875298
13874802
13875550
13876264
13877095
13877084
13877028
13874688
13874872
13877047
13877021
13870509
13874630
13873170
13872180
13876040
13872640
13877002
13874070
13877022
13873060
13877004
13872308
13870567
13875080
13870547
13870038
13876262
13872786
13870333
13877073
13871060
13873029
13870678
13874868
13874125
13874120
13873255
13876010
13871248
13870675
13876140
13872601
13872667
13872331
13874655
13876279
13874439
13876297
13874538
13875302
13872022
13871022
13874010
13876879
13876104
13874049
13874459
13874673
13877038
13877008
13870639
13874812
13875296
13875059
13874708
13873131
13872026
13871217
13872417
13875079
13875146
13876646
13871149
13876735
13874347
13874816
13876848
13872210
13876605
13876592
13874149
13874877
13874720
13874076
13872332
13874140
13870244
13875200
13874834
13876270
13875301
13871151
13876266
13875034
13875510
13874670
13876486
13872300
13871203
13872590
13876308
13870680
13872306
13873486
13872580
13873254
13876618
13871095
13871189
13874423
13873172
13873501
13874600
13874404
13871507
13874508
13870070
13870560
13874000
13876349
13876624
13870431
13876451
13876359
13876287
13876149
13873141
13870677
13876267
13874869
13877758
13875202
13874549
13876447
13874629
13872348
13871039
13876593
13876617
13876604
13874389
13870548
13872666
13874226
13874570
13873514
13876780
13872560
13876009
13870377
13877048
13876185
13871137
13874061
13870569
13872323
13872467
13875269
13873467
13870379
13873082
13877059
13872019
13874742
13874842
13874712
13876283
13876438
13874838
13874153
13870150
13871010
13876894
13875320
13873050
13870331
13877053
13874050
13870241
13876030
13870682
13870240
13876481
13873516
13870408
13874550
13875010
13870666
13874407
13870478
13872173
13870218
13870050
13874854
13870101
13870532
13870742
13870674
13870684
13870233
13873010
13877761
13870079
13874232
13870228
13876183
13876856
13874190
13874857
13870234
13876738
13876661
13870010
13870385
13874345
13870573
13876694
13876823
13877052
13876643
13874379
13870591
13875500
13870320
13874040
13870420
13874377
13874786
13877782
13872593
13874082
13877754
13871066
13872734
13874740
13870109
13876141
13876180
13872247
13871120
13876782
13872024
13872246
13874831
13876839
13870315
13876790
13876680
13874403
13870673
13870138
13876787
13870578
13876257
13875217
13874832
13870667
13874725
13873552
13870269
13879899
13873517
13870683
13870688
13870229
13871230
13875050
13874876
13872215
13873171
13874886
13874012
13877785
13874117
13870359
13876830
13875060
13870537
13873140
13870020
13875428
13876700
13870700
13876049
13872266
13876437
13875309
13876756
13875470
13871123
13874626
13875286
13875400
13871155
13876448
13876509
13876788
13875561
13876807
13871117
13874081
13876818
13876282
13875210
13871156
13876802
13871063
13876008
13874852
13872600
13870384
13874737
13875264
13872772
13870600
13874850
13876268
13873000
13876620
13870238
13873068
13874609
13870557
13876641
13870609
13872023
13877775
13876250
13874243
13877779
13871260
13872500
13872018
13875041
13872025
13870310
13874678
13874141
13870210
13876200
13876882
13876684
13874888
13876190
13870140
13871140
13876829
13874735
13875532
13876628
13876685
13875479
13873190
13874230
13877035
13874858
13870260
13874548
13872776
13870669
13874729
13877752
13871096
13875042
13876570
13874235
13874622
13874690
13874282
13874408
13870670
13874728
13870681
13875043
13876520
13874628
13870581
13876356
13877031
13874068
13874038
13872450
13874734
13871028
13875440
13872316
13871503
13874227
13874222
13870069
13876884
13876695
13871116
13877751
13873480
13870242
13876584
13876585
13876586
13874402
13872307
13872047
13870253
13876170
13874074
13874147
13874155
13872695
13877094
13874028
13877044
13877092
13877083
13876743
13874388
13876302
13872170
13874438
13875319
13876418
13874130
13870039
13876295
13874455
13874033
13875305
13876255
13876442
13874889
13877081
13874065
13876265
13876805
13872466
13876445
13874883
13874077
13877097
13876446
13874885
13874791
13875570
