09841125
09820658
09764230
09607110
09840190
09725538
09891630
09632080
09781030
09632020
09720510
09836123
09853000
09721120
09690080
09832410
09843010
09842410
09840830
09791380
09760340
09895060
09781020
09895705
09725690
09750250
09720230
09791405
09725740
09780150
09838159
09831255
09780310
09853120
09896130
09764010
09894170
09853200
09830090
09626040
09781690
09725670
09633000
09662020
09840630
09840628
09725260
09820015
09791000
09820200
09862070
09853065
09851425
09840010
09842113
09791570
09785070
09761410
09895290
09631100
09760250
09820750
09720220
09781625
09691080
09669100
09835100
09617060
09842043
09783570
09844117
09844116
09844115
09842041
09841450
09842042
09856190
09783020
09850200
09760060
09770600
09784240
09761248
09896150
09894350
09831525
09791415
09853630
09835000
09840240
09853420
09856210
09790000
09832189
09856345
09830210
09790070
09781600
09780090
09725720
09791560
09895050
09837205
09837200
09810760
09820760
09820410
09672040
09834288
09840680
09780280
09715265
09850080
09851235
09896470
09750220
09850140
09845510
09834290
09725060
09853030
09672000
09851800
09851050
09810200
09850450
09782310
09846240
09726330
09841500
09812620
09855460
09841210
09641000
09680100
09894330
09613020
09670000
09836455
09836450
09895595
09852460
09672070
09811080
09770520
09781370
09761370
09821180
09845340
09835530
09725535
09851320
09890460
09820330
09811295
09832430
09851140
09891410
09852450
09761170
09890470
09791371
09690040
09891510
09851810
09663070
09783140
09840370
09683030
09785010
09732160
09784260
09683020
09687050
09857260
09781100
09840650
09850550
09840660
09890530
09850270
09693000
09832000
09890000
09890001
09890002
09890003
09810010
09725541
09725130
09760650
09761360
09761055
09791076
09835280
09862130
09629030
09840105
09760050
09812070
09843050
09842180
09780480
09810020
09780070
09852410
09640030
09617050
09891080
09760130
09780100
09831745
09751470
09634050
09765705
09836150
09838165
09810270
09672020
09780290
09842067
09838162
09830140
09784150
09841440
09853380
09851665
09791500
09834293
09853440
09853190
09850615
09751110
09751520
09771310
09760330
09715020
09715021
09715022
09641010
09715040
09660070
09792070
09761460
09838500
09784175
09781670
09820580
09751350
09732590
09782120
09669060
09780630
09811000
09840075
09820300
09725230
09725090
09785080
09830200
09891620
09791660
09831739
09635110
09696000
09733000
09893000
09723000
09823000
09830420
09781180
09891420
09891650
09891590
09834000
09836305
09860170
09856140
09857060
09626120
09780060
09751500
09854300
09852130
09770240
09895310
09791256
09820420
09764080
09862140
09751190
09891500
09715330
09720550
09830250
09851700
09624070
09831515
09836385
09663050
09895120
09655010
09790290
09780330
09725360
09792270
09764340
09720300
09843060
09831590
09710110
09784475
09790340
09625080
09844100
09725270
09690110
09760520
09720090
09810360
09811060
09770090
09770095
09732500
09760450
09895160
09835205
09857180
09831530
09892070
09780050
09791220
09843000
09821100
09840080
09831490
09726150
09838156
09692035
09894320
09895770
09725640
09770430
09842021
09843070
09764330
09780210
09762340
09784065
09785030
09853640
09721190
09663090
09837175
09842030
09831550
09725460
09830285
09862350
09860080
09791773
09686020
09790220
09785203
09810570
09850580
09838090
09765415
09852150
09725110
09725111
09790613
09812060
09726350
09810170
09831420
09890100
09853210
09726040
09895640
09781415
09725470
09764350
09820120
09820830
09770410
09780590
09792230
09811090
09765335
09781070
09784430
09761470
09810050
09760620
09832180
09811120
09791430
09720480
09760810
09810380
09861680
09780230
09820700
09780030
09852441
09820150
09792090
09860040
09790010
09725120
09760710
09771240
09771200
09835568
09810590
09812250
09896020
09762350
09851610
09820050
09843280
09895350
09835490
09780180
09628060
09780450
09853230
09791390
09834203
09890020
09762001
09831355
09792040
09613010
09841230
09720520
09725520
09751330
09690050
09847000
09792420
09851661
09850625
09840030
09791450
09842360
09688020
09782400
09832080
09853520
09837400
09837450
09837480
09843090
09751170
09860020
09720570
09726210
09830110
09853700
09857280
09750330
09895740
09856470
09861250
09616030
09840220
09892100
09861090
09856160
09840210
09791330
09856450
09837565
09840230
09791080
09895720
09821080
09821090
09790250
09606070
09764320
09846025
09810620
09790240
09860190
09810630
09790090
09784247
09790710
09851560
09852140
09783585
09811410
09854190
09895560
09760280
09760281
09784043
09671020
09715390
09810265
09783280
09894205
09764360
09693010
09840180
09847020
09607080
09840315
09836530
09618000
09725240
09844120
09890010
09619150
09726300
09850570
09894110
09751340
09842060
09784115
09832176
09633010
09761259
09791073
09751140
09842000
09810410
09790040
09751080
09892090
09831390
09895710
09760730
09783650
09750480
09781360
09715340
09856625
09761230
09811200
09850070
09761350
09851060
09810735
09790470
09790490
09782340
09695110
09732540
09832530
09830260
09820800
09608060
09842040
09618050
09613100
09781120
09762250
09843100
09726420
09861390
09671110
09626110
09856630
09751060
09856070
09853320
09784308
09791362
09726370
09857220
09792380
09811180
09726160
09854430
09841170
09620020
09751030
09750620
09838040
09891570
09784200
09785085
09822260
09836200
09840124
09812080
09812030
09750490
09765750
09791351
09835210
09750460
09784365
09840340
09836145
09791120
09781640
09750630
09615070
09691070
09791150
09751450
09781010
09631090
09651030
09781190
09760630
09771360
09841580
09850007
09600020
09607030
09751430
09761243
09861550
09751440
09843150
09840085
09781185
09781165
09830240
09821400
09811470
09856150
09856550
09852401
09784055
09791019
09821230
09781065
09821120
09835562
09843120
09715030
09857230
09781155
09856260
09760750
09690060
09761340
09785170
09892140
09831320
09811400
09891600
09761157
09831780
09856100
09861260
09810350
09750090
09770050
09770150
09771260
09842064
09764060
09837245
09895110
09832170
09780320
09835010
09770590
09780420
09812050
09845320
09715080
09715150
09850780
09691030
09840655
09785060
09771330
09715060
09810130
09831150
09810780
09831210
09841610
09750510
09663120
09853350
09710140
09843650
09857140
09780470
09760745
09822055
09857160
09688000
09688100
09621040
09852203
09846230
09852730
09791043
09851130
09669090
09784210
09853105
09861140
09835235
09790505
09671060
09762030
09669050
09791347
09781000
09857170
09843130
09841300
09784305
09791375
09792250
09836140
09821490
09862450
09751290
09840850
09784470
09782730
09751550
09684050
09780260
09784160
09855000
09785000
09854250
09721230
09891610
09822110
09750230
09832010
09892470
09891360
09760080
09841620
09720590
09857530
09857255
09892270
09792220
09725160
09725170
09784225
09892110
09721225
09627000
09853090
09631050
09770580
09822020
09715140
09720020
09843694
09689020
09765420
09690070
09854030
09860060
09765405
09783290
09783170
09841200
09666080
09841180
09891120
09831260
09618010
09862150
09784385
09837568
09761159
09671100
09812580
09855620
09832434
09685030
09854440
09662050
09895200
09635090
09854160
09751460
09615100
09852750
09782410
09896300
09852470
09856500
09608080
09812470
09857070
09721200
09783590
09896400
09771080
09791240
09822033
09850340
09822120
09860200
09791100
09764180
09820610
09820550
09822130
09841220
09835200
09784330
09842100
09821040
09682100
09836380
09760220
09821240
09862170
09811260
09854340
09850420
09842056
09851135
09609000
09610000
09612000
09611000
09832140
09834010
09836570
09835001
09852710
09751420
09772030
09772040
09850425
09853660
09831690
09751400
09821030
09770190
09842390
09840440
09861460
09847041
09853430
09856130
09854120
09726220
09790310
09894410
09850590
09623010
09896290
09840250
09861380
09694040
09791072
09791360
09892260
09843200
09838300
09838350
09838390
09725660
09782040
09782420
09855650
09837425
09856120
09822140
09608030
09837010
09720470
09760770
09792200
09860065
09896510
09840845
09810110
09840480
09632090
09850680
09784095
09619000
09850017
09710230
09890025
09896220
09894160
09853470
09842130
09715130
09760740
09760725
09780350
09854070
09662080
09732150
09854060
09720350
09890160
09891050
09831113
09894190
09770170
09822270
09720170
09820260
09838060
09840460
09844200
09835810
09892000
09853240
09634030
09843170
09830370
09792430
09895040
09840280
09643020
09682010
09791044
09840150
09811250
09811251
09812000
09841720
09840000
09852498
09684010
09843180
09691200
09691300
09750500
09851240
09896160
09843210
09607120
09606080
09851212
09725250
09850018
09846110
09896180
09764090
09761235
09751300
09784135
09781033
09669020
09780518
09851428
09836580
09635050
09890340
09784325
09843190
09891040
09852440
09896240
09782330
09835255
09840200
09835050
09726200
09760190
09792340
09680000
09894220
09761190
09852205
09784490
09841110
09820490
09624000
09861660
09694000
09641020
09837180
09852208
09625090
09725420
09785090
09784445
09840510
09771436
09895520
09896030
09834200
09854380
09784390
09784140
09667000
09668100
09672100
09821420
09715320
09890320
09845280
09668110
09892080
09770550
09852445
09860205
09830340
09890300
09784270
09832424
09832550
09856540
09841420
09760365
09851770
09780513
09710160
09846250
09725340
09842194
09850022
09861730
09895170
09843693
09764450
09765600
09629090
09694020
09894360
09843696
09891560
09629120
09852170
09832100
09846090
09854730
09862580
09837313
09861130
09725190
09856227
09810100
09792260
09856280
09761238
09830000
09608090
09852051
09781175
09784145
09840345
09856230
09629060
09842065
09831732
09840088
09761275
09691020
09720540
09850150
09852210
09784505
09750060
09726410
09726411
09726412
09790395
09850480
09852020
09861640
09607000
09836510
09821470
09820590
09761210
09831400
09725650
09857310
09842370
09847120
09837440
09856180
09861290
09661060
09782540
09842058
09892060
09891460
09781140
09861450
09851390
09843230
09631060
09895150
09634010
09751410
09810290
09762310
09811170
09841240
09842055
09761147
09841550
09810555
09812600
09812601
09856330
09782430
09854220
09792410
09760660
09850190
09684020
09851190
09810330
09683050
09784315
09891550
09760460
09725310
09725320
09792400
09862480
09760440
09856040
09853600
09851132
09822049
09860120
09855690
09721010
09843250
09861100
09835150
09844210
09843360
09854450
09621000
09811460
09894100
09832082
09832088
09695100
09784290
09895605
09854390
09851666
09765780
09750440
09895730
09820010
09895765
09896310
09780515
09784540
09725300
09821430
09620050
09830070
09624110
09725280
09720410
09895830
09619020
09750260
09831776
09623060
09821530
09790280
09690010
09892200
09812630
09896040
09843790
09710020
09710010
09710000
09710011
09710001
09710002
09710012
09710200
09710190
09710201
09710191
09710192
09710202
09710193
09771140
09790421
09784405
09732335
09840675
09784495
09688060
09857090
09838505
09842125
09761164
09725380
09668080
09771040
09732330
09782390
09791030
09791270
09771340
09791280
09812640
09725531
09750240
09832183
09838510
09725435
09840685
09896060
09853220
09831511
09784235
09780120
09765500
09761195
09726120
09726121
09780160
09891110
09760240
09720035
09770595
09837165
09842025
09782140
09791046
09862410
09631000
09790422
09857200
09626010
09862040
09661010
09850350
09684000
09791040
09854515
09770030
09791190
09760490
09760735
09725530
09771030
09854460
09840140
09855490
09781170
09896210
09842430
09732520
09840530
09850740
09861400
09861401
09851128
09790200
09894500
09835563
09850021
09890420
09894370
09894310
09851310
09850060
09851740
09762290
09854620
09760350
09783160
09850635
09608010
09750400
09607150
09783610
09854640
09850628
09851679
09765790
09821020
09726180
09894120
09861470
09751490
09852040
09690090
09891180
09641060
09790750
09783060
09845300
09896340
09725100
09852075
09842046
09721070
09810660
09812360
09760110
09854130
09790603
09811350
09861760
09812350
09856080
09820770
09851120
09836130
09785110
09830220
09850690
09892170
09613040
09820730
09846220
09732200
09761015
09771410
09896230
09634040
09832185
09683070
09760160
09771220
09845330
09619100
09725526
09791800
09896360
09725400
09720600
09812240
09837150
09837250
09837350
09837650
09862190
09838515
09671050
09853040
09784255
09750310
09853575
09851122
09862160
09894550
09668090
09850440
09770570
09861650
09852058
09852052
09821190
09772050
09852830
09851102
09852059
09784525
09822044
09760780
09762010
09671160
09890410
09660050
09810640
09725550
09810440
09844230
09781080
09783062
09665000
09726360
09750130
09693120
09894490
09841700
09629100
09835561
09890080
09725527
09850470
09851150
09668050
09765440
09842110
09853160
09784103
09856390
09862420
09770100
09781300
09855555
09857300
09750020
09831125
09847520
09856460
09841570
09661000
09840445
09844350
09861120
09844370
09856090
09856530
09720010
09720000
09851580
09732460
09820240
09851720
09688010
09890200
09632030
09836135
09850023
09791359
09855060
09831191
09831560
09765690
09643030
09791425
09725840
09792330
09812190
09820140
09850240
09821070
09790120
09792010
09783690
09820280
09852200
09650000
09820130
09672030
09710130
09764220
09790110
09890520
09851669
09791020
09844390
09619130
09651000
09782380
09606060
09791075
09850019
09862520
09835553
09783200
09820530
09855470
09851010
09668020
09710085
09710060
09640020
09781290
09781420
09715070
09841730
09760380
09841770
09847310
09791065
09856170
09861370
09760820
09770400
09715050
09780530
09710180
09725440
09725441
09725442
09725443
09782710
09726430
09672050
09810080
09852770
09842074
09821110
09841190
09841250
09784180
09835250
09853385
09790408
09841140
09791180
09780660
09780670
09761330
09726310
09842070
09851165
09857320
09843725
09854320
09850175
09835559
09862090
09852800
09842076
09847040
09784025
09840040
09783470
09821510
09843260
09626060
09853620
09669040
09791810
09831380
09852720
09820110
09856420
09671140
09853113
09770340
09625030
09643010
09784355
09785045
09720460
09847500
09692000
09692100
09790765
09732310
09790160
09856340
09856300
09831460
09781260
09782750
09810300
09781525
09840451
09782560
09850462
09780380
09791110
09820320
09784221
09843355
09790520
09831160
09851170
09832181
09855590
09837211
09862400
09831440
09895590
09822275
09725525
09715305
09721040
09710050
09831600
09720160
09762020
09770000
09820100
09791771
09693050
09856360
09618030
09843728
09820210
09791440
09760550
09790320
09861630
09791052
09785180
09725540
09842090
09822290
09771050
09840550
09836590
09850260
09840320
09725522
09890140
09852060
09835222
09783480
09620000
09810180
09812210
09632040
09781350
09856380
09842420
09834270
09851750
09780287
09842080
09621030
09836560
09765345
09821215
09861020
09856010
09695000
09781503
09721180
09720440
09840121
09791340
09635130
09682000
09770180
09837560
09837555
09831610
09606110
09855530
09836260
09663080
09837160
09726060
09842400
09790705
09841790
09850370
09895530
09841325
09764210
09820220
09792450
09784560
09791252
09790730
09843699
09812115
09891400
09896530
09764170
09732605
09790610
09791071
09845350
09836540
09811270
09810070
09770500
09784400
09751250
09751251
09896390
09785160
09635120
09760370
09760371
09760372
09850490
09693090
09760260
09843290
09770440
09855520
09760090
09760731
09844250
09690030
09760570
09851030
09850310
09660007
09715200
09862300
09810320
09820090
09860100
09841130
09850013
09791346
09820450
09792030
09831410
09820825
09820440
09820160
09842005
09853330
09725390
09842075
09847030
09843310
09790270
09894290
09831540
09790615
09715160
09892020
09831630
09667030
09784040
09780370
09861110
09847338
09850024
09861080
09821015
09834295
09861440
09811430
09850040
09854020
09790150
09862540
09862430
09812500
09854410
09631140
09854180
09765310
09760100
09761249
09854100
09843350
09861340
09761320
09854750
09837460
09780360
09781050
09765360
09891370
09632050
09851020
09663010
09760295
09851380
09784110
09725290
09890370
09822190
09619040
09662000
09671070
09836125
09621080
09626070
09856400
09784010
09831580
09851780
09891520
09830180
09811300
09651040
09811370
09840825
09780595
09812370
09635060
09715190
09764140
09842045
09862100
09892380
09663000
09840020
09725730
09666090
09894000
09715205
09812380
09831505
09854550
09894060
09895630
09751530
09851575
09790130
09780110
09781060
09836365
09635020
09623050
09837215
09765660
09862415
09781110
09783001
09862440
09851040
09661080
09831731
09850012
09760700
09841160
09835555
09822040
09850300
09851000
09850305
09720260
09850710
09726435
09671130
09761310
09761315
09835557
09765315
09691090
09607050
09861780
09632000
09720280
09821050
09760610
09840815
09810160
09861740
09851422
09837443
09615010
09785120
09820460
09850170
09855050
09840270
09836520
09845000
09835800
09841740
09770310
09770280
09643040
09791370
09628000
09861620
09617030
09862490
09671150
09765444
09750600
09750601
09895030
09832160
09853180
09844030
09840350
09854660
09853080
09812340
09607100
09835040
09854670
09845220
09845200
09845230
09845240
09845210
09857500
09615050
09851760
09726340
09842047
09822210
09891170
09784033
09671090
09671010
09843370
09761161
09621020
09672090
09844112
09861005
09862105
09861170
09784450
09781630
09792350
09781635
09751540
09781677
09619110
09765800
09760320
09668060
09791251
09672080
09811360
09672110
09811320
09761090
09761165
09761060
09822090
09761110
09771433
09715250
09617010
09761070
09615080
09840310
09843380
09672060
09619140
09715310
09853050
09751160
09790030
09720140
09761030
09761150
09855005
09761175
09853590
09751120
09785130
09760790
09761040
09615040
09761130
09761120
09843390
09618060
09761140
09761080
09616070
09751040
09761100
09853610
09830170
09891150
09821540
09780605
09771110
09812160
09790430
09784300
09687000
09687100
09892280
09689030
09810120
09751100
09837477
09855660
09856410
09857510
09840300
09855380
09751270
09855680
09831775
09820640
09843420
09831770
09694030
09760470
09771020
09781400
09861555
09634000
09837420
09861310
09822080
09837437
09760680
09843697
09895400
09895715
09623040
09771005
09822070
09855600
09835510
09837472
09844220
09783050
09896260
09896380
09850638
09771150
09668120
09853100
09855630
09855610
09896330
09783405
09783400
09791307
09761145
09811160
09841520
09850422
09783489
09845500
09854650
09855410
09751280
09750650
09784510
09812390
09783180
09771390
09855015
09791320
09854710
09810550
09791290
09840450
09619025
09783120
09840125
09850025
09790530
09812170
09750210
09842073
09784500
09840338
09761050
09715240
09785040
09750030
09760120
09835505
09791255
09852100
09771320
09790420
09847510
09790609
09810005
09851715
09720060
09721100
09626140
09635000
09782760
09861580
09851110
09661040
09891100
09840090
09760020
09791725
09683000
09891130
09820255
09850760
09894240
09811305
09812020
09811323
09850167
09850000
09765730
09790210
09781605
09811010
09842068
09715195
09765590
09837154
09732470
09601020
09764040
09783588
09830350
09600010
09693040
09856001
09781230
09632110
09840100
09851430
09820070
09784100
09691040
09765700
09895010
09895550
09810770
09725490
09812300
09810260
09810250
09812450
09812460
09843470
09770130
09820380
09862320
09765530
09896440
09660005
09725040
09896100
09821060
09771380
09760360
09835566
09785205
09721150
09721050
09783605
09780065
09810340
09845345
09780610
09780220
09715230
09843692
09623020
09771230
09792020
09820430
09853270
09853290
09761152
09725700
09850610
09845310
09895606
09764310
09764430
09720200
09715000
09810420
09715360
09810680
09641070
09812290
09842200
09896010
09771370
09765305
09765307
09895070
09791035
09790525
09810790
09820720
09760390
09862500
09851631
09851707
09784410
09760400
09783500
09890050
09791259
09751150
09660010
09791460
09862380
09782490
09685010
09790450
09782300
09831360
09812550
09720375
09619030
09785208
09853111
09860030
09862360
09852443
09822305
09732290
09726450
09750340
09891070
09850475
09853655
09853705
09785020
09840465
09895600
09668125
09851466
09851680
09790740
09791170
09790540
09761200
09890170
09811210
09782130
09629050
09830330
09693070
09693080
09751185
09784465
09785100
09834300
09790735
09632010
09812200
09780560
09760733
09790195
09790190
09666010
09862010
09790300
09770140
09761148
09721160
09721161
09845370
09860090
09770560
09811110
09842181
09761490
09821200
09760760
09896080
09834350
09765710
09791805
09764050
09862530
09792335
09840470
09715270
09837232
09820670
09852442
09683060
09810415
09810450
09896200
09632120
09840410
09851180
09765410
09732250
09792130
09896520
09632100
09831650
09631130
09791345
09843240
09842195
09812260
09619060
09862330
09835550
09784187
09838450
09790445
09790400
09895810
09855550
09851370
09890440
09832444
09760200
09641080
09780440
09770230
09820660
09830345
09812130
09780490
09784222
09842230
09847350
09810150
09812330
09783150
09725450
09765720
09812215
09851721
09780170
09840103
09726050
09812505
09688030
09831510
09781660
09843400
09662030
09842135
09765760
09750390
09725510
09750140
09642040
09844190
09661090
09810000
09861000
09861001
09847340
09854530
09890030
09832172
09601010
09783456
09725528
09720040
09851230
09634020
09725330
09892180
09764270
09715280
09822230
09820025
09860050
09820470
09856600
09811040
09780510
09812230
09792370
09760800
09750170
09720430
09790510
09791357
09810700
09842140
09725800
09750730
09732170
09840098
09830020
09791248
09710170
09850750
09791510
09850640
09832457
09770390
09732300
09822280
09781380
09856610
09784030
09810310
09783444
09854050
09791395
09835560
09782440
09784230
09732490
09853310
09855640
09784380
09669030
09852810
09831100
09810560
09613060
09760300
09725710
09891190
09820675
09781410
09691000
09691100
09691010
09780520
09820060
09840500
09895850
09771350
09624090
09751090
09844060
09629040
09895840
09832450
09843480
09725630
09725620
09725210
09725220
09725000
09725010
09725011
09725001
09822051
09840780
09851420
09896370
09784440
09850390
09750380
09851233
09760690
09750300
09851790
09852010
09851688
09726260
09726250
09726251
09726261
09726262
09726252
09726253
09726263
09856440
09831123
09862550
09850461
09851395
09840625
09840620
09840600
09840610
09840640
09840590
09840580
09840645
09840540
09840570
09642000
09821460
09770470
09832455
09689040
09820480
09784250
09790600
09784020
09852400
09840468
09607090
09791803
09770055
09770060
09624120
09840490
09781240
09617090
09710040
09635010
09896490
09615085
09663030
09836360
09811375
09751180
09860130
09850110
09861670
09850027
09624010
09607040
09862570
09783110
09725050
09725051
09725140
09890070
09845270
09784485
09791005
09791006
09860220
09850029
09891345
09771180
09660020
09850020
09783660
09613030
09840070
09896140
09861700
09847325
09770270
09770271
09770272
09830297
09666020
09771270
09751360
09691250
09691350
09618070
09862020
09790060
09624080
09710080
09850130
09820285
09726290
09780340
09781130
09781131
09760500
09820600
09837158
09720100
09840380
09891580
09812150
09781510
09855450
09840118
09850015
09720500
09725180
09837550
09619010
09783090
09635100
09837435
09851673
09892050
09715110
09847060
09851375
09631020
09850360
09791350
09764120
09834280
09784545
09780289
09853110
09750670
09750660
09760420
09822056
09810800
09760737
09851215
09854520
09811420
09842020
09850120
09851090
09853650
09894010
09852160
09820030
09662060
09669000
09770290
09770300
09721170
09760430
09896320
09852465
09812140
09860140
09790745
09820690
09810040
09725410
09663100
09732610
09732340
09771290
09896280
09785095
09780140
09854360
09791774
09856615
09842010
09750040
09811030
09732180
09780250
09608070
09765520
09721030
09811240
09625020
09780400
09625100
09843490
09770450
09668130
09830230
09842240
09820020
09852530
09850410
09715010
09831405
09891060
09710120
09663060
09792440
09854570
09854330
09725150
09834285
09853710
09855670
09835225
09784075
09780080
09846100
09896190
09820570
09861350
09642090
09615030
09790703
09832440
09896480
09843500
09836280
09861280
09851250
09852080
09841600
09840330
09822060
09843530
09836270
09837408
09896050
09822100
09855420
09695120
09822047
09822125
09862310
09791355
09843540
09846130
09896450
09720320
09851570
09851330
09770360
09721260
09790605
09790050
09851210
09791254
09781330
09784370
09771300
09792210
09851712
09790755
09847330
09725534
09689050
09765445
09780240
09782510
09667040
09607060
09762300
09765715
09790500
09780020
09842039
09810140
09618090
09732480
09791090
09857270
09783670
09635040
09856320
09843550
09855500
09850468
09783600
09750225
09781150
09850050
09783455
09821095
09830291
09830295
09613050
09844150
09715300
09780460
09845490
09791297
09892320
09732450
09854240
09811185
09784085
09691060
09844500
09640050
09660100
09751560
09830320
09785035
09840119
09771423
09725610
09726090
09822220
09642010
09771120
09851676
09856620
09721130
09811050
09770460
09834340
09891640
09783705
09832460
09851620
09831350
09862060
09765510
09785200
09840520
09761266
09770110
09764390
09771130
09812010
09626080
09854500
09760480
09781666
09831370
09842072
09760739
09844260
09784420
09784422
09850630
09725529
09820080
09791470
09892040
09781680
09840420
09862510
09851115
09852490
09832177
09851160
09629130
09782790
09765640
09760560
09851080
09895820
09846030
09832175
09791394
09831450
09846260
09771060
09851710
09791580
09891380
09750070
09791356
09771430
09862390
09862050
09840115
09765400
09750050
09820000
09770020
09721215
09764130
09891425
09792110
09812100
09841710
09852120
09710070
09843570
09760505
09843580
09835565
09843590
09687020
09784195
09606050
09852520
09851400
09840458
09895610
09780010
09782360
09732530
09856310
09851670
09894180
09820290
09851340
09780570
09780430
09837185
09850650
09831190
09851650
09810190
09725430
09661050
09781320
09771250
09720450
09780410
09857305
09837448
09726400
09726390
09821010
09750720
09671170
09783190
09844095
09822250
09862340
09894040
09890060
09623030
09686000
09791258
09843710
09892150
09811435
09626020
09760290
09835700
09820270
09791535
09890150
09780390
09840360
09732240
09843740
09710030
09725524
09726000
09857100
09720030
09856350
09635080
09750640
09765770
09840405
09895510
09820400
09822150
09750420
09894200
09840123
09862180
09830060
09781633
09616010
09785055
09619120
09844280
09844050
09862460
09847050
09690020
09782030
09771090
09783490
09725080
09725500
09895130
09892030
09725560
09831110
09831111
09693060
09894430
09861720
09860125
09760170
09852405
09862560
09782150
09841780
09720420
09894420
09845380
09771400
09894470
09790260
09761300
09765300
09853170
09666060
09811100
09843750
09689000
09689100
09834030
09820135
09690000
09690100
09894280
09784090
09781055
09850730
09834250
09836133
09861160
09862000
09835130
09852101
09834050
09836220
09791250
09791200
09725590
09845290
09783040
09784295
09840365
09784151
09783220
09852780
09791391
09721140
09846120
09791253
09761241
09862200
09854630
09772060
09772070
09692010
09761290
09781565
09831250
09693100
09732580
09781555
09853550
09890190
09764290
09853400
09710215
09710210
09710211
09710212
09822065
09851460
09837410
09855615
09835215
09726100
09810470
09726110
09765460
09761154
09760720
09895540
09682020
09715100
09841750
09721060
09784285
09843770
09895570
09832540
09850030
09854140
09840810
09852510
09781515
09791074
09791760
09850380
09890360
09840670
09784105
09845360
09642020
09854525
09896170
09790140
09790235
09765540
09840840
09671120
09835203
09810430
09844040
09663020
09790460
09810650
09715260
09832150
09784015
09683080
09715170
09725370
09720110
09750190
09820655
09820790
09770200
09621050
09725760
09820310
09671040
09725539
09640070
09810580
09854600
09781590
09822300
09842038
09843780
09772000
09772010
09832020
09891090
09635140
09896350
09822048
09841705
09720620
09785005
09854150
09725030
09726305
09851600
09850026
09861430
09841320
09831737
09847390
09782020
09847400
09832120
09852820
09847370
09847410
09857050
09852740
09847150
09619200
09621005
09683010
09847300
09847430
09847440
09790398
09847380
09785025
09847420
09894300
09606010
09841280
09784070
09750370
09761260
09857150
09785210
09840082
09761250
09770250
09895660
09732260
09841590
09660080
09660009
09842196
09761236
09831195
09720290
09860015
09791520
09765355
09840065
09894020
09836300
09846000
09785190
09725570
09764100
09715290
09732320
09725020
09732570
09895690
09784050
09663130
09846280
09841460
09781585
09781580
09661020
09770070
09660006
09661070
09790720
09811380
09855430
09726280
09820680
09855510
09837500
09895280
09841530
09607020
09841470
09853140
09890400
09850560
09732510
09850010
09841270
09606120
09732190
09660008
09850160
09725537
09725375
09715355
09842035
09810390
09851360
09721080
09851205
09854350
09890040
09760410
09715380
09896120
09851015
09894070
09626000
09831660
09892250
09780270
09726080
09791770
09790700
09840838
09850660
09667050
09837433
09853510
09841410
09615060
09783070
09850230
09668150
09843095
09852102
09692040
09726130
09784045
09761240
09781650
09892370
09894270
09854700
09842115
09842062
09781160
09784245
09721240
09632070
09845470
09791305
09856430
09855440
09831500
09750100
09791175
09840120
09851465
09857015
09862470
09783640
09838150
09820510
09607010
09671030
09891530
09850700
09851690
09617040
09843730
09629010
09850645
09784555
09840095
09791363
09608050
09669010
09784205
09785015
09843690
09617020
09687030
09861190
09685020
09618020
09857520
09853390
09668030
09735200
09607015
09726425
09693110
09770120
09607140
09851440
09850770
09843815
09838550
09783210
09784060
09666070
09861030
09780190
09894230
09854690
09761180
09764160
09831130
09791310
09781610
09892330
09668010
09841290
09857130
09784520
09851662
09761257
09783581
09760115
09770370
09770350
09770351
09810370
09850655
09631120
09850600
09618100
09666100
09854590
09896270
09853460
09782350
09710100
09854200
09791410
09850430
09790760
09896070
09894260
09770320
09895250
09842198
09621070
09771440
09732220
09760640
09781250
09693020
09856240
09837455
09822045
09761270
09783100
09790611
09791062
09781645
09792201
09792202
09792302
09792301
09792002
09792001
09792198
09792199
09811140
09838153
09783450
09831760
09853150
09715220
09784335
09785050
09837170
09726070
09890350
09640040
09850670
09651020
09838310
09812610
09851640
09771280
09771281
09784000
09895790
09692060
09781340
09720240
09850028
09770420
09792320
09660090
09725750
09832171
09811290
09812090
09791530
09840328
09761277
09895750
09791490
09720370
09725536
09842059
09790410
09850460
09838050
09856110
09692050
09846270
09781390
09836320
09894400
09688050
09751000
09689010
09834070
09853690
09811310
09760140
09840260
09840265
09841540
09790170
09841400
09861420
09784275
09771001
09837005
09854260
09820505
09832085
09783550
09761160
09896430
09843680
09836370
09770220
09626130
09843670
09856480
09837405
09764150
09720560
09860070
09683090
09853370
09892120
09720270
09854680
09855390
09853340
09791335
09845480
09692020
09840170
09855400
09620040
09621010
09780523
09640010
09624020
09784130
09783270
09628020
09783510
09760210
09616060
09891000
09891001
09891002
09857120
09832447
09891540
09891541
09832083
09820525
09847010
09891020
09640060
09856220
09837015
09851410
09791420
09844080
09853005
09853006
09853020
09843685
09790405
09821210
09857250
09783580
09830190
09853560
09847305
09855010
09847320
09832400
09618110
09856225
09853070
09840335
09847315
09830160
09783606
09791064
09781675
09850605
09821250
09782050
09792280
09784480
09760530
09851145
09846020
09784375
09840770
09791620
09831470
09791650
09715295
09841260
09856250
09725200
09764030
09764035
09780130
09846050
09784170
09668040
09862080
09860210
09731145
09831733
09857010
09841430
09631065
09837475
09784345
09626030
09846070
09856490
09834345
09894250
09721110
09725580
09784190
09840750
09619070
09715370
09837207
09832174
09821045
09842061
09840818
09792305
09760755
09862370
09624100
09780650
09782550
09791361
09892400
09781505
09840455
09781540
09791061
09861590
09851200
09894130
09661030
09760180
09623000
09891390
09852515
09862030
09764070
09791392
09720190
09890510
09791393
09791540
09821160
09890110
09725680
09760150
09810395
09732550
09626100
09850720
09791495
09641030
09667010
09835240
09784435
09629110
09617080
09822010
09770530
09832130
09857110
09852420
09840560
09750180
09850330
09750110
09812490
09812510
09812560
09785140
09810670
09791400
09631144
09631070
09629000
09830100
09830255
09831425
09831435
09831445
09831465
09835495
09835499
09835577
09835600
09835125
09837318
09852790
09892430
09837308
09837349
09761280
09770210
09710090
09891605
09791130
09785075
09837346
09837306
09837300
09837309
09616090
09783260
09837335
09837315
09837343
09892010
09837303
09631030
09831740
09838065
09857080
09850465
09840110
09837342
09837352
09837321
09631080
09771432
09837340
09837324
09837345
09615020
09771434
09830080
09837330
09837327
09837333
09837312
09837326
09629020
09837325
09830010
09621060
09771100
09725350
09810600
09840087
09762200
09792360
09725448
09760670
09854310
09852015
09895003
09862172
09860122
09895005
09860215
09860214
09781395
09726320
09619090
09812235
09841510
09851683
09620030
09830293
09720050
09894480
09894150
09811130
09780500
09812180
09830335
09781040
09850220
09791050
09861230
09853450
09609010
09842350
09725480
09810690
09781090
09810030
09894140
09720120
09760830
09784310
09784313
09837230
09780300
09812220
09853570
09791257
09862305
09851730
09686010
09841150
09855480
09862120
09831120
09846210
09780035
09821140
09790330
09624060
09861750
09831620
09720490
09784165
09831570
09831555
09721000
09861070
09856020
09830360
09842190
09838520
09890430
09637000
09636000
09638000
09639000
09771420
09831385
09811280
09725790
09896250
09899899
09668000
09770510
09725780
09641040
09761156
09856200
09861330
09762040
09890540
09751510
09640000
09852070
09812270
09838525
09840122
09832420
09837415
09861210
09615120
09890330
09820565
09820780
09812280
09832510
09761162
09720130
09842380
09853580
09761155
09760310
09852105
09812540
09720580
09891430
09837156
09820540
09851550
09840820
09782480
09750700
09726445
09618120
09836330
09791493
09834100
09721090
09811330
09854510
09688040
09857210
09857240
09853670
09844110
09790455
09780445
09810740
09861560
09861561
09861562
09840835
09666000
09715120
09791354
09791260
09836120
09616040
09765620
09772020
09861270
09791070
09750320
09715180
09835207
09761142
09812535
09720150
09852050
09726140
09720080
09820390
09854113
09761085
09762320
09792460
09725532
09820740
09771070
09892160
09830040
09791772
09891030
09852495
09725533
09854420
09854580
09783620
09854105
09764020
09820040
09720610
09781695
09691050
09840635
09840130
09840165
09837470
09895020
09850165
09892410
09791480
09770080
09861010
09840160
09855230
09855210
09855320
09855340
09855350
09855220
09855240
09855270
09855250
09855260
09855300
09855310
09855200
09855360
09855290
09855370
09855280
09855330
09761163
09861685
09837225
09891005
09822295
09842250
09842095
09842260
09831115
09725770
09625060
09784185
09785065
09840760
09760600
09855540
09784005
09896420
09830270
09854540
09836340
09620060
09895800
09894050
09791364
09891470
09715090
09895090
09781644
09790080
09771450
09626090
09780525
09608020
09642030
09854040
09822350
09811340
09811345
09629070
09854115
09830030
09843810
09846200
09821520
09810460
09666040
09856050
09606100
09840475
09853680
09821185
09821170
09840215
09841480
09760070
09843820
09830310
09785150
09785155
09847160
09850405
09852760
09784035
09791225
09791051
09894460
09843830
09683040
09720250
09811095
09895700
09821440
09837465
09836190
09861610
09780285
09790415
09671080
09726190
09852430
09655000
09656000
09657000
09618080
09841560
09662010
09837445
09616050
09840400
09851220
09838055
09832173
09830050
09782000
09896500
09784360
09761244
09861040
09856030
09760030
09861325
09836100
09836250
09836500
09895670
09781270
09836180
09750360
09660060
09851820
09694010
09760230
09782370
09847130
09791067
09662040
09790020
09791160
09891350
09856520
09856510
09812320
09765325
09896460
09854560
09853530
09861600
09761020
09791041
09812480
09770330
09837209
09783030
09895080
09892340
09770260
09790535
09821130
09720400
09792240
09783560
09784550
09821410
09751020
09840833
09850210
09811390
09843840
09890450
09651050
09616020
09631040
09856475
09615000
09616080
09783010
09607155
09836390
09836350
09726230
09780000
09780001
09781220
09780265
09781500
09726170
09810060
09840720
09820710
09830130
09852025
09854370
09784320
09710240
09896090
09838530
09810090
09791045
09628010
09617070
09761158
09625050
09750200
09619160
09783680
09812570
09625040
09784395
09831542
09669070
09895760
09784080
09831735
09856060
09791303
09693030
09720530
09606040
09761390
09854720
09831535
09822160
09831520
09841760
09841490
09840050
09671000
09822050
09843125
09840290
09853500
09628040
09831545
09784155
09861220
09896410
09764110
09850620
09633020
09843850
09784460
09761245
09840800
09840375
09784455
09810755
09810757
09857290
09852435
09608000
09606045
09853540
09852055
09791435
09811020
09607070
09836550
09628030
09628050
09837428
09771437
09764440
09750120
09840430
09851238
09764200
09820340
09765320
09847170
09832500
09821150
09624030
09895000
09851100
09890550
09790180
09821480
09821500
09821450
09782460
09606043
09780593
09854400
09836605
09836600
09832520
09615090
09784340
09791140
09842066
09621090
09854170
09844240
09851705
09782010
09667020
09891440
09844070
09784063
09608100
09691130
09835213
09853212
09853208
09853205
09853215
09750000
09750001
09600004
09601000
09602000
09603000
09604000
09605000
09822030
09696005
09891340
09760000
09760001
09760510
09761000
09760040
09844113
09857190
09792310
09732270
09732600
09840653
09861690
09720070
09896110
09840715
09770480
09781310
09860135
09790100
09790495
09760580
09830300
09663040
09810400
09842120
09852063
09850180
09780425
09892300
09790390
09890310
09791063
09606030
09792300
09810710
09861570
09861571
09861572
09782320
09854610
09770380
09846010
09732350
09784220
09784425
09784535
09784415
09784515
09784125
09721250
09725820
09725830
09625000
09784265
09784215
09784530
09846040
09606000
09784350
09811190
09780540
09715210
09852570
09761255
09831720
09841310
09664000
09843560
09892190
09851125
09846060
09854740
09761247
09850652
09783130
09861790
09624050
09841120
09760655
09831640
09750160
09851070
09607130
09620010
09810750
09617000
09851685
09852700
09856290
09781035
09616000
09631010
09850090
09760010
09761440
09761430
09891010
09895580
09892390
09771210
09771211
09810280
09726380
09892130
09790440
09608040
09618040
09725600
09791300
09668070
09715350
09781280
09764280
09840730
09822310
09613000
09614000
09760540
09854110
09692030
09860110
09837430
09843440
09846080
09842160
09830400
09821220
09782450
09820230
09851350
09852110
09781210
09781655
09861710
09721210
09822041
09663110
09847100
09792470
09791372
09783410
09765350
09765450
09783420
09783530
09762330
09765430
09831730
09783700
09765455
09761233
09783515
09765390
09685000
09765395
09783440
09765333
09782470
09783465
09822043
09847335
09783520
09625070
09761231
09782500
09765670
09781620
09625055
09619080
09857308
09619050
09840712
09784120
09765340
09765425
09790607
09765435
09765490
09783460
09725810
09660000
09765740
09765495
09782455
09765436
09792480
09783488
09783430
09765680
