09530070
09560535
09560320
09571480
09572230
09530590
09520460
09570430
09521000
09541400
09540750
09572430
09521050
09550250
09560505
09550010
09521030
09521150
09540120
09580710
09520070
09520060
09540200
09540201
09540202
09540203
09540204
09520030
09581330
09550100
09580600
09510000
09581570
09572060
09560210
09572000
09571490
09570580
09570420
09580320
09570005
09530600
09560250
09541110
09572250
09521160
09520680
09561100
09520050
09570350
09581030
09581020
09551320
09540240
09570300
09551020
09551260
09530460
09570200
09571420
09521005
09520500
09580790
09572210
09550270
09551090
09520180
09570130
09560580
09560590
09560310
09520530
09560290
09520230
09530430
09510030
09540320
09560410
09560650
09572010
09581170
09581160
09531100
09570190
09560420
09560370
09561130
09520210
09560080
09541520
09540080
09551340
09520040
09551055
09521190
09572090
09551070
09540660
09510010
09510005
09581140
09570440
09581600
09531040
09581560
09581420
09581520
09581370
09521060
09520550
09570010
09550190
09570160
09520670
09550600
09571320
09541490
09572020
09540300
09572410
09560300
09572300
09570500
09550060
09571060
09581670
09520290
09580120
09541480
09560050
09560105
09560065
09560500
09531140
09571360
09530290
09530320
09560510
09571020
09570100
09551310
09540060
09570620
09520350
09551210
09572570
09580370
09540530
09551350
09510040
09530000
09530001
09561030
09550260
09520640
09561060
09580620
09531050
09560100
09560101
09580360
09540030
09510120
09550200
09531195
09571230
09581400
09520420
09520410
09561220
09531185
09561150
09530030
09530440
09572520
09531090
09571120
09520570
09530060
09580570
09530540
09550560
09530080
09550740
09570150
09530550
09570340
09541300
09580590
09580670
09550450
09541020
09560360
09572405
09571100
09560335
09550080
09580460
09580480
09520470
09570450
09541030
09581200
09550720
09530140
09521210
09550005
09521120
09520560
09551250
09572320
09520430
09572610
09570400
09571425
09571310
09530700
09530701
09581630
09520400
09520150
09550400
09580430
09580530
09581730
09540760
09550030
09530100
09531180
09560000
09540100
09520690
09581580
09550150
09551080
09561090
09531070
09540230
09581640
09572260
09570210
09581210
09541350
09551000
09571330
09550580
09572420
09580000
09571210
09572540
09572510
09530050
09561080
09521130
09560520
09581700
09540840
09580450
09581710
09520100
09520120
09520110
09581690
09560220
09572110
09572500
09550470
09570640
09530340
09551220
09580350
09581510
09570530
09571430
09580010
09540550
09572310
09572100
09521310
09521300
09550050
09550051
09510300
09530580
09540110
09520240
09581410
09560280
09560330
09572670
09560390
09540510
09571050
09521040
09530200
09581100
09581680
09580400
09572460
09561110
09581000
09531080
09520320
09520310
09561020
09520360
09520190
09520280
09520270
09520200
09560380
09581310
09570600
09570330
09572450
09570120
09520220
09571040
09571010
09571000
09571380
09571390
09581180
09531165
09581550
09571110
09530470
09520260
09540680
09560570
09531155
09540410
09550660
09581380
09510115
09551050
09581320
09580580
09580610
09520490
09560430
09560340
09530450
09551240
09570020
09540250
09572070
09530630
09520580
09520010
09520000
09572030
09580630
09580440
09580770
09581620
09580640
09530120
09530250
09550640
09561140
09521020
09510050
09531000
09572050
09561010
09571410
09530300
09581080
09521350
09530110
09572630
09570670
09550760
09570310
09572220
09521370
09560150
09521220
09571450
09580540
09540010
09531060
09581540
09540440
09530500
09580335
09572480
09580720
09580780
09560010
09570000
09572200
09561200
09561065
09572015
09550000
09550001
09581300
09581360
09580500
09561070
09561040
09540500
09580470
09581610
09572440
09520380
09570510
09550620
09560260
09571470
09541460
09550770
09521110
09520340
09570030
09520020
09540430
09520700
09570040
09572620
09521340
09581060
09551030
09530310
09560540
09520370
09531170
09530740
09580020
09571475
09570230
09510110
09510100
09510101
09510111
09510102
09510112
09581130
09570360
09580560
09571240
09540480
09540620
09541000
09541001
09531020
09520480
09530270
09572240
09570610
09521010
09520590
09540780
09572560
09520450
09520440
09560560
09541360
09572530
09530280
09580270
09550590
09581660
09541330
09551060
09541010
09581350
09530330
09580050
09581110
09580660
09520520
09520510
09581500
09580300
09550500
09572120
09521170
09540560
09531175
09540640
09540570
09531110
09530090
09540420
09581040
09530780
09520170
09551040
09551200
09551300
09580140
09580490
09531200
09581240
09540800
09540635
09540830
09580260
09550490
09510210
09510200
09560600
09540670
09580380
09580150
09530260
09551010
09541320
09541270
09540280
09580330
09570660
09550650
09572550
09540610
09540600
09581190
09520250
09510130
09560120
09521070
09571200
09540490
09580310
09551035
09570550
09571460
09581450
09570650
09530210
09530211
09541100
09580750
09570560
09520540
09570170
09581490
09531120
09570520
09571130
09530130
09570180
09550570
09540290
09550750
09521140
09550610
09520660
09520650
09560130
09541150
09540540
09540630
09541180
09521080
09570110
09540580
09570050
09550160
09550630
09531150
09561000
09561001
09571440
09520710
09571030
09580760
09572690
09581150
09550700
09541450
09540330
09541310
09550480
09570630
09530435
09541250
09570370
09550170
09580340
09520160
09520730
09540000
09581750
09541040
09531160
09580690
09570140
09540470
09530480
09520630
09520620
09570090
09540400
09580700
09572680
09510020
09510021
09570540
09550460
09571140
09530400
09530401
09530402
09520300
09571220
09560070
09572600
09521360
09550070
09570570
09540590
09530240
09599899
09570220
09550550
09572470
09551330
09520330
09510125
09560090
09572040
09580160
09580220
09580680
09572130
09572640
09570410
09510220
09541470
09572660
09560530
09571300
09572235
09571485
09571400
09570605
09550090
09560110
09550280
09540650
09530640
09560200
09580040
09551230
09560270
09560140
09530720
09561210
09581010
09531190
09540450
09572140
09570240
09581230
09560400
09572400
09572401
09570080
09540700
09541220
09580130
09571340
09571350
09581650
09560350
09581530
09530530
09540520
09550730
09530560
09550180
09581220
09550710
09540310
09541155
09561050
09581050
09572080
09521320
09521330
09581460
09572490
09561120
09520610
09520600
09572650
09580200
09541130
09580800
09550300
09570590
09531205
09570320
09581120
09541200
09581720
09560060
09560550
