14910144
14913162
14910672
14914104
14913500
14913172
14914227
14913506
14913594
14910620
14910021
14913128
14913514
14910344
14913526
14913580
14910650
14910138
14910304
14910094
14910636
14910606
14913104
14913028
14914000
14910114
14910120
14910702
14910708
14910005
14913582
14914008
14913032
14913584
14914124
14913136
14913164
14910071
14910632
14910658
14910684
14910690
14910724
14914248
14913152
14914118
14914024
14914004
14913244
14913604
14913586
14913558
14910015
14913548
14919004
14910035
14910618
14910037
14910664
14910670
14910700
14910728
14910676
14913186
14913176
14913202
14910334
14910134
14910324
14914102
14914122
14919050
14910602
14913020
14914204
14910644
14913150
14913140
14913160
14913200
14913190
14913226
14913230
14910031
14910612
14910614
14910732
14919010
14919056
14910312
14910318
14910043
14910528
14910330
14913572
14913508
14914230
14914206
14913524
14910692
14913124
14914262
14914244
14913108
14910608
14910610
14910017
14910019
14913590
14913532
14913022
14910508
14910524
14910674
14910055
14910088
14910112
14910122
14910346
14914020
14914022
14914014
14914016
14910626
14913002
14914010
14913182
14910011
14919018
14910342
14910314
14913542
14910130
14919026
14910104
14914006
14914026
14914028
14914242
14910338
14913560
14910520
14910514
14910164
14910154
14910512
14913588
14910065
14910638
14910734
14914228
14910510
14910526
14910502
14910506
14910522
14913156
14910096
14913212
14913016
14910710
14910722
14914208
14914210
14914224
14914222
14919033
14910047
14914232
14919044
14913596
14913600
14913512
14913576
14913510
14913592
14910704
14914234
14913014
14913250
14913132
14913168
14910027
14910090
14914120
14910041
14910530
14913240
14910652
14914012
14914108
14919008
14919058
14914250
14914260
14914226
14913008
14913004
14914266
14910736
14910694
14914238
14910148
14913578
14919022
14913138
14910322
14913556
14913180
14913158
14913516
14913106
14910158
14910102
14910098
14910100
14910646
14910140
14910302
14914264
14910162
14910712
14919024
14910604
14913210
14913178
14913602
14910730
14913130
14910150
14910640
14910033
14910616
14910660
14910662
14910680
14910678
14910698
14910726
14910110
14910124
14910132
14910336
14913236
14913184
14913238
14913550
14914116
14913030
14913518
14910106
14910128
14910142
14910300
14913222
14913232
14914240
14910310
14914274
14914202
14914200
14913006
14910316
14910622
14910023
14910092
14910025
14910146
14910714
14910720
14919002
14914002
14910152
14910320
14910706
14914246
14914236
14910039
14910628
14910630
14910656
14913504
14914272
14914268
14913224
14913234
14913574
14914112
14913126
14913570
14910049
14913010
14910003
14910004
14913109
14910007
14910009
14910166
14910053
14910634
14913502
14913018
14919042
14913120
14913100
14913012
14913102
14913122
14913166
14910013
14910600
14914106
14910340
14910500
14919048
14913024
14918899
14919899
14913188
14913206
14919046
14913000
14914100
14914114
14913154
14913110
14910108
14910126
14910136
14910306
14913134
14910332
14910308
14910051
14910682
14910696
14910624
14913026
14919000
14919006
14910160
14913522
14913520
14913540
14910504
14919032
14910001
14913528
14913530
14910156
14914110
14919034
14919040
14919020
14910642
14910654
14914220
14914212
14910067
14910069
14910080
14913554
14913552
14913242
14910648
14913544
14913546
14914270
14919014
14919052
14913208
14913220
14913204
14913174
14919016
14919012
14919054
14913036
14910063
14910061
14910082
14910084
14913034
14910029
14913170
14910057
14910059
14910086
14919028
14910045
14919030
