06780235
06765235
06790020
06753420
06790000
06757130
06767300
06753250
06795050
06763350
06773310
06753230
06763180
06753150
06785130
06766180
06795040
06774290
06756430
06756440
06756200
06755160
06795060
06763250
06756230
06783110
06783390
06760020
06766320
06774315
06773050
06780110
06787370
06775260
06770280
06784090
06765250
06786340
06784330
06780160
06763110
06786298
06786449
06755370
06785520
06784010
06773130
06785180
06787575
06773020
06784080
06775100
06766220
06786495
06786175
06755320
06786150
06756210
06766173
06755410
06786400
06784280
06765420
06755090
06790210
06767100
06763220
06785100
06790350
06784130
06783220
06783100
06765180
06795070
06774220
06780040
06753020
06784370
06783320
06773320
06754070
06784450
06756240
06760070
06773200
06770235
06784335
06765260
06775500
06773100
06780010
06775430
06790030
06766210
06787515
06784392
06783115
06775470
06755180
06764470
06755310
06766000
06757220
06787565
06770220
06757030
06785050
06775110
06783150
06775230
06756010
06753300
06765390
06784410
06766415
06765300
06786310
06783450
06784360
06764300
06787665
06786560
06766470
06774270
06773250
06784285
06770260
06766270
06768000
06768100
06793200
06793000
06793100
06768200
06763040
06785410
06784545
06780060
06763050
06764485
06784000
06756330
06753040
06783050
06787630
06754210
06786170
06753310
06784530
06785070
06786550
06785270
06785310
06780290
06775050
06755120
06786420
06773390
06785240
06780220
06765440
06757310
06786220
06785400
06786380
06785320
06767290
06755325
06795006
06766175
06757060
06787290
06766192
06770000
06784100
06784005
06770230
06787190
06786290
06755430
06765030
06764360
06764350
06764370
06765040
06764380
06764490
06765050
06790355
06786390
06790360
06757260
06773350
06755290
06766160
06755080
06767280
06767281
06766040
06753170
06786130
06774210
06770290
06753280
06764375
06757250
06784428
06786240
06787310
06755190
06780070
06756370
06774240
06784550
06786450
06773010
06785330
06756250
06766520
06757175
06784660
06784400
06763460
06756090
06794000
06784560
06783091
06766515
06766510
06766505
06754110
06766163
06787180
06780200
06783060
06790260
06790285
06774030
06780080
06787580
06756260
06764160
06787470
06766150
06787505
06774080
06770170
06753080
06765460
06786565
06784051
06784640
06784393
06786230
06787627
06766200
06787640
06763370
06754040
06765270
06784540
06756400
06753190
06790070
06774310
06757100
06755230
06787680
06784110
06774060
06774020
06784422
06785530
06756140
06774085
06784535
06784122
06764480
06775450
06787400
06763080
06786080
06756340
06787500
06787360
06790230
06755150
06783030
06786180
06767200
06753140
06755360
06794130
06786030
06756380
06764000
06783160
06756270
06770050
06784350
06787420
06784580
06766177
06766450
06784283
06756220
06753290
06753430
06784140
06753130
06790280
06780300
06785080
06787530
06753090
06753320
06756130
06770160
06767135
06794020
06753005
06775220
06767270
06775370
06770095
06774230
06786275
06766010
06784020
06755050
06785190
06774180
06763300
06774170
06763010
06767130
06755140
06756150
06764130
06766400
06787200
06783290
06753380
06760040
06753390
06787000
06753325
06757280
06764425
06756000
06784295
06763190
06785340
06763160
06764060
06765450
06770210
06765200
06757270
06757200
06763090
06773300
06753100
06773290
06773120
06783190
06785160
06783340
06756350
06794120
06784150
06785350
06786490
06767150
06754060
06767020
06787340
06757070
06783180
06783170
06784160
06755335
06784170
06756080
06775490
06770340
06765380
06753270
06783380
06785360
06794030
06773210
06785510
06766195
06760030
06766025
06786370
06783045
06757000
06764110
06773030
06775290
06786260
06766485
06766495
06766490
06784380
06754050
06774120
06753060
06770200
06766480
06783020
06780270
06775150
06763000
06765470
06764290
06775460
06765000
06765001
06760010
06763060
06763500
06765430
06753210
06787390
06785290
06764310
06753000
06753001
06787060
06783430
06763100
06767090
06755020
06756280
06785140
06787210
06780130
06786485
06755270
06787040
06766110
06764080
06783400
06784480
06780020
06784137
06775300
06773220
06765175
06787605
06766300
06770310
06787525
06753450
06757230
06767210
06780140
06775420
06760025
06765020
06755070
06773185
06766165
06784240
06783070
06754030
06755030
06755280
06773230
06790010
06766185
06783090
06757125
06785380
06786270
06787410
06765140
06753180
06787100
06780090
06785090
06757010
06783205
06793010
06757160
06784570
06786410
06784600
06785010
06787440
06773025
06774000
06756410
06785210
06764260
06787120
06785280
06786441
06763330
06764440
06767390
06765190
06767070
06767320
06790170
06755000
06774100
06766390
06764170
06787130
06767000
06753350
06766530
06784135
06764431
06764280
06764140
06785300
06790060
06783285
06780210
06795000
06790080
06780050
06783250
06774190
06786430
06784655
06763420
06757020
06753435
06766460
06766465
06766455
06763340
06757240
06783330
06783195
06766540
06787140
06753260
06787110
06786563
06786210
06785390
06775310
06786305
06786190
06765330
06786110
06783130
06767380
06787150
06790110
06784180
06784288
06767310
06790040
06764220
06774010
06787220
06784030
06765170
06784190
06753440
06766167
06784397
06784650
06786010
06784555
06766015
06753120
06765060
06787585
06753050
06787645
06770150
06766190
06753400
06766073
06767010
06763450
06787655
06760050
06764100
06773080
06763310
06765510
06786330
06763400
06774200
06755130
06785345
06785045
06770030
06766410
06787600
06790100
06766280
06790190
06765095
06784405
06784210
06790240
06763130
06787595
06775010
06754090
06763470
06770250
06787670
06767385
06786250
06757300
06775190
06764120
06764230
06775080
06760080
06784292
06763462
06780120
06756070
06770303
06753195
06755260
06790250
06787675
06755275
06787615
06770130
06753220
06787510
06783315
06763240
06773240
06787385
06764390
06785370
06787560
06765120
06786440
06795010
06755060
06763015
06765100
06787520
06784284
06786055
06764330
06765080
06770010
06780245
06783270
06784420
06784055
06787230
06767360
06763270
06764005
06764040
06754140
06783230
06786350
06787030
06766230
06763150
06764115
06784391
06763380
06787380
06783240
06770320
06766420
06753070
06784310
06790200
06775280
06763260
06763200
06775130
06786500
06786558
06765490
06764010
06754020
06773360
06784340
06767190
06787550
06766125
06773040
06755300
06763140
06754200
06784510
06773180
06773170
06780260
06755405
06794040
06764180
06774070
06753370
06767260
06786120
06775004
06784282
06774250
06775510
06775000
06775001
06775002
06775003
06775160
06783120
06790130
06785230
06766475
06784620
06770140
06770100
06785500
06780125
06786057
06766360
06766361
06766100
06767240
06765520
06784395
06766030
06757050
06783410
06784394
06763170
06756020
06755327
06784630
06755440
06754170
06766183
06786040
06766127
06765130
06783025
06786570
06756100
06754000
06765340
06770110
06775320
06783280
06787020
06775240
06786060
06784262
06775270
06774280
06787240
06774150
06786000
06785040
06773190
06787010
06785200
06787300
06754005
06787620
06756120
06765310
06754100
06783420
06754120
06784665
06770105
06775040
06787250
06785095
06785020
06787330
06773370
06773000
06774300
06786460
06766370
06773090
06786300
06764435
06775540
06787555
06766130
06780180
06753305
06755100
06766330
06765280
06775070
06755187
06765185
06786280
06770190
06753360
06764030
06786520
06794050
06760090
06766380
06757140
06753160
06775060
06790150
06784270
06764090
06767120
06774110
06786285
06775030
06784426
06787070
06753240
06787625
06753330
06770040
06753340
06764410
06784185
06775151
06765305
06787355
06787610
06786445
06767040
06755065
06766240
06786075
06764145
06753085
06764420
06786447
06764070
06766340
06770270
06755390
06790140
06773270
06787480
06783260
06773330
06763385
06764450
06774090
06767180
06753200
06767350
06755330
06774130
06787660
06756030
06767330
06774005
06774008
06784436
06775440
06764400
06787090
06767230
06786020
06774140
06756050
06787260
06784287
06787450
06787320
06766090
06765165
06766260
06753030
06784040
06783095
06794060
06753010
06756360
06773380
06785120
06783040
06775210
06754160
06787540
06766135
06767160
06786360
06786443
06754130
06767030
06755025
06790090
06774340
06765195
06790175
06756290
06787535
06784434
06785250
06784590
06784470
06767060
06784286
06766050
06763280
06770060
06775250
06765070
06787080
06767080
06786200
06783350
06764365
06765240
06775120
06784293
06763490
06770300
06763230
06756300
06783010
06765400
06774255
06785260
06775180
06784050
06765230
06787170
06784460
06767340
06775005
06766310
06784264
06784290
06765370
06765210
06770180
06767225
06756310
06755185
06784432
06763055
06766170
06757190
06785150
06754145
06766525
06775530
06786050
06763210
06787270
06770135
06775200
06784299
06785000
06765290
06784289
06787430
06784520
06783210
06766350
06754180
06786553
06756460
06757120
06756390
06757090
06765105
06794070
06766120
06790300
06786090
06765317
06784260
06755240
06786568
06765360
06757170
06775330
06786070
06767220
06765320
06766060
06784297
06773140
06785060
06770240
06780170
06787365
06763390
06784300
06765084
06783055
06790120
06765410
06775400
06763290
06765090
06763360
06760000
06754150
06767050
06784424
06755225
06787547
06774050
06787623
06760060
06766440
06790310
06780030
06780150
06784610
06787590
06794080
06765480
06767250
06787280
06785170
06787570
06786395
06765160
06756170
06775395
06766290
06763070
06784500
06786575
06764250
06753110
06775360
06780000
06765350
06754220
06757210
06780280
06787160
06790160
06787350
06784278
06784200
06786470
06755255
06780190
06773110
06770020
06780240
06757290
06775390
06757110
06756015
06786160
06784320
06756060
06764320
06764340
06785525
06783360
06764460
06774260
06786320
06757150
06784250
06767140
06765010
06763030
06753437
06774330
06799899
06773160
06790270
06783080
06756180
06787460
06783140
06760100
06787635
06755010
06773280
06757080
06790220
06764445
06786555
06755450
06785030
06753105
06784060
06784390
06784070
06786480
06784430
06795030
06786140
06765465
06773060
06775140
06755350
06773340
06775463
06784085
06756420
06785110
06764395
06785220
06753135
06775340
06786005
06764430
06773260
06774040
06783300
06765215
06765500
06773400
06766070
06766365
06766250
06764270
06780250
06787050
06783310
06770120
06753235
06767110
06765220
06754080
06764190
06794090
06774095
06770070
06765315
06756040
06775410
06753115
06780100
06765307
06783005
06765312
06794100
06787545
06775520
06755110
06763495
06774160
06754190
06766080
06754010
06783440
06784440
06795005
06756160
06784220
06784275
06770080
06753410
06756110
06755385
06795020
06790180
06756190
06790290
06765098
06765150
06794110
06756450
06764200
06784490
06785145
06770175
06764355
06764050
06765085
06755040
06783042
06786510
06765110
06766020
06786515
06764020
06763120
06766430
06764045
06755175
06775090
06766191
06775350
06775380
06753145
06766123
06783200
06757180
06767170
06766140
06786100
06770330
06755380
06784298
06773150
06763320
06775020
06763020
06787650
06783370
06763480
06756320
06757040
06783125
06770305
06763265
06790050
06766500
06766445
06766535
