15907894
15904084
15904172
15902222
15905120
15903146
15906032
15906009
15905084
15905102
15905085
15905032
15904240
15906590
15906476
15905135
15906698
15909012
15902214
15904094
15902310
15906708
15906608
15903360
15900012
15904162
15903345
15903404
15901555
15904230
15906324
15902306
15906838
15905024
15902890
15901346
15906274
15901362
15901512
15905106
15901310
15909509
15901016
15905074
15906512
15903300
15902046
15904278
15901050
15901322
15904236
15904222
15904274
15902884
15904027
15903086
15901343
15901352
15904160
15901544
15900088
15901031
15903044
15903016
15908029
15900124
15902158
15906336
15904040
15903012
15904150
15904206
15909550
15903382
15901314
15909027
15909037
15904164
15906514
15906884
15906340
15906774
15900094
15902896
15906811
15902330
15906287
15902112
15905086
15906312
15908009
15904173
15903381
15904048
15906646
15903325
15903355
15906622
15906462
15903070
15909513
15906700
15906644
15901090
15904146
15904208
15903008
15905108
15903006
15905050
15905008
15905030
15904114
15902174
15904074
15901060
15901054
15903154
15906602
15904234
15902304
15902332
15906748
15909537
15901088
15901526
15906276
15901547
15906344
15904228
15901520
15909517
15906870
15900114
15906814
15903026
15901106
15901112
15905062
15901349
15906484
15901064
15901040
15906744
15903335
15906272
15905132
15905124
15909507
15900116
15904064
15903074
15904182
15904122
15906328
15908013
15908031
15909523
15906680
15906290
15906300
15905123
15905034
15907896
15904138
15903138
15901014
15903388
15903292
15906606
15903126
15901304
15904144
15901370
15906860
15902042
15905036
15900025
15905010
15901046
15902230
15904189
15904191
15902346
15904168
15907898
15902012
15904028
15905002
15904022
15904023
15900029
15902085
15902010
15904110
15904002
15901030
15901028
15904176
15904078
15900049
15905012
15909029
15903387
15906892
15902062
15902070
15903114
15900033
15904008
15909019
15904272
15906510
15906766
15906028
15901366
15902026
15903102
15906320
15909539
15901332
15902106
15902140
15902150
15908007
15908025
15900069
15906792
15900017
15903104
15903386
15901098
15902162
15901066
15902170
15906882
15906654
15903392
15901302
15909031
15902872
15902156
15904194
15901326
15906809
15904076
15900008
15900007
15904000
15900100
15904180
15902044
15906628
15906586
15901004
15909003
15909005
15905125
15902126
15906620
15901306
15909519
15900019
15906048
15906020
15906015
15906670
15903400
15905130
15909009
15900122
15906588
15902104
15903110
15902132
15903066
15903072
15902888
15900023
15904246
15903320
15906818
15901516
15905139
15902152
15901553
15900334
15905141
15906810
15901364
15905064
15901052
15902116
15908001
15903098
15906770
15905134
15903122
15901024
15902204
15906734
15906760
15906740
15904120
15906816
15905004
15901308
15906682
15905071
15901092
15908003
15903084
15902212
15904190
15904178
15904062
15903120
15903162
15906694
15901368
15904280
15905131
15903100
15903330
15906502
15906474
15903079
15902876
15908005
15906764
15902128
15902220
15901110
15901104
15904198
15904244
15904086
15902032
15903158
15909503
15903166
15906580
15903276
15906724
15906522
15902079
15906664
15901330
15901550
15906330
15901012
15901510
15901506
15901002
15901294
15906820
15902038
15905026
15901312
15906044
15905068
15906710
15901068
15901080
15901070
15905133
15904118
15904042
15909021
15902216
15904210
15904132
15904066
15909535
15906836
15904033
15902136
15903018
15905080
15900090
15906316
15904136
15900092
15903396
15903080
15904012
15904108
15903310
15903108
15900080
15901298
15902154
15904068
15902334
15902160
15906746
15901502
15904158
15902192
15901296
15906464
15901324
15900045
15905014
15906788
15900075
15901529
15906742
15904170
15904106
15903128
15905092
15905127
15902180
15901280
15906696
15908015
15902224
15908021
15902024
15904134
15903062
15900055
15901290
15905090
15905006
15903370
15905082
15909521
15904254
15900047
15901360
15906726
15906776
15908027
15906704
15901372
15906478
15903340
15906666
15906000
15905066
15906612
15906284
15902188
15903394
15901044
15906524
15906840
15901036
15904026
15904148
15903286
15902344
15901018
15901270
15902878
15906486
15906722
15904184
15904052
15909017
15903398
15904104
15903002
15904270
15900112
15904103
15900102
15900120
15900110
15904088
15902194
15906886
15906778
15906488
15901300
15904056
15906650
15905042
15905072
15904034
15904142
15904174
15903393
15906504
15906482
15906581
15906610
15905104
15904075
15906492
15902056
15902082
15902060
15901084
15902102
15906842
15903068
15908011
15900084
15903280
15904200
15904156
15905110
15905136
15903101
15902196
15902200
15901532
15903124
15900073
15900071
15905020
15901042
15902052
15906750
15902336
15902182
15902324
15902210
15902184
15902208
15903390
15903384
15902034
15906034
15900009
15906852
15902030
15901284
15906282
15903118
15902882
15903088
15903303
15903050
15900039
15903365
15903096
15903022
15906630
15906676
15904212
15905029
15905088
15901086
15902338
15902207
15906828
15904098
15906480
15906720
15903298
15903134
15902076
15900037
15906518
15900077
15904072
15902178
15904044
15901096
15902014
15902892
15902172
15906470
15904116
15902028
15900104
15904082
15906508
15904038
15901074
15901062
15903380
15908019
15902886
15903350
15906826
15906642
15906677
15901100
15901048
15905121
15902226
15904154
15904202
15902322
15906648
15902105
15902110
15905070
15901116
15901102
15903294
15903076
15904188
15906728
15904096
15903284
15904058
15906468
15902054
15902206
15903116
15904126
15906688
15900067
15906003
15900041
15905018
15906656
15900098
15906260
15906662
15909515
15905138
15903127
15906686
15904218
15902020
15904090
15909022
15909531
15903028
15903052
15904054
15905016
15906678
15904036
15906824
15902870
15903150
15904216
15906674
15902308
15906046
15901282
15906874
15904266
15905056
15902342
15904186
15902218
15900332
15901328
15906730
15901022
15901020
15902064
15902073
15904030
15902176
15909527
15906732
15906006
15906022
15904032
15906862
15906528
15905137
15904252
15902874
15906584
15903014
15904232
15906782
15902108
15906888
15904224
15906668
15906614
15906780
15902228
15903078
15903046
15904166
15904102
15904282
15903274
15906304
15902016
15906854
15905112
15906600
15902234
15902198
15902186
15904060
15904220
15905058
15900059
15905100
15906660
15904128
15904130
15903402
15902302
15906490
15903130
15904092
15903290
15901026
15900065
15906652
15903132
15909001
15905140
15903296
15901288
15902058
15901518
15900330
15902134
15904004
15900005
15904046
15906830
15901094
15901541
15902328
15902124
15903094
15906030
15905128
15909533
15904288
15904050
15905126
15904248
15902018
15901038
15906692
15902036
15904073
15904100
15906308
15901538
15906026
15906790
15904226
15902312
15904214
15906772
15902138
15906618
15906050
15900013
15906850
15905022
15906332
15901514
15901034
15906288
15906672
15900096
15909511
15909505
15903092
15903042
15904238
15906762
15909025
15904014
15905000
15900001
15904020
15906784
15902300
15903000
15903040
15903004
15904286
15906270
15906520
15906500
15908023
15905038
15905076
15906658
15903048
15906815
15903054
15903060
15903106
15904124
15906832
15906690
15906526
15909552
15900053
15901320
15902202
15906702
15906822
15903142
15901340
15906813
15906286
15900011
15906036
15906040
15906844
15906516
15908017
15909010
15900015
15909033
15901114
15903032
15906616
15901292
15906858
15900072
15904242
15909023
15909013
15900082
15903090
15906624
15902022
15901535
15900021
15909035
15909899
15903112
15909525
15909501
15900086
15909015
15900079
15906876
15902048
15901504
15904204
15904152
15905028
15903278
15906626
15903030
15906278
15902122
15906466
15904024
15906812
15903288
15906880
15906768
15906582
15904010
15900035
15902868
15906856
15902880
15903082
15900063
15906872
15906890
15902179
15906706
15904080
15902866
15905078
15904006
15900031
15904021
15906042
15901523
15902205
15900057
15905054
15904070
15905060
15900061
15902120
15904192
15902130
15909529
15906640
15903282
15904268
15904276
15906684
15904284
15902340
15905040
15906604
15906769
15901010
15901032
15901000
15902066
15902088
15900027
15901072
15901082
15902100
15906280
15902232
15901286
15902040
15904112
15906834
15906506
15904140
15903085
15906752
15900024
15903064
15902050
15903020
15906878
15905142
15904196
15903024
15903010
15905129
15902114
15905122
15903315
15900043
15900074
15906012
15905052
15906024
15900003
