18742004
18741364
18741308
18740146
18744513
18741304
18743100
18742244
18740025
18742250
18743148
18742264
18742038
18743108
18744524
18744500
18740105
18740134
18741306
18741032
18740031
18743182
18743120
18743110
18741104
18744516
18743092
18741312
18743186
18744518
18741360
18742176
18743054
18741176
18742030
18743122
18742152
18743402
18743202
18742050
18743606
18742252
18741322
18743408
18741330
18741370
18741346
18741140
18741108
18741112
18742254
18741302
18741342
18740222
18740073
18740019
18743208
18743050
18741008
18741138
18742256
18741044
18740055
18740149
18741344
18743000
18743010
18740061
18743082
18743166
18741168
18740065
18741314
18740107
18743602
18740079
18740152
18743184
18743058
18740224
18740041
18742270
18740075
18742222
18742180
18741318
18741352
18743600
18741030
18740899
18743194
18742262
18742226
18742178
18742272
18740154
18744514
18740029
18740238
18740138
18743206
18743172
18741368
18743162
18742110
18740005
18742052
18740007
18742266
18740013
18742142
18743212
18740049
18743180
18740242
18740039
18740023
18740148
18740001
18741046
18740160
18742108
18742230
18742172
18743086
18741134
18741310
18742000
18740130
18741002
18741012
18741006
18742002
18742106
18742128
18743176
18743052
18743154
18743178
18743174
18743188
18743144
18740232
18740162
18741154
18743124
18741328
18742206
18740117
18742132
18742140
18742162
18743006
18742036
18741162
18743102
18740089
18740053
18742046
18742268
18742158
18742240
18742160
18743008
18741040
18741160
18741116
18743084
18741366
18741110
18742144
18742164
18741362
18742212
18742188
18742168
18743404
18740011
18743410
18740158
18742234
18742170
18743072
18741028
18740150
18742214
18742186
18742154
18740097
18740113
18740027
18741036
18743168
18743106
18744510
18741316
18742210
18742190
18744528
18741354
18742040
18742216
18743018
18743608
18740240
18740071
18740228
18742032
18740103
18740156
18741034
18741150
18741114
18740236
18743014
18742224
18741102
18742246
18744526
18744502
18742104
18740142
18741022
18740063
18742242
18742148
18743406
18740099
18743610
18742166
18744512
18743088
18743004
18741320
18742044
18741170
18740136
18740095
18740226
18740033
18742126
18743016
18741164
18743070
18742204
18742194
18741010
18741038
18744522
18740144
18744530
18741348
18742232
18743170
18743146
18743160
18743156
18740069
18740119
18743064
18743132
18743200
18743192
18743140
18743002
18744504
18741358
18741156
18743094
18743612
18742034
18743210
18740059
18741042
18744520
18743152
18743130
18741000
18741020
18742274
18742198
18742200
18742100
18742120
18742102
18740037
18741324
18743096
18742258
18741024
18740045
18741178
18740164
18740091
18742150
18743090
18741152
18743128
18740015
18742220
18742182
18742146
18741166
18740111
18741004
18743012
18743062
18741014
18740081
18743604
18741326
18741172
18742260
18742042
18743104
18742208
18742192
18743400
18744534
18741174
18741350
18741356
18741300
18741100
18743056
18743080
18743074
18741136
18740057
18740077
18742202
18742196
18740083
18743142
18742248
18741158
18740067
18743098
18742228
18742174
18742122
18741130
18741340
18742156
18744899
18743190
18743126
18742112
18742048
18744506
18741118
18742124
18741026
18740017
18740087
18741120
18742163
18743060
18743164
18740157
18743150
18740140
18740093
18742218
18742184
18740101
18740021
18741132
18740132
18740115
18740234
18741106
18740035
18740220
18742130
18743204
18740230
18744532
18740047
18740085
18740043
18740003
18740109
18740051
18740009
