18272500
18276290
18280140
18279632
18273680
18273304
18272509
18270670
18277380
18270020
18277590
18270610
18271846
18277718
18279390
18279791
18279641
18274887
18278287
18280572
18279694
18274885
18272141
18279180
18277701
18273400
18280452
18270851
18271660
18280450
18273783
18279270
18276362
18278270
18272020
18272143
18273140
18280617
18273791
18280611
18279520
18277060
18274005
18271460
18273525
18281001
18277390
18280405
18270710
18273430
18277002
18279040
18278210
18274831
18280463
18274006
18274849
18280467
18278660
18277728
18272551
18277180
18271420
18274007
18274440
18277702
18271854
18279001
18274840
18274843
18277838
18276800
18280370
18277723
18271250
18279635
18271800
18274191
18277681
18273100
18271101
18274883
18274788
18276133
18273523
18275800
18275680
18273685
18275242
18274210
18273804
18280626
18276335
18274773
18270355
18274776
18276660
18271132
18271540
18277738
18277748
18278090
18277470
18274803
18272139
18279586
18272553
18279644
18279626
18275802
18275258
18275899
18276100
18270410
18271360
18274120
18271780
18280005
18270850
18277802
18277426
18278289
18272470
18275237
18278420
18275010
18270854
18278160
18273453
18280563
18275820
18272515
18278720
18277435
18275241
18277050
18277715
18274626
18280487
18273480
18280474
18279340
18279630
18279320
18277720
18280584
18274170
18280150
18275320
18276260
18272579
18274730
18272360
18276300
18277725
18278015
18279649
18274808
18274070
18277694
18278000
18277012
18279351
18273015
18279627
18274856
18271160
18273303
18276430
18277837
18273025
18278190
18279701
18276840
18274080
18274551
18275261
18279726
18279020
18273440
18270060
18276220
18277660
18271220
18271300
18270853
18280593
18279588
18279125
18278725
18277670
18276860
18280380
18280300
18271640
18273540
18273340
18270580
18274012
18279668
18275894
18274535
18275812
18277480
18279050
18278330
18276745
18279577
18274192
18275230
18275828
18277730
18277270
18275896
18275774
18277260
18274550
18279695
18280350
18275897
18275600
18274834
18270800
18279560
18272390
18275720
18273590
18276160
18270805
18270520
18275856
18278290
18277310
18277682
18274806
18276780
18271290
18275370
18270170
18274552
18280120
18273305
18275816
18280410
18276140
18270390
18273035
18277003
18276320
18274600
18274846
18275808
18273690
18271848
18274540
18273765
18277058
18273150
18277430
18272180
18279002
18273528
18275730
18276131
18272503
18279330
18280083
18279728
18274553
18271153
18275540
18277735
18274150
18274008
18273291
18274140
18272563
18279600
18276400
18278295
18278709
18280485
18274194
18277490
18275410
18270820
18274250
18270073
18276670
18270190
18275040
18279358
18272190
18271170
18277031
18271680
18271025
18275762
18270130
18279639
18277004
18274871
18279356
18279530
18274100
18272270
18274601
18272210
18280580
18278140
18271807
18273130
18280455
18277054
18273780
18275173
18275170
18275640
18272230
18275891
18272310
18271380
18276560
18271858
18278297
18278410
18279710
18272330
18275150
18274290
18278400
18271320
18279748
18276841
18277360
18270650
18270720
18278003
18272544
18279400
18275826
18277600
18279420
18271690
18270040
18278150
18270842
18278040
18271280
18271610
18271712
18276690
18274625
18278337
18278240
18273610
18274747
18273360
18273695
18274390
18277235
18277033
18274878
18274554
18280435
18280415
18279747
18279460
18270030
18278650
18274815
18275262
18273292
18270320
18275130
18276020
18270840
18280425
18273792
18273420
18280575
18274606
18271760
18278284
18273793
18280089
18274837
18272060
18278305
18275810
18274420
18275898
18276590
18272559
18280588
18275804
18270160
18277220
18280018
18274537
18276842
18272350
18279110
18277683
18275070
18275350
18277704
18280614
18273350
18278490
18274009
18278310
18277001
18276240
18279651
18274217
18275620
18275781
18280583
18279210
18276843
18275185
18273630
18278307
18274060
18271330
18272516
18276230
18273293
18279135
18271580
18275060
18274655
18275300
18270008
18279740
18276120
18279725
18276650
18275250
18271015
18279370
18275687
18273294
18277703
18278721
18278323
18274530
18274821
18279575
18278700
18276770
18270630
18279571
18274865
18274860
18274011
18279550
18274560
18277035
18275236
18273200
18278710
18278309
18274660
18277056
18280020
18272070
18276760
18274230
18280599
18274220
18278620
18273037
18279150
18272160
18271450
18276200
18275550
18279665
18276410
18277170
18278282
18276600
18274555
18274770
18273700
18270590
18275832
18279070
18270841
18279680
18271080
18272564
18272140
18278716
18279793
18276480
18279360
18279355
18273180
18272165
18275750
18277007
18279734
18276844
18277610
18277062
18274810
18275480
18277580
18271850
18279720
18277640
18280212
18273560
18272547
18270560
18271465
18271550
18277037
18271410
18273510
18275895
18270770
18280560
18272030
18278050
18276350
18275080
18273786
18278110
18280576
18278540
18277010
18276845
18277740
18274556
18277030
18273105
18278370
18277427
18274090
18272505
18271500
18273482
18273450
18274875
18274180
18277020
18272440
18280590
18279643
18272480
18271105
18272445
18277500
18273785
18271110
18278130
18272510
18276345
18275570
18270780
18273260
18272517
18279653
18280477
18279480
18270550
18272365
18273820
18277550
18277520
18271620
18275430
18280390
18275175
18280420
18278586
18271740
18279628
18274877
18275240
18274564
18279470
18274340
18273270
18272518
18280130
18273295
18280080
18273705
18275257
18272573
18274675
18274797
18279250
18277410
18272588
18280582
18279572
18274801
18274781
18278580
18275390
18277320
18279060
18280571
18280482
18271716
18274854
18272465
18279580
18276861
18270220
18274602
18273570
18271210
18280440
18274888
18275108
18271050
18279790
18273490
18280471
18279410
18280100
18276040
18277750
18278250
18279212
18271120
18273682
18274350
18278005
18274557
18279625
18273299
18278600
18274743
18279727
18274807
18274562
18274864
18274872
18279647
18273710
18273715
18275224
18270180
18275030
18277210
18271810
18274623
18271090
18278010
18274160
18272460
18277420
18271600
18275248
18275380
18274312
18274558
18280400
18275090
18275756
18280472
18272340
18276685
18276360
18280160
18273290
18272519
18273580
18274196
18277040
18277745
18276105
18271140
18279660
18279574
18280170
18277650
18277460
18279080
18275834
18279673
18278380
18274330
18275824
18280608
18278303
18276050
18279004
18272577
18274830
18274608
18271383
18272260
18277018
18273296
18274811
18272549
18272520
18270350
18280478
18273115
18274310
18272228
18271030
18270860
18275177
18276302
18278645
18271720
18275400
18272557
18274539
18278630
18270740
18271714
18273297
18274025
18275210
18271260
18278718
18272370
18277690
18274805
18274852
18279190
18275450
18274873
18280620
18276680
18278180
18280573
18270858
18272300
18277755
18276705
18280570
18275690
18270540
18271370
18274013
18278340
18276310
18278360
18279729
18272546
18279260
18277290
18276640
18280567
18277708
18277760
18274130
18279220
18280586
18276110
18274559
18276270
18272490
18279510
18279290
18272561
18274833
18274680
18276530
18274862
18276500
18271855
18274280
18276850
18275246
18277685
18274645
18278510
18275243
18275219
18280310
18280050
18273784
18279744
18280577
18277686
18273521
18276505
18277190
18271190
18275778
18274630
18274850
18271510
18273470
18277770
18272131
18272250
18271430
18276520
18271770
18273530
18271130
18272010
18274879
18275255
18270830
18280465
18272132
18273720
18274611
18277041
18275490
18276450
18276150
18278120
18273410
18275280
18277570
18275251
18274881
18274030
18271145
18271635
18277635
18273045
18274014
18271856
18270200
18275249
18278030
18271470
18276463
18277240
18270839
18274640
18277790
18279090
18274614
18279434
18279170
18279570
18280564
18273320
18275655
18272560
18277765
18277840
18274040
18275887
18276610
18277013
18274635
18272583
18275340
18277841
18273390
18276710
18274839
18278702
18272554
18279749
18270700
18280015
18278701
18279576
18279120
18279646
18280088
18272558
18277709
18271860
18273794
18274545
18279331
18276490
18277011
18279300
18278306
18277684
18273160
18274605
18272133
18278640
18279380
18279637
18279310
18274790
18271790
18274621
18280200
18270500
18277775
18275645
18273782
18271863
18272134
18280320
18279652
18272584
18272455
18279670
18278335
18275160
18274622
18275888
18275864
18276748
18277450
18272574
18276720
18277795
18275218
18279440
18273600
18275814
18278200
18280190
18278680
18279633
18279760
18278100
18280340
18273047
18272506
18280479
18270660
18271530
18274015
18279230
18276155
18275890
18277015
18273683
18274607
18273280
18272521
18272571
18273760
18271400
18277305
18271803
18280360
18274609
18271150
18279010
18276570
18276550
18270330
18275140
18276030
18280250
18274300
18280461
18273529
18274740
18270260
18275180
18273681
18272539
18273265
18271415
18272135
18271480
18273380
18277620
18279140
18279620
18275806
18272586
18273298
18274020
18272430
18271861
18277053
18271265
18277237
18275420
18277825
18278350
18279131
18280480
18278717
18277780
18276580
18279688
18278704
18271820
18280566
18278550
18271750
18276700
18276390
18278520
18271670
18272000
18270070
18280581
18274410
18280475
18271801
18278560
18279685
18279696
18280210
18276060
18279214
18270240
18272170
18274615
18280579
18280010
18279741
18276180
18275777
18274360
18279671
18275889
18279631
18276830
18279743
18276135
18279746
18274741
18273770
18280087
18273170
18278212
18272576
18279648
18270530
18273725
18272100
18278690
18277530
18272136
18270400
18270847
18270844
18270848
18276750
18275270
18275190
18279686
18276620
18275759
18279130
18272450
18278470
18270300
18272543
18276380
18275753
18273550
18279160
18275660
18275470
18278719
18280623
18271060
18270843
18272548
18280561
18274823
18274628
18279789
18279445
18279669
18276070
18277839
18271467
18277785
18272137
18272400
18277052
18280585
18274610
18277560
18272495
18275256
18275893
18274400
18277350
18275580
18271847
18279723
18275520
18279672
18277291
18272550
18274616
18272120
18276470
18276735
18272580
18280605
18279645
18276090
18279771
18274016
18275765
18279692
18280574
18275768
18277800
18272541
18273750
18278314
18278707
18272555
18275254
18278705
18276846
18272090
18279610
18271840
18272556
18279698
18274886
18279666
18279030
18280000
18279742
18277200
18271520
18273730
18275830
18277835
18270760
18275822
18272587
18272240
18277805
18275560
18275530
18280483
18277008
18280602
18272280
18270750
18273520
18270230
18270235
18277510
18270370
18271270
18270490
18270790
18271630
18277424
18277043
18270290
18280481
18271595
18272582
18278324
18272562
18277280
18278260
18277005
18270353
18273435
18277250
18274836
18279691
18275290
18280270
18276555
18271710
18276330
18272138
18277692
18270620
18277045
18272142
18276469
18278390
18275215
18277330
18280040
18271463
18279100
18280578
18272578
18273735
18274876
18272150
18279450
18279735
18272540
18272589
18275223
18273743
18271730
18270150
18275020
18271560
18279638
18278530
18274618
18273777
18279667
18274050
18271230
18279240
18278570
18278300
18274197
18275247
18277630
18271870
18274858
18273740
18277009
18277440
18272545
18279642
18275884
18279500
18275264
18274786
18273524
18270001
18275000
18277000
18273481
18270600
18278312
18272507
18277057
18280030
18279780
18273745
18271805
18273040
18276431
18279724
18280110
18279636
18274460
18274845
18274200
18271862
18274260
18272581
18276630
18278723
18273781
18279640
18279200
18278703
18272040
18278430
18279350
18278020
18280280
18277336
18279629
18271490
18274603
18271070
18273055
18274824
18278610
18274832
18280568
18279573
18271240
18270640
18277836
18272050
18274240
18274627
18277855
18280569
18280476
18276170
18278315
18278708
18280596
18279590
18280060
18274880
18270380
18278170
18274320
18275220
18272570
18279015
18276370
18274617
18271040
18274017
18280260
18272585
18271310
18279430
18272575
18279731
18273779
18274690
18271852
18271859
18271700
18280562
18281003
18274825
18276790
18279000
18274198
18270295
18270195
18275670
18277392
18274185
18275685
18277636
18270280
18275110
18276000
18274745
18274510
18273057
18273650
18279654
18271200
18275100
18274670
18276190
18270310
18275120
18276010
18275892
18281002
18273120
18275510
18274783
18277230
18272080
18271180
18275725
18273522
18273775
18273065
18274822
18274450
18278317
18277842
18272410
18273460
18272552
18272475
18274619
18277300
18272220
18273310
18279705
18279690
18271857
18274795
18275885
18274380
18279213
18274199
18275360
18275105
18279540
18275245
18280330
18272485
18271806
18271020
18274874
18278009
18277006
18275260
18274866
18276250
18280290
18274563
18276692
18271440
18275238
18273067
18274604
18282899
18276460
18275886
18275500
18274828
18270690
18280445
18273063
18277810
18277055
18279687
18279770
18277370
18274270
18270855
18274884
18275710
18272290
18274547
18274430
18276280
18274792
18280180
18277160
18274700
18270680
18278230
18273660
18277815
18273110
18272380
18274842
18277400
18278220
18270250
18270010
18275050
18271590
18271841
18273776
18276820
18274624
18271390
18276862
18274110
18275771
18272110
18280565
18274882
18275700
18273796
18271010
18270810
18280629
18270270
18277047
18280401
18277680
18277239
18270360
18275630
18275330
18270730
18275818
18278325
18275225
18272508
18280632
18271570
18271802
18273778
18278327
18279585
18277540
18270050
18273190
18280473
18273640
18274650
18270340
18270210
18274520
18274500
18274480
18274190
18274470
18274490
18275252
18275178
18273670
18273620
18275610
18272542
18279211
18270845
18279745
18276340
18277051
18273370
18280090
18277049
18270570
18274018
18274370
18276130
18278320
18280220
18276510
18279699
18276810
18273330
18278329
18277830
18277820
18275460
18279689
18279697
18279006
18279581
18279650
18270846
18274019
18275253
18275275
18280230
18278670
18276420
18277428
18274710
18278500
18278460
18278450
18278480
18274720
18280430
18278440
18276849
18274629
18280085
18274779
18275650
18272320
18278585
18271100
18272200
18280240
18274835
18276540
18275780
18279005
18271853
18275590
18272420
18273755
18278706
18271851
18276730
18272565
18278285
18276440
18280460
18279195
18273795
