18830110
18837034
18830039
18830076
18830003
18837030
18830037
18837008
18830112
18835004
18835006
18835002
18830011
18830106
18830025
18830080
18835030
18830017
18830049
18837022
18837032
18830302
18830061
18837020
18830057
18835022
18830350
18837058
18837024
18837057
18837014
18830027
18830023
18835016
18835001
18835000
18837012
18837018
18837038
18837046
18830015
18837006
18830053
18830051
18830043
18830013
18837056
18835032
18837026
18835026
18837033
18830031
18830078
18830033
18830047
18837050
18837028
18837000
18835008
18835038
18835014
18837004
18837016
18837054
18835018
18835020
18837044
18835024
18830055
18830072
18837040
18835036
18830007
18835034
18830059
18830041
18830070
18830108
18830304
18830100
18830104
18830074
18830045
18830300
18837010
18837036
18830005
18830352
18837002
18837042
18837048
18830306
18835012
18835010
18830001
18837052
18835028
18830102
18839899
18834899
18836899
18830029
18830082
18830019
18830035
18830009
18830021
