19280104
19289038
19282310
19282016
19282370
19280220
19280080
19280073
19282168
19282316
19280005
19280003
19280208
19280218
19282352
19282348
19282010
19280106
19282366
19280063
19282162
19282334
19282176
19282174
19280278
19280270
19282180
19289030
19280402
19280276
19280102
19289040
19282312
19280045
19282142
19282314
19280100
19289042
19280017
19282002
19280019
19280206
19282112
19280009
19280011
19280200
19280098
19289044
19280310
19282304
19289013
19289002
19289000
19282188
19289022
19282326
19289008
19280096
19289046
19280067
19280212
19280065
19282164
19280328
19280294
19280282
19282004
19282356
19282344
19282114
19280094
19282012
19282102
19289016
19282122
19280037
19280304
19280071
19280069
19282166
19280092
19282144
19280302
19282318
19280090
19280021
19280023
19280088
19282104
19289020
19280308
19282014
19282100
19280086
19280324
19280290
19280306
19282186
19282184
19280260
19289018
19280272
19282354
19282346
19282332
19289028
19289024
19282192
19282018
19280110
19280047
19282146
19282106
19280027
19280210
19280320
19280055
19282154
19282320
19280015
19280202
19280031
19282006
19282368
19289010
19282330
19282196
19280084
19280082
19280035
19280296
19282120
19282116
19280330
19282360
19282338
19280039
19280250
19280051
19282150
19282336
19282358
19282340
19289004
19280059
19280061
19282160
19282158
19280029
19280214
19280025
19280053
19282152
19282110
19289026
19289036
19282190
19280280
19282108
19282328
19289032
19282306
19280007
19280274
19282124
19282364
19280322
19282178
19282022
19280254
19282024
19280252
19280049
19282148
19280041
19280043
19282000
19282140
19282126
19282322
19282324
19280326
19280292
19289014
19280204
19289006
19282130
19280222
19282128
19282350
19282300
19282198
19289899
19288899
19280400
19280013
19280033
19282020
19280300
19280112
19280114
19282008
19282172
19280258
19282308
19280216
19280298
19282194
19282170
19280001
19282182
19289034
19280256
19282362
19282342
19280057
19282156
19282302
