18531498
18534046
18534544
18532254
18530604
18531504
18531370
18532090
18532054
18531520
18533218
18533052
18531320
18530180
18532034
18530001
18534232
18531706
18530124
18531150
18532028
18534800
18534812
18530700
18530712
18531440
18533242
18533016
18531196
18531062
18531146
18531204
18531490
18531356
18533220
18532074
18530130
18531800
18534608
18532416
18530067
18531324
18534366
18532240
18531128
18532456
18530338
18531134
18532220
18531702
18533104
18530202
18530057
18534814
18534514
18531164
18534540
18534614
18534198
18533006
18534310
18531380
18532124
18532436
18531190
18534506
18534620
18532402
18534512
18532022
18530308
18530538
18531090
18532084
18531494
18532410
18533084
18530522
18532226
18532012
18530015
18530410
18532014
18534102
18532062
18531214
18534182
18531210
18530132
18531100
18531086
18530029
18530310
18531116
18530658
18532082
18531526
18530194
18531122
18532224
18531362
18531456
18530110
18532252
18534166
18534510
18531814
18534538
18532418
18530306
18532214
18533096
18530802
18531166
18531304
18533070
18530708
18532234
18531474
18531000
18530340
18530134
18533014
18532424
18530530
18534330
18531126
18534036
18533032
18533034
18532474
18533008
18531334
18534050
18534234
18534208
18531802
18534224
18530047
18530018
18531092
18532024
18532212
18531496
18530506
18531518
18532452
18531508
18531060
18530059
18534618
18532144
18530166
18530027
18534196
18533068
18530043
18532110
18532040
18534152
18534602
18530071
18534032
18531010
18531308
18530144
18531804
18531482
18533044
18534822
18531458
18531492
18531098
18530196
18532088
18533022
18533030
18534068
18532202
18532128
18532036
18532404
18530168
18532032
18531084
18532026
18530800
18534006
18531358
18531808
18530035
18534064
18533060
18531004
18531382
18534052
18534056
18534054
18532092
18531002
18530160
18533224
18532042
18534058
18530326
18532142
18531216
18532086
18531516
18534150
18531096
18534622
18533106
18532048
18531332
18531114
18534600
18533202
18534216
18532210
18531130
18531082
18533026
18534616
18534062
18532064
18532438
18532104
18534802
18532412
18531148
18534304
18533004
18531392
18531390
18530040
18532218
18532420
18531344
18532440
18534186
18530009
18532122
18532106
18534306
18531170
18534302
18534536
18530610
18534220
18534368
18531118
18530063
18530094
18532058
18530136
18530033
18533010
18534342
18534228
18530536
18534070
18532102
18534028
18534104
18534500
18534820
18530188
18531052
18532464
18530804
18530312
18533000
18530019
18531110
18531186
18530021
18530141
18530320
18532600
18533112
18534190
18531352
18534008
18532256
18530055
18530650
18534526
18531803
18530090
18534212
18530041
18532232
18533080
18534026
18530524
18531182
18531328
18531460
18534022
18534350
18532230
18533024
18532406
18532030
18534092
18530616
18534338
18533240
18533230
18532108
18531160
18534158
18534024
18532208
18530206
18534170
18531534
18534066
18530170
18532434
18534096
18534080
18531306
18530706
18534518
18532422
18531302
18534612
18532002
18530656
18533200
18531212
18534072
18531330
18533082
18534048
18533042
18531378
18532116
18530031
18530336
18534004
18534164
18531438
18530005
18530500
18530600
18534508
18534314
18530108
18531614
18530606
18531396
18531056
18530051
18530077
18532046
18534194
18532020
18534320
18532044
18531208
18534226
18534184
18532010
18531326
18531206
18532004
18530092
18530510
18532134
18534824
18531536
18531152
18532070
18533002
18531374
18530342
18531172
18530192
18534230
18532432
18530039
18530104
18530146
18534160
18531472
18531502
18532130
18530614
18530186
18531512
18530120
18530714
18532250
18532200
18534530
18534204
18530302
18531054
18534810
18532446
18533100
18531710
18534362
18530190
18531340
18530314
18534532
18531612
18534312
18530096
18531470
18532066
18531120
18532114
18534816
18534202
18530098
18531704
18532414
18532018
18531336
18534340
18530612
18534180
18534106
18534156
18530400
18532132
18533222
18531066
18534516
18530198
18532408
18530011
18531112
18531806
18533056
18530013
18531530
18534308
18532140
18530037
18530164
18531300
18534316
18530049
18532442
18532258
18534060
18530504
18531314
18532450
18531312
18531522
18530023
18531434
18531050
18531132
18534502
18531394
18531174
18531074
18530182
18531176
18532444
18530100
18534002
18534360
18531058
18534804
18530114
18532068
18531510
18532000
18530148
18530710
18531476
18532204
18530184
18534382
18531194
18534074
18534040
18532472
18531338
18534606
18531072
18533094
18532016
18530140
18530116
18533212
18534364
18530702
18534168
18531452
18531178
18534808
18531360
18531310
18530300
18534010
18531184
18530502
18534154
18532222
18532466
18531180
18532462
18532056
18531154
18530716
18531156
18531144
18533098
18533108
18534346
18534504
18531168
18533040
18532460
18530142
18531070
18534522
18533214
18532050
18532260
18531142
18530204
18530122
18531102
18531650
18532052
18530061
18530618
18532458
18530208
18530652
18531454
18532206
18530670
18530334
18534162
18534318
18534042
18532126
18530069
18534604
18532430
18531124
18531192
18531372
18532470
18530045
18530017
18534034
18531432
18534100
18534078
18530704
18534082
18533038
18534172
18534192
18533028
18533090
18530003
18531202
18534334
18534344
18531532
18534222
18531198
18531322
18531478
18532112
18533216
18530532
18534000
18530520
18534348
18534336
18532072
18531436
18532100
18531140
18530324
18530073
18530053
18531064
18531014
18533050
18533064
18533020
18533036
18534188
18534076
18533054
18531816
18533046
18530162
18531480
18534624
18533102
18531500
18532038
18534020
18532080
18532228
18530075
18531162
18531528
18534300
18533110
18534542
18533228
18531364
18531342
18530150
18534030
18534380
18534094
18530322
18534012
18533018
18532468
18531450
18534370
18532400
18530508
18531012
18534524
18530534
18530200
18532136
18531376
18534818
18534084
18531514
18532216
18534214
18531080
18531068
18534899
18531610
18531810
18533066
18533092
18530620
18531708
18530330
18532120
18532118
18534610
18530316
18531506
18530608
18531088
18532238
18533012
18534090
18534086
18532454
18530025
18532060
18534806
18533058
18534534
18531700
18530152
18531350
18531600
18531430
18531354
18530112
18533226
18534354
18533062
18534352
18530118
18531812
18531200
18534044
18532448
18531818
18530602
18532236
18534210
18531094
18534520
18533210
18534038
18534200
18530654
18530106
18531524
18534528
18530318
18534206
18530332
18530304
18530102
18533048
18534332
18530065
18530007
18530079
