18860406
18860021
18860404
18860011
18860039
18860202
18860033
18860250
18860246
18860013
18860025
18860300
18860292
18860402
18860015
18860206
18860240
18860234
18860037
18860308
18860017
18860414
18860408
18860204
18860400
18860208
18860035
18860258
18860284
18860272
18860220
18860214
18860280
18860278
18860254
18860232
18860242
18860222
18860252
18860230
18860003
18860288
18860027
18860009
18860212
18860302
18860416
18860420
18860410
18860210
18860412
18860019
18860031
18860244
18860282
18860274
18860256
18860276
18860306
18860290
18869899
18860260
18860286
18860270
18860200
18860041
18860304
18860023
18860422
18860005
18860029
18860007
18860001
