17362200
17360246
17360362
17360268
17360040
17360060
17360017
17360302
17363000
17360254
17360320
17363034
17360324
17360012
17360240
17360450
17360292
17363004
17360612
17360005
17360432
17360406
17360444
17363282
17360632
17363228
17363224
17360046
17360222
17360024
17360230
17363274
17360447
17360208
17360224
17360045
17360019
17360435
17360412
17363294
17360646
17360604
17363032
17360426
17360296
17360298
17360312
17363242
17362208
17363288
17360202
17360608
17363276
17360044
17360011
17360300
17360360
17360232
17360249
17360214
17360006
17362210
17360048
17360440
17360404
17360462
17360434
17360007
17363298
17363252
17360350
17360068
17360244
17360364
17360266
17363260
17363270
17360623
17363042
17360374
17362212
17360072
17360354
17360330
17363044
17360226
17362214
17360290
17360380
17360372
17360260
17363246
17360326
17362216
17363206
17363234
17362202
17363280
17363024
17363232
17363208
17360064
17360042
17360306
17360322
17362204
17360304
17363256
17360454
17360291
17360037
17362206
17363204
17363284
17360600
17363002
17360276
17360464
17360031
17360340
17360368
17360458
17362220
17360622
17363222
17363244
17360013
17363236
17363031
17363202
17363296
17363230
17360648
17363214
17363216
17360023
17360610
17363290
17360210
17360029
17360274
17363028
17363041
17363248
17360442
17363220
17363218
17360200
17360050
17360420
17360062
17360270
17360248
17363258
17363286
17363026
17360066
17360295
17363226
17363238
17362222
17362218
17360446
17360003
17360328
17363212
17360602
17360228
17360318
17360294
17360225
17360452
17360256
17360366
17360264
17360448
17360074
17360410
17363275
17360638
17360001
17360204
17363278
17360025
17360242
17360624
17363030
17360206
17360650
17360408
17360424
17360628
17360314
17360422
17363020
17363006
17363060
17363040
17360352
17360250
17360027
17360272
17360262
17360430
17363254
17360456
17360466
17360370
17360033
17363036
17360076
17360652
17360356
17363273
17360606
17360614
17360640
17360620
17363240
17360636
17363048
17369899
17360428
17363272
17363046
17363210
17360009
17360043
17360221
17360436
17360460
17360310
17360402
17360301
17360021
17360220
17363038
17363050
17363292
17360275
17363022
17363250
17360002
17360390
17360644
17360634
17363008
17363010
17360316
17360626
17360642
17360630
17360070
