15755152
15755009
15755116
15755001
15755013
15755160
15755017
15755132
15759004
15755110
15755062
15755106
15755130
15755019
15755122
15755140
15755030
15759008
15759022
15759024
15755164
15755136
15755034
15755050
15755042
15755003
15759020
15759000
15755162
15755011
15759010
15759016
15759014
15759006
15755118
15755158
15755138
15755114
15755154
15759028
15755142
15755021
15755058
15755104
15759012
15759002
15755102
15755144
15755156
15755112
15755146
15758899
15759899
15755100
15755150
15755148
15755064
15755007
15759026
15755005
15755120
15755056
15755036
15755038
15755040
15755015
15755134
15755054
15755060
15755052
15755032
