11684434
11684436
11687112
11688036
11689008
11694048
11695354
11695710
11696448
11699006
11697056
11690433
11689309
11685472
11697803
11695240
11685522
11695372
11697807
11680312
11693128
11688664
11687156
11696446
11690408
11695028
11691400
11685002
11691060
11683504
11695728
11680033
11680624
11698229
11698322
11690039
11685442
11681786
11693180
11685424
11685034
11690051
11685434
11690622
11690418
11682498
11695168
11695376
11688020
11695518
11687538
11686751
11695260
11688660
11688440
11687552
11681308
11688014
11688012
11689213
11692142
11690078
11695244
11693062
11698241
11698242
11683020
11690602
11681768
11698218
11689318
11681550
11680007
11682524
11690420
11690027
11682486
11690416
11695116
11682418
11696426
11689396
11689222
11687204
11694046
11685446
11689203
11691052
11685006
11685482
11694002
11682416
11697818
11685744
11692132
11686796
11681526
11694034
11695284
11681264
11685710
11687554
11685538
11680316
11695738
11695758
11693166
11695740
11695742
11683346
11687522
11695268
11688032
11685464
11687164
11681234
11686753
11699004
11685454
11695369
11688028
11686412
11695022
11686774
11688670
11694013
11689036
11681326
11681790
11685458
11690422
11689202
11693132
11692150
11681568
11680617
11680608
11688438
11695530
11686778
11690604
11688006
11692106
11685486
11691008
11687570
11680035
11681750
11687550
11695274
11695232
11682438
11690159
11698232
11686769
11685516
11694062
11681574
11683316
11695720
11695256
11681272
11684003
11680611
11687206
11681772
11689314
11689206
11686765
11680037
11681556
11688412
11689320
11694019
11687580
11690183
11685730
11681501
11680652
11695350
11687104
11681258
11681316
11693070
11693072
11695332
11689622
11694032
11681774
11686818
11687508
11689336
11688406
11693150
11691078
11685024
11683306
11697805
11691074
11682440
11685012
11683344
11699010
11685530
11693080
11694050
11696450
11697052
11689311
11693118
11687198
11694502
11682506
11695114
11693094
11695258
11695216
11690108
11694000
11693160
11680352
11685478
11694021
11695272
11681248
11687520
11689368
11690600
11695290
11694504
11687510
11688418
11686810
11693028
11691080
11691048
11680602
11680650
11682580
11683330
11695762
11682422
11685411
11684008
11685050
11693052
11685524
11687158
11692002
11689642
11685046
11680029
11695298
11693078
11682574
11694305
11687128
11681558
11686486
11692112
11685536
11681202
11681001
11689000
11698239
11690458
11689301
11689600
11681507
11695510
11686788
11686466
11695516
11690462
11685558
11688612
11692102
11690454
11689302
11685510
11682412
11690614
11693144
11690430
11690624
11694042
11680614
11686434
11686400
11695208
11690090
11686114
11689212
11683022
11691044
11685724
11697816
11685460
11690171
11689304
11685560
11685728
11685462
11690012
11689219
11686414
11696402
11688638
11694524
11686102
11693104
11682590
11693162
11682592
11685502
11681602
11682554
11682427
11689398
11689234
11693092
11687514
11689062
11695262
11689240
11680613
11680628
11686418
11694054
11695132
11693036
11693038
11691054
11692100
11695532
11694074
11682426
11694056
11684440
11685532
11686402
11687184
11688038
11696452
11699012
11697058
11698205
11687196
11689006
11685542
11690030
11682552
11688100
11694060
11685450
11682424
11689628
11685032
11685518
11695748
11695752
11698290
11682436
11691018
11685490
11685052
11695220
11693058
11694005
11689424
11683318
11680636
11684404
11689246
11681546
11687220
11686763
11693142
11685540
11695744
11680003
11682548
11685500
11680017
11689604
11682582
11688606
11695236
11689030
11696414
11695162
11690069
11695206
11696540
11693056
11688630
11695502
11688648
11691082
11682504
11695160
11683532
11689356
11682488
11695134
11695734
11693014
11680616
11691015
11681288
11697814
11680310
11695130
11695006
11681250
11689650
11689646
11686830
11687132
11681208
11689010
11696543
11687208
11694001
11694006
11693178
11681498
11698206
11685022
11695712
11681760
11688442
11692118
11695528
11693168
11695156
11685708
11695718
11683310
11694009
11694310
11694317
11694318
11694319
11682478
11688618
11689372
11693200
11690165
11690440
11681584
11691403
11691019
11689220
11693001
11680648
11682558
11680300
11680348
11680626
11685406
11693114
11694010
11696420
11685426
11682520
11682588
11695706
11689410
11689244
11689648
11681510
11694508
11682586
11682430
11691016
11693116
11682434
11693044
11683524
11695018
11689408
11682170
11689340
11689352
11681242
11682584
11689400
11689236
11683314
11681228
11683014
11690411
11682404
11684442
11685534
11687118
11687186
11688040
11696454
11699014
11698209
11691020
11692010
11680620
11681766
11686480
11681210
11689630
11694526
11685444
11698237
11687168
11698234
11687136
11681780
11681284
11680618
11695334
11681495
11690018
11685404
11691026
11686798
11690093
11688103
11692146
11695010
11695246
11685466
11695324
11684424
11687182
11694522
11683338
11682406
11684444
11687120
11693064
11699001
11692130
11682402
11686820
11693186
11689312
11682168
11692156
11684412
11687162
11686814
11681782
11681523
11681502
11687116
11694066
11681554
11681220
11698240
11682494
11689204
11695278
11694025
11690105
11690075
11689606
11689044
11685416
11695178
11690081
11682228
11689209
11695148
11689358
11689350
11689376
11695200
11694003
11680320
11680011
11695230
11690087
11680609
11697050
11681218
11689374
11695172
11688022
11681302
11688658
11685452
11688662
11683016
11690123
11693111
11686794
11681564
11686430
11681266
11680336
11690401
11690403
11690405
11690407
11695506
11695300
11682408
11684446
11687122
11699003
11693098
11688101
11683518
11680005
11685705
11693190
11695724
11689305
11696541
11693093
11689205
11688602
11695154
11690141
11687222
11691004
11684438
11686824
11695266
11689636
11689624
11689640
11686492
11694004
11688000
11691010
11689406
11689242
11685712
11683514
11693100
11694308
11693108
11694320
11694311
11689388
11684400
11687146
11687178
11687216
11683510
11682564
11687556
11686757
11687102
11693156
11682546
11681770
11693158
11695234
11681222
11686494
11687174
11692126
11692006
11686416
11686787
11692001
11688010
11695214
11688024
11695140
11694307
11681500
11681520
11689644
11684448
11686464
11687124
11699005
11688416
11687534
11693088
11688624
11680015
11680025
11689426
11689348
11682536
11685038
11687194
11694500
11687152
11690189
11683342
11682414
11680334
11680615
11687560
11688030
11691013
11681318
11698228
11681256
11681306
11695370
11691050
11693170
11695716
11681512
11682428
11697812
11694064
11686438
11686772
11694012
11682510
11689084
11695106
11689610
11694518
11686760
11688644
11690009
11682598
11689632
11685440
11682611
11682226
11689338
11689339
11685520
11686770
11689048
11695170
11682530
11694072
11689046
11689344
11687530
11689018
11685726
11684410
11687142
11689652
11690419
11690421
11690423
11687126
11690409
11699007
11693194
11695250
11683024
11685506
11690021
11689201
11682454
11698220
11690036
11687506
11691058
11681511
11685531
11681509
11682230
11687584
11686502
11691056
11682444
11684450
11681513
11687108
11682562
11683010
11695316
11695500
11685508
11686488
11695378
11693126
11696408
11694076
11683328
11689332
11690003
11690437
11680308
11696428
11690060
11688408
11684432
11688436
11681232
11695294
11688617
11680350
11686482
11689316
11682224
11696460
11690057
11686108
11690048
11692000
11695352
11695374
11681290
11695714
11684452
11687558
11689346
11681572
11685470
11686456
11694018
11680304
11689002
11681548
11694078
11686491
11686490
11681490
11685430
11690620
11684006
11685476
11685736
11682442
11691062
11697808
11685432
11685514
11696424
11689040
11681246
11696422
11693130
11696206
11694301
11685492
11695014
11683004
11683018
11685054
11690608
11684430
11693154
11680346
11681582
11681758
11686422
11690445
11681540
11686826
11686440
11690460
11692148
11688428
11690096
11682578
11686470
11688614
11691034
11686504
11696204
11690102
11693060
11685734
11685453
11683006
11690180
11690432
11685718
11698323
11680622
11680318
11686410
11690628
11692004
11681254
11681298
11687542
11693066
11687512
11686474
11686428
11683012
11681524
11690426
11692122
11689038
11686792
11693138
11690045
11685732
11690066
11688102
11688636
11690117
11696202
11686105
11688676
11695504
11690015
11695348
11698320
11695270
11695326
11687582
11683300
11683000
11681566
11680607
11681320
11689224
11695228
11692105
11687568
11697408
11688642
11687564
11689394
11681610
11691002
11688420
11689020
11686450
11688610
11680606
11685720
11680344
11681600
11695210
11695224
11693172
11681542
11681314
11681244
11691072
11681304
11689342
11687544
11690446
11681528
11681530
11692140
11695732
11694036
11691406
11692134
11681505
11680640
11680031
11682556
11699002
11694089
11681292
11686432
11681322
11689004
11687578
11695514
11695314
11684001
11689324
11686426
11691408
11686776
11686472
11688604
11692120
11687516
11689384
11694309
11682576
11693097
11684428
11694314
11693184
11680039
11682594
11685559
11689232
11690413
11690415
11690443
11690417
11684454
11684456
11683506
11693082
11687154
11683530
11682534
11695746
11681590
11681592
11695366
11684406
11694014
11692116
11687536
11682540
11683026
11688404
11695322
11688600
11689042
11690186
11690424
11688634
11685550
11695756
11694020
11685474
11694016
11687572
11682450
11682462
11691022
11688672
11689014
11695174
11680632
11681214
11685468
11691402
11685496
11687226
11686828
11686420
11681536
11695340
11688640
11681260
11690612
11687140
11688680
11681310
11686816
11688008
11692108
11681778
11698227
11681522
11687166
11686806
11684458
11685554
11694088
11688650
11685014
11694024
11686822
11681504
11695128
11695242
11681493
11689330
11691024
11695138
11681788
11691001
11694022
11682456
11685480
11686454
11683336
11694026
11681754
11693136
11695368
11695226
11681296
11686766
11693146
11680638
11691038
11690750
11695164
11681282
11686764
11681552
11681201
11680001
11685000
11687500
11680314
11683526
11685700
11685556
11695252
11683015
11692136
11685739
11696416
11686406
11694091
11690024
11689308
11695026
11690450
11696406
11694304
11687214
11689078
11689068
11689082
11689066
11689080
11698224
11689072
11689070
11698226
11689076
11689074
11682560
11689303
11685512
11692114
11682500
11681240
11695276
11695030
11695108
11682526
11690402
11680342
11690150
11697820
11684004
11693022
11686506
11682458
11691012
11697810
11681212
11686496
11686754
11690754
11695002
11695102
11687145
11687147
11682403
11680301
11689307
11682180
11682420
11698211
11682152
11682400
11698213
11693176
11694082
11694086
11682410
11685557
11685702
11690156
11690444
11693140
11695342
11689086
11689054
11685030
11685031
11682178
11695730
11693134
11689420
11687176
11688400
11695344
11683013
11685722
11688430
11689230
11694044
11687130
11680041
11686446
11681586
11686116
11689024
11695700
11686812
11695338
11691046
11689052
11687144
11692144
11690442
11690606
11695198
11695760
11689056
11689064
11685528
11687221
11690084
11695508
11696200
11696400
11697000
11697400
11697800
11698200
11699000
11690756
11689250
11682538
11690452
11683334
11688626
11681280
11694011
11694313
11685504
11695120
11695008
11682518
11690428
11681278
11680630
11689634
11688608
11689626
11689378
11694510
11681560
11681562
11687212
11694052
11680601
11685456
11688668
11693112
11682516
11690434
11693076
11695150
11682213
11694512
11680021
11687150
11692154
11688414
11693016
11695218
11687224
11680634
11688628
11687160
11685544
11695702
11685448
11684402
11684426
11684460
11689334
11687114
11680326
11693020
11689638
11687138
11691017
11682496
11686500
11690438
11688422
11693086
11681294
11695180
11691006
11690752
11681270
11687562
11695142
11689210
11683512
11690153
11695346
11681776
11681262
11680612
11693196
11680644
11684462
11695534
11685740
11689228
11688603
11690162
11683008
11685004
11690042
11698321
11685420
11680322
11685436
11690063
11681762
11691404
11682432
11684414
11691028
11697804
11681230
11686444
11681300
11693000
11694300
11692152
11691032
11694030
11689322
11695118
11681252
11681236
11693042
11697410
11684464
11684418
11689248
11693102
11695126
11695004
11693106
11685400
11686403
11689614
11691401
11682600
11682484
11683002
11684416
11686462
11689386
11693120
11694008
11694058
11693122
11680019
11695254
11682466
11691064
11682528
11689088
11695112
11682492
11695110
11695196
11680338
11682508
11690400
11695166
11689404
11689238
11689616
11694315
11694316
11683017
11680004
11690441
11693084
11689422
11698238
11694090
11698201
11682572
11694070
11693018
11687546
11686786
11686436
11686468
11695320
11680642
11682480
11689326
11695158
11686424
11688632
11696436
11685020
11685036
11689207
11697801
11686780
11698324
11695194
11685418
11686104
11696412
11687110
11696530
11695012
11682566
11680340
11680600
11686448
11693068
11686404
11695024
11681312
11694302
11681226
11694516
11686709
11687526
11687540
11686804
11685552
11690114
11681274
11695248
11685704
11695122
11685422
11695182
11687202
11694506
11686802
11690132
11694028
11689310
11695212
11682522
11690406
11695032
11688002
11683340
11681576
11681204
11681268
11695124
11685016
11689016
11680610
11689412
11682570
11690111
11690448
11695750
11685008
11685402
11693148
11693192
11681216
11683508
11685716
11686106
11695204
11690456
11680006
11689402
11698231
11690177
11680604
11680605
11682222
11689370
11689364
11684422
11698236
11695330
11695308
11698270
11695310
11695520
11695362
11695360
11695306
11682610
11695328
11695364
11695302
11695312
11687566
11695304
11686791
11695282
11695280
11695101
11688432
11686758
11691066
11695238
11699009
11683001
11691040
11693054
11688403
11690435
11685738
11692104
11694015
11695726
11695736
11696542
11696438
11696432
11696434
11696462
11696528
11697406
11694501
11699011
11699015
11699017
11699019
11699016
11682401
11684435
11681276
11680002
11680013
11680009
11680023
11680332
11681595
11681598
11681596
11681594
11682151
11682153
11681012
11682464
11696544
11693110
11694017
11689601
11689603
11689605
11687101
11686101
11686103
11686458
11686460
11686461
11686109
11695190
11686111
11686113
11689226
11693074
11697404
11694520
11683520
11683522
11684466
11680302
11696418
11681497
11681506
11681499
11681206
11684468
11689328
11688654
11693090
11691014
11687524
11695264
11681588
11693188
11684010
11681516
11688620
11693030
11681224
11686110
11698233
11682512
11695188
11682482
11695144
11693152
11682490
11695034
11690404
11682502
11695136
11686808
11690072
11695292
11695703
11688401
11687200
11681534
11688622
11688652
11685058
11690425
11691036
11690427
11695708
11695358
11682460
11691068
11697802
11683304
11690429
11690431
11681324
11685438
11693040
11695184
11688646
11699899
11698899
11688018
11689216
11684470
11681570
11682568
11693096
11695722
11685742
11685410
11686767
11686800
11681508
11683312
11685048
11689060
11687180
11692138
11681544
11684408
11690006
11691076
11685408
11693174
11683332
11686789
11689620
11680603
11686768
11689366
11694068
11696430
11693182
11689608
11692110
11682544
11696208
11690618
11692124
11692128
11694087
11684420
11681286
11695512
11681532
11687188
11689416
11686442
11690410
11690626
11690414
11682514
11695146
11686457
11694312
11681515
11698202
11697402
11697806
11695202
11695725
11694306
11693050
11695701
11693046
11685714
11686476
11687504
11680306
11696410
11686790
11686408
11686478
11685044
11698235
11686784
11693124
11681238
11683302
11695176
11681514
11680354
11688424
11683534
11688016
11682446
11693024
11684472
11687192
11694514
11686762
11689026
11690439
11690412
11685548
11689028
11685706
11695192
11695704
11686761
11693002
11694080
11686755
11689012
11695186
11691042
11695296
11693164
11698230
11686484
11695318
11687574
11690610
11690174
11690436
11687518
11689058
11690054
11695020
11686759
11683322
11689414
11694084
11680027
11695754
11683308
11685488
11687190
11695286
11695356
11685412
11693032
11689618
11693198
11687134
11681496
11684013
11685526
11689418
11686782
11688656
11693003
11693005
11693095
11683320
11682452
11689032
11689050
11685414
11693034
11685428
11684474
11681578
11681580
11682550
11687218
11695152
11695288
11698203
11694023
11685042
11698222
11681491
11681494
11690120
11683500
11681538
11696404
11687210
11695036
11695104
11685546
11684476
11688616
11680646
11693026
11686756
11683528
11683536
11689612
11689392
11689218
11688402
11686100
11694007
11682596
11688678
11683516
11681784
11681503
11687148
11685010
11690144
11681764
11683538
11682448
11691070
11688426
11688434
11689354
11693048
11689602
11680324
11688034
11687170
11687548
11688026
11683502
11689034
11697809
11697811
11688410
11689249
11684000
11683540
11695016
11685056
11681518
11696492
11681000
11682154
11682212
11684002
11684478
11684496
11684498
11685018
11688004
11695336
11695524
11696490
11697002
11697004
11697054
11697412
11697414
11685026
11688601
11685481
11690095
11690099
11686112
11699008
11685701
11681006
11682176
11696502
11697020
11697430
11698208
11681028
11696480
11697024
11697440
11698215
11689211
11681010
11682182
11689200
11696504
11697026
11697444
11698217
11682184
11689382
11696478
11697030
11697442
11697446
11698219
11690168
11682186
11689360
11696506
11698221
11682188
11689380
11696476
11697032
11698223
11682190
11696508
11697038
11682192
11696474
11697040
11682194
11696510
11697042
11682196
11696472
11697034
11682156
11684494
11684500
11685028
11693012
11695222
11696494
11697006
11697028
11697416
11697418
11694303
11698207
11681002
11681004
11682198
11696512
11697044
11682200
11682468
11696470
11697046
11682202
11682470
11696514
11697048
11698225
11682204
11682472
11696468
11682220
11682474
11696516
11682218
11682476
11696466
11687106
11682216
11696518
11682214
11696464
11682210
11696520
11682208
11681024
11681026
11682158
11684492
11684502
11689214
11691000
11692008
11693010
11696488
11697008
11697036
11697420
11697424
11698216
11685494
11684012
11682206
11696522
11696456
11696524
11696444
11696526
11696442
11696440
11681022
11682160
11684490
11684504
11685040
11687172
11690033
11693008
11694038
11696496
11697010
11697422
11697436
11692003
11688042
11684014
11685703
11696458
11681020
11682164
11684488
11684506
11689300
11693006
11694040
11695526
11696486
11697016
11697438
11688041
11687561
11684016
11681018
11682162
11684486
11684508
11693004
11695522
11696498
11697014
11697426
11698204
11681016
11682166
11684484
11685484
11696484
11697012
11697428
11698210
11685498
11689362
11681014
11682172
11684482
11689306
11696500
11697018
11697434
11698212
11683324
11683326
11681008
11682174
11684480
11696482
11697022
11697432
11698214
