17440196
17440184
17440302
17448016
17448004
17440007
17440001
17440316
17440170
17440156
17440222
17440003
17448010
17440300
17440216
17440308
17440190
17448018
17440186
17440015
17440013
17440160
17440214
17440017
17440162
17448003
17440230
17440220
17440178
17440180
17440021
17440152
17440046
17440212
17440314
17440174
17448005
17448020
17448002
17440009
17440040
17440150
17440188
17440306
17440182
17440033
17440044
17440192
17440104
17440031
17440027
17440172
17440176
17440198
17440042
17440164
17440106
17440023
17440168
17448008
17440025
17440218
17440019
17440166
17448006
17440194
17440050
17440002
17440154
17440100
17440102
17440312
17440304
17440029
17440011
17440158
17449899
17440310
17440200
17440210
17448014
17448012
17440048
17440005
17448000
17440035
