13278100
13275140
13275380
13274700
13271090
13273110
13275615
13273282
13272161
13273017
13273390
13275416
13271607
13277630
13272834
13275700
13273615
13270600
13278137
13272154
13272526
13274050
13272589
13272584
13273156
13275200
13272811
13277604
13275538
13273250
13277714
13274169
13273140
13273099
13273081
13272045
13272111
13278315
13276160
13275130
13272528
13274469
13273123
13277220
13279031
13274370
13275412
13278407
13275413
13273584
13273400
13271412
13274340
13271341
13272853
13273410
13275614
13277280
13273261
13273095
13277060
13278210
13274350
13277122
13274540
13274500
13273613
13272002
13278402
13277030
13275223
13271393
13271771
13273420
13274099
13274701
13277430
13275720
13271623
13273399
13276485
13278362
13270373
13274590
13270292
13279176
13279104
13275583
13270370
13275444
13272454
13270150
13272750
13277713
13274510
13270395
13272745
13272865
13271010
13272769
13272735
13277734
13277730
13273040
13270560
13271417
13272181
13273180
13275442
13274291
13270101
13272601
13273620
13278102
13272754
13270470
13277590
13277090
13277161
13275071
13276050
13276390
13272703
13278207
13272031
13278113
13275055
13275221
13277150
13272471
13277581
13272103
13278360
13278600
13271180
13272785
13273325
13271291
13273145
13273575
13273182
13277707
13275624
13277504
13273130
13277732
13277619
13275643
13271270
13270440
13273639
13278160
13274442
13272091
13272501
13273096
13273043
13277413
13273042
13270005
13276000
13278040
13273186
13272362
13272756
13271577
13271392
13272790
13272813
13272704
13273201
13276090
13272311
13272008
13277705
13275360
13275666
13279452
13279130
13273117
13272791
13273203
13272404
13277640
13272005
13278322
13270397
13278416
13270170
13277429
13277113
13272022
13272826
13273149
13275544
13275500
13278107
13270171
13276010
13278411
13279155
13279178
13270259
13275422
13277460
13278418
13270700
13273569
13277240
13275051
13277151
13275350
13272456
13273641
13278032
13270390
13279390
13278106
13273591
13273703
13279022
13272360
13273211
13272095
13277469
13273020
13270310
13279153
13278408
13277703
13272003
13277290
13275358
13279021
13273204
13273583
13273430
13277756
13277710
13275009
13278270
13277704
13271606
13272743
13272160
13278021
13272856
13271443
13278041
13279172
13275546
13279813
13272105
13279081
13274362
13278364
13270490
13278142
13273581
13274571
13275714
13273041
13275716
13275708
13273147
13273553
13273608
13272553
13271100
13274040
13271419
13278355
13275213
13272023
13270530
13272301
13272847
13277112
13275726
13275549
13270383
13270660
13275080
13275353
13276150
13272028
13273102
13271615
13273586
13277049
13270610
13277583
13271424
13273265
13273440
13279100
13273450
13273093
13273015
13275150
13275433
13271741
13272863
13274020
13272841
13274723
13271160
13277716
13273275
13271150
13276210
13279392
13272835
13271793
13272551
13271617
13272742
13272859
13273268
13272857
13272795
13278303
13272736
13272512
13274782
13275613
13272093
13279162
13273582
13279173
13272312
13278605
13271795
13270369
13270379
13271400
13271310
13273271
13274010
13271444
13274008
13273606
13278243
13275414
13272403
13278002
13273121
13279072
13270669
13273155
13278200
13272174
13274470
13270384
13272470
13272522
13278134
13276350
13278356
13272862
13278401
13276280
13274702
13279422
13274463
13273360
13275436
13276065
13271000
13272350
13272477
13271442
13271605
13272855
13270040
13272738
13274760
13276540
13272185
13274724
13274703
13273284
13278321
13276134
13273063
13278170
13272363
13270295
13274465
13272476
13271050
13272042
13270120
13274570
13272303
13273111
13279394
13271510
13275642
13270185
13279013
13273132
13272815
13275547
13275441
13274081
13272868
13274144
13272854
13273272
13276045
13271020
13274761
13274130
13274012
13272459
13278073
13274462
13271140
13272850
13274090
13277070
13272171
13272552
13274141
13279103
13272047
13278414
13272167
13272550
13273142
13273034
13273101
13275650
13278250
13270201
13271422
13273172
13271652
13275050
13273605
13271394
13272595
13273190
13273169
13272773
13272545
13275005
13279400
13279801
13275702
13272821
13272361
13273593
13279095
13277582
13279071
13274051
13278011
13276300
13272838
13276075
13273262
13278290
13272110
13272168
13279403
13276525
13271604
13272842
13273370
13278609
13275224
13273380
13276005
13271380
13272401
13271789
13272848
13272734
13278144
13272861
13274189
13275542
13271792
13278231
13276200
13272610
13272758
13270386
13275718
13272762
13278045
13272768
13277722
13272830
13272767
13275732
13279475
13272761
13275588
13272832
13274520
13272153
13273332
13272751
13272040
13277500
13273073
13277653
13272839
13272592
13272465
13274204
13277742
13272537
13272542
13272602
13272159
13274430
13278012
13277250
13272420
13272027
13274572
13279396
13272030
13277610
13275095
13272844
13277415
13278415
13272783
13275601
13277718
13275722
13274125
13278078
13272874
13274560
13278452
13273619
13273207
13277201
13273033
13275537
13270570
13279083
13277506
13278060
13275081
13275060
13278325
13271059
13272156
13277121
13278150
13272300
13273164
13276305
13271781
13275612
13278357
13272732
13274464
13275510
13272873
13278352
13271608
13277706
13275644
13272524
13273116
13272462
13272534
13272081
13275584
13271413
13274180
13270210
13274170
13273260
13277723
13272799
13270330
13270080
13278050
13273571
13273267
13274611
13278453
13279402
13273269
13273264
13273163
13270110
13277512
13270362
13272100
13272097
13277614
13270640
13273062
13277050
13270250
13274725
13270290
13272006
13271260
13271115
13278410
13272746
13278180
13273000
13273556
13278370
13273160
13274455
13270329
13272594
13271410
13273122
13272820
13274114
13274460
13279405
13271200
13279000
13279804
13273032
13278061
13279025
13276349
13275652
13271743
13272570
13271787
13270480
13272590
13272705
13272152
13277111
13272405
13273031
13275445
13277620
13271603
13272741
13272733
13273350
13272737
13275443
13272461
13271340
13275421
13271794
13277643
13272502
13278272
13270690
13278085
13272458
13278358
13273661
13273340
13273100
13273072
13273080
13270699
13271300
13278080
13272000
13270199
13272041
13272866
13272814
13272770
13273115
13277661
13279180
13273157
13273120
13273460
13272752
13272046
13270151
13274704
13274150
13276290
13272710
13272843
13274100
13276040
13272021
13272373
13273555
13270680
13273552
13272104
13275356
13278140
13274450
13278105
13278186
13270710
13271230
13277451
13273150
13270670
13270060
13274112
13272302
13271555
13279020
13276180
13277023
13272582
13276600
13272714
13271279
13272043
13274410
13271423
13274360
13274280
13273470
13277515
13270391
13273010
13274300
13272370
13273052
13274467
13270520
13272510
13271772
13273144
13270090
13278031
13276520
13276030
13277000
13279410
13279810
13272831
13271450
13272169
13272561
13274011
13275656
13272816
13274292
13271565
13271411
13272158
13273153
13278324
13273105
13272114
13276209
13274769
13274768
13274773
13274778
13274763
13274753
13278510
13274772
13274767
13278460
13278500
13274752
13274756
13274757
13274777
13278530
13270180
13271415
13277520
13278470
13274780
13274754
13278450
13274770
13274779
13274755
13274764
13274750
13276500
13274751
13278480
13278520
13278300
13278208
13278613
13274771
13278490
13276245
13277021
13272607
13274705
13272560
13272166
13272823
13277530
13278413
13276135
13272849
13274706
13278412
13271440
13273480
13271782
13272554
13278365
13274610
13274730
13274468
13274775
13272170
13272827
13276019
13272852
13273165
13278042
13273114
13273170
13272080
13275013
13274290
13278138
13275160
13275710
13271784
13278114
13276110
13275410
13275222
13278043
13271330
13273640
13277521
13273210
13273176
13277715
13277708
13275446
13277095
13272004
13274320
13270380
13273604
13278013
13274758
13277100
13275357
13272029
13275539
13273146
13277414
13274361
13278075
13272475
13279011
13270363
13271780
13278403
13272015
13272099
13278030
13272315
13272400
13272792
13277642
13272305
13278139
13278190
13273103
13273143
13270720
13275434
13279816
13275007
13271656
13272506
13277040
13271779
13271430
13270400
13277055
13274250
13274310
13275070
13270385
13275251
13277124
13273602
13274593
13274600
13278136
13279090
13273601
13275220
13278133
13275520
13276620
13277501
13274781
13270450
13272306
13275355
13275664
13270382
13273118
13271560
13276195
13275736
13277711
13272422
13278062
13272810
13273161
13278417
13272424
13275210
13270350
13277660
13278350
13272426
13271653
13279014
13276190
13272473
13272876
13270430
13270294
13272514
13275053
13270099
13274380
13272825
13274330
13275541
13273663
13273090
13271750
13272009
13279700
13275531
13274431
13271029
13275120
13274294
13270200
13270361
13279182
13279154
13272071
13277114
13275610
13277260
13277210
13271110
13278406
13270300
13277064
13272049
13278171
13278502
13272586
13271788
13272724
13272713
13275536
13275641
13276509
13273208
13271120
13272115
13274461
13275230
13272304
13275354
13272585
13274441
13277080
13270510
13272836
13273220
13272032
13278111
13278065
13279074
13278316
13275611
13272026
13277116
13276380
13271602
13273152
13273158
13277541
13272364
13279450
13279404
13279451
13273554
13274707
13272010
13271745
13272794
13271240
13272730
13272771
13273281
13272840
13275654
13278131
13278010
13270479
13271441
13279012
13273490
13273171
13273173
13276580
13274708
13276550
13274440
13279161
13279406
13270299
13273330
13273334
13273277
13277440
13273071
13276375
13271798
13273064
13273592
13272532
13278020
13272880
13274400
13270620
13275545
13279050
13277511
13271773
13275212
13275110
13272472
13272520
13271785
13278074
13278081
13279073
13274432
13278033
13273097
13271390
13279481
13271391
13272020
13275219
13272151
13277712
13274759
13278361
13272583
13277411
13279010
13275730
13275100
13273141
13276060
13273612
13279152
13274124
13271570
13277605
13271309
13271783
13277062
13272450
13270293
13273607
13279151
13274710
13277510
13273047
13272747
13274713
13273030
13272164
13274466
13274711
13275431
13272511
13279023
13271080
13272580
13271290
13270030
13272723
13278001
13277651
13277587
13275530
13270650
13275645
13273184
13272715
13278076
13273567
13271775
13273045
13272846
13272564
13273124
13275390
13278104
13275591
13272798
13273240
13272540
13278003
13273293
13278120
13278121
13278122
13278123
13272025
13273151
13276055
13278363
13277641
13278082
13272722
13277612
13279040
13271654
13275533
13273565
13272451
13273633
13274501
13274420
13278302
13272112
13277020
13279101
13277011
13274762
13278181
13272608
13272725
13278064
13273291
13277412
13272500
13272530
13277200
13272113
13279411
13278404
13272712
13277755
13279121
13277591
13272591
13277540
13274490
13270540
13274712
13272867
13272851
13271459
13274390
13271650
13272845
13274120
13276080
13279459
13272593
13275090
13272706
13272701
13270371
13272460
13278317
13277123
13278601
13275211
13273113
13274080
13273580
13279150
13273051
13273276
13270280
13279471
13276400
13272173
13278252
13276409
13278251
13278603
13271770
13273245
13274776
13272200
13277650
13278084
13277163
13272786
13272822
13274240
13276240
13272463
13270291
13278353
13277230
13273632
13275522
13272700
13276070
13272860
13278354
13272044
13279082
13278143
13271170
13271250
13278112
13275052
13278141
13274480
13279454
13274146
13274581
13271420
13272757
13272116
13275535
13279033
13277700
13272157
13275440
13272879
13272117
13274766
13274451
13273104
13275620
13278310
13277652
13273285
13274143
13272402
13275432
13272155
13275618
13279030
13271449
13272760
13278301
13275532
13277505
13276130
13270190
13271210
13272118
13274265
13272101
13277585
13279035
13270381
13274000
13273320
13273112
13271130
13275617
13273286
13272513
13272150
13276230
13272828
13275411
13278130
13272833
13272090
13277061
13275589
13272172
13272576
13271600
13274714
13272163
13277420
13277702
13274029
13274190
13272457
13274271
13272060
13274261
13274245
13274116
13276340
13274115
13274013
13274531
13278550
13278209
13270240
13278063
13273648
13277410
13272711
13271070
13275240
13271751
13278241
13274299
13276510
13277010
13278070
13273621
13275724
13273061
13270500
13277618
13275543
13279102
13278405
13272452
13273551
13273300
13273310
13273296
13273292
13271030
13273167
13271651
13273701
13276170
13270399
13271500
13278400
13272740
13274715
13274160
13272562
13275585
13271774
13274716
13273050
13278280
13274260
13272165
13274717
13276295
13276225
13274718
13273175
13271405
13274720
13277662
13273263
13278000
13278327
13271414
13275590
13272555
13272504
13277117
13272781
13278046
13278314
13277720
13273092
13273631
13277450
13277118
13271503
13272581
13274471
13272818
13275706
13273188
13273159
13274208
13272544
13272604
13270359
13273587
13272780
13276379
13277502
13277721
13275728
13270130
13277701
13273651
13276610
13270320
13279170
13279171
13279133
13279141
13279131
13272702
13275640
13273649
13275365
13273148
13272787
13273589
13273459
13273611
13278271
13277160
13279034
13277165
13275501
13275241
13275352
13275662
13272428
13276369
13270230
13279080
13276140
13276250
13271040
13274140
13274110
13278242
13278132
13272519
13275420
13278282
13274030
13274721
13278071
13272588
13273209
13275646
13272721
13271385
13278101
13275400
13270160
13272829
13277670
13270111
13270529
13275351
13277584
13278240
13279111
13279132
13279140
13279120
13279110
13279105
13279160
13274530
13273205
13275587
13270340
13279899
13272102
13272744
13275582
13274145
13274580
13278044
13272812
13273573
13273577
13271280
13278145
13278230
13276470
13272727
13273266
13273616
13272474
13273091
13275011
13276220
13276529
13274765
13272410
13275054
13271796
13276570
13270010
13270039
13275430
13279070
13278110
13272563
13272753
13273082
13278311
13277513
13277115
13271575
13272774
13272546
13272877
13272609
13275225
13272819
13276530
13278182
13272755
13278323
13275502
13277101
13271578
13275712
13272775
13272878
13270100
13272162
13277616
13273098
13275623
13275660
13275250
13271501
13271502
13272455
13273614
13270140
13278205
13272824
13277063
13273280
13271791
13276100
13274275
13272864
13271421
13271425
13276490
13271619
13273610
13271601
13272739
13273283
13278135
13271621
13278072
13270364
13270360
13278454
13273154
13273603
13275600
13273585
13276145
13277022
13271060
13279106
13277602
13275586
13278313
13274270
13277672
13275704
13272466
13274206
13277744
13272543
13272603
13272782
13277601
13278312
13277719
13270020
13276020
13270372
13272858
13279024
13275580
13270630
13270393
13272766
13273609
13275521
13277514
13272001
13275131
13277102
13271550
13273200
13271579
13272464
13274200
13274202
13273162
13277740
13272776
13272535
13272541
13275415
13272606
13274142
13272716
13273206
13274722
13279453
13277507
13272875
13273550
13273273
13273590
13278083
13278260
13278220
13272430
13277503
13272726
13275370
13275658
13278607
13272453
13270296
13277603
13270460
13273070
13273650
13271609
13273278
13273274
13276480
13272763
13278024
13276370
13272765
13270050
13278023
13278025
13270220
13278022
13272837
13272764
13270070
13273044
13271320
13273270
13271190
13277654
13278351
13270260
13273053
13275616
13272024
13277120
13273630
13272106
13272490
13271655
13279075
13279407
13279015
13272421
13272310
13273202
13273060
13279032
13270169
13275630
13275734
13275621
13272480
13275622
13272503
13279401
13277717
13273174
13271797
13271790
13272611
13277757
13272612
13272613
13272614
13272615
13272616
13272617
