15500107
15505161
15507243
15506126
15507041
15503434
15507126
15508106
15515022
15502216
15503336
15503403
15501201
15505290
15505056
15501396
15505025
15500220
15503707
15503020
15506713
15502240
15505169
15503243
15509287
15500400
15500270
15505100
15507093
15507122
15507247
15507193
15507160
15503542
15503207
15507007
15501462
15502358
15506128
15503260
15503293
15500309
15507181
15507112
15507257
15500205
15500345
15502325
15503447
15503419
15515050
15502251
15501219
15501193
15503431
15502011
15505244
15501375
15503324
15505331
15503222
15506726
15502267
15508512
15500085
15502055
15500004
15505208
15501450
15501125
15500075
15502005
15501181
15503214
15503254
15500058
15501285
15504020
15504010
15500022
15503113
15503524
15505101
15515052
15503440
15507208
15505045
15507010
15502315
15505010
15503235
15505119
15503407
15505057
15501241
15501281
15502063
15506508
15503387
15501344
15507228
15502078
15507125
15503269
15506005
15501202
15501246
15500112
15500057
15506728
15506108
15507263
15503530
15503710
15505339
15505275
15503448
15506507
15507207
15507234
15501198
15502083
15507166
15503322
15501352
15501247
15503442
15507190
15503271
15506708
15503385
15506735
15515014
15501463
15503450
15503467
15503024
15507174
15501236
15502337
15503445
15506512
15505134
15509290
15506010
15503577
15509279
15503231
15509321
15503308
15503273
15509344
15501244
15502326
15502123
15509311
15503217
15507096
15503406
15503337
15501355
15505163
15502338
15503360
15503050
15503292
15503282
15503418
15503469
15507024
15500410
15506721
15501177
15506714
15515005
15507226
15506191
15507106
15506084
15506189
15506123
15507273
15503262
15504040
15503303
15506121
15503111
15504025
15503072
15505067
15505298
15503516
15503362
15505190
15506131
15502025
15507049
15503281
15501245
15503060
15503623
15503580
15501218
15506710
15502185
15501334
15500385
15501040
15500050
15500061
15500201
15506188
15505150
15507000
15507183
15502107
15502235
15503415
15509310
15503256
15501168
15506530
15504035
15500005
15501197
15500276
15500210
15500117
15509316
15503121
15500471
15506072
15509347
15503116
15501373
15503251
15503112
15509375
15501467
15501037
15506723
15501351
15507037
15503528
15506082
15500310
15501135
15500466
15503429
15505212
15515003
15502101
15500468
15504120
15501140
15500051
15502012
15500278
15500155
15502021
15507028
15503306
15508104
15501283
15500267
15504065
15504125
15501391
15500306
15502213
15503114
15506506
15501455
15504100
15504090
15502016
15504045
15501118
15501361
15509366
15508504
15501188
15507129
15507017
15506505
15507090
15507119
15507250
15503219
15503255
15503400
15503538
15503582
15504132
15507031
15501150
15501208
15501091
15505171
15505050
15501141
15501393
15500490
15500481
15505167
15506117
15501332
15500190
15503522
15503205
15503411
15503242
15502122
15503257
15503294
15509342
15506151
15507104
15503017
15509312
15507011
15502019
15503142
15503428
15501209
15507056
15501461
15503173
15507015
15507073
15503215
15501238
15502110
15505058
15502065
15502009
15501330
15501195
15503341
15502226
15500165
15500303
15502079
15505035
15505187
15505288
15506135
15512016
15503283
15501240
15509346
15509371
15502066
15506015
15502221
15504055
15507211
15506515
15503443
15501331
15502254
15507241
15503268
15507227
15507014
15501454
15505325
15507095
15503520
15505116
15503465
15501452
15502008
15503439
15503625
15502336
15505263
15506711
15507081
15505072
15509369
15503576
15507267
15502340
15506705
15501496
15501365
15505172
15506124
15505147
15507269
15507087
15507116
15507253
15502341
15505326
15507205
15506102
15501052
15503275
15501196
15503253
15507103
15507268
15509377
15503181
15503288
15503401
15515025
15503626
15503241
15506013
15506078
15503594
15501189
15504105
15503587
15503027
15507058
15507197
15500266
15505327
15506136
15501362
15506008
15502070
15503259
15500008
15501221
15501346
15515024
15501354
15502180
15505337
15505051
15505333
15506700
15505132
15506104
15506709
15505247
15500011
15506025
15506736
15503512
15502215
15505075
15512000
15505207
15503706
15503025
15507005
15515018
15500012
15501089
15503593
15505170
15500020
15501290
15503548
15505153
15505142
15500420
15501291
15500295
15501130
15501008
15502106
15503263
15509284
15503310
15501456
15501413
15512012
15502080
15504063
15512010
15500335
15500141
15500491
15500482
15500500
15500520
15500530
15500531
15500540
15500541
15501184
15509317
15503291
15502127
15501207
15507088
15507117
15507252
15503364
15507074
15505261
15501385
15503366
15508516
15505102
15502004
15506706
15500370
15503312
15500308
15503130
15501338
15500076
15503473
15506150
15503584
15505335
15507016
15501390
15502241
15507094
15507123
15507246
15506734
15506125
15507128
15501007
15505168
15503250
15503425
15515028
15506152
15504075
15500202
15500109
15500086
15502050
15501306
15504085
15504005
15502155
15505117
15506122
15503295
15505064
15505292
15501407
15507032
15505403
15503175
15506701
15507019
15503239
15505105
15503621
15502253
15503446
15502014
15503010
15501411
15507036
15503221
15502081
15503264
15503339
15503427
15501182
15515054
15503065
15503266
15501096
15507188
15507156
15507092
15507121
15507248
15501254
15509315
15500475
15501110
15506186
15507020
15504070
15502035
15503252
15501495
15502238
15503244
15507111
15509370
15509343
15503180
15503550
15506138
15507060
15503267
15500467
15503258
15507084
15501470
15501100
15505402
15501466
15500307
15506715
15506139
15502343
15502225
15503368
15507078
15506732
15503261
15501180
15501170
15500009
15501220
15506504
15503110
15502071
15503410
15505085
15505286
15506134
15500330
15501009
15501460
15502350
15502237
15503140
15503510
15502077
15500062
15507059
15505071
15507202
15508108
15502305
15500415
15503141
15501395
15503055
15507162
15507177
15507195
15501401
15501337
15500469
15505000
15505148
15506727
15503318
15506181
15506129
15503316
15507034
15503526
15502085
15505149
15507085
15507114
15507255
15507101
15503030
15503085
15502327
15505104
15503285
15507040
15503019
15507029
15505106
15503216
15509363
15505131
15501345
15503191
15503035
15503174
15502072
15502354
15503552
15507192
15503075
15507027
15503408
15503286
15500111
15507225
15502269
15506133
15503590
15509320
15501206
15501031
15503441
15506137
15506703
15509355
15507013
15503536
15505284
15501497
15501343
15503370
15506100
15509396
15507124
15507245
15503468
15506716
15507089
15507118
15507251
15501211
15502108
15509319
15503240
15509291
15503432
15505210
15502270
15501340
15503554
15512001
15501400
15503195
15503544
15502029
15515027
15505145
15501006
15502045
15501464
15506130
15502125
15503015
15503031
15506190
15501310
15503372
15515026
15505015
15500350
15505146
15507172
15502086
15501210
15502170
15502280
15505130
15505080
15502227
15506722
15501353
15502087
15503444
15503588
15503338
15502252
15509395
15506702
15505296
15505066
15505246
15505282
15500280
15506116
15500110
15509368
15502230
15505030
15505404
15505111
15503558
15502260
15505115
15507076
15507230
15506118
15506510
15507180
15507048
15503023
15502353
15505103
15503232
15503300
15502275
15509314
15501203
15507210
15505330
15502015
15505338
15502228
15503708
15503289
15503118
15503018
15500272
15503374
15501194
15502028
15503540
15501239
15507086
15507115
15507254
15502082
15506193
15505209
15506511
15503369
15500056
15505141
15509289
15501255
15509364
15505297
15507204
15505055
15505280
15503438
15512019
15501465
15505240
15503307
15501093
15501176
15501030
15505110
15507080
15501339
15503330
15503409
15503200
15503237
15505205
15502027
15501342
15501402
15502310
15503013
15503040
15500395
15506080
15503335
15507266
15507105
15506192
15505211
15503592
15507270
15501217
15503026
15503423
15503560
15507023
15503514
15500160
15503386
15508105
15503170
15503230
15503280
15501038
15503534
15507044
15509313
15512003
15501215
15507083
15502017
15503014
15509373
15506729
15503466
15503284
15507055
15501457
15502223
15503581
15501051
15512013
15507212
15503233
15507054
15515001
15502250
15503624
15507026
15509318
15505040
15503210
15501192
15506120
15500175
15501199
15502344
15502175
15505241
15506007
15503433
15505133
15503021
15506704
15503705
15503163
15503518
15505185
15500116
15501242
15500268
15503422
15507179
15509378
15502001
15506112
15501453
15502357
15501116
15502339
15507047
15505407
15509288
15501205
15500003
15515020
15502290
15505144
15501092
15507075
15507002
15507182
15502030
15501256
15503436
15509292
15507039
15507110
15503005
15504000
15503022
15502222
15505405
15507196
15501212
15506194
15503420
15503080
15515053
15506155
15506718
15507189
15507194
15509356
15502061
15502006
15504131
15500274
15500277
15503376
15507043
15507127
15503122
15502300
15501297
15501302
15503320
15503238
15502051
15501327
15502096
15508502
15502084
15512014
15500478
15500304
15502053
15501280
15503421
15501204
15503172
15501191
15506106
15503437
15505206
15505243
15501325
15503009
15501258
15507009
15503378
15509393
15501237
15503008
15505063
15515016
15508508
15503389
15507231
15501341
15507113
15507256
15501350
15500140
15505245
15506527
15503449
15507209
15507265
15501187
15500480
15501090
15505118
15503532
15502328
15506720
15508514
15505334
15507077
15508518
15503451
15501335
15502268
15504002
15507021
15504003
15502195
15503305
15501178
15501041
15502100
15500302
15502236
15502120
15505166
15502150
15505164
15502140
15503117
15504115
15501097
15501451
15500296
15501005
15501175
15501348
15500200
15503134
15503301
15500010
15501065
15515007
15509281
15500325
15505151
15503095
15505090
15502040
15506070
15503012
15503380
15503395
15507158
15507175
15507191
15509374
15505242
15506514
15503236
15503591
15502229
15501410
15500006
15501095
15502102
15502245
15501282
15503388
15501307
15502060
15500090
15502010
15501015
15505188
15507244
15501333
15500150
15504135
15503586
15500215
15515038
15515032
15515036
15515034
15515030
15506525
15507262
15506526
15506528
15506529
15502062
15506534
15506536
15506537
15507071
15504130
15506717
15506538
15503589
15503546
15507214
15506731
15502126
15509280
15507072
15502351
15507215
15507022
15506733
15506148
15502128
15506157
15506156
15509283
15506154
15502355
15506707
15503627
15503426
15506153
15509285
15503585
15507061
15507271
15507102
15507070
15500052
15503296
15503208
15500143
15507008
15502265
15503287
15503171
15505107
15507109
15507259
15508107
15506182
15506127
15503185
15506724
15502342
15503124
15503160
15500055
15503100
15505165
15502145
15502130
15505162
15503070
15503165
15503156
15503150
15503101
15503155
15503151
15503157
15503158
15502013
15507082
15507108
15507258
15501252
15502033
15509367
15505329
15509309
15507203
15503218
15501032
15500063
15501025
15502320
15501243
15506110
15506020
15503115
15506730
15503583
15503290
15503190
15500301
15515009
15515899
15501257
15503119
15501155
15507079
15506074
15506513
15502210
15501405
15501406
15503333
15502067
15502261
15507178
15503105
15512015
15503045
15503332
15507173
15505332
15502239
15508506
15503452
15505341
15515012
15503245
15501392
15507033
15507206
15507232
15505160
15503007
15502160
15502285
15507260
15507100
15502073
15506185
15501214
15507272
15503265
15504080
15504050
15501117
15505336
15502115
15505020
15509394
15503123
15503628
15501186
15508510
15506119
15506076
15501213
15505143
15507264
15501468
15500007
15501222
15503304
15509282
15505186
15504030
15500195
15502266
15505189
15500108
15501380
15501336
15503302
15504110
15503206
15502095
15502109
15502346
15502056
15509341
15506132
15507261
15503220
15507229
15503622
15502356
15505070
15501360
15507035
15507233
15512018
15500269
15507046
15502007
15503011
15505294
15507107
15507045
15509286
15502064
15500340
15502105
15507213
15500271
15503090
15503342
15507164
15501105
15503016
15500273
15502054
15501370
15503402
15502176
15501200
15506000
15505340
15507099
15503424
15507216
15503234
15503556
15509372
15507057
15501185
15502352
15506725
15501183
15503314
15502052
15507091
15507120
15507249
15509345
15500021
15504095
15503028
15503132
15505112
15512011
15502103
15506509
15506524
15503382
