13223330
13223710
13225280
13225570
13225290
13225160
13226400
13222370
13220081
13227000
13220242
13220007
13224090
13225270
13227015
13221324
13223711
13225120
13221551
13224420
13223120
13225092
13220111
13221552
13224180
13225320
13223260
13223030
13223455
13225300
13225261
13222135
13222174
13224290
13223205
13225430
13225431
13225140
13225862
13224105
13220080
13225560
13221553
13221510
13225854
13224061
13221490
13225423
13220309
13222186
13222187
13225864
13225859
13220255
13221651
13225830
13223571
13225700
13220020
13223090
13225870
13224195
13220445
13225820
13225874
13225857
13224412
13220470
13225281
13222020
13225351
13225352
13225571
13227150
13225540
13225360
13222155
13225422
13224680
13224330
13225050
13225555
13225361
13224310
13225362
13222400
13225505
13225575
13226500
13225545
13224615
13224531
13221241
13222700
13222182
13224470
13224713
13224662
13220450
13221535
13224350
13224410
13225572
13225363
13220079
13222176
13223560
13225010
13221360
13221322
13225321
13223590
13221560
13223331
13222271
13225222
13221534
13222181
13225301
13221561
13222188
13223230
13227110
13221582
13225865
13223580
13223111
13222025
13225000
13221300
13220245
13224320
13222145
13222146
13222341
13227115
13222420
13222281
13222171
13224170
13222221
13222156
13220200
13225230
13221491
13225302
13225310
13223333
13226520
13221532
13222163
13220240
13221390
13224340
13225081
13226550
13221400
13223610
13221431
13223460
13227035
13225315
13221536
13226560
13226530
13225060
13223454
13227130
13222190
13222070
13221573
13223762
13222670
13222141
13225021
13225030
13225432
13222184
13224520
13223410
13224660
13225313
13225355
13220230
13224299
13221460
13225123
13226510
13220015
13223025
13223581
13225221
13221580
13224080
13220100
13220170
13223191
13225330
13225312
13220440
13221571
13220025
13222185
13222150
13221604
13220220
13220029
13227140
13221581
13223334
13223550
13222010
13224672
13225861
13223370
13221572
13220195
13223290
13222330
13220171
13223202
13223579
13225327
13226256
13224050
13225340
13222461
13225311
13223335
13224030
13224270
13225810
13220465
13224041
13224040
13221531
13220022
13221310
13224610
13225451
13221674
13221657
13223730
13223740
13225155
13224121
13223420
13222740
13223110
13220302
13220040
13224125
13223336
13221583
13220190
13220270
13225450
13222179
13222180
13224782
13223201
13220001
13220005
13225441
13225440
13224731
13220530
13223630
13221584
13224710
13224200
13222158
13227125
13222136
13227175
13223220
13222173
13223070
13227050
13222730
13221676
13221658
13227005
13221251
13223338
13221585
13221590
13222172
13223700
13223582
13224716
13221650
13221662
13225701
13227135
13222175
13225190
13225731
13225031
13223588
13226250
13224280
13221270
13223776
13225510
13225052
13221250
13226541
13222240
13221370
13225525
13226542
13225095
13222050
13221290
13224670
13221362
13226540
13224415
13220460
13223339
13223360
13225314
13223280
13223720
13220120
13225420
13223770
13222262
13225520
13222410
13222490
13225460
13225530
13222110
13222261
13224425
13222140
13224625
13224650
13222690
13224370
13225611
13223270
13224490
13223500
13223605
13220210
13221440
13224265
13220018
13225740
13225101
13225565
13224250
13225180
13225500
13222510
13225550
13222231
13223210
13225501
13227030
13224550
13222130
13222380
13221470
13221230
13222411
13222270
13222120
13224260
13223570
13220231
13225096
13225612
13221320
13224132
13225610
13222100
13222390
13222421
13221672
13221659
13225097
13221666
13221471
13221480
13221665
13224630
13222168
13222460
13221500
13222142
13225535
13222183
13224620
13222430
13223620
13223013
13220510
13222750
13221591
13223041
13223091
13220260
13221668
13224400
13221539
13220480
13224100
13227165
13220224
13225852
13220455
13220340
13220330
13225260
13225443
13224160
13221537
13221670
13220221
13224060
13224360
13225856
13222015
13225866
13222710
13224780
13223050
13225867
13220021
13221570
13223190
13225342
13220540
13225577
13225100
13224181
13220301
13225853
13223219
13225080
13227025
13221547
13225851
13222030
13224272
13224232
13222360
13224635
13223130
13225863
13220282
13223203
13220140
13225322
13223401
13220017
13222680
13222147
13223452
13221545
13221472
13224150
13224786
13225858
13223080
13223140
13220197
13222720
13227040
13222260
13224600
13227155
13223450
13223530
13222320
13222250
13225350
13221260
13227045
13220202
13224390
13222650
13223010
13221653
13221661
13221667
13220290
13220223
13223180
13221330
13224590
13223540
13225110
13223206
13222760
13221800
13223587
13225872
13220090
13220130
13220050
13224120
13220070
13220205
13227010
13222162
13221541
13224231
13221533
13225730
13225200
13224230
13220490
13224734
13225170
13222045
13222169
13222170
13221430
13226200
13224784
13224707
13227170
13221350
13223100
13224411
13222144
13224220
13221473
13224069
13223583
13225840
13222148
13225850
13224070
13221371
13221678
13221342
13221380
13224570
13221530
13227020
13223440
13223355
13222310
13222143
13222000
13222305
13220280
13224719
13223561
13222263
13227145
13223766
13225130
13222230
13221235
13224380
13225201
13223764
13223760
13222450
13221592
13224737
13224700
13225325
13223584
13222160
13224130
13221595
13223390
13220222
13220250
13225790
13220110
13220010
13220520
13222200
13221594
13225210
13225876
13223453
13225122
13225515
13224671
13224240
13224800
13222177
13222178
13221593
13220430
13222280
13224540
13223300
13222157
13222165
13222154
13223585
13222090
13222149
13223250
13225090
13220305
13225750
13220211
13223451
13223400
13225329
13226258
13224750
13225780
13225800
13225801
13223170
13223060
13227160
13225873
13223218
13220180
13222350
13221550
13223020
13222167
13225124
13223586
13225202
13225220
13223160
13226300
13223772
13224704
13225131
13222151
13225121
13224190
13225875
13220300
13223430
13229899
13221280
13221601
13224740
13227105
13223040
13224580
13221521
13222340
13220161
13222060
13224300
13222040
13220160
13222080
13222500
13221323
13225869
13221543
13223161
13224122
13220281
13225011
13225150
13221600
13225298
13225760
13223774
13223600
13224131
13223150
13220295
13225098
13222005
13224640
13223240
13222164
13224661
13221361
13221481
13222138
13225421
13222159
13224500
13222210
13221603
13225600
13222301
13222300
13221450
13222220
13222480
13222470
13225091
13220150
13222166
13225051
13221261
13223380
13224530
13220500
13224460
13225328
13226257
13223768
13224701
13225802
13221602
13225040
13220060
13224450
13224560
13221520
13222152
13222153
13225070
13224728
13221321
13222035
13224440
13222770
13223589
13225326
13226255
13221410
13221441
13224210
13222302
13220055
13220241
13225860
13220035
13224722
13224221
13222161
13222137
13224725
13221673
13221652
13221660
13223200
13224430
13225770
13225761
13223350
13224480
13225855
13223204
13227120
13223470
13225871
13224197
13221240
13225020
13225868
