18770082
18772022
18770332
18770162
18770182
18770350
18770052
18770310
18770033
18770380
18770186
18770510
18770260
18772216
18770402
18770408
18772200
18772164
18772160
18770272
18772202
18770029
18770308
18770250
18770172
18770080
18770286
18770344
18770292
18772000
18770005
18770196
18770354
18770398
18772002
18772020
18770062
18772226
18770076
18772218
18772016
18770374
18770027
18770060
18770174
18770150
18770070
18770262
18770336
18770300
18772204
18770025
18770176
18770268
18772150
18770072
18772154
18770050
18770015
18770023
18770074
18770058
18770394
18770404
18770266
18770390
18770372
18772220
18770188
18770013
18770160
18770009
18770406
18772024
18770290
18770288
18770508
18770352
18770092
18770007
18770282
18770270
18770358
18772214
18770314
18772008
18770090
18772206
18772018
18770364
18770190
18770378
18770316
18770360
18770037
18770164
18770170
18770410
18770334
18770362
18770318
18770376
18770520
18770512
18770526
18770504
18770366
18770031
18770011
18770184
18770158
18770330
18770320
18772224
18770084
18770086
18772144
18772212
18770154
18770506
18770019
18770088
18772146
18770264
18770338
18770298
18772004
18772148
18772222
18772006
18770396
18772142
18770021
18770078
18770056
18770256
18770368
18770194
18770039
18770178
18772210
18772012
18770370
18770274
18770340
18770296
18770280
18770302
18770252
18772256
18770528
18770356
18772014
18772010
18770054
18770017
18772392
18770392
18770306
18770254
18772208
18770064
18770502
18772259
18772262
18772356
18772270
18772237
18772384
18772254
18772376
18772236
18772249
18772251
18772243
18772232
18772255
18772380
18772354
18772273
18772390
18772257
18772368
18772268
18772382
18772247
18772272
18772364
18772230
18772350
18772372
18772233
18772266
18772388
18772263
18772244
18772352
18772271
18772238
18772362
18772253
18772246
18772366
18772248
18772239
18772241
18772245
18772358
18772260
18772234
18772374
18772269
18772252
18772240
18772242
18772265
18772261
18772370
18772274
18772386
18772360
18772250
18772267
18772258
18772378
18772264
18772275
18772235
18772231
18772152
18774899
18770192
18770066
18770001
18770284
18770342
18770294
18770258
18770180
18770152
18770003
18772026
18772140
18772100
18770304
18770312
18770035
18770156
18770500
18770400
18772156
18770524
18772102
18774002
18774001
18774071
18772120
18774010
18774072
18774045
18774467
18774093
18774078
18774084
18774079
18772122
18774011
18774069
18774080
18774178
18774088
18774083
18774081
18774082
18774085
18774086
18774087
18774089
18774090
18772124
18774012
18774070
18774091
18774505
18774092
18774094
18774096
18774097
18774099
18774100
18774095
18774114
18774119
18772126
18774013
18774061
18774122
18774519
18774118
18774117
18774116
18774115
18774120
18774121
18774123
18774112
18774113
18772128
18774016
18774063
18774124
18774563
18774126
18774108
18774111
18774110
18774104
18774101
18774102
18774103
18774098
18772130
18774014
18774062
18774109
18774105
18774106
18774107
18774134
18774127
18774128
18774129
18774131
18774132
18772132
18774017
18774077
18774125
18774130
18774133
18774135
18774136
18774138
18774139
18774140
18774137
18774142
18774018
18774064
18774150
18774151
18774162
18774161
18774160
18774163
18774159
18774158
18774157
18774156
18774019
18774043
18774154
18774152
18774164
18774155
18774153
18774141
18774143
18774144
18774147
18774145
18774015
18774044
18774146
18774187
18774148
18774180
18774181
18774182
18774183
18774184
18774185
18772162
18772104
18772158
18774022
18774000
18774075
18774020
18774040
18774186
18774188
18774189
18774191
18774190
18774193
18774194
18774195
18774192
18774024
18774041
18774196
18774200
18774197
18774199
18774198
18774209
18774208
18774206
18774205
18774204
18774021
18774042
18774167
18774210
18774203
18774211
18774207
18774212
18774213
18774214
18774219
18774215
18774031
18774216
18774202
18774217
18774218
18774220
18774221
18774227
18774226
18774225
18774224
18774030
18774059
18774223
18774222
18774229
18774228
18774230
18774231
18774232
18774234
18774236
18774238
18774029
18774057
18774240
18774244
18774233
18774235
18774237
18774239
18774241
18774242
18774245
18774246
18774028
18774054
18774247
18774248
18774249
18774250
18774251
18774252
18774253
18774254
18774255
18774256
18774027
18774046
18774257
18774258
18774259
18774260
18774279
18774280
18774281
18774282
18774283
18774284
18774026
18774047
18774287
18774278
18774286
18774285
18774288
18774290
18774291
18774292
18774293
18774294
18774023
18774048
18774295
18774289
18774296
18774297
18774298
18774299
18774300
18774301
18774302
18774318
18772106
18774003
18774074
18774025
18774058
18774060
18774322
18774319
18774320
18774321
18774324
18774325
18774326
18774056
18774327
18774323
18774328
18774329
18774330
18774331
18774332
18774342
18774336
18774333
18774055
18774334
18774335
18774337
18774338
18774339
18774340
18774170
18774341
18774343
18774344
18774053
18774345
18774347
18774346
18774351
18774171
18774349
18774350
18774348
18774357
18774356
18774052
18774358
18774361
18774359
18774360
18774166
18774173
18774174
18774261
18774262
18774263
18774051
18774264
18774265
18774266
18774267
18774169
18774269
18774271
18774273
18774168
18774275
18774050
18774268
18774277
18774276
18774274
18774272
18774270
18774352
18774394
18774049
18774353
18774354
18774355
18774177
18774165
18774393
18774172
18774307
18774303
18774304
18774305
18774309
18774310
18774306
18774308
18774311
18774312
18774313
18774314
18774315
18774316
18774317
18774371
18774366
18770530
18772108
18774004
18774076
18774179
18774363
18774377
18774378
18774362
18774364
18774365
18774367
18774369
18774370
18774368
18774372
18774373
18774374
18774375
18774469
18774468
18774380
18774388
18774392
18774391
18774390
18774385
18774389
18774381
18774382
18774383
18774384
18774379
18774386
18774387
18774176
18774175
18774395
18774396
18774404
18774405
18774401
18774403
18774402
18774399
18774397
18774400
18774398
18774407
18774408
18774406
18774410
18774413
18774412
18774414
18774415
18774418
18774420
18774421
18774417
18774416
18774409
18774419
18774422
18774424
18774425
18774426
18774428
18774427
18774431
18774429
18774434
18774430
18774432
18774435
18774436
18774437
18774443
18774446
18774447
18774445
18774442
18774444
18774441
18774440
18774439
18774438
18774453
18774458
18774464
18774466
18774465
18774463
18774459
18774457
18774456
18774455
18774454
18774449
18774450
18774452
18774460
18774451
18774448
18770532
18772110
18774005
18774073
18774201
18774461
18774462
18774470
18774471
18774472
18774475
18774476
18774473
18774474
18774477
18774478
18774479
18774480
18774483
18774481
18774482
18774485
18774484
18774486
18774487
18774488
18774497
18774493
18774504
18774517
18774516
18774515
18774514
18774513
18774512
18774511
18774510
18774518
18774522
18774520
18774521
18774523
18774524
18774525
18774526
18774527
18774530
18774529
18774528
18774531
18774532
18774533
18774534
18774536
18774537
18774503
18774502
18774501
18774500
18774499
18774498
18774496
18774495
18774489
18774492
18774491
18774538
18774539
18774540
18774541
18774542
18774543
18774544
18774545
18774535
18774546
18774564
18774568
18774569
18774570
18774571
18774572
18774573
18774565
18774566
18774567
18774574
18774582
18774581
18774583
18774586
18774585
18774584
18774587
18774580
18774579
18774577
18774576
18774575
18774550
18774549
18774551
18770522
18772112
18774006
18774068
18774243
18774547
18774552
18774553
18774554
18774555
18774556
18774557
18774558
18774548
18774559
18774560
18774561
18774578
18774588
18774589
18774562
18774494
18774509
18774508
18774507
18774506
18774490
18774433
18772114
18774007
18774067
18774423
18772116
18774008
18774066
18774149
18772118
18774009
18774065
18774376
18774411
