17410077
17410063
17410514
17410045
17410051
17410015
17410035
17410055
17410001
17410065
17410067
17410512
17410039
17410102
17410033
17410025
17410057
17410502
17410007
17410075
17410041
17410079
17410069
17410053
17410027
17410104
17410029
17410510
17410017
17410508
17410504
17410506
17410100
17410071
17410059
17410899
17410043
17410106
17410049
17410500
17410037
17410023
17410073
17410003
17410005
17410013
17410047
17410516
17419899
17410108
17410061
17410110
17410031
17410019
17410021
17410009
17410011
17410090
17410092
17410094
17410096
17410098
