37838138
37840126
37841064
37838114
37838104
37838130
37841580
37841000
37841020
37840186
37839182
37841636
37841270
37841488
37838260
37841360
37840068
37841264
37841230
37841266
37839100
37839074
37838056
37840002
37841646
37838546
37840444
37841262
37841238
37839212
37840170
37840224
37840206
37839362
37838474
37841170
37841166
37840024
37840034
37839014
37839230
37838136
37841482
37840020
37840534
37839358
37839226
37841476
37839006
37840226
37840202
37841252
37839366
37841046
37839000
37841032
37838016
37841174
37839184
37838544
37841342
37841370
37841662
37841670
37841390
37841600
37838084
37838036
37841030
37841570
37841340
37841142
37841654
37840108
37839446
37839360
37841380
37841180
37839392
37840266
37840466
37841430
37841056
37841260
37841680
37840464
37840174
37841160
37839440
37840112
37840010
37840036
37841490
37840258
37838006
37838050
37839096
37839060
37838398
37839132
37840124
37841060
37841164
37838432
37838086
37838264
37838418
37840204
37838396
37841392
37838146
37839254
37841420
37839290
37838060
37838482
37841052
37840000
37841040
37838548
37839304
37839408
37840270
37839372
37839472
37840082
37839020
37839436
37838072
37840064
37838008
37838212
37841428
37840150
37841010
37841442
37840114
37838202
37839016
37841358
37839528
37840162
37838252
37840538
37838246
37838116
37841152
37839092
37839448
37838478
37840322
37838372
37841406
37838230
37838132
37841024
37839546
37841440
37839272
37841630
37841162
37839306
37839524
37840286
37841576
37839434
37838070
37839488
37841500
37838234
37838554
37841054
37841240
37838556
37841674
37840130
37839270
37839404
37839422
37838068
37838001
37840134
37839004
37838112
37838038
37838082
37840086
37840074
37839124
37840292
37840354
37840104
37841590
37840252
37840188
37840264
37840240
37840200
37838140
37841042
37839190
37841372
37839424
37838558
37838002
37840110
37840176
37838010
37839050
37838102
37841256
37840230
37839470
37840210
37839390
37839460
37839430
37841648
37838048
37839076
37839066
37838090
37838150
37841596
37839300
37839438
37840328
37841154
37840132
37841574
37841644
37838262
37840452
37838030
37840056
37838492
37838222
37840540
37841436
37840012
37838434
37838092
37841376
37841402
37840054
37841394
37838364
37838216
37839246
37838250
37839224
37840040
37839462
37841082
37838494
37841086
37840152
37839308
37839309
37841640
37839354
37839181
37839452
37839414
37838416
37839220
37840542
37839228
37841426
37838438
37838004
37839122
37839090
37841364
37841184
37839394
37839406
37838110
37840106
37840070
37840304
37840370
37840344
37840320
37839256
37839522
37838022
37840448
37841608
37841034
37840214
37840208
37841422
37838064
37841088
37841652
37840004
37838430
37840160
37841038
37839210
37839534
37839530
37838106
37839346
37838210
37839098
37839232
37841352
37838272
37840098
37839544
37838206
37839186
37841606
37839540
37839541
37839214
37841620
37838530
37839526
37841682
37838028
37841084
37840450
37840006
37838480
37840076
37841374
37838542
37841156
37841140
37840262
37838290
37838120
37838066
37839450
37839416
37841268
37839292
37839102
37839134
37839126
37840368
37839352
37839294
37840254
37841348
37840072
37839082
37838054
37838394
37838538
37839274
37840462
37839282
37839242
37841232
37838384
37839402
37839384
37840094
37839312
37839130
37839236
37841604
37841650
37841614
37840458
37838274
37840100
37838152
37838242
37841012
37838220
37841236
37841254
37840272
37840144
37839444
37838470
37841176
37841502
37841578
37841656
37841672
37838552
37839310
37841658
37839386
37841378
37840164
37839278
37840360
37841602
37839284
37841678
37841098
37841594
37841586
37839480
37839356
37841584
37840244
37838472
37839260
37839298
37839548
37839490
37839340
37838442
37840146
37840530
37841494
37841058
37838034
37839248
37840324
37840352
37840342
37840180
37841424
37841408
37838404
37841396
37841036
37838376
37840332
37841610
37841592
37838154
37838276
37841044
37838108
37838134
37839476
37839368
37839342
37838390
37840228
37839280
37838540
37840232
37840222
37838270
37838058
37841410
37839382
37839454
37839428
37840532
37838248
37841026
37838040
37839070
37839062
37838096
37840148
37841472
37838406
37839250
37839542
37839010
37839252
37840242
37841062
37838550
37838052
37839080
37838088
37841250
37841178
37839388
37839002
37840136
37839008
37838532
37839024
37838496
37838020
37840234
37839208
37841090
37841182
37841258
37838534
37841068
37841094
37839072
37839064
37838094
37838046
37840268
37840446
37840060
37840080
37840092
37840440
37840220
37840300
37840212
37838484
37839120
37841438
37838118
37840302
37838244
37838254
37838200
37839478
37838370
37840084
37840066
37839364
37840364
37841398
37838208
37838400
37839486
37839240
37841096
37840456
37839078
37839068
37838214
37838386
37838536
37839022
37841642
37840038
37841622
37839482
37840062
37838012
37838402
37839456
37839412
37840238
37841480
37840030
37839200
37839188
37838098
37840138
37839012
37841080
37840140
37839426
37839410
37839110
37838232
37838240
37838382
37841004
37838018
37841150
37841346
37838160
37841588
37841612
37841598
37841890
37838476
37839180
37840014
37838392
37841498
37840182
37839474
37839380
37840340
37838446
37840454
37840142
37839350
37838258
37839538
37841486
37839536
37838444
37838368
37840536
37838142
37840050
37840032
37839222
37841050
37839234
37838228
37838408
37840250
37840236
37839520
37839432
37838144
37840288
37838080
37838044
37841400
37839370
37841496
37840178
37841434
37839258
37840008
37839028
37840544
37840026
37841234
37841168
37840052
37841022
37841008
37838414
37838498
37841638
37839206
37838362
37841478
37838330
37841404
37840326
37838204
37842899
37839244
37840314
37838436
37839532
37840308
37840362
37840330
37839094
37838014
37838024
37841660
37841492
37840096
37839276
37839442
37841186
37841470
37841618
37838440
37841048
37840172
37839484
37840282
37840184
37839026
37840442
37840280
37841632
37841002
37838380
37840256
37840366
37840334
37840310
37838280
37841616
37840090
37840312
37841092
37839238
37841344
37840102
37838420
37838278
37841572
37841676
37839302
37839192
37839204
37839202
37841158
37841382
37841362
37839420
37838062
37838366
37838360
37840290
37840022
37840028
37838410
37838374
37841356
37840306
37838378
37840284
37840350
37838226
37841066
37838388
37838412
37841484
37838256
37839400
37839296
37841634
37841172
37840460
37840260
37839348
37841432
37840122
37838042
37840120
37841582
37839052
37839458
37841474
37838100
37841006
37838026
37841354
37841412
37841350
37838236
37838224
37838148
37839344
