36201352
36205650
36204494
36204753
36205398
36201494
36200358
36205320
36205056
36200396
36201593
36200320
36202749
36201104
36202754
36202080
36205001
36200390
36204276
36202762
36201038
36201062
36202338
36202256
36201566
36200014
36201504
36204392
36204754
36204755
36205772
36204030
36200724
36201534
36205304
36200410
36202308
36202198
36201626
36204330
36201326
36204500
36201490
36201514
36202270
36205292
36200662
36200110
36205726
36202774
36204012
36201508
36201492
36201307
36205736
36205004
36205064
36204408
36202474
36204054
36204424
36201166
36202472
36205242
36204491
36202074
36200006
36204010
36205392
36200702
36202078
36200494
36201106
36201455
36202178
36200354
36200036
36200008
36200675
36200483
36202282
36202877
36202350
36201546
36205250
36201163
36205372
36200109
36202314
36201487
36205656
36204503
36202466
36204194
36201056
36201161
36204431
36204761
36202772
36202770
36202384
36202296
36201479
36201554
36202517
36200332
36201164
36200116
36205008
36202300
36202336
36205693
36202421
36200033
36202829
36205631
36200606
36200660
36202258
36201101
36205340
36202843
36200666
36204118
36200388
36204222
36205316
36200696
36200688
36204140
36202394
36205524
36200380
36201138
36200670
36202389
36200485
36200024
36205512
36200648
36204290
36201024
36201305
36202830
36201107
36205268
36202392
36204388
36202422
36205356
36204180
36201172
36205695
36205388
36205028
36204035
36200614
36205525
36202512
36204336
36201320
36201576
36205274
36200622
36204284
36205256
36201328
36202626
36204072
36200066
36205410
36201558
36205720
36200499
36205298
36205284
36201050
36205652
36201613
36205272
36201354
36205648
36202516
36202286
36205724
36200374
36204034
36205735
36202320
36204750
36201134
36204052
36205707
36201489
36200411
36205526
36202070
36201010
36200626
36200012
36202884
36202736
36205288
36202328
36202169
36200056
36202373
36201304
36205052
36200068
36204185
36204168
36205733
36205002
36205014
36200704
36200659
36205025
36204058
36201074
36204616
36205072
36200004
36201594
36204514
36205666
36202630
36201139
36201143
36202298
36201356
36201518
36205644
36202518
36204756
36204512
36204062
36200102
36201596
36205006
36202508
36200052
36204154
36204056
36200482
36201082
36201530
36205364
36205760
36200046
36205728
36201168
36202391
36200128
36201500
36202514
36205054
36201092
36202492
36204488
36202873
36205768
36205046
36202262
36201070
36205776
36202004
36204342
36205750
36204411
36204060
36204170
36205314
36200693
36200344
36205254
36205044
36205633
36201098
36204150
36205671
36204792
36205645
36204802
36204812
36204824
36204822
36204796
36204816
36204810
36204808
36204814
36204800
36205647
36204804
36204806
36204798
36204818
36204794
36204826
36204830
36204834
36204832
36204828
36204790
36204156
36204037
36205236
36204088
36202521
36205732
36205344
36202503
36205050
36201036
36202375
36205290
36201100
36205277
36200600
36205770
36205722
36205712
36200650
36204286
36204114
36200051
36202368
36202834
36200720
36204405
36201016
36200025
36205730
36202802
36201047
36200691
36205126
36205279
36204220
36202734
36202062
36205699
36202348
36202756
36201358
36205646
36201519
36201162
36205711
36202382
36202759
36201578
36201193
36200492
36205322
36202869
36201065
36201086
36201580
36201169
36204759
36204230
36200054
36201642
36205738
36202044
36205638
36205635
36205658
36205070
36202200
36205312
36204078
36204394
36202464
36200418
36202312
36202528
36204430
36204082
36204409
36202030
36201528
36205637
36202870
36202519
36204760
36204406
36204638
36204636
36205278
36202888
36201316
36205701
36204189
36201362
36201615
36202832
36204497
36200035
36202046
36204404
36204416
36200496
36200326
36205012
36204126
36201542
36200347
36204480
36201675
36204067
36202460
36201159
36205270
36204134
36201451
36202056
36201097
36202522
36201078
36200100
36201054
36200348
36200356
36200624
36204048
36202470
36201582
36205026
36202887
36200722
36202376
36201540
36200664
36202081
36204623
36200612
36202398
36201366
36200342
36204192
36202379
36201160
36205516
36200090
36204146
36201033
36202330
36202395
36201331
36202288
36200608
36201118
36205346
36205114
36204747
36200350
36201617
36200114
36202844
36202420
36202344
36205382
36201012
36200346
36204288
36205504
36204144
36204627
36204278
36201495
36202066
36204634
36202510
36200070
36205334
36202010
36200386
36200321
36205010
36205710
36200408
36200092
36201026
36201030
36205672
36202374
36201532
36200049
36200398
36200098
36200055
36201372
36200417
36204166
36201595
36202831
36205366
36205286
36200130
36204624
36200368
36200345
36201535
36201035
36204075
36204085
36204032
36201556
36204635
36202796
36201498
36202797
36200122
36204410
36202498
36202744
36204016
36200602
36204428
36202332
36200734
36201550
36200076
36200414
36204184
36201194
36201353
36204499
36202260
36200138
36204087
36201670
36204046
36205752
36202752
36204086
36205747
36204128
36201370
36205244
36202304
36200500
36202798
36205507
36202334
36202024
36205715
36205036
36202751
36205328
36202276
36202370
36205068
36200080
36200630
36204292
36204274
36205034
36201584
36202745
36201486
36204232
36200628
36201597
36205508
36200060
36202406
36201368
36201096
36201157
36204484
36205424
36205338
36201309
36205071
36205075
36201108
36205394
36205073
36200126
36201093
36202400
36204228
36204039
36200134
36202166
36204390
36200169
36201039
36202397
36204116
36201308
36204041
36205376
36200690
36205336
36200757
36205713
36201322
36204629
36205639
36202068
36201360
36202818
36202776
36202761
36202372
36202532
36202530
36201110
36205528
36202739
36202190
36205350
36200032
36204152
36204226
36202875
36201145
36201477
36201512
36200635
36200634
36201513
36205022
36201618
36205412
36204151
36202306
36204233
36200472
36201158
36200680
36200726
36204187
36202746
36202747
36202377
36201124
36200684
36201155
36200404
36201132
36202364
36201515
36205714
36200094
36200392
36200096
36201538
36204164
36204024
36204496
36205234
36202778
36205118
36202851
36204162
36202188
36202164
36202034
36202028
36201128
36205348
36202278
36205264
36201156
36200674
36205532
36200672
36202780
36205040
36204632
36205124
36204272
36201355
36200470
36204382
36205500
36204077
36204020
36202743
36202180
36204079
36200120
36200639
36204002
36205324
36202490
36200671
36201034
36205509
36202458
36204626
36204414
36202356
36204614
36202378
36201516
36202496
36201478
36200007
36202025
36205018
36205275
36200324
36200366
36202845
36200646
36204757
36200642
36200106
36204510
36204183
36205023
36202494
36202782
36202462
36204498
36201020
36205000
36204174
36204172
36202006
36200756
36202868
36202846
36200378
36202742
36200490
36205260
36201064
36201679
36200018
36205252
36200632
36201450
36202287
36202527
36205269
36200108
36202847
36202202
36202504
36202800
36201619
36202784
36201482
36202526
36201318
36205276
36205266
36204131
36202058
36202007
36204074
36202848
36204120
36202354
36202072
36202849
36204138
36201088
36204080
36205330
36202764
36204182
36201114
36201153
36204504
36200328
36202186
36201052
36200697
36201165
36205120
36202284
36201306
36202177
36201303
36202366
36202753
36200323
36204031
36202801
36205501
36202280
36201008
36200027
36200026
36201621
36201023
36205246
36202268
36204124
36204081
36201314
36201330
36204482
36201313
36204620
36202502
36202371
36201505
36201312
36202048
36202027
36202520
36202523
36201006
36202506
36205510
36202381
36201564
36202758
36202478
36200620
36202003
36205780
36204639
36201001
36204282
36204218
36200136
36204043
36205358
36202192
36204612
36205280
36201094
36201364
36204486
36200042
36202412
36204508
36202404
36200406
36202803
36205703
36205744
36201586
36205705
36202184
36205245
36200020
36202484
36202486
36202012
36205310
36201068
36202393
36201049
36200002
36205689
36205716
36202358
36202272
36202318
36204160
36204008
36201176
36202399
36201599
36202408
36205060
36202804
36205271
36204426
36201536
36205326
36200698
36202805
36201021
36204422
36201329
36201524
36201480
36202204
36205654
36202735
36201520
36200220
36202050
36201349
36204224
36202488
36200394
36204618
36200658
36204186
36202468
36204022
36205282
36201154
36202806
36205112
36200732
36205734
36201032
36200338
36201548
36205308
36200325
36202524
36205116
36205122
36201510
36200654
36200477
36204045
36202002
36204132
36200362
36204420
36202388
36202352
36204758
36202760
36202732
36201323
36205522
36202416
36202740
36204157
36201601
36202410
36202179
36205667
36202064
36205660
36202054
36201037
36202874
36201149
36205708
36204492
36204613
36202786
36204112
36201682
36202840
36204490
36202264
36202206
36202014
36200728
36204506
36201300
36202867
36204142
36204344
36204412
36201483
36200488
36202807
36200139
36202872
36200775
36201002
36202182
36200730
36201150
36205048
36200140
36200142
36202401
36204418
36201102
36204434
36200678
36201484
36201022
36202755
36200667
36204083
36205016
36202482
36204158
36204006
36201147
36202748
36200610
36201488
36200668
36205024
36202424
36205706
36205697
36201126
36204084
36200030
36205778
36202362
36202090
36201552
36202882
36201072
36204628
36205066
36202757
36205032
36204047
36204502
36205420
36202383
36201120
36202808
36204752
36200384
36205408
36202838
36205281
36205766
36201502
36204136
36202194
36201192
36204148
36204076
36201325
36202809
36204400
36201152
36201116
36202008
36202741
36201452
36201506
36201046
36205517
36200412
36201090
36200171
36202076
36204340
36202324
36205302
36202396
36200022
36202042
36202810
36202811
36201019
36200727
36202750
36205668
36202878
36202799
36200082
36204216
36200770
36204176
36201171
36201560
36201485
36202788
36200048
36205743
36200050
36201302
36204026
36202836
36201140
36201603
36200376
36205502
36201122
36200016
36202501
36205020
36200370
36200480
36202176
36200400
36200604
36205110
36202385
36200402
36201042
36200474
36202730
36205074
36204050
36204044
36205762
36205737
36204004
36205418
36205400
36205414
36205294
36205262
36202316
36205380
36205370
36205362
36205514
36205318
36205690
36202342
36205038
36200013
36204014
36201496
36202476
36205527
36201522
36200132
36202052
36202023
36204214
36205067
36201144
36204188
36200682
36202417
36200700
36202168
36205520
36204190
36200416
36201611
36200689
36204334
36200001
36200340
36200382
36201136
36202340
36205406
36200034
36202000
36201178
36204028
36202018
36205296
36200334
36204386
36205740
36202403
36205368
36205754
36200124
36202274
36201315
36205390
36200104
36205692
36200072
36204038
36205694
36200023
36204053
36202302
36200484
36202763
36205669
36202880
36202850
36202855
36204042
36202026
36205634
36204071
36201350
36204332
36205642
36205662
36200074
36202418
36202812
36205273
36200498
36201324
36202386
36201060
36205632
36200640
36200322
36204622
36204338
36205696
36204402
36205709
36202837
36202103
36202292
36205688
36200028
36205354
36205352
36205764
36205353
36201028
36200616
36205378
36205422
36205739
36205426
36204029
36204501
36200644
36200645
36202174
36205758
36201177
36204070
36201142
36202326
36200486
36201080
36202322
36200478
36202871
36201112
36200352
36200037
36200731
36202390
36205430
36201048
36204130
36200699
36200638
36200021
36200088
36205899
36205042
36200656
36200476
36201084
36204630
36205742
36202196
36200086
36205058
36200327
36205774
36201151
36205386
36204212
36204210
36202310
36202405
36200676
36204122
36202172
36204280
36202813
36201310
36205237
36201616
36202534
36201335
36202038
36205698
36200058
36202360
36205756
36205741
36202737
36204049
36202040
36205636
36200078
36200618
36201004
36201148
36200064
36202020
36200330
36200336
36201014
36202876
36202380
36202294
36201000
36201526
36204051
36205416
36205630
36202814
36200170
36204018
36205360
36205248
36200010
36202628
36205332
36200044
36205258
36200038
36202402
36201018
36202885
36200364
36205374
36200118
36200062
36205700
36200652
36205384
36202290
36201040
36201146
36202500
36204384
36202060
36205640
36205702
36204040
36202032
36205670
36205505
36204073
36200692
36200015
36200372
36204065
36205748
36205664
36205518
36202170
36204036
36202036
36205643
36205402
36204178
36205691
36200773
36205300
36205062
36205238
36202480
36202815
36205342
36204751
36205317
36201130
36202536
36204000
36205319
36202351
36205404
36205746
36201058
36200778
36200084
36200040
36202022
36200755
36202456
36202790
36202890
36201605
36200112
36202016
36202346
36202629
36201562
36202738
36204396
36201327
36202886
36205306
36201357
36202067
36200663
36201066
36200792
36201076
36201083
36202816
36202817
36201491
36205704
36201167
36205396
36201673
