32678150
32678460
32677400
32671690
32640824
32649422
32635104
32687030
32625220
32605354
32661776
32607400
32634148
32606750
32621405
32642317
32641494
32642410
32667426
32672376
32623424
32641280
32606165
32606156
32606544
32606185
32606458
32657152
32657380
32675545
32675578
32675630
32675805
32675795
32675735
32675668
32605484
32640840
32671065
32671062
32673178
32673325
32653498
32607740
32618075
32676215
32676250
32639642
32628610
32631055
32672114
32671748
32606028
32604670
32604640
32623832
32673618
32673308
32673336
32611014
32611100
32606208
32606190
32641408
32606170
32641576
32667554
32661646
32603234
32603202
32676564
32641384
32672586
32672648
32672650
32672888
32675350
32623495
32623550
32623500
32623455
32671061
32670654
32670670
32670712
32670740
32611600
32668020
32670174
32670050
32673326
32673320
32672794
32641534
32606590
32605135
32605266
32604075
32604054
32675745
32675844
32657402
32667004
32636148
32672614
32603154
32672630
32681210
32681208
32676208
32670684
32661353
32675856
32623050
32649100
32667075
32667090
32667190
32667155
32605608
32605640
32641456
32670605
32670720
32675858
32611088
32611108
32604656
32671660
32678090
32639568
32641141
32673137
32681820
32605700
32605734
32671380
32628150
32641722
32604098
32604386
32670748
32604080
32604052
32639392
32601450
32601520
32601590
32601620
32604460
32604540
32671816
32670718
32649400
32649420
32684005
32681730
32672484
32653540
32661006
32670388
32681608
32656544
32670696
32655698
32655640
32655688
32602519
32681148
32607636
32600290
32649448
32676676
32667180
32600196
32671808
32641876
32603134
32603208
32670590
32642390
32659030
32657750
32677272
32641858
32667378
32667452
32641300
32618102
32681130
32673270
32672792
32659634
32604312
32607115
32603223
32642074
32641003
32681100
32676036
32657280
32623110
32623222
32623282
32641130
32641867
32667604
32681632
32604380
32600342
32641691
32657174
32670586
32611244
32606044
32623466
32687026
32673062
32672126
32604672
32655680
32655600
32655684
32673368
32673140
32673030
32604722
32604688
32604660
32623782
32672325
32672324
32672300
32672365
32678034
32678164
32670005
32670270
32600076
32600075
32600066
32600065
32600056
32600055
32600040
32600045
32600032
32600215
32600325
32600324
32600416
32600415
32600442
32600445
32603024
32602335
32602345
32602378
32602365
32602390
32602395
32602508
32602505
32602670
32602675
32602770
32602775
32603850
32685042
32611680
32676540
32676598
32603228
32603224
32671520
32600203
32600220
32659646
32611888
32671394
32670265
32670025
32600078
32600082
32600160
32670035
32600170
32670055
32656675
32655010
32655012
32655015
32678182
32641560
32633200
32641894
32600014
32681862
32655070
32676278
32611312
32653078
32673070
32641416
32655666
32672265
32673198
32673228
32672295
32611348
32611112
32671636
32671532
32606210
32639404
32606090
32641278
32655528
32655035
32655034
32607654
32611800
32676350
32676552
32636470
32681218
32606354
32672784
32668209
32657286
32661354
32611752
32635250
32631058
32684002
32661024
32606135
32606150
32606174
32606125
32606450
32671188
32641413
32649352
32604574
32607550
32671364
32603210
32670158
32675852
32687082
32681734
32602860
32678552
32665622
32667586
32684134
32684055
32681732
32675665
32639408
32641315
32641310
32600334
32659626
32606316
32600024
32677106
32641142
32611632
32655025
32655028
32656700
32655045
32671635
32671536
32671544
32671545
32602520
32607410
32677044
32681135
32681142
32681170
32681405
32681186
32681275
32681260
32681265
32604492
32654802
32675640
32607070
32604076
32604094
32600198
32670436
32670464
32677218
32671475
32671444
32681556
32621100
32621048
32667608
32671548
32677210
32606032
32671155
32671116
32606588
32606606
32606672
32605508
32604224
32641815
32642010
32639336
32641850
32676624
32676602
32676550
32676450
32606318
32600096
32601600
32671434
32677299
32677835
32671818
32641845
32641844
32641760
32641725
32670544
32606400
32640600
32606012
32606120
32604458
32604554
32604570
32600136
32685138
32671812
32671776
32627277
32604302
32639254
32670408
32670428
32670486
32657260
32641720
32659658
32628154
32672790
32670504
32611098
32607642
32635275
32635898
32639614
32600208
32611154
32687420
32684014
32667245
32667306
32667312
32665725
32623522
32623604
32672138
32641856
32677570
32687010
32604044
32623212
32600482
32672384
32600422
32672338
32623306
32675836
32675846
32611144
32611712
32657228
32628420
32684142
32636450
32684146
32611018
32611096
32623226
32623298
32681176
32639604
32600106
32655154
32668074
32668078
32604608
32668106
32678324
32641642
32655066
32639502
32661657
32661356
32606018
32604306
32642082
32603212
32604370
32604390
32611840
32628314
32661022
32635270
32635265
32635750
32630800
32655610
32655410
32604046
32657398
32604475
32604136
32672378
32671376
32649052
32628162
32628302
32606346
32673214
32671082
32672788
32677708
32673556
32672793
32673572
32675644
32672282
32611148
32655686
32655678
32655582
32655532
32673592
32607568
32661306
32611316
32681272
32649346
32675310
32606596
32606516
32606538
32642030
32639300
32681520
32675330
32671736
32639298
32655138
32681416
32667362
32667440
32668058
32656622
32656616
32685142
32670288
32673332
32670698
32678624
32611208
32676448
32673144
32673026
32653310
32605474
32642498
32677674
32681696
32670406
32678144
32687034
32689378
32678458
32676300
32635102
32642320
32655062
32625212
32605356
32653394
32606754
32621415
32671385
32641492
32681372
32655565
32655120
32675860
32623426
32673500
32623720
32678016
32681684
32604618
32671675
32672098
32677750
32681580
32675418
32667100
32623386
32625040
32641220
32671436
32670330
32670202
32670275
32670010
32670248
32670295
32670198
32670345
32670355
32670144
32641878
32641330
32641322
32659082
32681194
32672076
32623096
32670658
32655604
32675634
32675618
32681104
32681136
32655540
32675632
32623422
32665678
32642064
32604192
32677268
32655574
32609150
32681414
32605205
32605198
32628112
32673182
32673138
32673038
32681370
32677528
32657191
32641252
32673750
32673472
32673494
32641838
32670364
32677352
32681538
32641590
32672152
32623468
32681836
32687390
32676665
32677586
32681828
32668002
32656512
32676656
32681294
32681874
32602522
32600044
32671645
32671504
32671448
32671665
32672105
32672108
32672088
32672085
32672058
32672055
32672755
32672758
32672776
32672815
32672806
32672805
32681505
32681426
32681366
32681585
32681875
32681360
32681885
32684084
32684075
32684080
32672634
32681510
32672514
32681614
32636500
32641866
32665618
32627274
32606592
32606522
32604576
32641640
32639510
32639380
32639450
32655548
32603265
32604196
32606178
32606576
32665614
32681268
32676166
32673562
32673586
32623048
32671482
32649350
32607682
32600068
32600012
32675652
32672775
32673272
32672786
32678622
32681668
32641596
32657268
32655142
32655136
32681394
32623464
32678660
32677228
32641572
32604206
32605690
32673274
32655152
32623220
32673558
32604636
32656602
32606666
32670244
32675650
32681198
32681326
32676672
32669253
32670214
32677378
32641633
32606038
32606670
32670212
32641500
32623430
32681578
32672032
32681742
32681706
32677234
32681702
32641598
32641400
32681214
32673268
32607754
32675568
32670532
32681216
32616456
32684046
32684088
32628310
32655512
32655552
32681344
32665654
32676202
32604716
32604750
32670014
32667326
32656655
32656516
32656560
32656615
32649250
32656565
32623800
32675391
32673564
32673548
32673534
32623780
32687018
32670360
32611864
32628305
32681825
32684066
32605294
32673498
32676176
32605170
32655580
32672470
32653626
32677600
32681760
32673502
32600748
32630205
32601398
32630405
32601400
32630605
32631005
32601748
32601898
32631505
32689898
32669895
32669195
32684298
32684296
32681354
32669055
32681200
32669005
32681002
32667505
32676100
32667465
32670790
32670500
32655695
32670420
32655505
32670368
32655135
32670138
32655005
32656505
32600186
32649105
32600260
32600836
32600798
32630002
32642305
32635002
32635300
32639200
32642045
32641805
32639350
32639500
32640805
32639898
32640005
32673614
32672782
32623610
32678474
32673496
32673262
32605108
32668014
32611856
32655064
32678490
32687038
32635100
32625298
32605358
32606758
32621420
32661338
32628422
32611816
32670578
32602338
32678650
32681252
32672445
32672620
32655612
32655626
32671108
32639592
32670652
32677568
32677800
32677340
32677815
32676232
32681300
32642330
32642464
32675880
32670170
32670070
32673554
32677602
32681772
32681232
32672504
32675646
32671106
32673002
32639600
32639520
32675440
32675390
32623432
32655556
32670580
32603852
32611216
32684006
32673488
32668010
32684018
32611776
32623460
32681184
32611084
32628158
32673184
32673130
32673042
32659192
32657350
32657418
32649072
32600296
32673112
32670665
32670648
32670598
32670715
32670716
32623390
32678424
32681560
32681540
32681190
32681106
32661342
32623380
32602870
32681125
32681202
32681168
32681145
32681824
32681592
32606418
32670575
32670778
32670724
32670725
32670708
32670705
32681284
32681410
32623472
32687328
32661780
32668006
32673250
32639586
32636520
32639602
32659252
32667526
32675580
32671485
32671446
32604262
32641692
32631032
32642460
32677546
32609002
32649354
32634052
32670432
32670518
32600162
32670034
32672590
32675642
32669251
32656820
32673256
32639616
32676444
32676618
32670324
32670206
32623053
32623382
32678590
32670582
32681412
32673135
32672226
32604562
32607024
32676038
32670400
32670434
32641488
32675314
32670328
32670204
32677018
32661664
32677214
32661606
32639574
32604666
32604630
32670194
32616370
32616388
32681386
32600108
32600104
32600140
32600164
32623100
32621220
32681594
32670594
32677644
32641453
32677566
32677538
32655602
32641634
32655162
32639320
32631060
32605110
32678600
32672518
32611880
32606408
32670362
32604036
32649370
32681700
32642012
32639304
32676312
32670334
32670196
32671676
32671688
32604635
32604582
32604584
32604625
32667516
32678022
32628340
32681188
32603040
32681330
32681368
32681630
32681672
32641584
32611026
32604612
32604732
32678278
32678095
32678158
32681832
32641264
32667450
32600166
32661650
32657354
32605142
32641454
32611896
32628440
32631036
32635190
32616396
32616605
32616300
32673252
32670178
32670038
32681340
32677722
32657465
32657660
32672506
32611760
32642380
32607562
32607648
32606040
32606092
32631050
32634050
32605680
32605748
32606416
32668018
32668022
32671278
32671114
32673310
32605746
32673172
32605116
32671820
32671730
32605438
32600802
32675876
32675872
32618540
32678148
32672810
32672772
32675784
32669122
32676054
32677476
32611430
32621150
32601480
32655310
32607786
32600762
32607709
32689032
32673888
32685022
32671516
32633600
32677508
32655608
32636300
32633750
32673122
32673188
32673098
32641144
32604168
32659152
32667060
32661724
32606512
32671502
32676016
32641782
32671814
32670042
32670072
32606302
32604288
32616362
32600102
32600218
32678312
32670192
32670588
32670298
32684086
32641892
32642016
32639302
32611188
32655196
32655508
32678498
32673318
32672015
32672188
32672230
32672315
32672235
32673194
32673285
32649144
32649198
32668030
32678672
32656604
32671412
32628064
32628118
32628126
32604060
32654816
32601510
32642060
32604140
32604122
32604480
32611728
32625156
32681196
32655594
32661634
32661360
32600200
32670402
32670430
32670470
32687070
32669185
32669170
32671518
32669500
32681388
32631046
32673552
32605104
32657600
32677396
32672512
32653544
32636700
32672312
32600466
32600494
32672385
32673240
32672718
32672715
32641860
32670096
32677555
32676696
32636600
32631008
32681788
32656860
32611672
32661830
32673074
32668034
32673190
32673114
32673076
32628114
32673102
32673124
32671086
32677716
32655080
32673328
32673186
32673128
32672500
32653298
32673264
32605162
32672062
32684094
32684036
32684102
32678426
32678446
32675464
32675755
32675810
32659622
32600280
32641581
32641786
32678436
32600255
32600194
32600240
32600295
32600305
32600232
32600028
32677342
32681606
32681612
32657426
32676678
32600236
32659072
32681392
32661355
32657414
32611180
32611192
32670688
32668038
32623602
32673055
32672128
32611050
32631038
32670584
32667314
32623516
32639622
32623202
32671550
32607016
32677046
32602382
32642436
32678468
32635106
32606766
32621447
32671383
32673560
32673248
32605492
32673174
32628200
32628198
32673244
32607672
32607095
32603219
32607118
32600010
32641138
32641356
32671248
32675225
32676064
32676066
32675275
32676024
32675385
32675834
32675485
32675820
32675515
32675585
32642076
32684092
32670404
32677258
32667408
32655108
32687002
32641710
32675868
32655304
32672802
32675738
32605122
32689010
32611498
32678138
32616378
32607792
32685074
32672760
32607804
32671758
32678184
32675396
32655340
32672766
32672840
32607798
32631070
32657215
32685010
32685054
32655298
32675400
32672764
32672860
32631072
32672762
32672858
32607800
32685090
32681314
32672034
32623152
32606700
32681172
32657264
32661318
32604662
32604638
32672640
32665670
32656624
32677128
32685102
32687012
32659642
32670365
32670370
32671194
32671205
32672194
32672044
32604712
32604738
32641556
32654824
32672074
32606710
32672450
32605500
32655450
32671178
32675865
32675878
32676002
32675875
32678136
32681010
32675752
32677462
32602360
32611370
32672643
32672652
32641412
32606665
32605160
32605495
32605230
32605445
32678360
32668007
32607772
32607778
32600755
32607715
32607140
32673882
32655631
32655422
32653018
32673258
32671466
32671476
32685132
32603084
32670508
32641824
32670526
32670538
32600202
32671472
32676660
32677584
32606680
32642056
32625100
32681256
32628500
32628450
32605470
32655460
32678665
32678124
32672812
32675746
32689006
32607806
32639384
32673246
32673492
32681508
32677038
32627240
32678464
32625300
32635101
32606770
32621455
32607660
32628405
32671486
32641796
32669140
32671780
32603055
32600340
32600006
32603075
32600004
32604225
32604270
32604155
32604272
32604135
32604448
32604446
32604455
32604555
32604565
32671554
32671602
32604605
32604745
32671850
32605005
32605305
32665710
32641632
32678178
32600152
32687444
32668042
32611034
32611058
32672448
32667046
32607060
32675324
32604184
32606212
32618402
32641599
32667074
32605670
32670166
32639580
32684310
32657204
32606250
32607624
32611656
32657360
32676628
32681350
32657236
32606182
32641897
32672380
32641284
32641042
32670442
32670456
32641558
32668046
32670676
32670704
32639326
32661728
32606594
32606518
32606482
32672442
32673238
32673222
32673218
32642098
32605174
32628050
32673230
32673224
32604146
32604124
32604478
32668050
32678245
32678476
32678510
32678515
32656542
32655044
32653002
32687066
32681662
32655690
32677358
32672632
32639540
32659298
32604754
32603064
32603022
32678010
32671650
32639630
32673212
32641295
32600038
32668138
32670016
32628620
32675340
32639400
32676690
32673490
32655614
32623046
32681666
32655536
32672127
32670608
32649130
32611288
32616460
32672488
32681240
32641818
32642020
32667140
32604264
32649032
32641874
32606356
32604304
32623644
32671738
32606282
32677472
32677382
32670286
32641008
32655668
32607580
32603094
32667064
32678895
32675565
32673898
32675465
32675455
32675435
32673820
32675005
32673440
32670760
32670795
32675848
32677012
32601560
32678462
32625240
32635080
32606774
32621465
32671378
32641610
32670172
32681796
32641320
32671060
32671084
32671090
32671112
32657330
32600090
32605125
32605292
32656895
32649270
32654800
32654805
32657030
32657375
32657300
32657305
32657895
32659005
32634104
32675570
32639572
32681626
32673296
32633400
32600088
32600126
32600214
32681816
32659614
32604724
32604752
32600492
32600480
32641783
32623080
32603152
32603164
32607005
32689366
32655694
32670762
32671432
32671370
32687470
32668142
32670438
32670460
32656620
32621250
32623375
32606582
32606530
32606466
32641746
32672596
32672492
32672520
32672418
32672374
32605312
32607728
32628410
32603242
32603136
32616540
32616520
32616530
32653634
32627298
32627270
32653536
32672522
32627290
32655590
32673260
32673226
32672420
32673204
32616510
32641450
32673254
32603222
32616652
32681780
32677728
32681776
32639260
32616270
32636348
32670516
32639332
32672048
32672184
32623514
32678442
32621050
32603886
32681306
32602772
32607450
32607455
32607600
32607605
32607680
32607685
32628110
32659638
32625192
32672260
32681296
32672638
32603162
32672030
32623128
32606720
32670638
32623534
32678306
32672132
32681288
32681292
32623385
32668114
32656618
32677270
32677308
32655046
32642086
32600452
32600476
32667570
32672228
32642068
32671288
32604248
32606096
32641554
32641586
32675328
32618480
32606510
32606192
32657348
32642080
32604178
32681138
32659654
32681290
32675604
32623392
32671442
32681690
32600228
32677006
32628180
32639532
32625228
32635090
32606778
32621460
32681740
32603095
32604210
32603246
32603065
32603100
32600275
32600276
32687454
32687498
32661770
32687380
32681376
32653010
32672298
32605102
32653556
32670542
32684302
32684304
32681812
32684010
32607698
32649108
32649320
32649300
32607612
32687452
32657192
32677612
32675368
32618100
32600142
32677110
32670156
32675322
32655140
32641254
32670534
32655634
32603128
32641470
32641286
32603226
32641548
32601452
32657180
32607415
32600328
32600335
32600030
32604090
32604128
32654804
32641000
32675306
32641570
32641542
32641270
32641230
32681550
32618440
32618500
32641250
32669162
32642072
32667540
32672294
32672290
32669158
32669110
32667600
32634103
32670548
32600288
32600806
32687415
32687340
32681652
32661835
32667012
32600338
32685118
32678376
32671552
32677260
32667546
32605612
32672052
32661642
32670556
32641274
32681080
32673004
32671102
32607736
32605448
32673232
32653098
32641604
32672292
32623646
32678298
32672124
32641532
32604628
32604734
32671644
32671628
32623784
32677898
32678005
32678018
32677896
32678025
32670752
32665626
32600148
32676006
32606410
32672186
32672156
32672112
32676674
32670632
32606155
32604500
32606575
32604668
32606605
32604708
32605100
32606655
32661726
32689318
32689328
32689372
32655664
32600016
32668118
32656606
32661746
32607630
32600456
32676204
32676170
32676346
32611160
32670726
32681870
32611248
32611272
32600434
32672178
32657416
32673084
32670564
32675658
32604756
32600430
32672345
32672354
32672130
32657220
32684326
32672536
32670642
32655118
32677348
32611054
32670630
32661330
32611808
32678628
32661326
32673486
32677578
32675662
32604102
32600486
32684090
32661738
32675656
32655160
32672538
32669174
32616400
32611006
32677008
32635098
32625234
32606782
32621480
32600192
32668132
32661766
32676220
32625132
32633130
32633100
32628436
32673478
32657442
32667566
32681676
32681678
32625122
32606010
32606112
32670190
32607098
32677406
32670078
32670162
32672270
32672272
32673588
32606514
32671626
32671702
32671280
32604228
32673276
32675320
32636198
32649126
32606470
32606478
32639334
32661320
32605155
32605114
32653006
32618060
32606348
32668130
32678294
32656536
32676052
32671294
32670026
32670076
32623608
32623518
32605488
32605458
32657406
32653552
32673169
32676436
32670300
32639330
32618030
32625242
32606800
32621402
32611120
32672310
32603235
32603270
32603306
32603225
32677540
32661352
32681134
32672121
32616466
32670536
32670452
32675855
32675720
32618085
32616412
32604280
32603298
32661362
32677495
32677550
32661322
32677678
32606322
32670392
32628068
32672244
32654822
32670088
32685086
32681698
32681784
32681600
32685135
32678390
32670032
32681228
32655126
32667042
32603300
32681634
32681640
32681552
32681840
32670012
32600086
32600100
32670278
32671296
32687054
32671438
32676018
32603304
32611616
32676385
32677058
32676684
32676687
32636208
32636205
32668102
32685082
32671440
32689374
32681808
32603232
32611872
32628445
32656660
32670454
32606508
32675594
32628116
32628182
32640826
32681682
32611784
32628312
32657338
32605264
32606425
32606430
32635184
32661012
32607720
32603338
32655068
32676260
32681396
32672542
32603308
32681704
32603284
32603336
32673220
32628325
32677344
32655086
32655038
32678316
32641172
32606422
32616380
32616420
32668122
32607694
32670210
32676236
32672192
32672160
32672118
32675586
32675614
32655088
32676695
32677002
32681692
32677574
32669252
32672502
32677650
32677562
32670628
32623054
32668124
32678288
32661778
32657700
32681768
32672605
32672474
32672476
32672475
32655092
32677564
32677530
32653024
32678508
32642466
32670562
32676620
32639644
32681860
32672588
32676670
32661016
32603278
32667240
32667322
32667334
32677405
32677770
32676662
32676446
32669254
32687005
32685162
32685036
32687405
32672038
32600410
32675582
32676694
32673266
32603302
32603310
32675332
32684325
32685006
32684322
32684335
32687058
32672065
32671760
32661790
32677226
32606804
32661334
32661020
32642420
32671368
32675664
32605316
32672412
32667528
32611608
32628308
32631048
32657336
32635180
32653615
32653610
32653396
32653605
32653398
32653515
32618080
32631044
32649022
32641848
32677338
32603086
32672358
32655116
32675616
32600424
32600316
32600286
32676180
32668098
32605480
32670660
32667444
32678280
32667542
32621395
32623230
32623304
32621265
32667066
32668090
32656626
32611158
32672306
32667358
32611200
32681390
32681422
32616470
32628172
32673342
32605428
32641406
32653314
32611046
32684098
32672524
32611648
32675584
32675598
32676162
32634101
32672434
32672622
32670558
32677820
32681674
32600468
32684096
32605342
32672472
32611832
32672215
32673094
32673104
32673105
32687480
32677790
32665634
32676322
32607690
32607618
32607556
32607596
32607666
32673132
32670560
32670730
32607688
32667538
32684076
32673338
32673170
32673150
32673018
32625155
32625152
32625210
32625165
32681346
32670690
32621530
32604384
32600230
32607042
32671282
32655060
32667050
32670100
32606265
32606434
32606438
32606365
32606238
32604086
32604016
32606042
32606070
32657302
32600800
32681764
32600278
32667058
32641544
32672090
32672064
32667432
32671286
32606290
32616350
32672594
32641160
32604462
32671546
32639355
32639348
32642062
32676668
32611010
32611104
32611652
32600804
32606188
32670426
32602375
32603020
32623528
32672136
32681536
32600072
32681180
32671740
32641842
32684305
32684178
32670634
32600150
32667550
32670680
32670702
32667170
32642450
32655150
32616360
32641198
32667355
32667390
32667392
32604032
32604022
32603130
32661618
32641174
32604166
32671272
32670312
32602518
32600808
32676626
32676604
32676554
32676440
32600284
32665604
32657288
32655054
32653012
32602526
32600238
32667520
32675840
32641458
32681750
32676298
32684144
32676314
32641200
32600074
32604020
32675300
32670092
32641870
32603221
32641451
32604578
32604106
32604078
32604058
32655164
32671732
32601410
32601420
32625142
32671276
32636100
32641742
32657160
32641550
32606172
32678032
32604158
32603138
32655040
32642005
32641898
32606205
32606198
32604616
32604702
32649012
32618510
32604038
32603214
32607072
32641562
32606412
32667144
32606160
32600292
32641528
32602386
32677104
32641588
32600058
32677230
32641546
32606014
32606118
32606195
32606194
32625050
32667080
32667110
32667350
32603090
32684198
32684394
32684395
32685004
32685002
32684025
32606100
32670114
32606280
32603860
32604545
32604558
32604654
32604535
32603018
32603150
32606110
32642078
32600308
32676055
32677232
32600154
32602521
32667070
32667136
32641834
32641754
32641680
32641370
32667230
32621020
32601550
32659650
32670164
32677102
32606036
32604548
32604710
32604736
32661722
32657265
32641690
32642048
32657304
32670280
32604185
32606578
32606532
32606462
32677222
32621046
32600206
32667030
32601580
32670098
32605388
32600168
32604188
32685126
32678372
32641660
32667382
32667460
32677108
32677298
32604572
32641738
32606094
32604266
32604074
32604186
32655032
32667490
32671810
32671538
32621175
32676010
32639268
32657368
32677238
32677346
32657434
32670084
32605504
32667085
32665700
32665658
32667005
32675338
32661638
32641841
32669258
32681680
32611768
32681512
32642050
32687330
32600158
32675830
32687448
32684318
32606690
32681128
32672100
32670068
32667370
32600818
32655564
32616384
32641552
32606176
32606184
32604190
32677572
32677765
32677408
32673202
32667035
32661812
32661786
32661785
32649276
32689342
32689330
32684035
32684398
32600300
32672302
32604156
32661838
32670736
32670750
32671284
32602388
32667560
32641002
32667602
32611330
32606808
32656840
32657284
32611106
32604552
32600225
32600226
32600204
32600205
32639542
32677032
32673192
32628342
32623130
32604088
32681244
32681320
32628078
32628115
32687014
32628072
32681328
32628076
32681224
32628074
32659232
32633650
32623420
32676154
32681178
32687378
32605314
32657388
32676352
32676588
32676565
32642400
32605106
32653622
32678688
32641269
32676590
32661614
32681342
32606730
32603240
32603206
32603145
32670242
32606104
32670366
32657422
32606108
32667124
32623150
32606330
32670154
32670094
32673294
32623478
32668086
32670290
32681174
32681312
32670176
32670044
32681534
32675612
32633300
32668082
32657210
32661018
32654818
32667582
32631082
32670682
32673756
32661660
32676692
32623070
32678630
32684130
32684120
32672516
32684124
32642430
32653518
32627200
32671110
32657438
32673180
32604560
32659618
32627276
32628152
32673134
32605472
32653528
32655586
32673550
32655606
32655274
32670728
32670600
32670714
32623642
32673568
32673476
32672180
32678428
32661302
32661026
32605602
32628425
32673324
32667034
32665610
32671774
32671786
32675425
32675302
32655592
32655598
32655596
32675818
32667606
32677028
32641672
32676434
32681378
32639303
32667200
32677140
32676005
32675882
32605722
32623476
32675628
32673056
32672120
32675838
32641896
32606022
32670018
32607066
32602380
32672070
32606360
32671802
32636650
32668135
32605260
32673322
32677120
32611268
32611310
32667594
32657450
32641380
32641580
32668136
32655030
32676050
32677480
32677450
32677505
32677614
32677014
32639522
32607574
32677698
32677780
32639648
32628315
32611744
32687450
32672150
32623526
32681524
32681522
32661730
32657340
32641794
32676658
32673484
32655572
32655670
32641846
32685038
32673200
32676452
32653392
32661014
32672360
32657386
32677165
32678320
32671052
32673355
32673530
32670650
32611130
32600332
32600322
32676630
32676654
32653086
32667038
32676228
32672110
32623462
32687006
32611284
32628570
32628630
32611228
32670635
32670512
32670550
32670615
32623214
32681738
32681736
32641058
32641054
32684038
32672494
32611644
32642370
32659612
32641199
32623158
32672005
32672318
32672200
32672195
32685050
32665646
32606550
32606536
32606460
32641780
32640830
32611704
32671252
32670246
32641730
32685146
32606175
32606180
32606196
32606115
32684068
32603855
32603856
32603230
32600138
32667590
32670624
32678105
32678698
32605710
32667458
32681338
32604025
32606006
32604015
32606026
32676345
32676375
32677065
32677075
32611162
32611128
32611124
32600438
32676348
32623830
32678432
32672242
32681380
32605466
32600306
32671768
32605262
32657278
32604245
32600002
32604325
32670260
32670250
32604345
32671298
32671455
32671264
32671305
32671200
32671335
32671198
32671150
32671345
32671120
32673015
32671104
32671072
32673155
32673165
32671048
32673365
32671042
32673405
32671002
32675155
32676160
32676075
32676165
32676158
32676235
32676274
32676265
32676310
32676435
32676358
32676425
32676415
32677055
32677060
32677080
32677185
32657454
32676318
32672530
32672550
32673034
32673078
32672592
32667220
32653532
32677354
32676226
32676164
32672280
32677310
32641202
32606362
32677236
32659630
32641682
32670336
32604260
32671460
32661310
32667514
32602514
32623781
32606358
32670208
32604144
32687086
32677004
32603102
32636250
32671250
32600294
32641385
32641857
32611696
32670446
32667386
32667464
32606114
32642467
32678570
32602516
32671462
32659606
32600094
32657170
32604704
32604610
32641460
32667054
32603218
32670746
32616450
32611688
32661304
32604388
32603216
32600484
32607048
32655016
32641260
32604620
32642054
32667094
32665698
32641530
32600156
32641381
32641472
32677738
32605386
32606526
32606472
32606586
32661610
32603066
32657298
32657200
32639496
32628400
32601402
32627275
32621160
32681220
32641862
32661622
32634105
32670168
32670074
32672686
32675398
32675345
32600042
32604250
32672078
32623052
32641410
32641411
32603884
32676635
32676652
32678500
32639406
32657002
32657005
32641840
32639410
32641872
32605738
32667002
32641864
32627250
32668094
32670738
32649082
32671292
32641784
32611260
32641040
32604222
32665674
32605800
32672587
32669255
32684306
32609198
32671654
32671600
32604622
32604740
32677610
32678014
32678050
32678102
32623898
32671627
32655650
32655630
32606350
32625162
32601540
32675308
32616650
32670110
32636570
32670764
32671054
32649042
32681382
32602790
32602880
32681408
32681804
32623254
32641053
32673532
32607124
32671406
32668052
32668026
32625098
32625105
32616498
32616500
32625205
32627005
32616698
32628002
32628105
32628098
32628645
32628052
32628055
32621005
32623005
32618002
32623165
32623245
32623505
32618400
32623655
32642250
32642315
32642150
32642595
32641520
32641510
32642695
32642795
32641060
32641055
32671050
32681618
32606584
32606528
32606468
32670082
32641140
32641268
32671098
32673008
32600134
32635150
32606255
32606200
32606215
32606186
32604148
32681304
32671642
32670020
32604700
32604730
32623724
32678020
32623154
32671428
32676650
32602788
32655526
32673565
32673314
32673348
32673545
32673358
32655555
32655198
32649342
32656805
32656600
32670622
32675654
32669154
32670694
32672534
32611792
32671480
32649142
32667072
32669722
32667128
32642470
32676666
32672046
32672082
32623224
32672158
32672190
32623170
32606020
32606034
32623176
32675636
32623204
32657364
32653020
32655104
32687370
32657356
32687350
32661734
32623240
32623330
32673474
32623721
32673752
32670022
32611222
32655112
32611022
32611172
32611152
32636760
32678130
32673497
32655102
32653022
32639618
32641146
32672204
32672322
32681322
32670028
32667446
32670620
32639620
32670514
32611164
32611212
32677024
32672264
32641538
32667578
32670086
32681658
32672134
32681656
32655520
32625154
32639388
32657190
32675326
32601585
32641792
32676168
32671742
32671638
32611664
32676324
32600046
32681298
32655144
32667522
32641582
32673370
32623520
32667010
32670274
32604070
32606098
32685130
32678350
32685046
32603275
32604182
32604096
32603885
32604479
32656540
32657232
32672356
32670015
32600080
32676200
32676178
32639610
32672045
32671822
32687360
32687460
32669056
32681844
32623532
32678325
32677164
32678368
32678455
32678550
32678620
32687074
32687042
32681638
32678140
32672803
32673574
32675774
32689014
32671500
32611490
32616472
32655300
32618482
32607810
32607703
32654826
32685094
32669250
32642490
32642066
32681852
32611168
32673768
32655282
32618490
32678176
32675780
32689018
32677488
32611480
32607788
32607702
32607136
32641490
32641302
32604164
32606016
32606116
32606506
32606534
32670048
32604258
32677220
32665714
32606580
32623156
32605250
32641005
32655036
32677118
32600084
32665666
32600282
32605660
32671772
32677516
32655390
32678126
32675740
32689026
32672808
32653318
32607802
32611220
32639505
32639498
32616390
32685134
32639390
32670024
32676222
32661358
32667428
32670358
32677732
32677746
32628170
32605486
32673242
32673206
32673290
32659182
32611030
32673590
32670466
32641836
32656506
32656698
32656695
32655017
32656755
32600174
32642024
32600234
32605502
32641190
32607300
32601500
32685034
32671652
32671528
32671468
32670106
32623305
32606300
32611336
32676198
32639386
32672092
32672068
32623174
32670522
32670540
32672490
32611624
32676596
32628318
32675808
32676548
32641540
32611020
32676438
32676262
32628176
32673136
32676622
32681650
32675600
32672405
32672382
32611620
32605248
32673300
32673302
32672795
32673306
32673575
32673570
32676380
32676600
32676606
32604028
32606002
32605296
32659212
32675504
32641134
32684170
32631030
32600750
32676456
32611070
32672604
32628415
32628160
32604720
32604686
32604664
32623802
32678042
32600026
32600330
32600412
32600444
32628192
32675450
32675500
32681140
32677350
32606476
32600478
32672050
32675434
32675496
32675516
32672218
32611176
32675448
32673770
32603888
32668134
32672308
32672288
32623822
32672205
32673092
32675592
32606414
32675456
32675494
32671674
32671692
32604684
32623788
32678008
32677810
32672240
32670480
32670462
32600454
32600470
32673772
32672284
32673080
32673086
32672212
32623648
32673758
32676675
32677560
32661742
32661788
32667026
32661825
32631080
32631075
32631040
32672552
32634102
32675514
32675814
32661802
32681622
32675502
32675816
32605730
32623132
32641868
32623090
32675510
32675452
32675438
32606668
32611062
32605345
32605350
32672410
32672510
32653630
32611824
32611628
32655110
32606502
32600326
32667330
32667525
32667368
32667318
32667515
32623786
32675842
32675832
32672145
32673060
32673082
32672175
32678030
32678166
32600432
32657188
32684330
32600830
32667068
32669712
32657310
32600337
32604658
32604634
32641808
32642032
32667114
32665706
32607112
32681878
32603088
32671788
32671506
32681866
32677526
32641644
32677386
32625182
32623210
32675458
32675490
32605326
32673068
32673020
32673036
32673040
32671782
32671784
32673072
32673126
32673028
32681756
32677460
32677020
32600460
32670655
32670478
32670450
32670505
32676230
32605172
32675495
32675486
32641785
32640872
32642462
32661314
32641335
32641354
32600036
32604682
32600050
32675826
32673100
32681546
32670142
32641788
32672602
32677314
32677312
32604130
32685100
32685018
32641170
32621267
32667518
32600052
32681602
32655132
32670030
32639514
32641694
32642084
32641865
32642100
32606464
32606474
32673774
32675428
32677212
32623160
32600060
32655084
32671632
32671534
32677380
32685044
32685200
32670768
32681576
32655676
32603198
32603200
32603196
32607036
32681384
32673168
32611660
32673482
32665702
32667098
32681102
32675492
32675404
32675342
32675355
32675298
32675070
32676688
32671694
32678024
32678036
32685122
32673146
32606524
32604614
32668126
32623810
32628550
32672485
32672606
32605720
32641360
32689370
32639382
32672166
32675590
32628590
32655176
32675610
32623820
32604650
32677648
32655042
32653102
32653105
32653300
32653305
32653502
32653505
32681562
32684140
32661350
32641455
32655430
32653638
32653564
32672422
32605392
32672540
32611720
32655534
32606406
32605340
32672414
32653082
32672486
32670444
32670448
32670686
32670700
32670710
32670770
32670788
32681144
32681670
32681530
32687062
32641474
32672452
32639570
32678506
32661346
32678440
32677524
32639529
32639524
32677582
32611190
32675806
32675518
32675812
32611232
32611296
32673780
32675436
32675392
32673778
32675402
32661328
32653494
32672526
32670520
32606480
32670506
32623208
32623280
32678470
32673776
32675430
32672296
32640860
32640820
32670384
32670546
32670618
32668016
32661782
32670672
32670706
32675822
32655516
32675824
32661370
32641132
32655674
32655578
32671685
32672096
32671700
32671695
32671605
32623510
32681516
32681566
32657410
32672610
32661810
32623474
32687022
32668110
32656514
32611252
32611240
32623206
32623252
32678438
32675460
32675488
32604018
32606024
32623250
32623172
32675462
32675480
32675394
32655638
32675454
32675498
32673604
32671172
32681274
32677063
32681644
32681348
32604626
32681610
32657390
32616348
32631800
32633010
32642500
32685066
32672456
32671464
32641574
32673142
32672508
32602525
32677605
32677604
32677580
32676664
32602510
32672796
32673578
32636705
32600414
32672334
32611076
32605112
32611848
32661002
32618065
32631042
32678122
32672774
32672816
32675742
32605132
32671796
32655498
32677216
32607794
32605245
32605390
32605605
32672560
32677494
32655400
32621140
32672765
32672768
32672780
32673265
32676060
32675778
32676062
32618520
32611410
32601490
32678180
32678496
32605146
32669172
32607790
32631068
32600760
32607713
32689028
32607144
32653014
32616374
32670332
32670200
32671756
32655320
32678128
32675388
32672770
32605130
32607796
32631065
32607132
32672454
32655560
32655122
32670276
32639370
32604082
32604050
32600210
32670322
32641822
32667412
32667565
32667562
32604284
32677330
32623524
32604282
32675348
32672616
32672444
32671268
32641712
32655546
32655124
32604172
32604194
32603256
32661626
32641382
32602340
32661758
32672094
32672116
32672148
32623530
32681236
32678400
32604125
32604142
32669205
32669200
32670152
32673340
32667610
32681856
32606520
32687325
32687320
32607054
32618070
32684385
32684384
32672600
32670754
32627205
32672615
32672446
32672618
32672613
32676592
32655554
32607030
32605650
32605620
32667425
32667438
32633800
32661750
32661815
32661820
32673090
32603156
32655130
32600420
32604726
32667310
32623470
32672154
32672332
32673096
32676290
32606511
32676294
32676272
32600458
32600464
32672208
32671525
32671634
32671542
32671535
32623726
32677850
32678026
32678038
32600304
32600224
32600110
32667342
32600450
32603158
32672238
32676280
32676282
32604714
32604742
32681568
32671678
32671686
32604706
32604606
32623722
32677840
32678028
32678040
32604040
32667354
32672612
32600436
32672342
32667365
32667380
32667300
32667305
32665708
32667105
32667088
32667022
32667025
32678472
32600318
32600418
32670552
32670596
32670668
32681050
32681090
32672340
32676145
32676275
32676295
32676315
32676284
32676276
32667420
32633700
32672206
32672214
32673088
32667424
32676155
32676270
32604042
32661762
32667436
32639640
32603160
32600474
32672222
32681574
32640850
32672246
32670530
32657446
32603132
32667574
32676030
32600190
32604176
32604100
32628120
32628178
32667416
32667346
32667338
32616392
32677036
32659602
32671754
32655172
32671056
32606030
32641820
32605742
32676004
32606004
32673584
32607590
32642468
32667374
32667448
32665694
32600062
32600098
32600298
32684375
32684374
32677830
32605610
32665650
32671640
32677332
32603204
32641402
32600018
32625124
32642058
32604215
32604218
32604160
32604165
32604115
32604120
32604496
32604035
32604498
32606005
32604208
32673288
32681558
32677700
32605482
32661010
32639250
32681230
32657650
32673886
32603254
32605164
32671290
32670284
32681654
32681544
32672532
32699899
32668008
32607130
32642052
32633898
32627210
32649172
32604382
32655624
32605168
32655566
32655646
32611136
32611035
32611040
32604580
32611276
32611338
32611132
32655094
32623228
32678502
32602384
32602512
32602524
32672162
32672080
32623612
32681694
32604278
32604378
32671578
32671540
32675608
32671074
32628156
32673304
32655072
32640810
32641222
32687490
32600816
32676320
32677518
32606402
32605805
32670610
32670666
32676210
32670656
32623606
32670071
32639606
32604126
32604476
32681182
32671080
32639608
32684154
32684160
32611640
32631034
32616200
32616240
32616260
32616280
32616230
32616250
32670440
32670458
32641828
32677356
32673330
32681310
32655166
32681596
32676286
32641352
32606404
32671076
32670160
32609100
32665636
32604198
32675334
32600265
32600266
32671274
32641880
32675854
32618410
32677160
32642070
32661798
32670148
32641457
32616398
32667404
32671770
32655360
32656662
32672818
32672856
32675786
32677490
32671180
32611440
32601470
32616462
32675870
32607780
32654820
32607708
32611308
32672785
32673292
32673334
32670626
32670606
32670722
32671400
32640822
32659060
32639352
32639290
32623512
32623622
32678092
32604642
32671656
32605120
32606420
32618054
32607760
32621425
32621490
32621495
32621450
32621440
32621435
32621410
32621485
32621445
32621430
32621498
32621499
32621475
32621470
32640828
32616355
32616298
32616296
32616615
32623428
32639252
32634100
32600834
32677482
32605464
32655350
32616376
32618488
32678168
32600826
32675782
32611460
32673580
32689022
32607784
32607705
32655076
32685030
32671388
32641670
32670130
32661754
32655632
32618058
32628174
32628124
32604624
32655074
32641304
32661895
32665602
32670742
32665606
32641452
32600488
32687050
32641383
32604170
32687430
32675655
32675595
32623310
32655660
32649084
32671794
32618050
32649128
32649340
32611736
32670766
32655544
32673610
32681308
32659282
32600320
32634200
32681248
32633250
32625172
32670664
32684180
32605118
32611604
32628435
32631052
32668012
32656508
32668028
32656510
32656650
32611345
32670554
32611196
32611236
32611292
32642472
32670439
32661806
32681792
32681554
32681604
32641734
32672496
32670102
32611224
32649196
32600312
32600428
32600462
32672346
32677595
32676655
32675698
32675700
32676615
32675864
32676455
32675866
32676445
32676040
32676255
32676044
32676205
32676076
32676195
32670850
32676115
32670848
32676105
32611328
32611156
32665638
32675336
32675638
32675606
32661366
32661608
32655616
32670678
32678115
32678626
32671366
32600440
32670692
32616364
32604104
32604072
32672182
32623148
32669700
32604255
32604300
32604376
32604275
32672813
32675588
32681598
32670046
32600302
32671734
32672122
32677514
32678668
32600336
32600828
32657282
32606214
32667118
32687440
32689350
32689322
32665682
32671418
32672250
32661335
32639612
32676046
32611264
32611300
32671088
32673012
32657334
32600054
32671382
32676014
32681126
32681648
32670755
32670604
32659610
32604220
32611140
32600314
32600426
32672326
32676048
32655570
32689310
32676008
32623308
32676042
32605166
32673754
32672598
32636898
32681302
32689306
32689354
32689314
32625034
32689302
32689338
32655058
32639402
32677468
32655250
32671176
32678494
32675764
32606105
32606220
32606244
32606264
32606285
32606245
32602364
32672670
32611390
32601460
32605436
32681798
32655420
32689315
32607782
32600758
32603340
32668189
32607142
32673884
32689334
32641662
32685062
32675432
32623332
32670140
32678655
32678116
32672778
32672814
32675744
32605140
32689002
32655330
32607808
32685078
32685080
32611612
32689326
32689346
32672368
32672430
32672692
32672435
32672635
32672424
32672390
32672436
32672624
32672396
32672432
32672698
32672625
32672438
32672696
32672388
32672628
32685026
32671058
32689358
32636400
32628430
32611320
32671100
32673006
32605460
32656062
32675862
32641832
32672286
32606500
32623209
32677576
32606598
32623236
32623300
32681192
32672095
32672072
32623302
32606645
32606650
32681132
32681636
32684004
32685114
32678396
32606675
32605510
32602350
32655264
32671174
32678186
32685098
32675750
32606235
32606072
32677658
32677492
32672678
32673582
32611350
32621170
32601430
32605450
32641414
32649278
32676321
32606762
32668011
32607770
32607774
32607776
32631078
32600752
32607712
32689030
32607138
32673880
32661808
32676686
32673120
32681212
32677388
32657272
32673118
32677598
32639528
32678444
32600472
32600490
32672220
32677552
32603854
32668004
32681356
32681358
32681374
32600035
32600034
32600222
32600115
32600216
32600125
32600212
32600135
32623575
32623690
32623435
32621248
32602850
32639278
32639280
32677822
32621400
32655098
32628320
32661630
32675312
32628330
32670374
32670090
32603105
32603244
32603236
32603205
32603215
32603220
32657550
32681324
32681280
32672060
32657500
32673605
32673606
32641830
32670674
32667028
32670640
32670449
32671115
32668015
32649322
32641810
32656538
32670744
32681660
32671078
32684078
32604286
32677756
32677752
32665630
32675828
32681800
32600070
32670282
32670283
32606158
32667132
32657208
32667210
32616372
32656862
32657003
32672066
32661656
32672528
32642440
32673760
32655510
32625052
32607700
32655514
32676378
32676594
32676224
32677510
32600092
32611636
32605400
32672754
32653496
32653492
32684323
32685012
32672425
32672428
32672392
32672705
32673236
32672745
32678262
32675415
32675304
32676102
32605404
32672728
32678272
32672394
32672700
32672694
32672690
32672645
32672660
32685058
32672732
32672722
32678270
32685070
32672720
32678260
32672440
32672730
32678255
32678248
32671744
32672726
32678276
32605402
32672744
32671752
32675406
32678274
32681564
32685154
32687046
32687045
32687305
32671096
32673032
32673054
32628194
32605462
32659172
32653618
32607748
32601602
32670080
32677300
32672274
32603252
32604450
32604556
32604568
32677224
32655584
32641750
32672761
32672164
32681526
32623600
32675602
32661832
32667015
32661828
32677026
32685014
32605425
32605600
32653524
32653548
32655550
32621218
32621200
32621180
32621190
32621210
32677774
32676682
32639470
32670592
32625296
32671750
32604550
32667120
32601570
32689362
32673480
32641161
32600172
32671746
32654806
32605614
32600310
32672336
32677690
32677512
32677684
32611332
32611280
32611004
32606504
32670662
32641630
32603858
32603098
32673010
32661774
