36601320
36600235
36601167
36600358
36600336
36601072
36601132
36600042
36600352
36601222
36601242
36601020
36601114
36600008
36600030
36601166
36601226
36601110
36600278
36600058
36601234
36601014
36601122
36601130
36601240
36600024
36600084
36600122
36601317
36601086
36601168
36601218
36601236
36601008
36600022
36600085
36601004
36601228
36600040
36601314
36601097
36600060
36600214
36601178
36600253
36600080
36601176
36600204
36600016
36600170
36601184
36601134
36601030
36600240
36601322
36600165
36600200
36600202
36601173
36601274
36601246
36600167
36600164
36601212
36601062
36601126
36600201
36600288
36600250
36600144
36601116
36601250
36601272
36600038
36601070
36601002
36601323
36600355
36601129
36601026
36601098
36601324
36601169
36600108
36601214
36600064
36600026
36600216
36600006
36600110
36600160
36601270
36601325
36600406
36601268
36601164
36600020
36600010
36601022
36600168
36601162
36600364
36601118
36601096
36601172
36600052
36601006
36600156
36601326
36600407
36601100
36601260
36601216
36601024
36600294
36600100
36600106
36600082
36600244
36600408
36600334
36600238
36600086
36600242
36601280
36600246
36600342
36601232
36600409
36600276
36600152
36600032
36600044
36601088
36601106
36600254
36600356
36601244
36601170
36600344
36601316
36600036
36601174
36601092
36600102
36601001
36601108
36601266
36601224
36600236
36600012
36600142
36601018
36601028
36600350
36600252
36601066
36600256
36600338
36601175
36601264
36601282
36600346
36600150
36600166
36601007
36600066
36600232
36601068
36600050
36601310
36601248
36600208
36600210
36600296
36600340
36600002
36600004
36600284
36601012
36601112
36601180
36601010
36601318
36600068
36600081
36600104
36601230
36601064
36601080
36600112
36600113
36600286
36600280
36600120
36600154
36600054
36600001
36600272
36600354
36600124
36600056
36600234
36600230
36601060
36601000
36600029
36600282
36600146
36600362
36600132
36600128
36600258
36601182
36601177
36601262
36600162
36600046
36601082
36600140
36600290
36600206
36600292
36600148
36600212
36600274
36600014
36601238
36601016
36600345
36600062
36603899
36601128
36601090
36601179
36601220
36600248
36601312
36601104
36601284
36601210
36600130
36600348
36600034
36601076
36600028
36601094
36601160
36601102
36601124
36600018
36601120
36600270
36600126
36601084
36601286
36600330
36600332
36600360
36601078
36601074
