32482140
32483164
32486182
32490310
32481220
32482064
32490184
32488204
32481212
32488528
32488122
32481196
32493072
32488272
32490490
32497026
32488154
32495030
32495020
32497044
32497336
32486220
32481034
32486108
32481142
32493010
32493130
32490032
32488318
32497174
32488504
32490298
32480170
32497176
32497210
32497322
32488544
32486236
32481002
32481022
32493102
32488152
32486288
32480120
32488546
32488118
32497288
32480028
32490246
32490004
32490378
32488384
32497010
32480114
32488584
32486204
32488130
32497318
32490114
32488040
32486048
32488076
32488562
32480096
32481080
32490012
32483176
32497052
32493104
32482056
32486221
32497234
32483132
32480156
32490202
32495011
32486042
32488026
32493092
32497264
32486000
32497018
32486068
32497130
32480134
32486224
32488032
32486034
32486310
32488208
32486252
32488502
32490084
32483022
32482074
32490120
32483152
32482108
32480036
32481042
32480140
32480084
32480076
32488074
32488516
32497308
32486320
32480038
32483134
32488206
32490442
32483116
32486098
32486140
32482104
32483118
32480116
32488510
32488276
32490300
32497184
32497172
32497158
32497154
32481222
32482176
32482066
32486184
32488156
32490136
32493038
32497142
32497272
32486138
32488071
32480001
32488216
32488072
32488560
32490270
32490302
32488271
32486202
32488138
32488340
32488278
32486150
32493080
32497042
32483004
32497110
32497060
32497064
32480098
32483007
32481213
32481145
32488186
32488336
32481100
32493082
32480090
32497374
32488068
32488564
32488266
32490430
32490418
32480094
32488042
32497306
32490370
32482024
32488282
32486298
32481174
32497356
32483072
32482062
32486190
32490130
32493040
32495046
32488410
32488440
32488243
32488498
32488214
32490008
32490352
32495032
32495019
32490384
32490414
32490276
32488314
32488334
32488274
32490108
32486297
32497156
32488146
32488064
32490248
32488160
32490100
32495006
32488224
32488220
32490164
32488324
32482116
32480112
32486228
32481186
32480050
32486186
32488092
32488150
32488100
32488570
32488580
32488590
32490354
32488532
32497284
32486318
32482124
32488530
32486234
32488218
32488257
32488228
32490376
32482090
32488534
32497307
32490366
32488232
32482058
32493138
32482040
32488078
32486174
32480176
32497014
32497166
32493114
32488048
32480192
32482158
32483154
32486350
32488024
32488366
32488392
32490218
32490318
32493006
32488066
32482094
32488028
32490250
32490412
32488020
32497170
32490240
32490204
32486028
32480072
32480014
32497046
32497338
32488380
32488088
32488284
32483032
32483052
32483044
32481208
32481202
32481206
32481204
32481210
32486296
32482022
32490416
32490484
32483092
32486092
32488260
32486054
32486336
32493110
32483005
32480100
32490258
32488320
32490374
32481012
32497002
32481068
32497188
32481024
32483056
32488162
32490134
32493042
32497140
32497244
32481176
32493070
32493062
32481094
32490486
32483144
32481128
32482152
32488356
32490328
32482182
32482172
32490072
32482174
32490080
32490070
32482178
32482016
32481038
32497006
32486084
32490212
32483082
32481052
32482148
32488386
32488132
32490474
32486332
32495062
32493098
32486152
32490312
32490342
32493112
32497214
32480190
32495072
32490045
32495038
32495040
32490466
32481036
32488090
32497340
32486342
32486344
32490062
32482164
32488352
32490332
32482112
32490254
32497282
32497248
32497202
32488164
32481082
32481180
32497240
32493007
32493060
32481014
32486066
32497048
32486232
32497238
32495048
32497212
32488222
32490082
32488240
32488230
32488004
32482130
32483150
32497320
32482000
32482076
32482018
32486282
32497368
32480080
32480172
32480162
32486110
32497254
32497168
32488166
32482052
32488316
32481188
32486128
32483096
32490104
32483122
32493030
32482096
32488050
32480130
32486312
32488582
32488106
32488298
32495004
32486304
32486032
32490268
32480124
32497058
32483070
32483170
32486020
32490190
32486136
32486104
32486070
32490444
32488086
32497028
32497278
32495016
32495022
32490244
32493032
32497222
32488158
32482072
32482038
32480097
32480078
32480012
32490001
32497000
32481040
32481061
32497132
32497312
32480136
32481104
32483142
32493136
32480082
32480075
32497332
32497204
32490200
32486170
32493094
32490492
32486010
32481178
32490304
32486322
32481190
32488302
32481214
32482128
32490462
32490256
32482098
32490090
32481088
32488212
32490106
32482114
32493034
32497250
32488168
32483174
32481084
32480011
32497160
32480132
32488296
32490306
32486330
32497270
32481200
32490308
32482036
32493036
32497252
32488170
32488428
32488245
32488412
32488426
32488422
32488416
32488253
32488249
32488424
32488418
32488241
32488492
32488244
32488256
32490174
32481106
32490088
32497150
32497136
32490388
32488124
32488402
32488514
32488041
32497350
32488400
32488070
32488518
32497352
32488126
32488512
32490068
32488261
32497342
32486130
32480110
32480026
32488420
32481064
32490192
32483140
32483000
32483030
32483040
32483050
32483060
32497260
32497230
32483130
32497200
32497220
32483110
32480104
32488506
32488494
32483054
32488430
32493046
32497242
32488172
32490118
32490420
32488058
32488542
32497362
32486280
32480052
32480046
32497232
32490402
32488002
32486022
32481198
32488300
32490290
32488252
32488014
32490132
32488082
32497372
32490404
32488080
32497354
32486306
32486192
32490102
32493000
32497162
32486072
32490196
32486132
32482032
32497114
32486208
32497178
32481086
32486036
32480062
32480040
32481006
32486250
32497236
32493086
32483064
32483058
32497124
32493096
32497292
32490011
32481010
32480088
32497050
32495012
32497274
32486188
32486008
32493044
32488310
32497280
32483098
32490464
32490460
32490242
32497262
32493008
32481114
32480174
32497122
32497034
32481030
32497126
32482102
32481004
32486230
32481096
32483138
32481070
32482034
32495034
32493084
32483016
32482086
32488010
32493016
32483066
32483002
32483160
32483108
32497030
32483090
32481126
32483062
32483018
32480074
32483158
32486222
32497134
32486142
32486112
32493014
32497268
32497040
32497266
32486030
32480122
32490488
32486226
32480178
32480044
32480064
32480042
32495036
32483100
32486044
32497276
32483172
32490440
32488382
32490034
32481020
32486254
32486244
32486286
32486106
32480128
32480017
32480006
32490406
32483042
32497008
32486240
32493090
32497118
32497120
32483010
32480086
32493064
32490282
32493048
32497246
32480138
32490396
32488550
32497324
32486308
32486062
32486172
32488008
32490074
32488114
32488548
32482060
32481192
32488264
32490292
32488182
32497328
32497116
32497062
32486114
32490472
32497334
32497316
32480060
32497186
32483114
32497286
32486038
32481072
32481032
32493050
32482126
32490002
32490178
32488250
32488110
32490060
32490260
32490264
32488104
32490040
32488280
32490356
32488312
32488460
32488052
32497364
32482110
32483112
32497024
32490434
32483166
32482050
32493012
32488030
32488006
32481026
32486096
32488262
32490294
32481092
32481090
32481066
32481102
32486238
32483168
32481112
32497112
32481120
32495042
32481062
32486052
32480126
32497128
32497032
32486060
32497012
32497208
32497310
32483120
32493132
32490480
32486006
32497180
32486051
32481122
32483006
32497192
32497190
32482092
32497346
32488326
32490364
32486122
32493066
32490030
32495050
32490016
32490035
32483008
32486024
32486180
32480182
32481000
32490020
32497022
32497182
32481008
32480092
32488290
32490362
32488444
32497290
32488202
32488255
32490064
32497056
32490010
32482122
32488248
32490096
32486338
32490350
32490382
32497344
32497326
32481098
32482120
32490056
32482154
32488358
32483104
32488242
32488246
32488464
32495044
32488446
32481124
32490054
32482156
32488360
32490326
32483106
32488490
32488472
32488456
32490482
32480070
32480016
32486156
32481018
32486284
32480008
32481130
32490058
32482150
32488354
32490330
32488496
32488254
32488458
32493140
32493142
32493145
32493144
32493141
32488268
32490380
32486314
32486302
32490252
32486246
32482012
32495018
32483036
32481157
32497375
32488112
32486292
32481170
32488108
32493068
32488056
32488342
32490172
32488085
32490188
32490182
32488350
32495002
32488330
32488140
32490018
32490022
32488012
32495008
32488526
32480102
32488084
32486126
32480030
32493116
32488388
32486134
32483046
32497330
32486050
32480180
32486046
32488062
32488328
32490092
32486300
32482008
32482054
32488292
32488016
32486026
32483014
32488226
32490086
32488470
32488102
32488520
32490394
32488338
32497206
32488452
32488454
32488484
32490098
32488536
32497366
32488474
32488468
32488466
32483034
32495014
32488286
32497358
32488522
32488524
32488116
32488270
32497360
32488192
32490066
32482168
32486080
32490216
32490044
32481056
32482160
32488370
32488390
32488136
32486002
32490316
32490340
32480020
32482170
32486012
32481148
32488190
32486242
32497066
32490436
32482084
32488210
32480154
32480152
32480160
32480150
32480158
32490386
32481060
32481184
32480032
32481158
32481154
32497152
32481156
32482013
32482007
32481144
32490028
32481182
32481152
32481150
32481146
32481160
32497038
32495024
32483094
32482080
32490026
32493091
32497054
32490000
32481172
32490296
32486294
32486307
32497380
32488322
32482100
32482010
32482006
32490194
32499899
32486210
32488144
32490324
32482002
32490398
32490372
32483162
32488054
32490280
32486124
32490186
32490170
32483020
32488120
32488540
32490048
32488018
32497036
32486090
32493134
32480196
32490220
32490050
32482162
32488364
32488394
32486346
32490320
32486316
32480198
32490222
32483136
32490052
32482146
32488362
32488396
32490014
32490322
32493088
32482118
32483102
32490160
32488044
32497016
32490206
32490230
32488184
32490166
32486206
32490112
32490006
32490400
32490176
32497370
32488288
32488046
32490042
32490410
32488538
32483012
32488462
32488200
32488247
32488142
32488188
32490408
32490368
32490180
32488442
32480024
32490116
32490274
32497020
32488448
32486094
32486212
32490358
32490266
32486120
32486102
32482020
32488022
32486082
32490214
32490046
32481054
32482144
32488368
32488134
32490024
32490476
32486348
32495064
32486004
32490314
32490344
32483156
32480194
32497216
32482166
32490262
32488332
32482186
32482188
32482184
32482194
32482190
32490110
32490162
32488180
32486200
32488482
32488450
32486290
32482014
32482004
32482026
32488500
32488480
32490390
32495010
32488000
32497004
32486086
32490210
32490138
32483080
32481050
32482142
32488372
32490470
32495060
32493100
32486154
32490346
32495070
32490286
32480010
32490392
32480002
32481140
32482070
32482030
32482028
32493002
32480118
32497314
32486064
32480034
32480004
32490076
32490094
32482106
32482180
32482192
32482196
32486100
32482198
32490078
32488294
32495000
32490360
32481118
32481194
32490272
32482082
32481110
32481116
32490284
32480022
32490432
32481016
32493004
32486340
32490278
