35171242
35170090
35171507
35171700
35171412
35171601
35172080
35172083
35170307
35170412
35171247
35171378
35170225
35171355
35170058
35171332
35171171
35170303
35170656
35171033
35170114
35171348
35170038
35170247
35170086
35171128
35171680
35170174
35170117
35170193
35170352
35171042
35170582
35171038
35171052
35171357
35170165
35171173
35171650
35171334
35170019
35170294
35171005
35171296
35171053
35171054
35170293
35171231
35171051
35170073
35171067
35170254
35171077
35170011
35170224
35171161
35172300
35170153
35170587
35172324
35170166
35171792
35172160
35171414
35170003
35170004
35171672
35170703
35170353
35170715
35171096
35170585
35170050
35172309
35170136
35171103
35171794
35171321
35171176
35171284
35170099
35170005
35170242
35171817
35170018
35172312
35170007
35170104
35171819
35171198
35171212
35171298
35171115
35170705
35171048
35170260
35170259
35171092
35171076
35170301
35171301
35170089
35170315
35171602
35171508
35171158
35171320
35171690
35170221
35171306
35171593
35171021
35171279
35172060
35170612
35170064
35171335
35170250
35171167
35170141
35172163
35172180
35171123
35170065
35172086
35171022
35171838
35170041
35170500
35170268
35171579
35171309
35171840
35170031
35171299
35170253
35171346
35171347
35170212
35171582
35170690
35171246
35170302
35171243
35171129
35170081
35171692
35171820
35171514
35171250
35170067
35170718
35171592
35171274
35171270
35171710
35170044
35170161
35172348
35171066
35171585
35170255
35171382
35170110
35172062
35170215
35171265
35171282
35171276
35170155
35170159
35171400
35171280
35170092
35170337
35170230
35171116
35170123
35171343
35170559
35170160
35170009
35171328
35171462
35170213
35171273
35170400
35170226
35171020
35170047
35170252
35170197
35171253
35170068
35171122
35170288
35170282
35171517
35170402
35171736
35170662
35170678
35170696
35170712
35171446
35172022
35171056
35171293
35171105
35171070
35170276
35172089
35171287
35170331
35171509
35172166
35170244
35170692
35170098
35171232
35171059
35171308
35172082
35170120
35171014
35171297
35171342
35171154
35170332
35171136
35171244
35171124
35170062
35171513
35171822
35171007
35170163
35171294
35170076
35170698
35172092
35171254
35171259
35170283
35171529
35170333
35170502
35171368
35170336
35171148
35171093
35171364
35170506
35170274
35171365
35170342
35171416
35171367
35171111
35170169
35171575
35170109
35170017
35171223
35171571
35171119
35171252
35171218
35171225
35170285
35170279
35170243
35170208
35171528
35171380
35170450
35171600
35171694
35171720
35171738
35171740
35170632
35171790
35171796
35170680
35170682
35171842
35170714
35170740
35171448
35170386
35171834
35170053
35170043
35171106
35170115
35170203
35170012
35172169
35170490
35170063
35171670
35170570
35171512
35170222
35170072
35170006
35170572
35170147
35171200
35170299
35171550
35170256
35172095
35171109
35170265
35171345
35170216
35170170
35170084
35171168
35171540
35170362
35170128
35172098
35171143
35170271
35171303
35170694
35170445
35171003
35171288
35171004
35170049
35171344
35170178
35170590
35171304
35170140
35171327
35170261
35170339
35170183
35171166
35170074
35170634
35170278
35171402
35170231
35171172
35170504
35170127
35171072
35172100
35170217
35171013
35172104
35172330
35170291
35172182
35171632
35170273
35170150
35170151
35171397
35171779
35171099
35170290
35171864
35170592
35171037
35170245
35170059
35170310
35171652
35171229
35171337
35171155
35171283
35170122
35170116
35170264
35172185
35171266
35170102
35170103
35171079
35170508
35171049
35171046
35170275
35170270
35172107
35170164
35171101
35170266
35171844
35170168
35171080
35171081
35170562
35170106
35171146
35171075
35170121
35170211
35170262
35170248
35170032
35170390
35170158
35171362
35171248
35170297
35170219
35171278
35170124
35171039
35170707
35170258
35171258
35170180
35171583
35170249
35172339
35170154
35170101
35170131
35171798
35170173
35170658
35172110
35170510
35170095
35171264
35171153
35171262
35171359
35170344
35170246
35171011
35171277
35170292
35170220
35170171
35172113
35170069
35171366
35170346
35170462
35170199
35170371
35172327
35171866
35171102
35170156
35171800
35170742
35171305
35170374
35171578
35170720
35171318
35171470
35171142
35170144
35170016
35170028
35170195
35170080
35170636
35171095
35170514
35172306
35171802
35170372
35170614
35171404
35170200
35171047
35170146
35170030
35172336
35172315
35170638
35170040
35171721
35170052
35172303
35170366
35170709
35172188
35170196
35171091
35170075
35170023
35170008
35170205
35170186
35170096
35170097
35171635
35170664
35170341
35170334
35171703
35171570
35170348
35171098
35170185
35170358
35170036
35171050
35170368
35170042
35171432
35171654
35170750
35170615
35170190
35172354
35170091
35171221
35170206
35170119
35170093
35171107
35170722
35171087
35170580
35170051
35171846
35170020
35170167
35171823
35170045
35170026
35170660
35171408
35171684
35171065
35171291
35171804
35171144
35171084
35170182
35171235
35170296
35171036
35170029
35170148
35170105
35170130
35171573
35170281
35172116
35170021
35171089
35172333
35170382
35171377
35171702
35170381
35170126
35171830
35171230
35171134
35170306
35171132
35170033
35171329
35171097
35171638
35170061
35171825
35171169
35171604
35171630
35171315
35171234
35170304
35172010
35172119
35171233
35171139
35171333
35171015
35171236
35171832
35171177
35170350
35171450
35172321
35170082
35170201
35171071
35170107
35171330
35170616
35170048
35170022
35171016
35171127
35171010
35171145
35171199
35171220
35170172
35171055
35171043
35170316
35170611
35171454
35170618
35170111
35170188
35171806
35171179
35171452
35170138
35171574
35171045
35171044
35171040
35171808
35170152
35171219
35171361
35171063
35171125
35170376
35170343
35171215
35171058
35171150
35170277
35171551
35171314
35171374
35171586
35171281
35170002
35170014
35170223
35170176
35172190
35171292
35171323
35171352
35170340
35171034
35170317
35170345
35171062
35171094
35171658
35171141
35171023
35170356
35172357
35170129
35170553
35171590
35170550
35171257
35170204
35170071
35171526
35170744
35171228
35171256
35171523
35170440
35170512
35171126
35171810
35171017
35170330
35171255
35170349
35170191
35170630
35171660
35171012
35170308
35172318
35171353
35170351
35171110
35170057
35171576
35171826
35171029
35170218
35170094
35171336
35171130
35170013
35170139
35171178
35171135
35171311
35171341
35171165
35171131
35171133
35171163
35171068
35170214
35171090
35171338
35171156
35170227
35170240
35170149
35170650
35170238
35170239
35170234
35170241
35170236
35170233
35170235
35170237
35171812
35170024
35170037
35170300
35170077
35170157
35171317
35171164
35170229
35171350
35171326
35171170
35170298
35171069
35170145
35170034
35170464
35171162
35170184
35170595
35171114
35170137
35171358
35171289
35171340
35170263
35171149
35170257
35171310
35171024
35171263
35171237
35171113
35172122
35172125
35170377
35170202
35170516
35171406
35170361
35171245
35171121
35171222
35171227
35170287
35171351
35171524
35171385
35170420
35171744
35171746
35172015
35170700
35171852
35170724
35171436
35171850
35170001
35170083
35170113
35171104
35171147
35170518
35171041
35171260
35171032
35170198
35171140
35170726
35170520
35170027
35170347
35172351
35171316
35172172
35171018
35171117
35171238
35171418
35171331
35170015
35171313
35171356
35171213
35170112
35170556
35171324
35171339
35171748
35171430
35171028
35170194
35172345
35171157
35171159
35171009
35171008
35170079
35171074
35170460
35171112
35171019
35175899
35171137
35170338
35170078
35170046
35170132
35170210
35171319
35171027
35172342
35171057
35171073
35170108
35170743
35170143
35171307
35171589
35170228
35171061
35170010
35171375
35170066
35170087
35170620
35170289
35172020
35171520
35170522
35171750
35170666
35170702
35171438
35171006
35171002
35171001
35171082
35170142
35170060
35171322
35171588
35170175
35171868
35170325
35171251
35171088
35170125
35170085
35171539
35170524
35171780
35172025
35171440
35171662
35171160
35171030
35170039
35171705
35172175
35170251
35171085
35171078
35171268
35170054
35170055
35170056
35171302
35171828
35171025
35171272
35171271
35171814
35171031
35170318
35170162
35171035
35171376
35171325
35172178
35171286
35171083
35171269
35171363
35170179
35171175
35170335
35171120
35171226
35170286
35170280
35170209
35172030
35171390
35170423
35171511
35171696
35170383
35171722
35171752
35171786
35171816
35170668
35170684
35170686
35171836
35171854
35170728
35170736
35171442
35171845
35170177
35170320
35171108
35170118
35171138
35171360
35170456
35170035
35171241
35170360
35171240
35171349
35170364
35171239
35171581
35171000
35171026
35171261
35171267
35171285
35171682
35170688
35171856
35170133
35170134
35170135
35171249
35171118
35171217
35171224
35171086
35170284
35170207
35170192
35171395
35170384
35171505
35171698
35170526
35171707
35171724
35171726
35171728
35171730
35171732
35170640
35170642
35171606
35171788
35170670
35170672
35170674
35170676
35171858
35170716
35170738
35171860
35171444
35171415
35170622
35171060
35171152
35170267
35170710
35171754
35171760
35171216
35171396
35171756
35171872
35171870
35171874
35171734
35171204
35171180
35171762
35171186
35171206
35171187
35171197
35171188
35171193
35171467
35171202
35171211
35171398
35171181
35171201
35171184
35171190
35171192
35171764
35171207
35171185
35171399
35171214
35171766
35171191
35171182
35171768
35171208
35171189
35171183
35171209
35171194
35171205
35171203
35171210
35171195
35171196
35171295
35171290
35170269
35171064
35170100
35170272
35170181
35170357
35171300
35170354
35170355
35170295
35171369
35170187
35171371
35170404
35170406
35171373
35170370
35170408
35170410
35170359
35171372
35171370
35170305
35170088
35171312
35171151
35170309
35171354
35170232
35171552
35170189
35170610
35171100
35171275
35171174
35170025
35170070
