35570306
35572452
35577702
35579828
35574740
35574540
35574536
35574432
35574742
35577070
35574348
35576252
35574607
35572164
35570446
35573198
35573124
35570032
35574014
35576300
35576208
35574156
35570126
35572328
35572396
35572376
35570488
35572270
35574446
35570103
35572092
35572060
35577020
35577384
35573306
35572264
35574837
35570152
35570683
35570728
35577130
35577080
35572282
35572128
35570050
35574274
35570042
35574566
35577248
35574002
35574458
35574490
35572216
35577140
35577252
35572388
35573082
35570452
35572236
35577187
35577242
35574570
35574661
35574498
35577212
35577180
35576202
35570680
35574524
35570020
35570514
35573288
35570410
35570350
35574201
35573230
35577372
35572066
35576420
35574284
35574339
35577262
35573316
35570358
35570248
35574562
35573006
35574004
35570256
35573324
35574259
35574724
35574136
35577312
35573392
35570512
35576100
35574138
35572220
35573166
35579796
35570150
35574438
35574556
35570490
35570570
35576056
35573008
35573386
35574162
35576224
35574572
35574436
35574450
35573252
35570622
35570424
35574846
35576212
35574522
35570660
35570542
35576294
35574172
35570224
35570730
35570552
35576054
35576034
35579800
35574249
35572054
35574402
35572214
35576058
35572210
35573096
35573270
35577146
35577078
35577178
35577214
35572400
35576390
35577258
35573202
35574813
35570696
35570688
35573118
35574530
35574518
35579794
35572478
35574422
35570056
35570650
35572326
35573115
35574321
35574387
35576060
35572450
35576884
35579780
35574290
35577268
35576102
35573116
35570016
35572136
35576478
35576436
35577270
35573150
35576186
35573144
35574520
35574754
35570673
35570008
35570504
35570342
35570310
35576372
35570208
35570024
35576188
35570144
35576250
35574300
35572002
35577098
35572292
35570536
35570538
35574748
35574492
35577142
35574510
35577170
35574819
35577072
35577210
35570346
35570406
35570398
35570580
35576444
35574672
35576458
35572462
35572476
35573340
35573326
35576428
35572314
35572130
35570222
35570046
35572222
35577254
35577260
35576172
35574440
35577246
35570478
35577256
35573132
35574318
35574210
35574211
35570184
35570036
35574085
35574100
35573276
35572340
35577264
35576380
35572316
35572342
35579762
35570002
35574246
35579764
35579792
35574324
35577272
35577026
35579766
35570268
35576122
35573086
35579790
35572362
35570390
35570034
35573330
35573348
35574112
35574012
35574013
35576304
35577156
35577094
35570258
35572181
35572248
35573364
35579816
35579704
35576440
35576450
35572022
35574189
35574034
35574589
35576430
35576886
35572140
35577090
35579802
35570113
35572336
35572240
35572260
35572180
35570641
35573358
35573334
35579810
35574252
35572294
35572124
35577220
35574560
35574456
35574448
35570082
35570643
35572058
35570210
35572434
35577022
35572374
35572398
35570432
35576872
35574825
35572290
35574822
35574462
35574008
35570040
35574366
35576386
35574225
35577016
35570010
35572404
35572189
35577360
35574655
35574658
35570518
35573010
35577370
35576002
35572052
35570278
35573346
35573356
35574120
35577038
35579822
35579702
35579753
35572108
35572120
35574082
35579714
35574108
35577184
35574544
35574134
35572358
35570138
35572242
35572446
35572488
35570136
35574150
35573380
35570038
35570054
35574070
35574532
35573088
35576176
35574016
35574372
35576470
35570665
35573242
35576370
35574548
35574670
35579772
35579784
35572090
35574303
35570356
35570166
35574174
35579831
35570094
35577084
35576448
35574237
35572472
35572212
35574280
35570009
35576280
35574168
35574442
35574454
35577522
35570482
35570506
35570458
35570096
35570480
35570212
35576180
35570690
35572122
35572298
35576244
35570554
35572252
35570202
35570290
35572304
35573280
35572432
35576408
35572346
35574692
35576044
35576240
35570022
35576116
35576254
35570640
35572460
35576432
35574564
35574610
35577030
35572244
35574309
35579829
35570012
35574375
35579716
35577302
35572036
35576281
35576292
35574673
35574682
35572320
35573372
35573256
35570675
35576216
35572280
35572132
35570064
35576115
35574272
35576406
35573052
35570438
35570460
35577074
35576480
35570520
35570498
35574333
35576332
35570294
35570685
35577148
35574405
35574500
35570454
35572038
35572114
35572116
35574554
35572100
35570340
35570341
35572444
35576222
35573384
35570532
35576442
35574114
35574064
35579798
35572406
35572364
35576314
35573070
35573120
35577342
35570584
35572246
35574354
35573174
35572402
35572372
35573180
35572332
35574512
35574067
35577081
35570114
35573160
35570430
35574363
35576446
35572348
35573318
35579778
35574550
35574282
35570252
35570402
35577274
35572498
35579806
35572224
35577158
35573294
35574804
35577096
35570148
35572426
35574694
35570596
35576456
35570068
35570736
35574006
35570030
35574434
35574542
35577100
35574780
35570492
35570556
35572352
35577244
35572382
35573376
35577308
35574195
35577374
35574390
35574637
35574643
35572474
35573044
35572310
35572442
35573094
35574342
35570408
35574420
35574408
35570102
35576194
35576192
35576368
35574502
35573092
35573090
35574792
35574834
35576004
35570447
35572496
35572492
35572268
35570742
35570740
35572262
35572494
35570476
35576402
35576374
35570428
35574496
35579755
35570648
35576424
35576198
35574222
35577176
35576052
35570635
35572094
35577092
35570620
35576474
35572380
35572418
35579776
35570014
35574516
35572384
35572490
35572484
35570540
35573396
35573060
35576322
35570726
35574619
35576046
35576256
35576050
35570186
35576392
35574315
35570006
35573260
35573162
35574816
35574452
35570586
35570588
35570658
35570345
35573146
35577340
35577366
35573048
35573244
35572166
35570074
35570001
35574726
35570178
35573274
35570104
35576206
35570277
35579752
35570246
35576096
35577028
35577388
35577700
35573074
35573064
35573054
35574204
35570218
35576210
35570422
35576184
35570116
35570118
35577002
35576112
35573302
35573084
35573040
35573004
35572278
35572134
35574755
35574592
35576412
35574043
35573250
35573172
35570426
35577356
35570160
35570180
35576204
35577368
35570134
35574345
35574270
35574378
35576312
35576302
35574213
35574728
35574730
35577346
35574148
35570086
35570394
35577182
35577024
35577386
35576160
35576108
35576286
35570156
35570732
35574132
35570510
35570098
35570170
35573296
35570444
35573076
35573382
35572016
35574052
35577014
35577018
35574631
35574228
35576382
35570242
35576360
35576218
35577364
35572386
35574732
35572004
35572024
35574030
35570158
35576284
35576472
35570070
35570630
35576030
35576040
35572306
35577358
35574414
35574288
35570204
35579710
35570494
35570592
35570176
35576476
35570638
35570146
35574154
35574183
35572302
35572344
35572184
35576364
35574102
35570470
35570750
35576190
35573394
35570262
35572266
35572370
35574752
35574055
35574534
35573176
35573300
35570348
35572322
35574146
35574786
35574240
35576388
35570168
35574040
35576170
35573196
35570663
35574079
35573182
35570474
35574688
35573304
35574255
35577266
35574142
35574696
35573246
35573190
35574351
35570120
35579770
35570200
35572000
35570154
35577352
35574336
35574634
35570026
35570594
35576032
35570300
35570456
35576282
35576384
35570292
35576200
35576228
35576422
35570206
35570534
35573058
35572440
35574810
35570142
35572414
35574091
35573310
35570214
35572162
35572096
35570174
35576288
35576182
35576120
35570058
35570226
35574306
35574586
35570354
35576090
35570466
35576376
35574430
35570216
35577135
35570734
35577350
35572408
35572424
35573322
35572010
35570124
35574022
35579758
35576876
35579750
35572480
35574640
35572050
35574690
35576036
35574234
35574622
35576230
35576334
35570308
35570576
35574595
35570502
35577010
35577012
35577380
35570244
35570004
35573164
35570436
35573292
35574219
35574795
35576330
35570343
35574116
35579834
35573332
35573352
35572438
35574186
35576452
35579808
35573344
35573328
35577032
35574158
35579813
35577152
35570270
35574720
35574180
35574130
35572056
35574312
35570344
35570496
35574164
35574613
35572046
35570272
35579754
35570400
35570220
35572006
35576220
35576320
35570486
35572371
35576410
35573248
35577520
35572300
35570028
35570076
35576880
35576870
35576484
35577310
35572338
35574676
35573080
35570484
35576098
35570720
35570722
35573178
35574038
35570276
35570500
35570738
35573374
35573200
35570352
35572250
35572272
35573234
35570274
35577314
35577362
35570044
35576874
35570653
35574231
35573184
35574411
35573370
35573062
35570748
35573098
35570645
35576378
35574580
35573378
35573240
35572350
35574801
35570572
35570574
35570746
35573298
35576042
35570232
35572192
35574628
35577188
35577216
35570670
35576366
35574445
35574036
35574028
35576290
35577526
35573050
35570260
35570655
35576226
35576214
35574558
35570472
35576316
35574144
35576248
35573056
35573388
35573192
35577226
35577300
35574849
35577240
35577354
35570088
35574357
35573236
35570384
35570386
35570382
35572198
35576104
35576242
35574198
35572464
35572213
35574798
35576246
35574598
35574032
35576882
35572276
35570264
35577344
35574018
35570172
35572106
35572048
35574444
35574428
35570254
35574559
35576482
35570744
35570633
35574789
35572422
35574094
35572334
35573046
35573278
35570100
35570530
35573168
35573002
35574393
35570122
35574104
35574722
35570468
35576438
35574574
35579756
35574555
35573042
35574616
35570060
35574166
35574152
35574515
35570412
35572228
35572195
35574381
35574384
35570392
35577225
35572102
35577154
35577088
35572030
35574426
35574046
35574049
35574601
35572232
35579768
35573072
35574243
35574625
35574286
35573272
35577306
35573390
35570190
35577528
35570582
35576106
35570072
35570048
35573398
35574140
35573020
35572230
35573024
35576318
35577001
35572263
35570018
35570404
35570301
35577304
35573290
35577004
35574058
35570442
35572104
35579774
35572064
35577086
35573312
35576426
35572034
35573148
35579760
35573140
35577144
35570130
35579782
35579804
35570128
35570240
35573320
35574396
35579712
35577276
35570250
35570280
35573022
35570228
35572020
35576118
35570434
35572410
35574831
35576454
35572468
35572354
35574583
35573362
35577036
35579818
35579706
35570080
35570084
35572360
35570462
35572412
35577382
35570668
35570097
35577348
35573194
35574828
35576092
35570692
35570694
35570550
35574327
35574216
35574176
35574106
35574073
35570162
35572486
35572392
35577194
35577228
35570078
35572042
35574330
35572026
35577192
35577224
35577222
35577190
35577174
35577186
35577218
35577198
35577232
35577200
35577234
35577196
35577230
35577236
35577202
35577172
35574546
35570230
35574684
35577524
35573282
35574674
35570724
35570092
35570188
35574494
35572098
35574424
35573254
35572062
35574686
35572296
35570678
35570448
35574061
35570177
35578899
35574076
35572428
35574840
35573142
35572238
35572008
35572040
35572234
35573286
35574369
35577250
35576434
35572482
35573238
35570380
35576110
35573170
35579832
35574088
35574024
35570370
35573122
35574001
35573350
35579826
35570106
35570108
35572028
35579786
35579814
35570304
35574170
35570296
35570298
35572368
35574552
35576174
35570112
35572308
35570558
35570560
35570164
35573117
35570396
35572138
35577160
35572416
35574843
35574276
35574192
35572470
35574646
35572466
35576178
35576130
35570090
35576310
35572394
35574649
35570464
35570266
35576196
35576162
35572032
35570516
35570590
35574258
35574604
35574671
35574680
35572183
35574360
35577278
35570052
35570066
35573360
35573366
35574122
35574746
35577040
35579812
35579820
35579700
35570414
35572356
35574026
35570182
35570302
35577204
35572420
35572218
35572226
35577076
35572378
35572390
35573342
35573354
35574124
35574744
35577034
35579824
35579708
35573400
35579751
35574750
35577150
35577082
35572430
35574652
35574678
35572112
35572318
35572126
35572274
35574460
35576114
35572366
35577091
35579830
35573258
35570132
35576094
35574020
35570140
35572312
35570062
35570110
35570450
35572110
35574399
35572186
35573314
35572324
35572044
35572012
35579788
35574207
35574807
35572351
35576400
35576460
35572448
35576001
35572014
35574783
35570578
35573284
35576404
35576362
35572436
35572454
35572330
35572211
35574514
35570440
35574160
35574010
35573232
35574110
