35058490
35044160
35050430
35044420
35044500
35054180
35054220
35050640
35051580
35059520
35052720
35052220
35058510
35041000
35058540
35042750
35024010
35024131
35024130
35024890
35024400
35054750
35024540
35040826
35026005
35041601
35042847
35056002
35040436
35053044
35040840
35057436
35022624
35054814
35044040
35039740
35039770
35022651
35055220
35063104
35039608
35022715
35022725
35054752
35054662
35025020
35050270
35059000
35052865
35053790
35043010
35040010
35040272
35040362
35043822
35046145
35024369
35053800
35043690
35063000
35044768
35055080
35043828
35057553
35053212
35054810
35054858
35022826
35054000
35046063
35046067
35032000
35030000
35054876
35055050
35043761
35022117
35022580
35040530
35040532
35020000
35040020
35040022
35040024
35024410
35040504
35032660
35050670
35020010
35010000
35010001
35010002
35043020
35044520
35012090
35032580
35051332
35051000
35052868
35065118
35051010
35040030
35057000
35030010
35063005
35057010
35044070
35040810
35044020
35060000
35052864
35057020
35045740
35045790
35051020
35057392
35053514
35059010
35052881
35054860
35022618
35051860
35043231
35044450
35044730
35044765
35044815
35053000
35053010
35024782
35032010
35045000
35032020
35064126
35058000
35020020
35053180
35032030
35054734
35032040
35012422
35032050
35032060
35040040
35058590
35032070
35020030
35041010
35045010
35041861
35043030
35041810
35045020
35043040
35052000
35020040
35043050
35024750
35058620
35053480
35041650
35041832
35065140
35012100
35045030
35059020
35020830
35052845
35065020
35046135
35054794
35043060
35065003
35052801
35041020
35052040
35052580
35032080
35044760
35060010
35030640
35053650
35059460
35042294
35023042
35041030
35045040
35042560
35043800
35024850
35040876
35040595
35043070
35054020
35051270
35051770
35051100
35010290
35042350
35045597
35045770
35032090
35045585
35022103
35050000
35060380
35040050
35053722
35050180
35059426
35059423
35059424
35059425
35043080
35022290
35040060
35030020
35058010
35052851
35059030
35043090
35042630
35065131
35064001
35065100
35032100
35059040
35052872
35051030
35050380
35044773
35063006
35024893
35046138
35052839
35010020
35022595
35060020
35045050
35044805
35042620
35059050
35057030
35041040
35064120
35054670
35057040
35057050
35024882
35043765
35042784
35043832
35024140
35024150
35044510
35045470
35054230
35050280
35050650
35051590
35051760
35052730
35042290
35042300
35054520
35024820
35024020
35024160
35050570
35030820
35050790
35024550
35040824
35026056
35041609
35042825
35056010
35040431
35053046
35030088
35057438
35040868
35054812
35039765
35022654
35055222
35063106
35039610
35022728
35022820
35059060
35052863
35030030
35052898
35045060
35043100
35059070
35052866
35012080
35010040
35053020
35057790
35053030
35012140
35045420
35045070
35041050
35055100
35065126
35053040
35010300
35040070
35022350
35057060
35051040
35059080
35030040
35032482
35051862
35054779
35030050
35030060
35057070
35010050
35065107
35064003
35058400
35040080
35010060
35045605
35045810
35051050
35040867
35058020
35043110
35057080
35053590
35040874
35044030
35041060
35057642
35043120
35065010
35060030
35053050
35060040
35052038
35058030
35065014
35051060
35059100
35052892
35059110
35041070
35041862
35044767
35055040
35043824
35026058
35052785
35020070
35010070
35030070
35030522
35030767
35022608
35065006
35052837
35043552
35042800
35042780
35055090
35012445
35057090
35059120
35051334
35051070
35057100
35024170
35024180
35044430
35044610
35045480
35050290
35054240
35059540
35052740
35041110
35042120
35042420
35042440
35024000
35024030
35024190
35054530
35050580
35024560
35026053
35041603
35042837
35056020
35040432
35040856
35039010
35054818
35039760
35022656
35055224
35063108
35039612
35022730
35022822
35041080
35060050
35052896
35060060
35010080
35060070
35060502
35060080
35052802
35052270
35041090
35040180
35041100
35040506
35050010
35040090
35042130
35053173
35053060
35012060
35044252
35020080
35064000
35065132
35043130
35050660
35053070
35045840
35043140
35043150
35042010
35020090
35044050
35053080
35057110
35041120
35051080
35060090
35060100
35052887
35060110
35051090
35059353
35059352
35053090
35059130
35058653
35064112
35022000
35039060
35043160
35053110
35052804
35046134
35040390
35010310
35064110
35030620
35020100
35059428
35043170
35022610
35065009
35052895
35043240
35032120
35052784
35058595
35064116
35040100
35043180
35065011
35063017
35022613
35052805
35065133
35042140
35042692
35054030
35041130
35042150
35042160
35042162
35042262
35042146
35042242
35042264
35042000
35042182
35042080
35042090
35042100
35042094
35042110
35042144
35042142
35042180
35042190
35042092
35042200
35043190
35063018
35052803
35054866
35032650
35055295
35051110
35040110
35020110
35050610
35050440
35053830
35054070
35045670
35054250
35040800
35060750
35022360
35022450
35024080
35041866
35023030
35042845
35047005
35052017
35052735
35043342
35043774
35055277
35063126
35052897
35045700
35012340
35030022
35012360
35012380
35012370
35043830
35065104
35052050
35020815
35020120
35045080
35022107
35024858
35022010
35041140
35057120
35055200
35044620
35044630
35051120
35043200
35054042
35052037
35052035
35030510
35051130
35059140
35020140
35053120
35026043
35056025
35041150
35041840
35057130
35052891
35052890
35052812
35046132
35043700
35064100
35043210
35059160
35041160
35052862
35040130
35010370
35051140
35060120
35055070
35054767
35043220
35043222
35025000
35044214
35026060
35020570
35010320
35051440
35058310
35064122
35060130
35044477
35030100
35044060
35052867
35039054
35058050
35024200
35024570
35026054
35024210
35032074
35026055
35044440
35044640
35050300
35054260
35052280
35059550
35042600
35024360
35050590
35024580
35026050
35041608
35050166
35040438
35052724
35052726
35040854
35041472
35054826
35039710
35022658
35055226
35063110
35022732
35022804
35030110
35046030
35039070
35054650
35055272
35051150
35030380
35012465
35045590
35052770
35051830
35052100
35052110
35052090
35052120
35052092
35040866
35039016
35010280
35050450
35054080
35054270
35040650
35042320
35020650
35022460
35053845
35042821
35047050
35052029
35059347
35054854
35058060
35054280
35040660
35042814
35022480
35054290
35058530
35040670
35042340
35020660
35052744
35054870
35042801
35058070
35022490
35054300
35040680
35042802
35022500
35054310
35040690
35042360
35058550
35020670
35042810
35043230
35059170
35041180
35051160
35052861
35045575
35045560
35050462
35050690
35032372
35020395
35041800
35054788
35057140
35022105
35063128
35046153
35040140
35040150
35052873
35053130
35040160
35045160
35052096
35053592
35022720
35022814
35054090
35022510
35045690
35054320
35052140
35040600
35040700
35042370
35020680
35043630
35054540
35022370
35012440
35050460
35050600
35050390
35041871
35046058
35046060
35023008
35024863
35046080
35042835
35047015
35043416
35040002
35054274
35053664
35053386
35054132
35054144
35041242
35030282
35052732
35052003
35052722
35043343
35042016
35042504
35024003
35022214
35051652
35059686
35054824
35040292
35051584
35043556
35055210
35022627
35043771
35055270
35055274
35052781
35063120
35052433
35046042
35022242
35030120
35057762
35058080
35054789
35012150
35059190
35042210
35060640
35054330
35040710
35020690
35050470
35058612
35042804
35045606
35053384
35052742
35022161
35047046
35060150
35060160
35053140
35057150
35041200
35057160
35053201
35024240
35024250
35044410
35044650
35045550
35054350
35059560
35052290
35042400
35054550
35024260
35024590
35040816
35026048
35041604
35040852
35041474
35054836
35039705
35044212
35022665
35055228
35063100
35039605
35022735
35022806
35043250
35054753
35044530
35040170
35054040
35022282
35022690
35022642
35045609
35020160
35061006
35040878
35052810
35053150
35053160
35053170
35020170
35040175
35043803
35045090
35040190
35040167
35051190
35020180
35012305
35057170
35052806
35060650
35044090
35045100
35057180
35059200
35051200
35053862
35059210
35030150
35041210
35012110
35057190
35045140
35059220
35022606
35010100
35045520
35050262
35052750
35045595
35045760
35042700
35057200
35012450
35010260
35020200
35040200
35040493
35058592
35022192
35030171
35024270
35024280
35051570
35044660
35045710
35054360
35059570
35051800
35052300
35054560
35022640
35024290
35051710
35024600
35052893
35046103
35026045
35041611
35050164
35040850
35054838
35039720
35055230
35063112
35039615
35022738
35022786
35052422
35052431
35045110
35060140
35050040
35065136
35043561
35065139
35024880
35057210
35060170
35044100
35053600
35012460
35012160
35050050
35041220
35041870
35055260
35051170
35022722
35022824
35051600
35041230
35039620
35057220
35041240
35041250
35041865
35045120
35041260
35050310
35053200
35010340
35024060
35022605
35032140
35022615
35057240
35039625
35063015
35022612
35052809
35044771
35022619
35024367
35024891
35053210
35057250
35022600
35010140
35010141
35030330
35052880
35030160
35043260
35059280
35012040
35022617
35051210
35057260
35030399
35020540
35044110
35057270
35044120
35012170
35052370
35051220
35024500
35032150
35012420
35010110
35052190
35024460
35045130
35050060
35053230
35051230
35057430
35024300
35024310
35054370
35059580
35052310
35054570
35024320
35051720
35024610
35026008
35041613
35040846
35040880
35054840
35039730
35055232
35063114
35039618
35022740
35022788
35042380
35065114
35051240
35060180
35065124
35052819
35065110
35043270
35045540
35065128
35052010
35044472
35040615
35052250
35065015
35057290
35060190
35041820
35012180
35042610
35050700
35059690
35044800
35040591
35040896
35032470
35022040
35020620
35058410
35053250
35042020
35060580
35012470
35010350
35054891
35050320
35057300
35054642
35054764
35032280
35045573
35045530
35046050
35020210
35032160
35051260
35057764
35058110
35042170
35030170
35040220
35010120
35058150
35043290
35030180
35041280
35052833
35052841
35057310
35063008
35045650
35053270
35043300
35045190
35060200
35032170
35060610
35050710
35060210
35051280
35041290
35041835
35060220
35041300
35041867
35041838
35059240
35051290
35051335
35024330
35024340
35054580
35044670
35045620
35050330
35054380
35059590
35050410
35052320
35024350
35051730
35024620
35026011
35041614
35052094
35040844
35040882
35054842
35039750
35055234
35063116
35022742
35022794
35057320
35057330
35053730
35053280
35053290
35022250
35051300
35010420
35053300
35041270
35041310
35044460
35053310
35012350
35030130
35030190
35022111
35057340
35024361
35052807
35044474
35030200
35051172
35051180
35057350
35024840
35052330
35050720
35044550
35044680
35045630
35050340
35059600
35054390
35054590
35042430
35024380
35051740
35024630
35040820
35026018
35041616
35040842
35054844
35039700
35055236
35050742
35050161
35063102
35039622
35022745
35022818
35040884
35060230
35060240
35060670
35044010
35060260
35060250
35043310
35043720
35022030
35043224
35041320
35041330
35059422
35045200
35052752
35050350
35024090
35065001
35045210
35012120
35045220
35045230
35058120
35040610
35053610
35052821
35057360
35060270
35040210
35040230
35041340
35041834
35052850
35022614
35052836
35043512
35065016
35053320
35043710
35044775
35060280
35039005
35060290
35057370
35054898
35042580
35020220
35020222
35010130
35010131
35032180
35059250
35050070
35052860
35020230
35060300
35052869
35057380
35040864
35032190
35041350
35044130
35060310
35052888
35060682
35052823
35041360
35020240
35044140
35052859
35040240
35059260
35054760
35045614
35052060
35022127
35050162
35052340
35044560
35044690
35045640
35059610
35054600
35050740
35052170
35022540
35024640
35040818
35026028
35041618
35040862
35054846
35055238
35040843
35054375
35050412
35039628
35022748
35022816
35060320
35060660
35060620
35041370
35043320
35024120
35065007
35052843
35054736
35052875
35057390
35040250
35032200
35059270
35052870
35012480
35054862
35045240
35052830
35042788
35060330
35043330
35065008
35063001
35052842
35046148
35051310
35024892
35043340
35065000
35022604
35020250
35030758
35030210
35030414
35030412
35030278
35030254
35045250
35040260
35040531
35040492
35040151
35040162
35020550
35030650
35045780
35022270
35024490
35012190
35024370
35045148
35032270
35065122
35059680
35059470
35050160
35032212
35032600
35030220
35053242
35040480
35040482
35052754
35040822
35042410
35050080
35032520
35040270
35032210
35030360
35052020
35044473
35054896
35010330
35020260
35050090
35030230
35020270
35040280
35040290
35030800
35032220
35030240
35044400
35040300
35057400
35054700
35012020
35045260
35054755
35054340
35012030
35050100
35030391
35022630
35050560
35045270
35042330
35060470
35030660
35052820
35041864
35057410
35046053
35060480
35030670
35054480
35058268
35044465
35040152
35032230
35043361
35061002
35045604
35032240
35042510
35045280
35062001
35061001
35053330
35020440
35022085
35030260
35030250
35032222
35020280
35032530
35042030
35045610
35058040
35020745
35042390
35062004
35045800
35052825
35065005
35065142
35042660
35010190
35050110
35045290
35044150
35040380
35045300
35060720
35043232
35039001
35032250
35022090
35044170
35039020
35045310
35059530
35052782
35030270
35032260
35040593
35039028
35022320
35022080
35058130
35051780
35053340
35050120
35058272
35020290
35041842
35022112
35012200
35039048
35020300
35040310
35020310
35045320
35022512
35020320
35024420
35024430
35052350
35024440
35024650
35026035
35041606
35054828
35055240
35039635
35022750
35022798
35040400
35040401
35051700
35024450
35044570
35044740
35050360
35059620
35054610
35050750
35052360
35058570
35024660
35026040
35052362
35054830
35041887
35055242
35040819
35040845
35054383
35039638
35022752
35022802
35051415
35050130
35040886
35059150
35050020
35042850
35052858
35052857
35052826
35055060
35051320
35042040
35054050
35042220
35050802
35052871
35045570
35046160
35046112
35012000
35053100
35044082
35054110
35046105
35059290
35050140
35046120
35057440
35045330
35046165
35046115
35032610
35030280
35053350
35045340
35053360
35030290
35024220
35050405
35057450
35057460
35057470
35022113
35053470
35052030
35059480
35052883
35060242
35022119
35012210
35059670
35054890
35032292
35046000
35046100
35046150
35030392
35030680
35022123
35043565
35063011
35040888
35053370
35057480
35022109
35041380
35043092
35030394
35040320
35053380
35057490
35054200
35065115
35053620
35030630
35052847
35052822
35024470
35043730
35044580
35059630
35050760
35052160
35057780
35024480
35024670
35054832
35040847
35054385
35040821
35039640
35022755
35022808
35051330
35063003
35030300
35064124
35057500
35052832
35063012
35030310
35022601
35022126
35040861
35060340
35059300
35020150
35041190
35064118
35042570
35045350
35032620
35030320
35057510
35041660
35053390
35064102
35054892
35050150
35040330
35022470
35054880
35059310
35060350
35060680
35060690
35032290
35041390
35041839
35045580
35012220
35040340
35024690
35052817
35055030
35043762
35022710
35022712
35030350
35058290
35065137
35024072
35022129
35024780
35044476
35053190
35053342
35024530
35032072
35022115
35045510
35051340
35059320
35046118
35046170
35040350
35032540
35062000
35040801
35043234
35020396
35053410
35040360
35010390
35024830
35057520
35024230
35041400
35057530
35020330
35020340
35044250
35012230
35055290
35063010
35032300
35053760
35022101
35041410
35032570
35045612
35041833
35041420
35039602
35043350
35053420
35058560
35045532
35057540
35043560
35054761
35010150
35010151
35060360
35058450
35057760
35063019
35063121
35059330
35052855
35045150
35059340
35058655
35060370
35045360
35020360
35030370
35054440
35043360
35065019
35052815
35046143
35043214
35059230
35057550
35053630
35040000
35041430
35058140
35041440
35041450
35059350
35060760
35041460
35059351
35041470
35041480
35041490
35041500
35041510
35041492
35041520
35041530
35041540
35041550
35041560
35041570
35041580
35041590
35041600
35041610
35041620
35059360
35051350
35030390
35020370
35047001
35022609
35052380
35044710
35050770
35054620
35052150
35024680
35054384
35040889
35054834
35055244
35040823
35022758
35022782
35020380
35032310
35040370
35032640
35053430
35059370
35053440
35057570
35030400
35045180
35040890
35044480
35032670
35040892
35053450
35041630
35044180
35040894
35058610
35053460
35052772
35052899
35057580
35059421
35059380
35051360
35054100
35054400
35040720
35042450
35022380
35022560
35012390
35050480
35023040
35042829
35047045
35052011
35059344
35054782
35043778
35050490
35024510
35052390
35059640
35050780
35054630
35052005
35040825
35039630
35022760
35022784
35024512
35054770
35065004
35065144
35045750
35022100
35040434
35054776
35050072
35024110
35043370
35022602
35054640
35043750
35043680
35045490
35054410
35040730
35042460
35042470
35020700
35022390
35022520
35012400
35050500
35023035
35042831
35047040
35052027
35043348
35054816
35053244
35045825
35043777
35054850
35050170
35010200
35052894
35043380
35010270
35030740
35054450
35012130
35053042
35058600
35050520
35054420
35040740
35042480
35022530
35024390
35058614
35042819
35047055
35053822
35054872
35043390
35020390
35039632
35032360
35060390
35060700
35055020
35052816
35043760
35042790
35043826
35043400
35012050
35050370
35020400
35010210
35040872
35022125
35030810
35010360
35032320
35020410
35060550
35041640
35043410
35052854
35058160
35051370
35032330
35052400
35044720
35059650
35050680
35051610
35024520
35030790
35054848
35055246
35040827
35022762
35022800
35043420
35063016
35052831
35057552
35052818
35043430
35052835
35055010
35043820
35039036
35055110
35032340
35052878
35052853
35041670
35052879
35051380
35032350
35052856
35054785
35030410
35043440
35022611
35052846
35046130
35030420
35020420
35057590
35030570
35030393
35030162
35030395
35030762
35053490
35043769
35045272
35065125
35052877
35022050
35024070
35043450
35063002
35022607
35044766
35052840
35046141
35065012
35032370
35051390
35010180
35012240
35043572
35039078
35045608
35040592
35053500
35063007
35045572
35044190
35054874
35058271
35050190
35054773
35065150
35022616
35045380
35042652
35010160
35010161
35058180
35054797
35058190
35058200
35052889
35044200
35060400
35012250
35022060
35041680
35053510
35043767
35030309
35054878
35043764
35061005
35010090
35052876
35030440
35030450
35045820
35044210
35051790
35040120
35052824
35010410
35065138
35059390
35030460
35041690
35043460
35065017
35052811
35032380
35022603
35046140
35043470
35032412
35064002
35010400
35020430
35032390
35032400
35060410
35058220
35058210
35052808
35044769
35052885
35041837
35032410
35030340
35046155
35046108
35053520
35041700
35043345
35059400
35057600
35059410
35030470
35057770
35054660
35050274
35065117
35057610
35060420
35060430
35041710
35060790
35059420
35030480
35041720
35053222
35052828
35060710
35058240
35030490
35058250
35030500
35060590
35060600
35030252
35042050
35053530
35020810
35040612
35022695
35045390
35045660
35052200
35058500
35042744
35022622
35059700
35053638
35053540
35020460
35052410
35059660
35050620
35054170
35054822
35055248
35040828
35022765
35020710
35060730
35053550
35052210
35043480
35054430
35058470
35040750
35058580
35042230
35042490
35020720
35022570
35042815
35053382
35060450
35058260
35050510
35024100
35054120
35040580
35040760
35042760
35020730
35043620
35022400
35053820
35041869
35023015
35046084
35042839
35047025
35053686
35052013
35052736
35043344
35042014
35024005
35022142
35039042
35059688
35045576
35043773
35055276
35063124
35022790
35051400
35040410
35032630
35030520
35010220
35058270
35022590
35040770
35042240
35042520
35042806
35058280
35041730
35024040
35050630
35051620
35052180
35052420
35054460
35024050
35058657
35055250
35022768
35022810
35024764
35054888
35059090
35058520
35050200
35043490
35010177
35053680
35065002
35044220
35054134
35020470
35030540
35053560
35053012
35045615
35045730
35058300
35045400
35040420
35051410
35010230
35044230
35042270
35041385
35043000
35044000
35053032
35054060
35045410
35052814
35052295
35051445
35030396
35030145
35042045
35042060
35054575
35054002
35010030
35030550
35020480
35020500
35030560
35044540
35045607
35045720
35060740
35020490
35040534
35032420
35030580
35059430
35040470
35032430
35052070
35044240
35044080
35041830
35030090
35032322
35030080
35030590
35040430
35030592
35040440
35040168
35045370
35057620
35022121
35053400
35032440
35054852
35053570
35053640
35057630
35050210
35040571
35058274
35052838
35043763
35024365
35044490
35022796
35064005
35064007
35065130
35054882
35052852
35041885
35020510
35099899
35040450
35054894
35051630
35054680
35052430
35024710
35022812
35010240
35051420
35065134
35064006
35040460
35059440
35052848
35059346
35059343
35059342
35059341
35059345
35012070
35043500
35050220
35051185
35059450
35030690
35044590
35020520
35020530
35030600
35030610
35043510
35053580
35044700
35052620
35052450
35052510
35052520
35052590
35052470
35052480
35052490
35052460
35051820
35052500
35044750
35052630
35052690
35052640
35052680
35052700
35052710
35052660
35052670
35052650
35052505
35044600
35051840
35052600
35052610
35044470
35051850
35052560
35052440
35052550
35052570
35052540
35052530
35051531
35032460
35053660
35060460
35043540
35043550
35063014
35052813
35024894
35012260
35042292
35022110
35032480
35058320
35022070
35022692
35024895
35054130
35040780
35054470
35042530
35020740
35022130
35022410
35053840
35045830
35041860
35023020
35047030
35052009
35052019
35052739
35043347
35042836
35045821
35043775
35044260
35020130
35045430
35044270
35053670
35053215
35054758
35030780
35065018
35044280
35044290
35044300
35044310
35044320
35044330
35044340
35044350
35044360
35010250
35044370
35064004
35050530
35060570
35043740
35054140
35045500
35040790
35042540
35022140
35022420
35023025
35042833
35047035
35053388
35052007
35052015
35054856
35054282
35045823
35043776
35063130
35058330
35010170
35010171
35010172
35010173
35040490
35057640
35052844
35063013
35057554
35050030
35053690
35043530
35012270
35040500
35052240
35052760
35032490
35044380
35020450
35057650
35040520
35052827
35052783
35052834
35063004
35060810
35040848
35020590
35043570
35046137
35057660
35057670
35024720
35052780
35051640
35024730
35040898
35055252
35052365
35022780
35043580
35051460
35060440
35058460
35043808
35060490
35060500
35060504
35058230
35045600
35020600
35024700
35043520
35030700
35050230
35050232
35058340
35061000
35012280
35012290
35020610
35045440
35039030
35040870
35012320
35064104
35045450
35012300
35012310
35041740
35041863
35041831
35043590
35053700
35052080
35039032
35039086
35022430
35050540
35050730
35060800
35054150
35051650
35054690
35052790
35040620
35054490
35042550
35043650
35022150
35060770
35053810
35012410
35041868
35023004
35024867
35042827
35047020
35043412
35054272
35053684
35041244
35052734
35052023
35043341
35042012
35024004
35022152
35022212
35058650
35059684
35054868
35043558
35055215
35043772
35059427
35055275
35063122
35052434
35022792
35059490
35052882
35058350
35058480
35040630
35042250
35054500
35022160
35060780
35042817
35012330
35030765
35058360
35043660
35020750
35022170
35032510
35058370
35030720
35057495
35022180
35042590
35020760
35022190
35020770
35020780
35022200
35042644
35022657
35020790
35022210
35042260
35022220
35042592
35043670
35042640
35022230
35065135
35024363
35060510
35060506
35060520
35060530
35051470
35060540
35051480
35057680
35043600
35024740
35051660
35052130
35055254
35030730
35052849
35058380
35051490
35058390
35051500
35053240
35054720
35050550
35060630
35054160
35050420
35051670
35051680
35051810
35052230
35052800
35040590
35040640
35054510
35042280
35042650
35022240
35022440
35012430
35024760
35051750
35046055
35023000
35024860
35042843
35047010
35043414
35040402
35046086
35054722
35054146
35053682
35054142
35041246
35052738
35052021
35040811
35040860
35043346
35043332
35041873
35042742
35042018
35024002
35059542
35022482
35022284
35022626
35042854
35059682
35054820
35054886
35042512
35051582
35054072
35054332
35054276
35054542
35043554
35055205
35043770
35055273
35063118
35052432
35039600
35051715
35022718
35024762
35052886
35050240
35045460
35057690
35051510
35024770
35054730
35051690
35053662
35055256
35044810
35051520
35051782
35051282
35032345
35053855
35059500
35052884
35054210
35057700
35053710
35041750
35057710
35057720
35053720
35053220
35057730
35051530
35061007
35057740
35053740
35032550
35051450
35020190
35041836
35053750
35010380
35041760
35059510
35050250
35041770
35057750
35010142
35043610
35065013
35064106
35020640
35054382
35042813
35054884
35058420
35042670
35022260
35043212
35022128
35042680
35020580
35041848
35042690
35043640
35022280
35042694
35060560
35020800
35042710
35020820
35022300
35032560
35042720
35020630
35022310
35042730
35042740
35042741
35042770
35022330
35058430
35042310
35022340
35041845
35030760
35030750
35043768
35030770
35041780
35044390
35040540
35040550
35052874
35053770
35053780
35024790
35054751
35044475
35044471
35045680
35054775
35051540
35040560
35040481
35040494
35040422
35040164
35061003
35040570
35061004
35054740
35024795
35052022
35055258
35051550
35024800
35054732
35054710
35024805
35050260
35051781
35051552
35041790
35030140
35063009
35051560
