37834150
37836122
37836778
37834630
37834628
37836000
37830334
37836854
37832210
37831164
37836704
37837704
37832708
37830294
37831112
37830127
37831150
37831120
37837670
37837710
37837694
37836856
37834688
37834848
37837640
37835216
37831018
37832728
37830338
37832022
37832130
37832104
37831308
37834178
37834026
37834042
37834142
37834118
37832142
37836512
37835200
37834844
37834052
37834424
37836082
37830012
37836514
37836580
37836562
37836552
37836060
37836502
37836070
37834197
37832464
37831168
37831138
37836634
37834434
37832436
37832812
37830260
37830238
37832670
37832372
37830038
37834892
37834032
37834184
37834132
37830098
37832530
37831268
37834586
37834228
37834506
37834280
37834264
37834524
37834272
37830030
37835246
37834094
37836604
37834112
37834058
37831438
37831266
37832336
37834236
37834706
37834686
37832714
37831412
37834092
37834180
37834110
37837690
37837666
37831048
37831116
37834368
37834320
37832660
37832700
37836052
37830134
37837510
37836582
37830020
37831228
37831360
37836716
37834624
37834864
37831328
37831238
37832692
37830144
37830046
37830123
37830289
37832144
37837774
37837534
37830258
37837550
37830340
37830318
37830150
37830336
37831004
37832346
37836588
37836624
37836622
37834072
37834306
37834352
37834328
37832290
37836626
37836534
37830182
37834260
37834242
37834274
37834018
37834160
37830062
37830326
37834152
37831322
37834620
37832082
37837656
37831338
37832122
37831314
37830152
37837730
37832804
37832702
37831028
37832444
37832434
37834538
37832704
37832342
37834308
37834504
37834330
37836536
37832388
37834224
37832682
37832248
37831444
37831415
37830114
37832768
37836642
37832024
37834162
37836614
37832756
37837626
37830330
37832510
37834474
37830196
37830202
37837508
37830270
37830298
37830230
37832138
37836018
37832816
37834172
37832140
37836058
37837732
37836836
37830016
37834644
37830156
37834704
37834690
37834642
37832612
37832596
37834134
37834646
37831356
37834822
37832282
37832262
37834618
37832744
37837552
37837594
37837572
37837560
37832490
37834542
37832488
37832136
37834114
37834050
37834552
37832264
37836684
37836764
37832338
37834120
37834096
37831352
37834626
37836004
37830060
37834170
37832496
37832494
37832492
37834382
37834456
37834432
37832472
37832096
37832016
37830180
37830174
37832552
37830066
37832004
37834414
37832090
37832026
37832616
37830162
37831114
37834496
37834362
37834390
37834460
37834436
37832486
37836754
37836602
37832662
37832636
37832442
37837622
37836824
37832614
37832650
37832638
37832618
37832598
37831264
37836022
37831036
37832780
37832284
37832260
37831358
37835240
37834548
37831370
37832328
37830210
37830250
37830232
37832382
37832514
37832400
37834554
37834636
37832484
37832502
37834182
37834638
37831126
37830050
37830132
37836768
37835214
37834036
37834188
37834126
37832792
37832652
37831324
37831362
37836828
37832504
37832326
37832788
37836760
37836842
37837724
37832098
37834480
37834454
37834422
37834866
37836102
37836706
37832132
37837586
37830314
37834108
37834062
37830064
37834418
37834210
37832698
37832292
37832300
37836850
37836012
37832056
37832080
37832070
37835218
37831310
37830164
37832786
37834898
37831026
37834610
37836750
37834388
37837542
37837528
37830130
37836024
37831440
37836584
37837630
37832814
37831446
37837770
37834416
37831332
37832102
37832020
37830282
37830172
37830184
37830220
37830262
37830160
37831166
37832054
37830068
37834312
37834500
37834354
37834332
37830070
37836606
37837688
37837686
37831042
37837616
37834649
37832162
37830054
37831400
37834220
37830094
37836124
37830104
37836808
37834606
37831088
37831212
37831190
37831226
37830128
37836766
37831374
37836784
37836666
37830194
37830200
37830296
37830268
37830228
37832480
37832432
37830002
37830001
37836596
37834502
37834300
37834412
37831242
37834592
37831452
37832126
37832194
37834824
37836812
37830402
37830124
37834404
37834520
37834508
37834348
37834326
37834304
37832002
37831000
37830292
37834346
37834324
37834302
37834290
37834402
37834262
37834206
37830290
37830126
37834278
37832668
37832424
37832410
37832500
37834846
37834640
37832218
37836780
37832352
37832344
37836712
37834584
37832350
37834682
37837776
37830166
37834890
37832114
37830092
37830022
37831306
37830140
37830324
37836700
37831044
37834190
37832304
37836714
37837740
37834410
37831056
37831214
37831192
37832694
37832378
37831014
37832620
37834600
37830332
37832216
37831074
37831064
37834012
37834014
37831330
37834002
37836500
37831224
37834186
37836734
37832440
37830036
37836006
37832148
37832268
37832168
37831406
37830342
37834034
37831146
37832654
37832428
37831366
37836158
37834212
37834384
37834868
37831222
37831260
37831250
37836520
37836564
37836554
37836072
37830004
37831436
37835208
37836002
37834038
37834344
37834192
37834122
37834166
37831084
37831210
37831188
37837530
37836772
37836020
37830138
37836818
37830288
37830266
37830224
37830192
37830264
37830222
37830186
37830286
37830176
37836696
37832588
37832568
37834616
37837660
37837662
37831421
37836810
37831236
37834530
37831092
37831182
37831108
37831082
37831208
37831186
37837658
37832460
37832468
37831409
37831304
37836630
37837708
37830034
37831262
37836088
37836702
37834194
37834826
37836598
37836550
37832446
37834514
37830120
37836114
37836134
37836154
37836086
37836084
37836116
37836136
37836156
37831350
37831418
37831160
37831130
37834622
37834462
37834196
37837772
37836516
37836640
37836620
37836530
37830040
37836056
37831132
37831122
37834168
37830058
37830136
37830042
37832664
37832730
37832736
37834632
37836608
37832404
37831302
37832074
37830032
37831152
37831110
37832796
37836092
37836062
37837634
37834074
37830106
37836742
37836612
37836694
37831080
37830082
37836528
37834056
37836524
37831368
37834634
37832166
37834080
37834100
37834098
37832534
37832560
37832542
37831106
37830028
37834004
37832212
37831030
37836538
37834602
37832608
37830110
37834534
37832716
37837702
37837684
37830014
37831040
37836726
37837682
37832544
37832306
37830102
37832672
37832358
37835242
37832594
37837706
37832706
37834400
37832000
37834214
37834360
37834350
37836838
37836718
37830100
37836600
37830076
37836008
37831232
37834612
37836616
37830006
37834006
37836016
37836014
37835202
37834650
37834710
37834700
37834680
37832656
37834076
37832270
37836862
37834276
37834230
37832164
37836816
37837522
37835220
37834256
37834238
37832734
37834156
37834270
37834258
37834240
37832666
37832190
37832192
37832684
37837768
37834020
37834820
37832548
37836542
37836586
37836566
37836556
37834876
37832384
37837652
37837650
37834684
37830084
37831002
37830088
37831136
37831124
37830048
37836098
37832658
37832362
37832340
37831462
37834024
37836814
37832710
37836594
37837592
37837582
37835212
37832800
37832062
37832214
37836660
37832272
37832170
37832720
37831430
37832782
37834880
37834882
37831340
37834604
37830090
37836120
37836160
37836140
37832686
37832200
37830254
37832116
37832118
37832184
37831024
37832532
37832390
37837728
37836076
37834692
37836740
37831448
37834580
37834154
37836504
37836074
37832330
37832722
37832690
37832250
37830078
37834364
37834340
37831072
37831200
37831156
37835206
37834878
37831032
37832506
37836668
37836852
37834104
37834082
37832438
37836774
37836592
37832032
37832508
37832354
37836720
37832610
37832802
37832536
37832274
37832006
37834408
37832010
37832806
37834198
37834342
37834322
37834292
37832740
37832760
37837696
37832754
37836746
37831316
37830118
37831062
37831010
37831006
37834522
37834498
37834852
37834850
37831326
37831334
37836106
37832198
37830080
37831240
37830154
37832134
37836864
37837676
37837692
37837668
37832674
37832360
37836690
37834828
37836522
37832408
37830312
37830008
37834106
37834832
37832196
37836664
37836752
37834860
37834840
37832462
37832746
37831220
37831320
37831300
37830018
37834022
37832602
37836546
37836568
37836558
37834226
37832050
37832030
37834438
37832094
37832014
37836544
37834090
37834070
37834077
37834095
37830322
37830350
37830352
37834222
37831142
37837500
37837654
37837540
37837520
37831140
37834512
37834614
37836820
37836104
37836532
37832128
37831450
37831454
37835238
37837532
37837554
37837562
37837636
37837580
37837602
37837576
37834252
37834232
37834896
37832208
37832580
37837756
37831270
37831403
37836692
37831076
37831204
37831180
37831170
37831066
37836802
37836800
37836822
37836790
37837754
37836080
37831434
37834466
37834396
37834472
37834444
37832204
37831022
37834464
37834394
37831256
37832590
37832566
37836744
37834010
37834008
37834476
37834894
37834140
37834128
37830188
37830226
37830204
37832182
37836732
37832402
37832308
37837750
37831050
37837762
37837760
37832546
37836632
37830122
37831070
37831060
37832718
37835234
37832035
37832222
37830400
37832266
37832188
37831372
37836054
37831078
37831206
37831184
37832634
37834102
37834830
37834492
37834310
37834870
37832392
37832696
37836846
37834590
37837618
37834174
37836748
37836826
37836804
37832454
37832762
37832470
37831148
37831216
37831172
37837746
37836526
37836762
37832412
37832380
37837758
37836786
37836118
37836096
37836682
37836650
37832604
37834874
37837502
37832084
37832072
37832060
37831054
37831202
37831158
37836662
37832244
37832280
37832278
37837664
37835244
37837748
37830096
37836860
37832482
37832798
37834856
37831012
37836010
37831364
37832790
37830206
37837512
37830272
37830234
37834030
37836570
37834442
37834468
37834398
37831144
37832498
37830320
37830284
37837698
37837674
37835204
37834608
37832732
37834130
37831038
37832356
37834366
37834450
37834420
37834380
37834204
37834202
37832752
37832422
37837598
37837584
37836518
37832334
37832370
37832364
37832100
37832018
37831090
37836776
37832230
37832220
37836110
37836100
37837764
37832582
37832562
37834550
37837620
37832748
37837678
37831162
37831134
37832112
37834116
37832450
37837610
37834000
37836770
37836722
37831234
37836510
37836680
37836670
37831052
37832512
37831354
37830310
37830256
37836560
37834078
37834648
37836050
37836030
37834862
37836138
37831154
37831100
37836730
37830108
37832120
37836628
37830208
37837514
37830236
37836710
37832406
37832456
37832420
37832376
37832640
37832426
37832452
37832448
37830010
37832810
37832324
37836844
37830052
37834016
37832750
37836112
37836090
37836152
37836132
37834084
37832186
37830116
37832202
37831016
37837712
37832146
37837596
37837574
37831442
37832302
37831252
37834536
37837524
37830026
37837504
37837526
37837506
37830170
37830024
37830190
37832206
37834124
37834060
37834040
37834176
37837720
37832242
37837632
37837614
37837624
37837742
37836698
37832386
37832554
37832726
37832606
37832586
37834582
37832584
37832570
37832764
37831254
37831230
37832724
37834526
37834250
37834392
37834588
37834370
37834490
37834482
37834452
37834164
37837899
37830056
37837752
37834544
37831460
37837672
37837570
37837612
37837590
37832012
37834406
37832092
37830086
37835226
37836615
37834872
37831102
37834208
37832466
37836830
37832124
37832294
37837700
37837680
37834440
37832592
37832564
37834854
37836094
37836150
37836130
37830252
37830240
37831020
37832540
37836078
37836848
37835232
37834532
37834842
37830158
37837722
37830316
37831046
37832688
37832818
37831432
37834510
37834494
37834458
37834386
37832738
37830072
37832058
37832150
37832160
37832632
37832276
37832332
37832374
37832516
37832180
37830097
37836540
37830074
37832794
37831336
37832712
37832246
37832680
37832630
37832600
37830274
37830280
37830146
37832766
37832322
37836806
37837726
37832784
37834702
37832808
37834254
37834234
37832320
37836788
37830044
37830112
37834540
37832742
37832240
37830148
37832310
37832458
37834546
37835236
37836618
37836610
37832348
37836728
37835230
37834054
37834028
37834470
37834446
37832758
37832052
37832040
37836834
37836840
37836858
37834200
37835224
37831104
37831086
37835210
37831034
37836708
37837744
37835222
37836724
37835228
37834426
37832106
37834430
37832110
37832430
37836832
37836782
37831312
37836590
37837766
37837638
37830142
