32400004
32412082
32412117
32424200
32420333
32415487
32412210
32410062
32410035
32420335
32410175
32430110
32421240
32415376
32415356
32425690
32430020
32423185
32415262
32405107
32407220
32419012
32419462
32419860
32423280
32425470
32425270
32422120
32430341
32415295
32425475
32405471
32405244
32412201
32405020
32400170
32405256
32417030
32412363
32412243
32425310
32425670
32415502
32425645
32425415
32412415
32412366
32412416
32430060
32423055
32412425
32423365
32425205
32432075
32431215
32410371
32405092
32419018
32425465
32425265
32425535
32412055
32400505
32412216
32410056
32433000
32425045
32400173
32405023
32400230
32425360
32423375
32423325
32430180
32425145
32425288
32423060
32405208
32424080
32415135
32420320
32410136
32415493
32407131
32415548
32424490
32430385
32404595
32404563
32419855
32412214
32415472
32412297
32412381
32424580
32424250
32405573
32424520
32415286
32415475
32432105
32421210
32407175
32407196
32423455
32407094
32405083
32407223
32419024
32405029
32400239
32422105
32425715
32425750
32412270
32430347
32425195
32419456
32425760
32422450
32433020
32422345
32400266
32420205
32410330
32410304
32410289
32410059
32415763
32412204
32431235
32412429
32430370
32404566
32419835
32419444
32415508
32419872
32419840
32430170
32425695
32405462
32405457
32410252
32410023
32404554
32404593
32424210
32415129
32404670
32404678
32405142
32405534
32400116
32400056
32410243
32400182
32400044
32431055
32410310
32410301
32431220
32405292
32430335
32425430
32430090
32400280
32407092
32421185
32421130
32420220
32412076
32423195
32424020
32423200
32424670
32404611
32419845
32405139
32424360
32405403
32405604
32407238
32412160
32412105
32412376
32415469
32423070
32430892
32415560
32421225
32430070
32425322
32417118
32417087
32405284
32417066
32425345
32412246
32424470
32405427
32405614
32407078
32400438
32400212
32400493
32412145
32412079
32400538
32412176
32404614
32400097
32400194
32400146
32421090
32400140
32400094
32423395
32405234
32417048
32430260
32431205
32412206
32421165
32432035
32430884
32405035
32420195
32425745
32417069
32417106
32417063
32405252
32423538
32415283
32410360
32410333
32421160
32421100
32410112
32425660
32419438
32425420
32420334
32421180
32423115
32405098
32405498
32419006
32425432
32404865
32420025
32423142
32404794
32420030
32415530
32415517
32420000
32423190
32425185
32424000
32430000
32425790
32415166
32405602
32415792
32423255
32424090
32421195
32419429
32422115
32430200
32404602
32405582
32423430
32424060
32425245
32423539
32423537
32417100
32417054
32405266
32425290
32405384
32425135
32421060
32404748
32425852
32425792
32412330
32415786
32430022
32405477
32400692
32425650
32425500
32430130
32423050
32412426
32421280
32405030
32425095
32425110
32432125
32432230
32412111
32431080
32405555
32405350
32417060
32422310
32433012
32423345
32424450
32423350
32420040
32423105
32420117
32415445
32423080
32423285
32422180
32415433
32415412
32420300
32405300
32405501
32419015
32425625
32430210
32421070
32420265
32412219
32425210
32419426
32415545
32415439
32412102
32410268
32410118
32422455
32432240
32432210
32432212
32405216
32417057
32421190
32420336
32415742
32419440
32412412
32432175
32410273
32415466
32415379
32415397
32405258
32415760
32412339
32423175
32412211
32417051
32410130
32419459
32421080
32424350
32421320
32407181
32430270
32432100
32423030
32412179
32412427
32405310
32417033
32421250
32420060
32410372
32404654
32410212
32415754
32412108
32404557
32432185
32415751
32415200
32415335
32415226
32415496
32432165
32423020
32425250
32404875
32415223
32400330
32425884
32407132
32410320
32400528
32400499
32412428
32405202
32405190
32405489
32424400
32423320
32404666
32407192
32410209
32410206
32410385
32420085
32404814
32412400
32412387
32424310
32432112
32415030
32424630
32412351
32415798
32410181
32425606
32410345
32412202
32404626
32424300
32425510
32407162
32420295
32423515
32423520
32415042
32425615
32405570
32405089
32407199
32419009
32424410
32424542
32410172
32425620
32415120
32404521
32404739
32404745
32412085
32420010
32405363
32405366
32400176
32405298
32400694
32410041
32404850
32405204
32417075
32417112
32417078
32412255
32412261
32430890
32404694
32425025
32405612
32420245
32415542
32415457
32412279
32412282
32431008
32431000
32425495
32400668
32400680
32400662
32404880
32420250
32412285
32412390
32430365
32423100
32405324
32430355
32417042
32431100
32420330
32405486
32433030
32420310
32425390
32415141
32412369
32423370
32423340
32425300
32420255
32405396
32423275
32432180
32430888
32410121
32419453
32410120
32412333
32423355
32423250
32412342
32422315
32420275
32405246
32425868
32424120
32405372
32405276
32417084
32407229
32412300
32423490
32405543
32423165
32420337
32412249
32420160
32421095
32421000
32404623
32415463
32430346
32430290
32420095
32400236
32412384
32412404
32423385
32412312
32431110
32415590
32415557
32412406
32423120
32431090
32432350
32431075
32405393
32425305
32404703
32404706
32407134
32423025
32432315
32404700
32425330
32430100
32423425
32425100
32405622
32412027
32415795
32400023
32400010
32431065
32425395
32432055
32423035
32405546
32425545
32424320
32404730
32420215
32424640
32415070
32425080
32420338
32405160
32405248
32405260
32415045
32421305
32420150
32424590
32424500
32425260
32405424
32400306
32400254
32415511
32420235
32405344
32405348
32425876
32405439
32404533
32404553
32415533
32415484
32424390
32405332
32404760
32412267
32410382
32412296
32431115
32421340
32407205
32419021
32407104
32412396
32425410
32425180
32420358
32405041
32425710
32400479
32400554
32400508
32400520
32407052
32405272
32430330
32422270
32422190
32422160
32405600
32405564
32424030
32425160
32425120
32400688
32420175
32432155
32405342
32421162
32424230
32412431
32412336
32407077
32407245
32432085
32400342
32405387
32422125
32425655
32425375
32410178
32420120
32410109
32410124
32419110
32419420
32420015
32425425
32423040
32425320
32430050
32410103
32425350
32410115
32432045
32431245
32432050
32432115
32415259
32432320
32432080
32410038
32412003
32410050
32400020
32404605
32430124
32415514
32425085
32432195
32422100
32405180
32405338
32405340
32400440
32400468
32412306
32412480
32400630
32430345
32410160
32410080
32407116
32431135
32404822
32400242
32400007
32400035
32400079
32410240
32410009
32410020
32410095
32400185
32419866
32432200
32404599
32421295
32421025
32420240
32412321
32415144
32404682
32405436
32432030
32423525
32425640
32420305
32412490
32400163
32412052
32400490
32400215
32415256
32410295
32422280
32422300
32405154
32405540
32400260
32410249
32405294
32424660
32424610
32419450
32412555
32425700
32405591
32422145
32424480
32404550
32423210
32407122
32432190
32407208
32419027
32422165
32415766
32424510
32400188
32404757
32425292
32412360
32412354
32412309
32405358
32415391
32405415
32405270
32425575
32423380
32423330
32415621
32415388
32415370
32415359
32415448
32415394
32415633
32405531
32415460
32405525
32431200
32400218
32400372
32400403
32400656
32400550
32400645
32400476
32400684
32415801
32404632
32410029
32420080
32423130
32421075
32425525
32423400
32423415
32400303
32400286
32400272
32405262
32405274
32423305
32425585
32419435
32420280
32424260
32412215
32423010
32404855
32405483
32425055
32404751
32415373
32415353
32405480
32404733
32432160
32421270
32405357
32431150
32425678
32405268
32425235
32430030
32422475
32432305
32432145
32433022
32415169
32415190
32415338
32405326
32405308
32423065
32405210
32420325
32430190
32423240
32425140
32425675
32430081
32410200
32410190
32412132
32412134
32412131
32415612
32405218
32415341
32420100
32405224
32419884
32405304
32412421
32400625
32405290
32417081
32430150
32423005
32415789
32415505
32415730
32415600
32415563
32415566
32430380
32415640
32415606
32423160
32430142
32405312
32430340
32431012
32432300
32432135
32432140
32431190
32415769
32415344
32415618
32415670
32415627
32422330
32415772
32407074
32407030
32404635
32425335
32415539
32415406
32415520
32421055
32407112
32410366
32410351
32410196
32410369
32425705
32430120
32430140
32425820
32419437
32410077
32415739
32431105
32423465
32423478
32410255
32410089
32405507
32405510
32421315
32404870
32407114
32407117
32415382
32415132
32415783
32415676
32420270
32432235
32405334
32423230
32425170
32412327
32410169
32432170
32430132
32405302
32424440
32410184
32430240
32425665
32425280
32410032
32400575
32410267
32407128
32400378
32400432
32400390
32415051
32415220
32415181
32415060
32400012
32400032
32405240
32405400
32407165
32405650
32405450
32400269
32425795
32407033
32410339
32420180
32405495
32405375
32407050
32420190
32432095
32400070
32400029
32400233
32400179
32405148
32405513
32425315
32412093
32412294
32400110
32400082
32400038
32400120
32400042
32400089
32410270
32415430
32415418
32407061
32410292
32412067
32400532
32422460
32415292
32410071
32412130
32404518
32415289
32415436
32400251
32404530
32404590
32412058
32410003
32400026
32400001
32410302
32404524
32420210
32400221
32400300
32400289
32422135
32405185
32421005
32421065
32421168
32400309
32400283
32410000
32424215
32412434
32425860
32412193
32404806
32410068
32407063
32405026
32400682
32415304
32412070
32407111
32431070
32433010
32421170
32405157
32425165
32425240
32424190
32404762
32400263
32420170
32415481
32421105
32404539
32421120
32404895
32400248
32421205
32410127
32404506
32415323
32425565
32415609
32415160
32415310
32422325
32412064
32407090
32407110
32407150
32415551
32415362
32415172
32430895
32415733
32405222
32430160
32423000
32424560
32430375
32430285
32431250
32422205
32425520
32404818
32405275
32423460
32423475
32423300
32404835
32412209
32407113
32421045
32420145
32415554
32415400
32412207
32407036
32417040
32412165
32421335
32419878
32423245
32405279
32405453
32425527
32415033
32432110
32430350
32412470
32405282
32425340
32412550
32407262
32407152
32405320
32405504
32407068
32425230
32404709
32404638
32405430
32405406
32425740
32425730
32405418
32407169
32407260
32425022
32424330
32410286
32420005
32424540
32424220
32425530
32431145
32421275
32425580
32407226
32405421
32412264
32415804
32425380
32432340
32432070
32423242
32431230
32400257
32424070
32410264
32400209
32425125
32432065
32432330
32432060
32425096
32425220
32415347
32405110
32407202
32419039
32422305
32400076
32400047
32400125
32404742
32405567
32405195
32430220
32423260
32419423
32407096
32415499
32400400
32400393
32415298
32412432
32400128
32400050
32415580
32425065
32410246
32407154
32400091
32400203
32400143
32410258
32405360
32405254
32400024
32400348
32400426
32400366
32404532
32410092
32424420
32420165
32431050
32423140
32412049
32421035
32421220
32405409
32415780
32415688
32412357
32405212
32405133
32412237
32404509
32430265
32405038
32405136
32423485
32407190
32419042
32405236
32400059
32400088
32412040
32410026
32412000
32400113
32423335
32415036
32404503
32423095
32412303
32432225
32421215
32405206
32417072
32420115
32400315
32415682
32412190
32425130
32420090
32415268
32421115
32421050
32410203
32410133
32425070
32412095
32405080
32405200
32405151
32407211
32419033
32425460
32425275
32425490
32425440
32424430
32415048
32415745
32420355
32419433
32420200
32415630
32425610
32421285
32405232
32421325
32422470
32433024
32422187
32422210
32430400
32431192
32422162
32420065
32422195
32430280
32422110
32420070
32422200
32430255
32432360
32423145
32430342
32423530
32425040
32425030
32425032
32425020
32425005
32425010
32404860
32423085
32431045
32410378
32425560
32423405
32407270
32405250
32410280
32424380
32404658
32404662
32400650
32400640
32415454
32412061
32404527
32405474
32417039
32404620
32404571
32420130
32412393
32412456
32407240
32423390
32423310
32423045
32405616
32410363
32410348
32412148
32405606
32420035
32424530
32420105
32420290
32415039
32432150
32405328
32405588
32415458
32412375
32412166
32412133
32412120
32424290
32412324
32424140
32423205
32431255
32404560
32400149
32400103
32421010
32410142
32412510
32419447
32425590
32412043
32412030
32400166
32400526
32400496
32400206
32425685
32412213
32410163
32423315
32430395
32422140
32431085
32432310
32431060
32415253
32425366
32425680
32425365
32425370
32432025
32404718
32410336
32405280
32415332
32405214
32422320
32407265
32407268
32410193
32410148
32432120
32425555
32420350
32400312
32430082
32412191
32424680
32423295
32410145
32419441
32424550
32420125
32405130
32405116
32412433
32419045
32425255
32405352
32405356
32405101
32407214
32419048
32419830
32425635
32405336
32405122
32405318
32423015
32415736
32431225
32412520
32412452
32412372
32400025
32423135
32410166
32425515
32425225
32425725
32412142
32410053
32400224
32415280
32400336
32400360
32400396
32400409
32400420
32400460
32400470
32400558
32400570
32400635
32400674
32412200
32415229
32415250
32400318
32407172
32419036
32423215
32422170
32420075
32424050
32405519
32405585
32430135
32412276
32432202
32412405
32420285
32425175
32404790
32405145
32407056
32407125
32400053
32400122
32400073
32431120
32431040
32405044
32405576
32407062
32410261
32400245
32407119
32400106
32400152
32400502
32400200
32400160
32421110
32423495
32405412
32407098
32415329
32407163
32407235
32423480
32423410
32405113
32425480
32425445
32405354
32430080
32425755
32425720
32412318
32404569
32405651
32412460
32412451
32419051
32419080
32417090
32417000
32419465
32404596
32415126
32421255
32407161
32407258
32425770
32425780
32425774
32425772
32425776
32425778
32425752
32407255
32405378
32420110
32424370
32412234
32421310
32410187
32405522
32425595
32425608
32422150
32425050
32412217
32412315
32423150
32420020
32404546
32432355
32404548
32405549
32417036
32419434
32419439
32405465
32432040
32432220
32405456
32405242
32412379
32412178
32423180
32425433
32412345
32412403
32412015
32431005
32404629
32410354
32412291
32412288
32421085
32412009
32405618
32430095
32432130
32405322
32405652
32405390
32412006
32407064
32400700
32431195
32419432
32421200
32400573
32400580
32415271
32410242
32420055
32421135
32421235
32425836
32404715
32405238
32412454
32415232
32407184
32412177
32412175
32412295
32415313
32423535
32400620
32400585
32425540
32430295
32425115
32405558
32405561
32430390
32420260
32407187
32415451
32419030
32419060
32415147
32430275
32407248
32407242
32407164
32415123
32422185
32421145
32421140
32415150
32421150
32420140
32407059
32410065
32425798
32404536
32424100
32421260
32420045
32423536
32410380
32415235
32425550
32421020
32405369
32405095
32419436
32407217
32400696
32432205
32419070
32419000
32422130
32400062
32400191
32400085
32425355
32421330
32421015
32412240
32424160
32439899
32405264
32420135
32424340
32424010
32423125
32421245
32404736
32412228
32423470
32424150
32425060
32425094
32425600
32423110
32412172
32425190
32412168
32407053
32407252
32424280
32415138
32412212
32407102
32405316
32425150
32415478
32415442
32415490
32410375
32425093
32404610
32404552
32431240
32425285
32405314
32431130
32432215
32424620
32420155
32412136
32425075
32412096
32405608
32412530
32415210
32415175
32425090
32410298
32421175
32405119
32407166
32419003
32425607
32425435
32404712
32404580
32404551
32404617
32407039
32405032
32425547
32425548
32405610
32412018
32412418
32412225
32405220
32410342
32405286
32405288
32423225
32423360
32400197
32400100
32421166
32421125
32415137
32421230
32404542
32412436
32425092
32404724
32424650
32432020
32431210
32412500
32430230
32425605
32425782
32425828
32405330
32405228
32405230
32404890
32405528
32415316
32415615
32415320
32415307
32400473
32400406
32421300
32405433
32423235
32430010
32423090
32405552
32405296
32415624
32405468
32423500
32423510
32405226
32423075
32415178
32407193
32412139
32412099
32419090
32425485
32425385
32400702
32431140
32425844
32431095
32404608
32422340
32422290
32405104
32407178
32430360
32410381
32410357
32424570
32424240
32425450
32425200
32412273
32424180
32405537
32424460
32425000
32405624
32404702
32410244
32423220
32410083
32412409
32410296
32410241
32422335
32410100
32410086
32419850
32415385
32415350
32415603
32415265
32415238
32422155
32412114
32412348
32424170
32412222
32423170
32432325
32415570
32415536
32432335
32415748
32412046
32425105
32425325
32405086
32407065
32412090
32423435
32425015
32405620
32430092
32404727
32430343
32405346
32405579
32424040
32425455
32425295
32430122
32425202
32404515
32412378
32412169
32404500
32405306
32415163
32432345
32423155
32405381
32430344
32421265
32407100
32410074
32400698
32405459
32405655
32405278
32404512
32412258
32415136
32412192
32404674
32400119
32400041
32430040
32410283
32405492
32405516
32420050
32425570
32425630
32410139
32410245
32412024
32412407
32412265
32412012
32410006
32423505
32421040
32425400
32412021
32423270
32410106
32422175
32420185
32424600
32424270
32425155
32419100
32419448
32425215
32412252
32423290
32404885
32421290
32421030
32424130
32412073
32420230
32423450
32423440
32423420
32415326
32415301
32424110
32415757
32407156
32422465
32423445
32412231
32431125
32420225
32423265
32412402
