35162624
35162770
35163085
35164660
35162893
35162433
35162434
35164361
35164129
35164130
35162415
35162849
35164131
35162313
35160176
35164126
35164001
35162468
35162349
35162233
35160177
35164321
35162012
35162350
35160211
35162801
35164132
35162013
35164133
35162579
35163086
35163153
35163150
35163147
35163143
35163140
35162014
35162480
35160006
35160077
35162481
35162351
35164549
35164538
35164546
35164583
35162886
35160046
35162235
35164284
35162352
35160078
35162353
35164022
35162015
35160068
35162865
35162308
35162354
35164519
35163200
35160044
35162149
35164294
35162016
35160178
35160246
35162150
35160179
35162151
35162309
35162310
35164552
35162260
35164286
35164620
35162017
35164672
35162019
35162435
35160247
35160212
35162018
35164134
35162436
35162311
35162789
35164135
35164020
35164224
35162482
35164306
35164019
35162020
35160213
35162483
35160079
35163051
35162021
35164550
35162236
35164476
35160287
35160080
35162022
35162023
35164555
35162312
35160069
35164337
35162484
35162883
35160180
35162024
35164370
35162152
35162153
35160248
35160331
35162871
35162237
35162025
35164328
35162431
35164136
35164137
35164264
35164267
35162876
35160081
35164243
35162485
35163052
35160023
35164138
35162486
35162487
35162026
35162472
35162771
35162609
35162027
35164021
35160082
35164249
35160083
35162154
35164023
35164139
35162693
35160288
35160047
35162238
35162155
35160214
35164590
35162089
35162772
35162631
35162889
35162355
35164024
35164140
35162156
35164025
35164752
35162580
35162157
35160084
35160085
35162239
35162028
35164508
35163090
35162240
35162548
35162549
35164751
35164322
35162626
35162773
35164382
35162894
35161054
35164141
35164002
35164774
35164012
35160289
35164026
35162437
35162653
35164537
35162158
35160013
35160332
35160038
35160215
35160249
35164027
35162875
35160182
35164293
35164142
35164397
35162029
35162536
35162030
35164330
35162314
35162533
35162880
35164028
35162315
35164255
35162551
35160086
35162356
35162160
35160034
35160183
35162488
35164348
35164822
35162588
35164755
35162031
35164029
35164331
35162826
35164338
35160070
35163206
35163053
35162316
35160216
35164781
35164030
35162242
35164292
35160048
35164031
35160087
35164032
35164524
35162243
35164033
35162032
35160217
35164034
35162033
35164283
35162034
35164035
35160049
35162035
35160218
35162082
35162036
35164256
35160292
35162037
35162608
35164529
35162655
35164373
35164036
35164753
35162244
35162317
35160088
35160321
35164323
35162620
35162774
35164692
35162895
35161056
35162438
35162159
35164037
35162478
35164339
35162038
35164622
35160250
35162039
35162040
35164842
35164038
35162439
35162041
35164584
35164143
35164144
35162602
35162042
35162245
35162318
35164254
35163201
35164272
35160251
35160089
35164145
35162490
35162851
35162357
35164314
35164225
35162802
35162877
35162491
35164039
35164378
35164146
35162358
35162440
35164430
35160360
35162043
35162044
35160201
35160016
35162562
35162492
35162045
35162046
35162047
35162359
35162165
35160252
35162161
35164329
35162246
35164304
35164615
35162866
35164754
35164756
35162162
35164273
35160293
35164375
35162163
35162441
35160294
35162360
35163054
35160222
35162493
35162694
35162892
35162164
35162494
35160184
35160295
35160039
35164289
35162166
35160296
35162605
35162656
35161805
35162319
35162852
35162853
35162444
35164512
35164282
35164040
35162803
35162567
35162804
35160090
35160091
35162167
35162854
35162320
35162442
35162657
35162719
35162775
35160159
35160136
35162873
35162489
35162168
35162495
35162048
35162400
35160219
35160010
35164840
35160382
35160362
35164350
35162778
35164757
35162049
35160181
35162496
35162169
35160185
35162050
35164277
35164758
35160092
35164539
35164586
35164041
35164316
35162497
35162247
35160042
35160050
35164523
35162248
35162443
35162051
35162658
35164042
35160093
35164147
35160186
35162430
35164297
35163202
35162361
35160254
35160094
35162564
35162535
35162250
35162249
35164043
35162321
35162052
35164288
35162363
35160253
35162054
35164148
35164624
35164365
35160095
35164278
35162055
35164003
35162498
35164307
35164526
35164324
35162623
35162776
35162896
35161058
35164044
35162251
35162252
35162253
35164045
35162170
35162660
35162695
35164046
35162445
35164149
35164662
35164150
35162171
35164151
35162172
35160255
35162322
35164514
35162864
35160256
35164047
35162725
35164453
35162779
35162743
35164466
35160160
35162733
35162734
35162777
35164463
35162742
35164465
35162056
35162057
35160019
35162173
35160096
35160257
35160187
35162661
35163056
35160040
35162174
35162716
35164460
35160161
35162058
35162175
35164778
35164004
35164616
35162367
35162728
35160162
35162255
35160220
35160221
35164762
35162176
35164325
35162627
35162780
35162897
35161060
35164156
35164152
35164392
35160008
35160015
35164048
35164153
35160097
35160145
35164154
35164155
35162366
35164157
35162177
35164158
35164159
35160258
35160098
35162540
35162178
35162179
35160188
35164049
35160099
35162059
35164785
35162257
35162258
35164823
35162539
35160100
35164160
35164050
35164051
35162606
35162534
35162547
35160101
35160297
35162364
35164605
35162180
35163057
35160259
35162060
35162261
35164161
35164394
35162628
35162781
35162898
35161066
35160210
35160223
35162545
35162262
35164108
35160224
35162369
35162552
35160335
35160350
35160226
35160189
35160298
35160299
35164052
35164162
35164163
35160340
35164053
35160147
35160051
35162644
35162638
35162646
35162696
35162698
35162697
35162650
35162692
35162323
35162663
35162665
35162666
35162667
35162668
35164054
35162263
35162264
35160260
35164310
35162670
35162266
35160031
35164005
35164300
35163058
35162671
35160102
35162699
35162432
35164340
35162181
35162479
35162542
35162474
35162577
35164326
35162368
35162370
35162629
35161070
35164341
35162371
35162499
35164164
35164165
35160261
35162550
35160300
35162500
35162501
35162691
35160227
35164619
35162502
35160052
35164166
35164167
35164168
35162600
35164055
35162267
35162569
35162570
35164342
35162572
35162881
35162268
35164169
35164500
35164502
35164517
35164056
35164535
35164540
35164585
35164763
35160262
35164276
35160263
35162269
35162324
35162270
35162664
35162633
35162855
35164275
35162061
35162372
35162182
35162669
35160030
35162373
35162325
35162062
35162503
35162700
35164057
35162063
35162504
35162659
35162856
35162374
35162891
35162064
35162065
35162066
35162067
35162068
35164821
35162505
35162069
35162285
35162070
35160053
35162071
35160301
35160054
35160103
35162072
35164386
35164058
35160104
35160055
35162622
35161072
35160105
35164059
35164060
35160148
35163060
35164061
35164170
35164171
35164332
35162271
35162303
35162073
35164764
35160264
35162672
35160106
35160107
35162272
35162326
35164064
35160108
35162621
35163203
35161064
35160190
35160065
35162506
35164280
35164765
35164298
35160302
35162689
35162375
35160109
35163068
35160110
35160111
35160191
35162701
35160303
35162654
35162674
35162662
35160149
35160066
35162327
35160112
35164062
35162376
35164172
35160228
35164173
35164063
35162183
35160150
35164065
35164766
35163062
35160192
35162074
35163089
35162377
35164265
35160035
35160113
35160114
35160115
35163071
35163065
35163070
35163067
35160056
35160067
35163066
35160025
35160116
35162625
35161062
35162867
35162448
35162446
35160304
35162075
35163073
35162328
35162184
35161052
35162076
35164516
35162185
35160319
35162447
35160043
35160117
35160118
35160119
35162601
35162632
35162273
35162077
35160305
35164592
35162078
35162079
35160306
35164174
35164175
35164780
35162080
35162429
35164176
35160032
35164343
35162274
35162186
35160307
35160012
35162885
35162846
35162561
35162378
35160027
35164251
35164226
35164262
35164371
35160003
35160002
35162449
35162519
35162187
35162635
35162275
35162379
35162824
35164177
35164066
35162381
35162380
35162402
35163072
35164178
35162188
35164505
35160120
35164179
35164344
35162822
35162568
35162594
35162450
35162820
35164533
35164520
35164521
35164532
35164069
35162475
35164068
35164391
35162565
35160229
35162383
35162473
35164070
35162451
35162382
35162834
35162081
35160001
35162189
35162712
35162761
35164013
35162053
35164558
35163092
35163094
35164180
35164767
35162566
35164181
35164345
35164182
35164281
35160071
35162556
35161050
35162083
35162084
35164245
35162850
35160158
35160157
35161068
35164364
35162836
35162831
35162830
35162845
35162839
35162838
35162843
35162837
35162841
35164760
35164250
35162190
35164006
35160193
35162452
35162453
35162610
35164071
35162673
35160265
35164072
35162640
35162085
35162191
35160057
35160058
35161804
35162384
35162192
35163075
35162193
35162194
35162086
35160151
35160121
35162276
35164073
35162454
35162195
35162278
35162455
35164658
35164074
35162277
35162329
35162675
35162790
35160266
35164301
35162791
35162330
35164291
35164268
35164075
35160230
35164077
35164346
35164076
35161802
35164352
35162196
35160267
35162411
35162507
35162197
35162385
35162331
35164333
35161074
35162256
35164183
35162868
35164253
35162508
35162456
35164078
35162869
35162386
35164184
35162332
35164185
35164305
35162387
35162087
35162333
35164186
35162388
35162509
35164269
35162510
35164187
35162088
35162334
35162279
35164188
35164079
35164189
35164309
35164768
35162335
35164703
35162412
35162457
35162204
35164299
35162458
35162198
35163077
35164080
35160231
35162199
35162537
35160232
35162560
35162200
35162201
35162459
35163078
35162578
35162202
35162203
35164190
35162090
35162546
35162460
35162702
35162676
35162091
35162604
35160059
35162677
35164351
35164353
35162280
35164334
35162511
35162241
35162281
35164604
35160011
35162760
35164372
35164769
35164612
35164261
35160018
35162282
35160195
35160194
35164376
35160233
35162389
35164295
35162390
35162205
35164396
35163080
35163063
35163208
35162461
35162092
35160122
35164081
35160072
35160235
35164618
35164354
35160268
35160196
35162206
35162391
35160269
35162283
35162207
35160236
35164067
35164591
35164705
35160009
35164191
35164082
35160123
35162763
35164355
35162392
35162861
35164083
35164574
35162393
35162648
35164192
35162094
35162528
35162095
35164363
35162336
35162096
35160308
35164193
35160124
35162703
35162098
35164084
35163076
35164770
35162476
35164194
35162394
35160005
35164085
35164086
35162462
35162097
35164087
35164266
35164088
35162284
35164771
35161076
35160152
35164368
35164089
35164090
35164091
35162337
35164312
35161000
35164603
35164195
35164196
35164197
35164659
35162587
35162583
35162634
35160270
35160073
35160125
35163082
35160126
35160271
35164696
35164092
35164290
35162512
35162704
35164198
35162211
35160127
35160156
35164572
35160060
35162254
35160045
35164260
35164257
35164093
35162679
35162729
35164455
35160163
35160164
35164772
35164773
35164824
35164252
35162681
35162286
35162857
35161078
35162099
35162395
35160309
35162678
35162723
35164456
35162737
35162736
35162726
35162731
35160165
35160166
35164270
35162463
35162100
35162287
35162727
35162582
35164452
35162746
35162101
35162288
35162102
35162858
35162212
35162289
35162290
35162291
35162213
35164199
35164094
35160237
35162396
35162103
35162423
35160020
35162705
35164367
35161080
35162397
35164014
35162104
35160310
35160272
35164095
35162338
35160311
35164776
35162863
35160128
35162292
35160061
35160129
35160021
35160130
35160322
35162706
35164296
35164287
35162514
35164775
35164279
35164248
35164317
35162424
35162214
35162105
35160197
35162000
35162106
35164680
35164356
35160333
35162215
35162398
35162399
35164670
35164665
35160291
35160290
35162216
35162515
35164244
35160198
35164200
35162339
35164096
35162464
35162107
35162544
35160238
35160312
35162108
35162259
35160131
35162465
35164274
35164258
35162340
35164007
35164015
35164016
35162516
35162403
35162109
35162603
35162860
35160313
35162517
35164008
35164017
35164097
35162466
35162217
35160318
35160033
35162870
35160146
35160234
35162518
35164759
35160017
35164098
35164530
35164303
35160132
35160273
35162110
35160036
35162111
35164099
35162707
35162690
35162543
35162218
35164201
35164202
35160274
35164127
35162112
35164100
35164576
35164580
35164578
35161082
35162113
35162730
35162682
35162718
35162782
35162884
35164457
35164545
35164101
35162879
35160133
35162341
35162732
35160167
35160168
35162748
35162749
35162520
35162882
35161084
35162630
35160286
35164357
35162222
35164369
35164227
35162651
35162683
35160029
35164203
35162223
35160199
35164102
35162342
35164103
35164204
35164319
35164554
35162001
35164423
35162002
35164417
35164415
35164425
35160200
35164426
35162003
35164408
35162004
35164402
35164410
35164405
35164421
35162005
35164420
35164411
35164416
35162006
35164412
35164403
35162007
35164401
35164409
35162008
35162009
35164418
35164404
35164413
35164414
35164419
35164406
35162010
35164422
35164407
35162011
35164335
35164702
35162404
35162405
35164327
35160134
35162224
35160275
35160276
35164205
35162467
35162571
35164285
35162406
35162642
35162636
35162293
35162232
35162294
35164104
35162265
35164105
35162521
35162114
35162115
35160239
35160400
35164899
35160135
35164206
35162116
35161086
35160022
35164207
35162522
35162117
35162872
35164128
35164106
35164779
35162295
35164588
35164009
35164595
35164208
35164398
35164209
35164598
35162862
35164362
35164543
35164547
35162425
35162887
35162296
35164210
35164211
35162715
35164777
35164107
35160314
35162523
35164308
35164109
35160062
35162407
35164212
35160074
35162343
35162541
35164110
35162344
35164614
35162807
35162684
35162720
35164461
35164528
35160169
35162118
35164213
35164504
35164501
35164506
35164111
35164542
35164544
35164575
35162299
35162888
35160063
35160315
35162219
35162538
35160316
35164379
35164228
35164229
35164230
35164231
35164241
35164263
35164360
35164358
35164234
35164238
35163001
35164232
35164233
35164235
35164359
35164313
35164236
35164237
35164239
35164240
35164242
35164380
35162685
35162722
35164462
35160170
35164536
35164112
35164115
35164214
35162409
35160277
35160202
35162220
35162221
35162859
35164215
35164216
35164217
35162410
35164218
35160137
35162524
35160203
35164219
35164311
35162890
35160320
35160155
35160138
35160139
35162525
35164010
35162300
35161088
35162119
35162120
35162563
35162899
35164701
35164315
35162469
35162121
35162298
35162526
35162122
35162123
35164553
35162124
35160204
35164601
35162225
35160140
35162125
35162126
35164302
35164259
35164336
35164220
35164390
35162127
35162128
35162129
35160205
35162301
35162130
35162413
35162302
35164221
35164222
35160240
35162131
35164113
35162408
35160242
35162414
35160241
35162874
35162132
35164116
35160154
35164117
35164114
35162527
35162470
35162717
35162783
35162806
35164458
35162750
35162652
35162785
35162739
35162751
35160171
35162133
35164475
35164473
35164472
35164642
35164118
35162134
35162426
35162529
35162530
35164119
35162135
35164011
35164582
35162427
35162345
35160141
35162136
35162137
35162138
35162139
35162141
35164120
35162142
35162143
35160142
35161090
35160014
35160026
35160024
35162531
35162304
35162532
35162786
35162787
35162805
35162581
35164451
35160334
35164782
35164374
35164825
35160075
35160278
35160064
35160143
35164271
35162144
35161800
35160206
35160207
35162471
35161092
35164318
35164783
35160041
35164122
35162209
35160279
35162687
35164320
35160037
35164121
35160244
35160243
35160280
35160380
35164123
35160144
35160076
35162708
35164518
35164124
35162346
35164636
35162226
35162584
35162878
35160028
35160245
35160282
35164125
35162416
35160317
35162227
35162347
35162745
35164470
35160173
35160153
35160174
35160172
35164468
35164467
35160004
35160208
35164471
35162306
35160209
35160283
35162210
35164551
35164349
35162228
35164247
35164541
35162348
35162788
35160285
35162145
35162428
35162417
35162305
35162418
35160281
35162421
35162419
35164246
35162420
35164366
35162146
35162229
35160284
35162147
35162148
35162513
35162365
35162422
35162401
35164223
35162230
35162231
35160007
35162307
