35900172
35901037
35901015
35900467
35900804
35900775
35900231
35900186
35900187
35901359
35900214
35902038
35903501
35900527
35901630
35900201
35901363
35902103
35903502
35903503
35902000
35902001
35902003
35902007
35901030
35901150
35902078
35901014
35900323
35902027
35900009
35900350
35900376
35901086
35900178
35900010
35901050
35902087
35900030
35900795
35902085
35901355
35903606
35901520
35901603
35900712
35900155
35900483
35900730
35901608
35900330
35900340
35900399
35900129
35900699
35900491
35902077
35900320
35900259
35900502
35900054
35900459
35900147
35900247
35901415
35901175
35900294
35901001
35900096
35901638
35900890
35901367
35900579
35900299
35900107
35900716
35900150
35900479
35904005
35900176
35900267
35900134
35901405
35901700
35900266
35900212
35901635
35902023
35902017
35901640
35900763
35900112
35900596
35903037
35900385
35900519
35900568
35900640
35901358
35900530
35900113
35900145
35900220
35901038
35901016
35900468
35900431
35900723
35900627
35900776
35900377
35901084
35900332
35900838
35901177
35900419
35900278
35900682
35900688
35900052
35900131
35904021
35900710
35900602
35900481
35903618
35901604
35901614
35901754
35901760
35901756
35904008
35901419
35900466
35900347
35902057
35900219
35903609
35903610
35901752
35901009
35900448
35901618
35901762
35902045
35902032
35902068
35900415
35903593
35901610
35901616
35900277
35901612
35902029
35903041
35903042
35900368
35900367
35900369
35901758
35901764
35900032
35903608
35900641
35904011
35901766
35901755
35901606
35902066
35902067
35902070
35902071
35902072
35902074
35902075
35902076
35902080
35902082
35901039
35900115
35901040
35901017
35900249
35900777
35902026
35900329
35900275
35900387
35900327
35900496
35900570
35900706
35900191
35903026
35901447
35900478
35900793
35904029
35904013
35904014
35900322
35901028
35901092
35900069
35900503
35900445
35902009
35902010
35902016
35904101
35900169
35900170
35900098
35900090
35900206
35900025
35900287
35900046
35902061
35900325
35900050
35900038
35901011
35901202
35901025
35901012
35900414
35900354
35904012
35904031
35900072
35900225
35900694
35901064
35900213
35900236
35900390
35900343
35900189
35900649
35900023
35900371
35900830
35901151
35900642
35900245
35900261
35900600
35900075
35900818
35900258
35902064
35904023
35900228
35900469
35900728
35900782
35900613
35900631
35900762
35900765
35901185
35903085
35900851
35901374
35900652
35900274
35901097
35901053
35903054
35900417
35900798
35900720
35902095
35900281
35901602
35900149
35900430
35903617
35901099
35900241
35900840
35904006
35904103
35901026
35900232
35900125
35900508
35900221
35900183
35900680
35901236
35903053
35900071
35900326
35900522
35904018
35900166
35900003
35900529
35900338
35901361
35900102
35901041
35901018
35900250
35900778
35902054
35901239
35900190
35900127
35901530
35900738
35900319
35900868
35900001
35900384
35900026
35903530
35902091
35900406
35901441
35900799
35900800
35902025
35902093
35900787
35901176
35901228
35901768
35900307
35901063
35900304
35901060
35901061
35900306
35901062
35900396
35900164
35900253
35900109
35900647
35900751
35900040
35900263
35901076
35900291
35900786
35900611
35900630
35900805
35900760
35901241
35903016
35903033
35903082
35901370
35901423
35902022
35900783
35900790
35900276
35900684
35900301
35901069
35900452
35900079
35900814
35901660
35900365
35902063
35902004
35902005
35902020
35902021
35902028
35902033
35902034
35902035
35902036
35902037
35902039
35902040
35902043
35902044
35902046
35902047
35902048
35902049
35902050
35902051
35901019
35900779
35903038
35900240
35900516
35900416
35900807
35901570
35900197
35900198
35900540
35903032
35900477
35900067
35900498
35900028
35900008
35900237
35900091
35900504
35901647
35902006
35900433
35900425
35901457
35901223
35901225
35900426
35900532
35900179
35900381
35900518
35900210
35900230
35900456
35900180
35900413
35900333
35901004
35900450
35900101
35900526
35900094
35901042
35901020
35900784
35900780
35901000
35900058
35901031
35900418
35900806
35902041
35900021
35900697
35900595
35900288
35902062
35903597
35902015
35901065
35900192
35900884
35900177
35900722
35901443
35900158
35900754
35900053
35900063
35901413
35901036
35900482
35900597
35901449
35900860
35900143
35900432
35904003
35904027
35900364
35901354
35901052
35900808
35900471
35900809
35901027
35904026
35900132
35901750
35901096
35901056
35900465
35900739
35900650
35900541
35902084
35900686
35900563
35901560
35900207
35900572
35900188
35900110
35900068
35900128
35900511
35900731
35900681
35900388
35900556
35900328
35900222
35900089
35900707
35900375
35900286
35900683
35900017
35900360
35901401
35900097
35901049
35900059
35900114
35901044
35900148
35904022
35900460
35900297
35900085
35900224
35903051
35900834
35901453
35900578
35900767
35901226
35901356
35900729
35901649
35901087
35900194
35900290
35901029
35900060
35901045
35900444
35900449
35900321
35900424
35901083
35900691
35901171
35903002
35903014
35903008
35903012
35903013
35903000
35903005
35903004
35903011
35903001
35903003
35903006
35903009
35903010
35900370
35900351
35900499
35900044
35900049
35900461
35900361
35900246
35900403
35900401
35900087
35903052
35900336
35900752
35901231
35900215
35903087
35900015
35900061
35901094
35900324
35900086
35900505
35900816
35900812
35900273
35900574
35901003
35900196
35900476
35900475
35902059
35900283
35900462
35900289
35900185
35900270
35900271
35900690
35900439
35900153
35900606
35903590
35900095
35902058
35900337
35901048
35900524
35900099
35902086
35900083
35900882
35901230
35900138
35903611
35903612
35900076
35900538
35900539
35900531
35901067
35900029
35900591
35900062
35903613
35904010
35900203
35903039
35900341
35900791
35900366
35900771
35900260
35900142
35901068
35900535
35900037
35900022
35901409
35900105
35900455
35900474
35901229
35900422
35900002
35900493
35900437
35900747
35900759
35901550
35900348
35900764
35900244
35901078
35901101
35900485
35903040
35901010
35900045
35901008
35900648
35901243
35902060
35901633
35900405
35900484
35900305
35900344
35900813
35900174
35900607
35900345
35900797
35900202
35900866
35900204
35900309
35901204
35900619
35900803
35900592
35900140
35900512
35901222
35900156
35903036
35901079
35900135
35900601
35900593
35903035
35900308
35902081
35900517
35901077
35900200
35900239
35900233
35902042
35901648
35900016
35903607
35900257
35904035
35900362
35901046
35900490
35900463
35900106
35900141
35901047
35900615
35902055
35900019
35900051
35900501
35902101
35901201
35900822
35900823
35903614
35900152
35900279
35902083
35901203
35900020
35900454
35901172
35900577
35901095
35901055
35902031
35900335
35900862
35900464
35900175
35904002
35901634
35903031
35900205
35900446
35900268
35900162
35900472
35900744
35901007
35900714
35900576
35900515
35900130
35901208
35901207
35901351
35901205
35903027
35900223
35900235
35900457
35901035
35900494
35900489
35900695
35900357
35901085
35900181
35900122
35900120
35900121
35900065
35900520
35900604
35900533
35900359
35900773
35901601
35900436
35900740
35900732
35900339
35900157
35902110
35900770
35900794
35901072
35900545
35900292
35900746
35900888
35900159
35900693
35903081
35901417
35900864
35900242
35901234
35901421
35904109
35900400
35900254
35900047
35900088
35900721
35901034
35901235
35900372
35900353
35901043
35901232
35900588
35900705
35900560
35900562
35900564
35900100
35900420
35900801
35900408
35902108
35900284
35902011
35900055
35901033
35900056
35901005
35902024
35900736
35900252
35900036
35901352
35900238
35900218
35900708
35900886
35900272
35900440
35900234
35900173
35900427
35900429
35900487
35900616
35900626
35901054
35900555
35901119
35900480
35900473
35900139
35900042
35900334
35900709
35900248
35901407
35900269
35900525
35900458
35903595
35901451
35900820
35901632
35900199
35900167
35903599
35900039
35900298
35901070
35901189
35901380
35900005
35900528
35900146
35900486
35900745
35900077
35901073
35900629
35901188
35903007
35901379
35901013
35900014
35901233
35902052
35902053
35900043
35900685
35900154
35900605
35900451
35900300
35901066
35901021
35900788
35901227
35900004
35900815
35900108
35900506
35900126
35900510
35900700
35900672
35900208
35900514
35900081
35901682
35901680
35900161
35900404
35900412
35900116
35900453
35904009
35900573
35900391
35900285
35900692
35900355
35904019
35904020
35904107
35904017
35904000
35904001
35902089
35900024
35900373
35900352
35900018
35903602
35902018
35901182
35901403
35901024
35900410
35900070
35904015
35904016
35900392
35900836
35902019
35900379
35904033
35900073
35904007
35902014
35903615
35903616
35900282
35900168
35900342
35900217
35900262
35900802
35903028
35900165
35900184
35900844
35900066
35900386
35900411
35900409
35902030
35900500
35900012
35900048
35901445
35900689
35900265
35900144
35900293
35900727
35900781
35900633
35900761
35901184
35903018
35903084
35901373
35900397
35901023
35901059
35900092
35900103
35900646
35900612
35902056
35900182
35900713
35900033
35900104
35901032
35901365
35900580
35900078
35901002
35900374
35900393
35900389
35900356
35900358
35900363
35900819
35900074
35900380
35902073
35900441
35900119
35900117
35900118
35901006
35900559
35904899
35903605
35903603
35900163
35904024
35900534
35900398
35900768
35902079
35900243
35900064
35900590
35900383
35900137
35901093
35901357
35900255
35900011
35900495
35902069
35900195
35900435
35900438
35900488
35900880
35901221
35900093
35900229
35900295
35900470
35900617
35900632
35901186
35901237
35900876
35901376
35900331
35902065
35901224
35900810
35900378
35900661
35900280
35900296
35901081
35900628
35901187
35901238
35900878
35901377
35903044
35900644
35901080
35900521
35900006
35900251
35901102
35900034
35900755
35900558
35900209
35902097
35900447
35901600
35900041
35901740
35902008
35902105
35900817
35900303
35904025
35900013
35900789
35900725
35900552
35900080
35900082
35900084
35900671
35900394
35902099
35900057
35900035
35900264
35900111
35900123
35900726
35901098
35901183
35901242
35901353
35903017
35903034
35903083
35901371
35900031
35900302
35900318
35901057
35900124
35900151
35900513
35900395
35900216
35900507
35900509
35900160
35900227
35901075
35900785
35900610
35901240
35903015
35903504
35900850
35900832
35901368
35900256
35900226
35900753
35904105
35900442
35900443
35900769
35900842
35901455
35900171
35901051
35900407
35901411
35902012
35900193
35900841
35900557
35900554
35901058
35900313
35901074
35900310
35900317
35900316
35900312
35900314
35900315
35900311
35901071
35901178
35901082
35900133
35900211
35900346
35900821
35900492
35901190
35900645
35900382
35900428
35900423
35900136
35902013
35900421
35900434
35900027
35900497
35900523
