35680853
35681254
35680131
35680017
35681271
35680820
35680420
35681143
35681176
35680395
35680541
35680421
35681281
35680369
35681462
35681210
35680852
35680467
35680542
35681454
35680486
35680196
35681429
35680224
35681059
35680200
35681141
35680322
35680328
35680581
35680036
35680543
35681095
35681015
35681269
35681582
35681000
35681127
35681049
35680822
35681184
35681427
35681097
35680761
35680783
35681085
35681039
35680358
35680400
35681323
35681163
35680043
35681211
35681009
35680827
35681088
35681321
35680601
35681096
35680175
35680734
35680625
35680306
35680571
35680730
35681029
35681051
35680357
35681268
35680413
35680370
35680790
35681219
35680077
35680689
35681213
35680153
35681406
35682335
35680069
35680313
35680802
35680018
35681620
35680098
35680799
35681584
35681445
35681042
35681025
35681361
35681301
35680021
35681080
35681258
35680366
35680465
35681405
35681239
35681357
35680198
35680029
35680333
35680008
35680241
35680611
35680606
35680084
35681057
35681272
35680607
35680121
35681123
35680353
35681175
35680030
35681580
35680005
35681226
35680390
35681191
35681282
35681001
35681094
35680737
35681235
35681341
35681351
35680447
35681283
35680349
35680337
35680840
35681196
35680394
35680189
35681037
35681221
35681018
35680236
35681652
35680544
35681074
35680383
35680184
35680123
35681077
35681297
35680091
35680561
35681836
35680284
35680281
35680064
35680343
35680576
35680361
35680166
35680206
35681064
35680752
35680545
35680388
35680362
35680132
35680057
35681010
35681079
35680052
35680566
35681157
35680583
35680371
35680715
35681090
35681145
35681053
35680054
35681076
35680006
35681259
35680317
35680267
35680577
35680578
35680492
35680231
35681043
35680426
35680380
35681284
35681115
35681116
35681483
35681152
35681166
35681169
35681154
35681167
35681153
35680079
35680277
35680014
35680612
35681060
35680256
35680191
35680238
35682307
35680572
35681860
35681026
35681342
35680298
35680081
35680109
35680265
35680274
35680348
35681197
35680760
35680287
35681155
35681352
35681447
35680501
35681480
35680001
35680002
35680262
35681773
35680471
35680463
35681034
35680272
35681835
35680448
35681273
35680203
35681448
35680521
35680445
35680316
35680254
35680291
35680086
35681104
35680762
35680450
35680482
35680347
35680105
35680363
35680095
35681172
35680280
35680546
35680495
35680516
35680849
35680159
35680687
35680547
35680314
35680616
35681150
35680480
35681411
35680562
35681078
35680163
35680202
35680456
35681368
35680784
35681251
35680531
35681168
35680548
35680812
35680824
35680782
35681004
35680101
35680023
35680019
35681044
35681016
35680613
35680225
35680072
35681443
35680165
35680324
35680033
35680434
35680432
35681502
35680179
35680742
35681366
35680164
35680157
35680510
35680417
35681388
35680793
35681449
35680453
35680573
35681255
35681489
35680579
35681048
35680602
35682352
35680182
35680741
35680446
35681343
35681275
35681344
35680563
35680894
35681246
35681408
35680580
35681204
35680034
35681013
35680066
35681472
35681207
35681409
35681214
35681103
35681215
35680154
35680375
35680305
35680605
35680405
35681038
35680040
35680517
35680406
35680803
35680567
35680128
35681285
35681263
35680285
35680438
35681370
35681353
35681470
35681120
35680330
35680502
35680373
35680089
35680188
35680215
35680466
35680627
35680010
35680414
35681651
35680584
35680104
35680294
35681482
35681495
35680197
35681209
35680266
35681306
35681160
35680503
35681302
35680624
35680230
35681312
35680122
35681286
35680020
35680806
35681047
35680146
35681831
35680273
35680574
35680454
35681022
35680016
35680682
35680683
35681287
35680398
35681428
35680140
35681288
35680452
35680746
35680532
35680781
35681855
35681256
35681866
35681486
35681463
35681124
35681416
35680320
35682353
35681430
35681464
35681189
35680470
35680027
35680433
35680100
35681401
35680826
35680244
35680113
35681061
35680240
35680297
35681800
35680075
35681126
35681307
35680053
35680469
35680067
35680124
35681052
35681179
35680058
35681028
35681035
35681490
35680304
35680892
35680592
35680049
35680504
35680459
35681241
35681250
35681442
35681067
35681545
35680474
35681629
35680505
35680031
35681223
35680126
35680589
35681069
35680604
35680598
35681136
35681402
35681465
35680223
35681403
35680860
35680428
35680125
35681046
35680185
35680037
35680533
35680772
35680255
35680628
35680047
35681182
35681174
35680382
35680384
35680476
35680009
35680162
35681861
35680276
35680385
35681112
35681822
35680107
35680013
35681407
35680807
35680187
35681071
35681345
35680854
35681065
35682351
35680311
35681560
35681851
35681590
35681450
35681588
35681218
35681276
35681839
35680220
35681249
35680245
35680359
35680192
35681054
35680283
35681621
35680168
35680646
35680309
35681232
35680568
35680425
35681779
35681661
35681868
35680460
35681485
35681156
35680336
35680129
35681072
35681086
35681785
35680857
35681608
35680430
35681481
35681623
35680491
35680071
35680180
35681346
35680111
35680078
35681106
35681121
35681782
35681199
35680418
35680841
35681092
35682310
35680585
35681488
35680070
35681348
35680288
35681347
35680575
35680195
35680845
35680828
35680794
35681081
35681624
35680439
35681068
35680214
35680534
35680251
35681473
35681656
35680564
35681544
35681373
35680397
35681327
35681149
35680065
35680228
35681776
35681091
35680160
35681194
35680468
35681335
35681185
35681856
35680063
35681391
35680393
35681224
35681356
35680038
35680335
35680120
35680351
35681277
35680044
35681225
35681414
35681128
35680026
35680830
35681358
35681192
35681840
35681100
35680041
35680391
35680250
35681187
35681118
35681570
35680059
35680441
35680763
35681274
35680171
35681374
35680565
35681371
35681201
35680080
35681412
35681021
35680293
35681572
35680210
35680651
35680290
35681098
35681289
35681803
35681260
35680073
35681151
35681814
35681474
35680653
35681032
35681390
35681005
35681173
35681137
35681084
35680136
35680407
35681230
35680785
35681542
35681515
35681222
35680201
35680289
35680691
35680334
35681007
35681027
35681113
35680103
35680596
35681381
35680608
35681062
35680110
35680379
35680617
35681292
35680118
35680473
35681183
35680135
35680097
35680775
35680367
35680787
35680656
35680194
35680199
35680843
35680307
35680637
35681229
35680856
35680176
35680738
35680275
35681190
35681180
35680269
35680032
35681200
35681305
35680204
35680213
35681354
35681020
35681303
35681193
35681304
35680898
35681142
35680024
35680681
35680331
35680007
35681413
35680076
35680404
35681446
35681594
35681075
35680082
35681333
35681658
35680780
35681248
35681314
35680855
35680481
35680455
35681093
35680300
35680442
35680462
35680133
35680549
35681237
35680190
35681349
35680015
35680661
35680652
35681586
35681350
35681367
35681045
35681233
35681240
35681129
35680046
35680264
35680352
35680346
35680647
35680475
35681563
35681101
35680494
35681170
35680797
35680083
35681622
35681089
35681865
35680354
35680263
35680415
35681809
35680440
35681083
35681146
35680396
35680522
35681484
35680842
35681031
35680174
35680732
35681294
35680365
35680286
35680436
35680035
35681242
35681290
35681421
35680074
35681114
35680145
35680141
35681431
35680087
35680557
35681422
35681135
35680102
35681476
35681266
35680270
35680431
35681117
35680279
35681165
35680643
35681541
35681006
35681654
35680342
35681612
35680765
35680792
35681653
35681231
35681838
35680061
35681087
35680226
35680488
35680099
35680339
35681133
35681102
35680424
35680422
35681832
35680478
35680117
35681858
35681278
35680325
35680403
35680832
35680055
35680538
35680798
35680638
35681459
35680844
35680318
35681181
35681386
35680039
35680259
35681279
35680170
35680506
35681432
35680500
35681056
35681812
35680536
35680257
35680419
35681437
35681410
35681244
35681212
35680648
35680649
35680112
35681217
35681864
35680457
35680134
35681238
35680639
35680158
35681389
35681295
35681423
35681564
35680303
35681435
35680178
35680739
35680498
35681033
35681261
35681854
35680619
35680217
35682305
35681359
35681433
35680786
35680540
35681467
35681434
35680771
35680897
35680068
35680620
35681138
35680340
35680449
35681267
35680850
35681066
35680552
35681130
35680138
35681308
35682303
35681195
35681040
35680493
35680507
35680634
35681853
35680630
35680137
35681216
35680587
35681436
35680319
35680296
35680209
35680139
35680051
35680629
35680150
35681188
35680508
35681107
35680586
35681438
35680621
35680412
35681139
35680219
35681019
35680640
35680773
35680048
35680292
35681628
35680321
35680323
35680271
35681400
35681360
35680720
35681440
35680108
35681300
35681330
35681385
35681460
35681750
35680143
35680142
35681245
35681247
35680590
35680327
35680261
35681131
35681147
35681325
35680597
35680114
35680345
35681158
35681424
35680808
35680326
35680341
35680364
35680657
35680216
35680315
35680591
35680558
35680116
35680809
35681850
35680582
35681425
35680537
35680372
35680614
35680846
35681574
35681023
35681055
35680644
35681265
35680169
35681471
35680252
35680671
35680208
35681477
35681331
35681863
35680253
35681296
35680012
35680205
35681111
35681206
35681627
35681205
35681164
35681552
35681122
35680350
35680332
35680490
35680678
35680299
35681280
35681041
35681208
35680774
35680222
35680477
35680106
35680144
35681148
35680278
35680429
35681012
35680677
35680848
35680042
35681264
35680229
35681227
35681441
35681625
35680243
35680239
35680161
35681108
35681604
35680186
35680593
35680237
35680401
35681036
35680427
35681105
35680249
35680172
35681119
35681852
35681659
35681487
35681404
35681132
35681546
35681236
35680167
35680268
35681008
35681444
35681592
35680295
35681134
35681024
35680119
35680193
35680260
35680022
35681198
35680423
35680247
35680710
35680156
35680282
35681600
35681602
35681262
35681392
35680539
35680377
35680258
35680242
35680233
35680183
35680740
35680733
35681311
35681439
35681451
35681178
35680796
35681125
35680402
35680870
35680025
35680310
35681475
35680392
35681110
35681171
35680804
35681458
35680814
35680211
35680444
35681387
35680777
35681109
35682332
35681252
35681082
35681003
35680776
35680556
35681833
35681468
35680234
35680147
35680096
35680618
35680181
35680744
35680221
35684899
35680622
35681834
35680149
35681452
35680736
35680177
35680088
35680152
35681073
35680338
35681161
35680329
35680090
35681355
35680212
35680301
35681202
35680130
35681186
35681203
35681815
35681162
35680535
35680060
35680115
35680173
35681818
35681014
35681011
35680623
35681554
35680232
35680302
35680062
35681159
35680731
35680355
35680360
35681228
35680374
35680050
35680246
35680609
35681144
35681070
35680368
35680437
35681626
35681469
35680626
35681234
35681510
35680795
35680248
35680451
35680789
35680631
35680155
35680344
35680487
35680735
35681291
35680378
35680435
35681270
35680387
35680386
35680151
35680148
35681177
35680092
35680093
35680483
35681369
35680416
35680672
35681253
35680218
35681505
35680748
35681030
35681606
35680056
35680011
35680893
35680235
35681063
35680834
35680004
35680003
35681140
35680458
35680489
35681002
35681650
35680207
35680399
35680676
35680312
35680127
35680028
35680381
35681478
35680800
35680801
35680085
35680588
35680862
35680356
35681543
35680497
35681220
35680408
35681372
35681456
35681099
35681479
35680685
35681058
35680610
35681655
35680805
35680632
35680788
35680227
35680899
35680308
35680791
35680389
35680464
35681017
35680376
35681862
35681050
35680045
35680461
35681657
35680496
35680094
