38302102
38307512
38302328
38305074
38307252
38302172
38304042
38307442
38301238
38305530
38302196
38304439
38304475
38304474
38304440
38302151
38302549
38307269
38307384
38300144
38302575
38304184
38301058
38301234
38301052
38304479
38303080
38307797
38307845
38302570
38307026
38308008
38307813
38302577
38305008
38302202
38307783
38307077
38307168
38307043
38302082
38302150
38302434
38302148
38307506
38308036
38302540
38302070
38308176
38304325
38304068
38304056
38303261
38302190
38308024
38304058
38308170
38304066
38302212
38307378
38307502
38307533
38308184
38301082
38308034
38305700
38304266
38304124
38303000
38304191
38304267
38301048
38307138
38307433
38307124
38307808
38307146
38307404
38308190
38307827
38305190
38302118
38307809
38304074
38307284
38307388
38303237
38302124
38300146
38307052
38307102
38308018
38300246
38302156
38304425
38300230
38304210
38305531
38305062
38307274
38307486
38307301
38307493
38307277
38302098
38302567
38301242
38307144
38301099
38301084
38307020
38307041
38304090
38307068
38303249
38304424
38302101
38301028
38304472
38305524
38307078
38307165
38307249
38307296
38307152
38300244
38308140
38304477
38302198
38307126
38307128
38301103
38301086
38302450
38305690
38307122
38305222
38307612
38302564
38305068
38304088
38308141
38307200
38304028
38302274
38304060
38302146
38307550
38307096
38302048
38307194
38302592
38302130
38302161
38302314
38302187
38307082
38308014
38301128
38308156
38303004
38305226
38303086
38304072
38308172
38302436
38304222
38307851
38304202
38304438
38302330
38304010
38307108
38308146
38307614
38305725
38307086
38305712
38305697
38301012
38307004
38305200
38302440
38301205
38301072
38307150
38301054
38302104
38304442
38304435
38302106
38302226
38307630
38308162
38302248
38307530
38307272
38307129
38307280
38307291
38307267
38305736
38302254
38307626
38301218
38301215
38301057
38308006
38307524
38301115
38302094
38308142
38302322
38307248
38307040
38302454
38305727
38307196
38301092
38307024
38304485
38304423
38307038
38307087
38307037
38308012
38303018
38301004
38302171
38301214
38307416
38307485
38307302
38307058
38305250
38302438
38302446
38307090
38308168
38307420
38307483
38307536
38301224
38302452
38305208
38304487
38305236
38301038
38301186
38307428
38307480
38307084
38307604
38307112
38305246
38304006
38308026
38304004
38302208
38301121
38305240
38307106
38304206
38302590
38307016
38307424
38307852
38307817
38301208
38307552
38308163
38308410
38302162
38304030
38307791
38301222
38308020
38302080
38302149
38304384
38304262
38300156
38302120
38302038
38300154
38302036
38300002
38304254
38300004
38300303
38305000
38304449
38307522
38307496
38304248
38307239
38307380
38305212
38304044
38307799
38307622
38307148
38305728
38307628
38307204
38307033
38307009
38307008
38307039
38303010
38305739
38301090
38307842
38301207
38301206
38307265
38307156
38307266
38303273
38303279
38303315
38303275
38303277
38303311
38303281
38303283
38303307
38303285
38303287
38303319
38303289
38303291
38303303
38303305
38303309
38303313
38303317
38303321
38302326
38307850
38305722
38304420
38304481
38301130
38303243
38304086
38302132
38302217
38301042
38303257
38305498
38304026
38301014
38307158
38300248
38300170
38307554
38303006
38307180
38307134
38302154
38302064
38307246
38301093
38301081
38301006
38304236
38300060
38300021
38300238
38300124
38307030
38307031
38300122
38304263
38304230
38300070
38300069
38300025
38301236
38308186
38300168
38304398
38304280
38300132
38307064
38300128
38304400
38304228
38304265
38300167
38300072
38300017
38300029
38307795
38307188
38307632
38307293
38307270
38307282
38307386
38308402
38300052
38300308
38300051
38303078
38307400
38307504
38304070
38304234
38300062
38300023
38300064
38300236
38300065
38302076
38305693
38302324
38302160
38307050
38304220
38307518
38302194
38308411
38307242
38307185
38307551
38307600
38304456
38304489
38304458
38305078
38307286
38307390
38303245
38302158
38305224
38304048
38302566
38307529
38307508
38304208
38308406
38305210
38307278
38302250
38308158
38304394
38301240
38302116
38307110
38302555
38307636
38307618
38307202
38302316
38305196
38304038
38304034
38302560
38307238
38304214
38304215
38307023
38307042
38307025
38307044
38304046
38301108
38307837
38304131
38304122
38304189
38301080
38304108
38307154
38305714
38301132
38301060
38305058
38303253
38303014
38304430
38302140
38303076
38303084
38304326
38304076
38308182
38307261
38307382
38305206
38302229
38302020
38302318
38305204
38302060
38307176
38308040
38301010
38307828
38302074
38305529
38302178
38307440
38302015
38302134
38302223
38302182
38302583
38302556
38302192
38302144
38304022
38303258
38300126
38302220
38305522
38304428
38303241
38302195
38301118
38307849
38304334
38300098
38307162
38307495
38307303
38304100
38304187
38304119
38304117
38301040
38307616
38302455
38304016
38307166
38305730
38304320
38302246
38305733
38303068
38301095
38301063
38301008
38308152
38307426
38307481
38303070
38302320
38307538
38305505
38307500
38304082
38307076
38308028
38307831
38301112
38302086
38305220
38303100
38302222
38307826
38302588
38307167
38307244
38303012
38304130
38301244
38304128
38304205
38307832
38307118
38303260
38308174
38307422
38307184
38305070
38307070
38307123
38303072
38302138
38302152
38305182
38301105
38301068
38305710
38304185
38304118
38302444
38307838
38305704
38307553
38307116
38307436
38302571
38300136
38301122
38305004
38307494
38307846
38307497
38305504
38301044
38302216
38307094
38302136
38307376
38302448
38304062
38302545
38305502
38302114
38307394
38307430
38307062
38301046
38308166
38308194
38305234
38305076
38302062
38307398
38301106
38304050
38304135
38305230
38308016
38308038
38307117
38307048
38307498
38307528
38304436
38307780
38307056
38307153
38307807
38305184
38304446
38301188
38301220
38301194
38303102
38307169
38307164
38307294
38304098
38304182
38304127
38304027
38304110
38301062
38304094
38301036
38300071
38304468
38305228
38307072
38307127
38303090
38305526
38308414
38300172
38305002
38302068
38300158
38305495
38304268
38304054
38304213
38307054
38307782
38304112
38307046
38301135
38301091
38301140
38301078
38302054
38302544
38301016
38307036
38308401
38307514
38303247
38302435
38302253
38303231
38303271
38303301
38302510
38303098
38302058
38302000
38300102
38304000
38307080
38308002
38302110
38302066
38307163
38307271
38307292
38300047
38305202
38308408
38303002
38305528
38304121
38307074
38307510
38302108
38302561
38304465
38308180
38307402
38307022
38307115
38307844
38307855
38307811
38302090
38304447
38307034
38307113
38305232
38302121
38305180
38307793
38307243
38304084
38308178
38301026
38303239
38308409
38304080
38301034
38301061
38301134
38301139
38301110
38301120
38305072
38302286
38307526
38304336
38302589
38300032
38307396
38302218
38301101
38301070
38301137
38304431
38304480
38304464
38305708
38307397
38304200
38307002
38307527
38307174
38307787
38307624
38304114
38301094
38307833
38307620
38307634
38304328
38304454
38304102
38304129
38304064
38305254
38307250
38304218
38304104
38304113
38304443
38305238
38305242
38301196
38304078
38302122
38302442
38301064
38303259
38304488
38304432
38304321
38302164
38307843
38300250
38300063
38307192
38307236
38307173
38305066
38304461
38304036
38302547
38302587
38304096
38305525
38308022
38307260
38304040
38302078
38305216
38307435
38307432
38305252
38304284
38305496
38305186
38305218
38307240
38302092
38302580
38302550
38303008
38300020
38305731
38300100
38302168
38305520
38308413
38302228
38307839
38304198
38307136
38305499
38303233
38303074
38301198
38301000
38304019
38304245
38305221
38304285
38304014
38305006
38304259
38304083
38304223
38300027
38300097
38300301
38300001
38302244
38301192
38307104
38307206
38307408
38307490
38305724
38304444
38304434
38307834
38307256
38302112
38305527
38303104
38302072
38307262
38303263
38303251
38307608
38307120
38307558
38307175
38307171
38307159
38307135
38301144
38301077
38301002
38307130
38304467
38303092
38302432
38304194
38304144
38304123
38301190
38307434
38307172
38302581
38307142
38307437
38307178
38307392
38308154
38307276
38307273
38307774
38304388
38304272
38300150
38302030
38300148
38303235
38300042
38304238
38302126
38300058
38300031
38300314
38300240
38305248
38302584
38302056
38304024
38305695
38305198
38304427
38307060
38302447
38301050
38307140
38307439
38304106
38304390
38304274
38300142
38302028
38307032
38305734
38301124
38307854
38302579
38305194
38307395
38302142
38308000
38303094
38302174
38305188
38304332
38307789
38307406
38304204
38307821
38307098
38302252
38304002
38301211
38301074
38304192
38304142
38304125
38302206
38304008
38307160
38302462
38304260
38302242
38301022
38307772
38300043
38302460
38304126
38304193
38304269
38304196
38302176
38307258
38307781
38307182
38307556
38301096
38303331
38303333
38303335
38303337
38301097
38301066
38301141
38301209
38302096
38304421
38304452
38304437
38307438
38304250
38301212
38302258
38308404
38308164
38304020
38308010
38304216
38302578
38302204
38304186
38308148
38308004
38307840
38307100
38307066
38304018
38307018
38307131
38305737
38301018
38302049
38307606
38308188
38302456
38307410
38307492
38305720
38305718
38301098
38307010
38307027
38300898
38300899
38300096
38302014
38304244
38300307
38300012
38300010
38302016
38304252
38300006
38302018
38304246
38300008
38304242
38300014
38300016
38307829
38300046
38304232
38304261
38300066
38300234
38300067
38300068
38300054
38300309
38300178
38304396
38304278
38300134
38300138
38302022
38302180
38307525
38302340
38302298
38302342
38302312
38302338
38302304
38302336
38302302
38302334
38302310
38302308
38302294
38302306
38302292
38302300
38302278
38302296
38302284
38302288
38302290
38302293
38302282
38302280
38302276
38302270
38302268
38302264
38302260
38302272
38302266
38302262
38304224
38301114
38304339
38305178
38304484
38303255
38305706
38301087
38301055
38301020
38301089
38301142
38301076
38302050
38305521
38305060
38302563
38304190
38304140
38305214
38302205
38302557
38301056
38302256
38301219
38302128
38307853
38302184
38304032
38301116
38301100
38303082
38303016
38307254
38304270
38307245
38309899
38307785
38302224
38307516
38302233
38302210
38302166
38305501
38308400
38307531
38305698
38302012
38308150
38301032
38308144
38300176
38304219
38304212
38302214
38301024
38308032
38302586
38302541
38302230
38304462
38307610
38307186
38304338
38304483
38305064
38307132
38300048
38300045
38300056
38300312
38300005
38300242
38304451
38302200
38305716
38305702
38302032
38300152
38304386
38304264
38307028
38307021
38307264
38307263
38307295
38300180
38300044
38307114
38307170
38301136
38300130
38301200
38301202
38307092
38304188
38304138
38302100
38302464
38307088
38302458
38302034
38301030
38304330
38307818
38302186
38307268
38302574
38307198
38302170
38307006
38307035
38304120
38304197
38301232
38308030
38304052
38304240
38304217
38300232
38302240
38304382
38304258
38300160
38302042
38307012
38307019
38307091
38302040
38304392
38304276
38300140
38302026
38300108
38302024
38304012
38304412
38302002
38300084
38300037
38300026
38302004
38300086
38300040
38300022
38300311
38300018
38302010
38300092
38300094
38302006
38300088
38300041
38302008
38300090
38300024
38300030
38300019
38300028
38300034
38300039
38300104
38300315
38300038
38301102
38301216
38301138
38301165
38301088
38301228
38302468
38302596
38304136
38308192
38301237
38301204
38307414
38307487
38307412
38307488
38304470
38304380
38304256
38302046
38302044
38304134
38304181
38304324
38307805
38301126
38300116
38305192
38301210
38304180
38304132
38304116
38307000
38307602
38307835
38302052
38305244
38304402
38304226
38304273
38300074
38300011
38300166
38300112
38300095
38302238
38307014
38307029
38307093
38304404
38300076
38300013
38300106
38300111
38304410
38300082
38300035
38300036
38304406
38300164
38300078
38300015
38304408
38300162
38300080
38300033
38300103
38300110
38300114
38302236
38300118
38302234
38300120
38301104
38302084
38308160
38307418
38303015
38304092
38304183
38304322
38302188
38302553
38302542
38301230
38301226
38304333
38300050
38300306
38307830
38303106
38303096
38300174
