35931015
35930454
35930385
35930526
35931329
35931580
35931281
35930121
35931586
35930166
35931188
35931632
35932018
35930215
35930207
35930132
35930401
35931204
35930438
35930094
35930336
35932054
35932185
35931170
35931185
35931186
35931200
35930022
35931400
35931222
35931124
35931156
35930217
35930212
35932182
35930525
35930144
35931335
35930341
35931063
35930036
35931462
35932128
35930064
35930620
35931004
35931084
35930263
35930264
35930283
35930085
35930419
35931302
35931174
35930152
35930342
35931092
35930196
35932091
35931540
35930160
35931386
35930731
35930386
35931357
35930218
35930291
35931360
35930655
35932220
35931380
35931296
35930248
35930535
35930109
35930228
35930169
35932086
35930319
35930458
35930069
35930306
35930287
35930363
35930175
35930340
35930379
35931000
35931017
35931073
35930505
35931506
35931192
35930103
35931375
35931176
35930031
35930105
35931672
35930016
35932135
35931086
35931255
35930450
35931349
35931590
35930536
35931285
35931661
35930127
35931032
35931284
35930055
35930227
35930364
35930165
35930172
35930333
35931196
35931236
35932031
35930460
35932167
35930272
35930320
35931043
35930328
35931233
35931481
35931393
35930713
35930338
35931076
35932055
35930418
35931111
35931085
35930156
35930075
35930063
35930061
35930452
35930119
35930350
35930161
35930239
35930136
35930358
35930304
35930375
35930071
35930224
35930112
35930376
35930725
35930314
35930010
35930222
35931206
35931158
35931042
35931267
35931142
35931259
35931258
35931254
35932226
35931312
35930251
35930129
35931019
35930106
35930142
35930243
35931214
35930231
35931194
35931638
35930237
35931319
35930209
35931316
35930380
35930265
35931430
35930360
35930091
35931149
35931171
35930285
35931011
35930524
35930373
35932080
35930223
35931094
35932033
35930332
35931660
35930719
35931471
35930099
35930674
35931332
35930122
35931044
35930463
35931208
35930090
35930361
35930389
35931097
35931093
35930068
35930198
35931116
35931068
35931054
35931275
35932087
35930197
35930233
35932034
35931132
35931584
35930554
35931226
35930147
35930434
35931058
35931057
35931359
35930368
35930141
35930173
35930110
35931338
35930052
35931064
35931159
35931053
35930133
35931211
35931091
35931440
35931110
35931215
35931213
35930203
35930393
35931201
35930065
35930435
35930436
35930443
35931549
35931466
35931184
35931175
35930378
35931113
35931356
35930226
35931191
35931195
35930577
35930275
35931166
35930580
35930451
35932083
35930315
35930321
35930448
35932003
35931644
35930688
35931289
35930676
35930734
35931219
35930098
35930095
35930429
35930423
35931247
35931002
35930408
35931235
35930409
35930410
35930417
35932164
35931374
35930735
35931055
35932156
35930545
35930189
35931665
35931202
35931161
35930752
35931394
35931376
35931286
35930199
35930481
35930711
35930157
35932090
35931242
35930427
35930188
35932222
35931330
35930343
35930214
35932110
35931490
35930645
35930289
35930284
35930232
35930610
35932138
35930514
35930757
35930104
35931134
35931147
35931050
35930449
35931051
35931283
35930008
35931101
35931437
35930348
35931035
35931148
35932015
35932021
35932019
35931318
35930811
35930171
35930087
35930382
35930024
35932001
35931151
35930120
35931056
35930118
35930246
35931432
35931424
35930370
35930086
35931472
35930180
35930721
35930534
35930377
35931197
35930288
35931635
35930235
35930135
35930500
35930313
35930018
35930067
35930268
35931139
35931062
35931080
35931287
35931182
35931100
35930021
35931485
35931210
35930307
35931117
35931260
35931232
35930025
35930170
35931027
35931193
35932089
35930478
35930371
35930181
35932170
35931269
35930027
35930513
35930367
35930437
35932024
35930395
35930312
35930293
35930002
35930003
35930004
35930150
35930130
35931442
35930397
35931646
35930280
35930159
35930323
35930257
35930033
35930113
35931045
35930414
35931143
35931320
35931034
35930084
35931099
35931343
35931217
35932008
35930148
35930662
35931261
35931154
35930240
35931077
35931336
35932088
35930096
35930138
35930158
35930274
35931221
35930439
35931266
35931642
35931552
35931138
35931256
35931392
35930609
35932179
35931331
35930442
35930182
35931378
35931273
35931668
35930125
35930384
35930308
35931218
35930357
35930286
35932014
35931141
35930453
35930247
35931040
35931140
35932057
35930750
35931352
35930523
35931090
35930044
35930560
35930351
35930353
35931081
35930813
35930054
35930440
35930229
35930660
35931530
35930082
35931710
35930715
35930053
35930184
35930482
35931383
35930111
35931701
35931395
35930484
35930411
35932152
35931308
35930331
35931153
35930145
35930011
35931290
35930266
35932235
35931234
35932173
35930489
35931321
35930696
35930664
35931224
35930195
35930383
35930733
35930276
35930250
35932238
35930278
35931420
35930349
35931049
35930206
35930013
35932158
35930185
35932188
35930698
35930667
35931362
35930678
35930051
35932020
35931294
35930354
35930123
35931105
35930134
35931047
35930108
35932005
35931292
35930219
35930653
35931152
35930187
35931263
35931264
35931282
35930538
35931304
35931323
35930088
35930544
35931458
35931265
35930841
35931463
35931300
35932194
35931460
35930479
35930727
35930511
35930059
35931435
35930546
35931169
35930279
35931181
35931163
35932149
35930281
35930335
35930316
35930365
35930557
35930107
35931031
35930097
35931355
35932016
35930143
35930034
35930191
35931041
35930381
35931038
35930070
35930330
35931177
35932176
35930686
35930612
35932191
35930050
35930023
35932198
35930470
35930658
35931133
35932230
35930186
35932093
35930680
35930245
35931199
35931066
35931310
35931037
35930045
35930164
35930115
35930117
35931414
35930692
35930028
35930038
35930273
35930007
35931205
35932032
35930014
35930076
35931023
35930456
35930262
35930318
35931048
35930301
35931107
35930140
35931631
35930128
35931190
35930271
35930325
35931535
35931341
35931059
35930167
35931071
35932146
35931372
35930234
35930254
35931220
35930081
35930116
35931379
35930694
35930020
35931009
35930729
35930311
35931212
35931180
35930193
35931358
35930221
35931396
35930600
35930493
35931446
35930372
35930528
35932233
35931347
35930294
35931257
35930771
35931354
35931118
35930334
35930392
35930684
35931129
35931039
35930162
35930029
35930079
35931398
35930302
35930258
35930216
35930614
35930491
35930346
35932058
35931144
35931172
35930114
35930047
35931173
35931067
35930259
35931178
35930190
35930355
35931278
35930220
35930131
35931127
35932154
35932056
35930310
35930019
35930651
35930588
35931046
35930566
35930296
35931103
35930073
35930211
35930656
35930267
35930030
35930483
35930672
35930179
35930056
35931030
35931131
35931262
35930089
35931119
35931061
35930326
35931373
35931106
35931115
35930202
35931033
35930244
35931452
35931112
35931130
35931280
35931240
35930430
35931434
35930213
35930077
35931324
35930682
35930137
35931239
35930431
35930154
35931461
35930192
35930818
35930194
35930151
35930015
35931333
35931241
35930428
35930556
35931016
35932084
35930155
35931187
35931640
35930049
35931444
35931183
35930303
35930337
35931317
35931060
35930468
35930042
35931636
35930253
35930261
35930032
35931136
35930208
35930457
35931052
35932052
35931464
35930327
35930548
35930441
35930204
35930445
35930444
35930176
35930093
35931456
35930072
35930174
35931325
35930833
35930486
35931339
35930754
35931536
35931135
35930255
35931439
35930241
35930178
35930488
35930464
35930345
35930139
35930236
35931600
35931207
35930298
35930299
35930126
35931028
35930048
35931150
35930366
35930387
35930066
35930329
35931145
35931146
35931121
35931108
35931102
35931120
35931070
35930238
35932007
35931165
35930043
35930101
35931007
35930402
35931021
35930522
35931024
35931025
35931020
35931244
35930425
35931249
35931228
35930146
35931450
35931389
35931243
35930424
35930252
35931074
35931327
35931314
35930540
35931298
35932022
35930374
35931650
35932228
35932012
35930751
35930100
35931502
35930057
35931271
35930080
35930317
35930465
35931089
35931155
35931104
35930153
35930017
35930012
35930305
35930300
35930369
35930256
35932004
35930533
35930078
35930177
35931346
35930092
35930638
35930690
35930527
35931366
35931367
35930249
35930394
35931353
35931634
35931422
35934899
35930062
35931036
35930412
35932085
35930026
35930344
35931179
35930260
35930322
35931075
35932130
35931652
35931098
35930339
35931126
35930210
35932002
35931123
35931125
35931538
35930359
35931029
35930005
35930759
35930758
35931326
35930530
35930282
35931268
35930636
35930290
35931209
35931238
35930433
35930756
35931253
35931216
35931164
35931087
35930168
35930475
35930183
35930295
35931237
35931128
35930432
35930006
35930046
35930462
35930201
35930297
35931079
35931018
35930225
35931157
35930009
35931114
35931109
35932161
35930459
35932053
35930717
35931223
35930060
35931470
35930723
35930269
35931448
35930455
35930446
35930039
35930200
35930461
35931582
35931078
35931082
35930416
35931227
35931225
35931162
35930388
35930352
35931384
35931245
35930426
35930083
35931340
35931014
35930407
35930399
35931003
35931072
35930400
35931022
35931008
35931096
35931026
35931006
35930398
35931630
35930447
35930413
35930415
35930041
35930035
35930555
35931350
35931229
35931160
35931095
35931083
35930356
35931501
35930347
35930362
35931137
35930124
35931371
35930149
35931122
35931504
35931069
35931454
35930391
35930040
35931248
35930242
35931168
35932009
35931167
35930277
35932140
35930309
35932006
35931588
35931203
35931230
35931005
35930405
35931065
35931231
35930396
35931252
35931010
35930404
35930406
35930205
35932125
35931250
35931012
35930421
35931013
35930467
35931351
35930403
35931251
35930420
35931246
35930422
35930230
35931189
35930037
35930163
35930270
35930324
35930058
35931288
35931198
35931377
35931550
35930102
35930501
35930292
35930480
35930001
35930390
35931001
35931088
35932143
35931382
