36047110
36092250
36031180
36048600
36050300
36051010
36070270
36039210
36072070
36038250
36060475
36070402
36087425
36060402
36085572
36037791
36031072
36039082
36038300
36072092
36033092
36036493
36051070
36038160
36046665
36091100
36037814
36020650
36083010
36021300
36015030
36048715
36081681
36021720
36039200
36039395
36072000
36061300
36047030
36052390
36083070
36026310
36061260
36048796
36090120
36032300
36070320
36026020
36045227
36081410
36037390
36048580
36036240
36073234
36073030
36036250
36070330
36072680
36046110
36036494
36060432
36026270
36035540
36060676
36050400
36094018
36061460
36061255
36061380
36072570
36088213
36092276
36071040
36036290
36030690
36016060
36036630
36048370
36031350
36060015
36090200
36047510
36026350
36020540
36048732
36090640
36031470
36072094
36032020
36045030
36013040
36026620
36048740
36035040
36039405
36051430
36050360
36081320
36092635
36061140
36090517
36020610
36030260
36060640
36081020
36015190
36031340
36072560
36046590
36020140
36037867
36034001
36070390
36052056
36052335
36092402
36047618
36033180
36016300
36030710
36013310
36090360
36020700
36046550
36085380
36010310
36072280
36035520
36037040
36072565
36020380
36037041
36050070
36026610
36020690
36036474
36060692
36084002
36036556
36030280
36030540
36036001
36090140
36039150
36036533
36070370
36050570
36037894
36046010
36021330
36050560
36085769
36020660
36033365
36033240
36052053
36060410
36071390
36061530
36032021
36045420
36030680
36045040
36062400
36062350
36033210
36062030
36025620
36016560
36084110
36010190
36048570
36052400
36087210
36032028
36060160
36025161
36045500
36083595
36087330
36026150
36030670
36021240
36031010
36010511
36048792
36025690
36088290
36060573
36061400
36020550
36088080
36087130
36025300
36081783
36010280
36087460
36087440
36090160
36080290
36038030
36020350
36045150
36033540
36038281
36052190
36081280
36051150
36025162
36070730
36021147
36051360
36032090
36020630
36087735
36085280
36062150
36081060
36033290
36048752
36032288
36037768
36015080
36048170
36020100
36083710
36010420
36032630
36061390
36083812
36083806
36045050
36050285
36045065
36050000
36045010
36050040
36048733
36087280
36061100
36039330
36084081
36072662
36087205
36088460
36088470
36025220
36084008
36060540
36092265
36092370
36080250
36092380
36060520
36036555
36091240
36031271
36032600
36030240
36092310
36020450
36091238
36060730
36060671
36038432
36090580
36033050
36048313
36051330
36016440
36036000
36035120
36032005
36048590
36071110
36087752
36010325
36037625
36048030
36048694
36090410
36060620
36050350
36013075
36048060
36062390
36026060
36021370
36046260
36092220
36048676
36020340
36047050
36020342
36080270
36070243
36081790
36046410
36060458
36034021
36070560
36051230
36050410
36087515
36037680
36015000
36015001
36016210
36016211
36013095
36033330
36085650
36048686
36036120
36052200
36031390
36083730
36021030
36081832
36020780
36060392
36090694
36060452
36032610
36046600
36031290
36083450
36085260
36020470
36037674
36052340
36061540
36031520
36010560
36010140
36083480
36081220
36071120
36020250
36033345
36045220
36087415
36021190
36046440
36052180
36048656
36080470
36032420
36085090
36085630
36045340
36036475
36031510
36037650
36036231
36047080
36050370
36036496
36020010
36010370
36085480
36092430
36071310
36090470
36035350
36081842
36045090
36032040
36091160
36071530
36073246
36071480
36085170
36030430
36033410
36091277
36035760
36088120
36072610
36087660
36037792
36036050
36088350
36035020
36048688
36061560
36081710
36073170
36081235
36026410
36025310
36033315
36036468
36052510
36020510
36087600
36031495
36088280
36072661
36081095
36085774
36025230
36061195
36051175
36051149
36092340
36030620
36016570
36010410
36060690
36091291
36037130
36087270
36092550
36036498
36092000
36047130
36048540
36021040
36035480
36038440
36047160
36062430
36037620
36036648
36085160
36052030
36021200
36032495
36021400
36080480
36016180
36026460
36016520
36037878
36039030
36037782
36025240
36025480
36080590
36031398
36021365
36061110
36061120
36072420
36046300
36048450
36046560
36048754
36083260
36072295
36031170
36052410
36061510
36087350
36038110
36085761
36020710
36037010
36072260
36031300
36038315
36048712
36037370
36050530
36087230
36048390
36037240
36048746
36020705
36015240
36010531
36030261
36083804
36062320
36025470
36072240
36048460
36036180
36062340
36032460
36038288
36091236
36039207
36050240
36047150
36036300
36071300
36080510
36061450
36046570
36081440
36088310
36035130
36036310
36038560
36092190
36037462
36047606
36072010
36091050
36046580
36025275
36071170
36092080
36037190
36031210
36032480
36052150
36021260
36030105
36087756
36087300
36083370
36081510
36062370
36091279
36050380
36035687
36052055
36071570
36030719
36062335
36037345
36046470
36048360
36091010
36085180
36090706
36030130
36047100
36038297
36026360
36062230
36046572
36047410
36081540
36016100
36090726
36038480
36010200
36020390
36083330
36037832
36032130
36073150
36072460
36032050
36032740
36030320
36035620
36071350
36039204
36070404
36030205
36083130
36085778
36060404
36085573
36031074
36048503
36039084
36090511
36038331
36083090
36031130
36032000
36060240
36020080
36072115
36070160
36010050
36037672
36081470
36025110
36016130
36045170
36090480
36088514
36052170
36013300
36010120
36010121
36010532
36010543
36081010
36081624
36052270
36062080
36039060
36010290
36052310
36034003
36013030
36026490
36020230
36047491
36016430
36025540
36048474
36016540
36016490
36081200
36060420
36030150
36010600
36046070
36020400
36048190
36035123
36035200
36083630
36052540
36060150
36013050
36015400
36091285
36090380
36036554
36081150
36092350
36048798
36051280
36062260
36045190
36035212
36080000
36080001
36034047
36081610
36083470
36025370
36048488
36087020
36026130
36080500
36052530
36025670
36037898
36072320
36060745
36073236
36050080
36071080
36025490
36021390
36050060
36060660
36091237
36087005
36083320
36081130
36020110
36070471
36070060
36062420
36060010
36060020
36052600
36035030
36045270
36080060
36045475
36039070
36062140
36084006
36031070
36010320
36030550
36035530
36048848
36072322
36039206
36010260
36050320
36092050
36092243
36092245
36092005
36088410
36039080
36039209
36033005
36039190
36038522
36037834
36072520
36031190
36039220
36070280
36050490
36037725
36038314
36048684
36087719
36060405
36085574
36036258
36032014
36080158
36032046
36046510
36091200
36091281
36072321
36016450
36021450
36016330
36039285
36050475
36083100
36037860
36061160
36052052
36061070
36084079
36025380
36070670
36084055
36092628
36025163
36085200
36073248
36052420
36016030
36060664
36072080
36092009
36035220
36037870
36070700
36021430
36034035
36062050
36087250
36037822
36090696
36051200
36051190
36090714
36026235
36071130
36025010
36050420
36060400
36071509
36051490
36038280
36037160
36081680
36047628
36087290
36051255
36072650
36081226
36036238
36016510
36070050
36020120
36020320
36020210
36080200
36050340
36021560
36083814
36047608
36072370
36013290
36016240
36031450
36052440
36016020
36013060
36035740
36020475
36083337
36083040
36021120
36010470
36045020
36087240
36080170
36010530
36039300
36087310
36091060
36013070
36015370
36062250
36036060
36092070
36036110
36045160
36036410
36061170
36090050
36020280
36020130
36073160
36060397
36048393
36072090
36025680
36025060
36060630
36036550
36048394
36071557
36088522
36088528
36091020
36084000
36036380
36033420
36051480
36036040
36034007
36037290
36048150
36046034
36085590
36050130
36062280
36060510
36030030
36048700
36081276
36081228
36047520
36035125
36037330
36036140
36038050
36085450
36036500
36048455
36090710
36031530
36037820
36048844
36070120
36090620
36083008
36071160
36050480
36020260
36026250
36088333
36091244
36090630
36038337
36015130
36030220
36015120
36037499
36060270
36033640
36092629
36021700
36032310
36031280
36016110
36037085
36047390
36062490
36034055
36025590
36072550
36031536
36071230
36031015
36033120
36060378
36087195
36037882
36032295
36071504
36010300
36083690
36015450
36048790
36039270
36084075
36045240
36071501
36081330
36020270
36087410
36046640
36036070
36035570
36020785
36070070
36037000
36038010
36032580
36092174
36026330
36038500
36048710
36081773
36039370
36070230
36015490
36070660
36062440
36092375
36047340
36021590
36025292
36061210
36025430
36016260
36038620
36047010
36026280
36038600
36088490
36072505
36033480
36090690
36045440
36038630
36037836
36072540
36039250
36088360
36071205
36036234
36092095
36060407
36085575
36037796
36062323
36038016
36038306
36021110
36036711
36033520
36081450
36083015
36015060
36061283
36048560
36035580
36048744
36085560
36045390
36083006
36050230
36061440
36026520
36031263
36035325
36046680
36038312
36031100
36087695
36030200
36032720
36037835
36038400
36088010
36032390
36010570
36070200
36020170
36030410
36021000
36020180
36060430
36026530
36092172
36013000
36013001
36015460
36081828
36080220
36033007
36033000
36071540
36080154
36048434
36090732
36032100
36073216
36090724
36090728
36090730
36020070
36072664
36015480
36032001
36083300
36020640
36087030
36090130
36070690
36088520
36037510
36087762
36090320
36048310
36038014
36025330
36025140
36033360
36038237
36073050
36060300
36094003
36087723
36070065
36085140
36037833
36085050
36036470
36037495
36061080
36048140
36091250
36037520
36094004
36071330
36047415
36071050
36033550
36046230
36045260
36047250
36036340
36035420
36084100
36084018
36080070
36070620
36048311
36032410
36037838
36092040
36030400
36021270
36037100
36048050
36070290
36039230
36035710
36020775
36050565
36051305
36072424
36088488
36085764
36060408
36085577
36037798
36070458
36032155
36092395
36010113
36020200
36048784
36080280
36032225
36036080
36081784
36021060
36085505
36032080
36037624
36036492
36087379
36037627
36050384
36010590
36016420
36081635
36091247
36035720
36026550
36080570
36020615
36092008
36045550
36034015
36032023
36072285
36072372
36020240
36092400
36081830
36081380
36036472
36072220
36030660
36033400
36080380
36052300
36038370
36048020
36087365
36037830
36030560
36030650
36052445
36048662
36090250
36033035
36072500
36048674
36090540
36092360
36091287
36037020
36092063
36081110
36070540
36010250
36030714
36071505
36087320
36033030
36016160
36088020
36081310
36085776
36070452
36031250
36070045
36030535
36025002
36087570
36037140
36061285
36037087
36090691
36039400
36084077
36060440
36021130
36088420
36047060
36020000
36010040
36010041
36016200
36090090
36048806
36080020
36091246
36070415
36034013
36051540
36038200
36092062
36033150
36031500
36072060
36081520
36080550
36030290
36080260
36050310
36037155
36084130
36051479
36092390
36090180
36030125
36038330
36051000
36090512
36060374
36081240
36081260
36088160
36035510
36046380
36048794
36070170
36087370
36047370
36061010
36036557
36038313
36035590
36073090
36090430
36035180
36052290
36046670
36048210
36035070
36045200
36080345
36048737
36087475
36032009
36037840
36010490
36032240
36035660
36046350
36030605
36052057
36060700
36072392
36081374
36087725
36085768
36060409
36085579
36091254
36036636
36037800
36038534
36092560
36083003
36048480
36088482
36036558
36084016
36080540
36036530
36083270
36061470
36061475
36085620
36085622
36084120
36048501
36021140
36088450
36088512
36080030
36038282
36060382
36081660
36090150
36088190
36088492
36035440
36036242
36083430
36036236
36034025
36038336
36087380
36021145
36052470
36073220
36048800
36092030
36021730
36038150
36016230
36051327
36073200
36045510
36025291
36035310
36048680
36033490
36021150
36032383
36060695
36048673
36090010
36048812
36039170
36071020
36071010
36048500
36030718
36013080
36015440
36039120
36091040
36048804
36036390
36013090
36060265
36039090
36037710
36073244
36060674
36070530
36092300
36046167
36038295
36073201
36090738
36091202
36031080
36072130
36073130
36070380
36052130
36038380
36033510
36062120
36013100
36010340
36016360
36071220
36046450
36080310
36087560
36046577
36090490
36038265
36052140
36050140
36085020
36031260
36081040
36045310
36071510
36030090
36032450
36070400
36032660
36030530
36088494
36038390
36092574
36045080
36081600
36013110
36048516
36071580
36046220
36087260
36071250
36071520
36031270
36091110
36081684
36032424
36033590
36071460
36026640
36080157
36094005
36083210
36071180
36026510
36030080
36032510
36020485
36020420
36016270
36033340
36020022
36081683
36085350
36048070
36036645
36036632
36036150
36081630
36060662
36080110
36025250
36048482
36070244
36085660
36020410
36010500
36031220
36032115
36036590
36060710
36071235
36072394
36072422
36085766
36091242
36085578
36092562
36090680
36031460
36048430
36046240
36026090
36032008
36092140
36081824
36092010
36081500
36090185
36085680
36060230
36060140
36021640
36083426
36083784
36036335
36036425
36036220
36081372
36037824
36073060
36037270
36080130
36081342
36030525
36060747
36030135
36070110
36085445
36085520
36032022
36092408
36033025
36087010
36037496
36081798
36032060
36083017
36090515
36085510
36030129
36037590
36030760
36090704
36073208
36085100
36046180
36045285
36072703
36031120
36025450
36021740
36085430
36081160
36083815
36032200
36083200
36083802
36092578
36050450
36048649
36038140
36050496
36026070
36035752
36046032
36036348
36051410
36030270
36085610
36032690
36083380
36083150
36038120
36033140
36083540
36052320
36052322
36037762
36090280
36060667
36051240
36010110
36013010
36013011
36083782
36016400
36026320
36083335
36015470
36072095
36036360
36061370
36038590
36020515
36036090
36035150
36080140
36021460
36061000
36080210
36037887
36081300
36020021
36046270
36046520
36025190
36033630
36021380
36090370
36051130
36036430
36072210
36038650
36083490
36081270
36070430
36038640
36035680
36032012
36036346
36087070
36087390
36085400
36046690
36036643
36036254
36085370
36025640
36047180
36016470
36025440
36026045
36080152
36062200
36061570
36070360
36039240
36033390
36037450
36060720
36060421
36085765
36081665
36036260
36037070
36070010
36010000
36010001
36010002
36010003
36016000
36016015
36036130
36026240
36031330
36060210
36032350
36032025
36060470
36026160
36036635
36047310
36090650
36081272
36081786
36021440
36038455
36062240
36036235
36060460
36072704
36072360
36083019
36091120
36030640
36083290
36025260
36080320
36062100
36037722
36031264
36080150
36070470
36090290
36036248
36087680
36060390
36072290
36035465
36081480
36010030
36036246
36052590
36062450
36060454
36020040
36037210
36013120
36072275
36015500
36038310
36060279
36048810
36031544
36015220
36060666
36073100
36032083
36013130
36010270
36085210
36081626
36088394
36035320
36037310
36085120
36031320
36070520
36083660
36051445
36038490
36021290
36060060
36087758
36085060
36016150
36031060
36062290
36045450
36047240
36035600
36050280
36034027
36083807
36038080
36085330
36037600
36091070
36060422
36092566
36080040
36037871
36037863
36030000
36031000
36081390
36037320
36084004
36021230
36090350
36081800
36081100
36052460
36071320
36032570
36048476
36036464
36036484
36036462
36070420
36025360
36045070
36015150
36090310
36030740
36083240
36072120
36048814
36039180
36051170
36038018
36092130
36048846
36046660
36072430
36087075
36010025
36031360
36021580
36026170
36010400
36010160
36083570
36092274
36048714
36051500
36081080
36070500
36025500
36013140
36060590
36036241
36071150
36048510
36010020
36010021
36016320
36016321
36025290
36033318
36071030
36033280
36084082
36037873
36021410
36081050
36083000
36087520
36030350
36037775
36081360
36081622
36092110
36087727
36036350
36052070
36087145
36061042
36061425
36032029
36084073
36050575
36031042
36037467
36061430
36025050
36037050
36037690
36030340
36032260
36052250
36087717
36032500
36037816
36038210
36021510
36047460
36060740
36072065
36060424
36083030
36048816
36092638
36025130
36031369
36030655
36021530
36046500
36050180
36037340
36035430
36088200
36092410
36081650
36085240
36081796
36039340
36048397
36071190
36083013
36035470
36073202
36048395
36087180
36087590
36033650
36048748
36070680
36038020
36051120
36032710
36021420
36035380
36010350
36048780
36032470
36013150
36016390
36032247
36087340
36071060
36037402
36048818
36039425
36083080
36091283
36083060
36048820
36090513
36030590
36060220
36033370
36088390
36083460
36092170
36046290
36072175
36031490
36036190
36070650
36037170
36037829
36047270
36033610
36061520
36032215
36083220
36051522
36036030
36092626
36037260
36085667
36031375
36025600
36010220
36010180
36088516
36052260
36047090
36060591
36045210
36092406
36048670
36090400
36032085
36016190
36048519
36046060
36085270
36046620
36026580
36072330
36031240
36030123
36080361
36081838
36071490
36087490
36048645
36046250
36090436
36051510
36045320
36072702
36032180
36026440
36037560
36087170
36037808
36032640
36046490
36060130
36046140
36070545
36088330
36071321
36080450
36026080
36030126
36046150
36083410
36050337
36080230
36030142
36030122
36081370
36083305
36025200
36060280
36035610
36037500
36083012
36035280
36050465
36094540
36045230
36090510
36020680
36047616
36020430
36070720
36060345
36021320
36025570
36085665
36081808
36016580
36015270
36088380
36020300
36047265
36025460
36032227
36072270
36021425
36033020
36047600
36083725
36021315
36032520
36037812
36087150
36072659
36013160
36036450
36048665
36048660
36010130
36021600
36088030
36072230
36010150
36010090
36015040
36072292
36021141
36090600
36046700
36021135
36020460
36036561
36047360
36092065
36061410
36083007
36080520
36047610
36070570
36046480
36030060
36025650
36062052
36021090
36020670
36036237
36052240
36087435
36032202
36088340
36090722
36047420
36036600
36033320
36033160
36047430
36061550
36038040
36062190
36084083
36094010
36088170
36061020
36062470
36047602
36046310
36031150
36046120
36062300
36060480
36091080
36048672
36092240
36051250
36081836
36036244
36030610
36047317
36032650
36061290
36030100
36088532
36048850
36070090
36070150
36021310
36030120
36030121
36061502
36036644
36036638
36036647
36016500
36083580
36010390
36021490
36080440
36038090
36071240
36085157
36050430
36050432
36061420
36060290
36061350
36085290
36048786
36031040
36048682
36087367
36088050
36036625
36036400
36081116
36052480
36090700
36081820
36087405
36046400
36047260
36084071
36050330
36046340
36085500
36038332
36071340
36050030
36072410
36061150
36032002
36048788
36038100
36025270
36038235
36083004
36037760
36083720
36021680
36048230
36038340
36038536
36047449
36030310
36081802
36035190
36037670
36090692
36060080
36037794
36037420
36083212
36087670
36036100
36047614
36031367
36031410
36033680
36032620
36025030
36060650
36025630
36032680
36081826
36081070
36085530
36038316
36046185
36048731
36070335
36081640
36030127
36072200
36081290
36081350
36087400
36048420
36020480
36073209
36052117
36092580
36051075
36087495
36081834
36031281
36037205
36038190
36061340
36087470
36026340
36090590
36091205
36025481
36088060
36048849
36037770
36091289
36090230
36085570
36021710
36094008
36045480
36038135
36010580
36048690
36083680
36035725
36032330
36052360
36073206
36072450
36087650
36071070
36026120
36033380
36037080
36047375
36087726
36035790
36080362
36062220
36038283
36037724
36047365
36033225
36087100
36037610
36094017
36088070
36026600
36072400
36036680
36052555
36020720
36047380
36015180
36036580
36070510
36047285
36032360
36048664
36091235
36036440
36037230
36020190
36032245
36094014
36091204
36090420
36047000
36026050
36047470
36091284
36090222
36037460
36036230
36035690
36035689
36036330
36038302
36061506
36033570
36052115
36092570
36032244
36033600
36070440
36080340
36038318
36081490
36087225
36021210
36032190
36083842
36031020
36088090
36088270
36070640
36025100
36087090
36021100
36048530
36085070
36080370
36070710
36081792
36037550
36087377
36083375
36020580
36021340
36026470
36010450
36026190
36030460
36090652
36051390
36072380
36030230
36083440
36031045
36051350
36030210
36087510
36037784
36051326
36087736
36091206
36037785
36072670
36048652
36021540
36081780
36070460
36083772
36050500
36060394
36037092
36038015
36062360
36050190
36037200
36091030
36091251
36090708
36048651
36047624
36085190
36081788
36092630
36010480
36070300
36088250
36072190
36092100
36088530
36048440
36010170
36051100
36081685
36087420
36031400
36060560
36050275
36050120
36050260
36031075
36038060
36031532
36032150
36083610
36030070
36085440
36061280
36050160
36038070
36070310
36046420
36037030
36038180
36048245
36051320
36048742
36038136
36033110
36081700
36061220
36081806
36046430
36032030
36036637
36035670
36048668
36045430
36032026
36083813
36048696
36045470
36026180
36047450
36080050
36092007
36050220
36020740
36038360
36083803
36062410
36047315
36048001
36047362
36038334
36038259
36088065
36062060
36081570
36037806
36010540
36032400
36092420
36071575
36072117
36045295
36092020
36081140
36036243
36060050
36035450
36060260
36036536
36048736
36037765
36081000
36083750
36085000
36087000
36090000
36092060
36092235
36016280
36088220
36092552
36037802
36085770
36060425
36037810
36060030
36088332
36062020
36025635
36026560
36016170
36070350
36048782
36083500
36021220
36035755
36052058
36060750
36060426
36013022
36033792
36060120
36072324
36015230
36037754
36092277
36026260
36060600
36061190
36060190
36061050
36072145
36072100
36035160
36072480
36035205
36038308
36030330
36081114
36010550
36026400
36047170
36037498
36031110
36037060
36052430
36081777
36046650
36048045
36036270
36070580
36038012
36052210
36015320
36038420
36060360
36083011
36037622
36037750
36060572
36046530
36085300
36072590
36060040
36052000
36051160
36087155
36032490
36038335
36038284
36081682
36090570
36090610
36036466
36039423
36016370
36088337
36091273
36038170
36051450
36037430
36032430
36032370
36026570
36045290
36031392
36083780
36070450
36031370
36072595
36030580
36030027
36030630
36061230
36088320
36046578
36083390
36085420
36048010
36026210
36071280
36081580
36036478
36061090
36080285
36036634
36025170
36039010
36088510
36083002
36080600
36036200
36080100
36083670
36026590
36026300
36026315
36070242
36080580
36030470
36037463
36071370
36032024
36048802
36030045
36052500
36045280
36020570
36045560
36046576
36013170
36016410
36073140
36073110
36060380
36071000
36015210
36071585
36071210
36072655
36050382
36070140
36062180
36035500
36031538
36045460
36032205
36061270
36021690
36033350
36073210
36090210
36039420
36015380
36085763
36046205
36046130
36015290
36071555
36037623
36030490
36088212
36070480
36091150
36087640
36021170
36037700
36036420
36062480
36047220
36087200
36030440
36088370
36088485
36048756
36030713
36030450
36061030
36083214
36037852
36048702
36087760
36034023
36060428
36047622
36038610
36020520
36026380
36048380
36039140
36036160
36034011
36080420
36025280
36039130
36039020
36060320
36071430
36085110
36080363
36031373
36016460
36060340
36047480
36046100
36081250
36087710
36081760
36072440
36031540
36036239
36051050
36083620
36062110
36048392
36038528
36083424
36050550
36025580
36081730
36016480
36032670
36030025
36048654
36030600
36083160
36081689
36081822
36090635
36030750
36071420
36051460
36048692
36037630
36035240
36038304
36092568
36037890
36062210
36039290
36061130
36070020
36036256
36047200
36061504
36047328
36037826
36080156
36032007
36048845
36032010
36015050
36081620
36021020
36033430
36080180
36094012
36083776
36036476
36032031
36030480
36035640
36032004
36051310
36037465
36038430
36088440
36090560
36020160
36072510
36090110
36020175
36035700
36050390
36026230
36048160
36037516
36032175
36032003
36048040
36060610
36073040
36081775
36048512
36035170
36045481
36088300
36048666
36092490
36090670
36010541
36048678
36033100
36087110
36030124
36085010
36088260
36072030
36030160
36060384
36035730
36060381
36081804
36033012
36048735
36035685
36020600
36048120
36032340
36070191
36061310
36088140
36081774
36088392
36091293
36090220
36090225
36033470
36051325
36060347
36031440
36083774
36092230
36092210
36032019
36048507
36070630
36081180
36025295
36070550
36033450
36048550
36015310
36061200
36033500
36084125
36081771
36048505
36088100
36051220
36048180
36032044
36087500
36036247
36035060
36088230
36046320
36050470
36037621
36091208
36080490
36048648
36081274
36081772
36083275
36090736
36052560
36030520
36072663
36038311
36090702
36036560
36030360
36072390
36092090
36091248
36037886
36010430
36062170
36071090
36080390
36035050
36035780
36080010
36070130
36090330
36036370
36094007
36087430
36051420
36088524
36048514
36045330
36039260
36037660
36038320
36032027
36051110
36081550
36047612
36026200
36037846
36072555
36033170
36037892
36033460
36015070
36010460
36050050
36020351
36036495
36080300
36087715
36087730
36090300
36051040
36070040
36025000
36025001
36035140
36081670
36015260
36070180
36050170
36048734
36037485
36016530
36032210
36062057
36087750
36060670
36084104
36015090
36048610
36060370
36036712
36062380
36045110
36046190
36033560
36026232
36026000
36015330
36035560
36047330
36037410
36026140
36013005
36081770
36073000
36088534
36037530
36016080
36080560
36048704
36080129
36010118
36047290
36052520
36052230
36033250
36083520
36088240
36087217
36070610
36037110
36047300
36073222
36050290
36071500
36081776
36083020
36072250
36047500
36048290
36092510
36034017
36020490
36025520
36045530
36081686
36020530
36052450
36060195
36061500
36060490
36062010
36046390
36046200
36046265
36060250
36047210
36036320
36080530
36013180
36025185
36025160
36081590
36047120
36092480
36051270
36072105
36072020
36037877
36052160
36035250
36085340
36033230
36051080
36070340
36033580
36016040
36048822
36034031
36037404
36091232
36047620
36090390
36048706
36085490
36033260
36085040
36033190
36048705
36039110
36060330
36070260
36072575
36062460
36045540
36081340
36081230
36038540
36085390
36031140
36051340
36036344
36091234
36087514
36035410
36092160
36031420
36092320
36038524
36032220
36032270
36037570
36070030
36062160
36088180
36031366
36070210
36090720
36072690
36035230
36047447
36039165
36046630
36035100
36087764
36030700
36013007
36083190
36047490
36080410
36046540
36083014
36073232
36015520
36083140
36030190
36087160
36088130
36026110
36088210
36015250
36071400
36030665
36051385
36035330
36072620
36033040
36016140
36062270
36080085
36087724
36061250
36032750
36016120
36081055
36080400
36071440
36083280
36032015
36090617
36025510
36048100
36048260
36048432
36047440
36081430
36048470
36050333
36091252
36037818
36034033
36071360
36085762
36037790
36036710
36051090
36060500
36038145
36088400
36039160
36048250
36073205
36032170
36080350
36050100
36071290
36060310
36062055
36081778
36037842
36015350
36016010
36016011
36016550
36026220
36020560
36070190
36037515
36085230
36090170
36062327
36015170
36047248
36072170
36060110
36048730
36033060
36020750
36032590
36060673
36048115
36048716
36083180
36047190
36090712
36047604
36092631
36039415
36071200
36092270
36060456
36083422
36026370
36085155
36048280
36052490
36072666
36037120
36037300
36073218
36034009
36025660
36031050
36072426
36052050
36048650
36085320
36032560
36092564
36073238
36050520
36037640
36092150
36038470
36051400
36051260
36033130
36051045
36021180
36070240
36036685
36045300
36035080
36051380
36010060
36016290
36033220
36080360
36088526
36047305
36021080
36087050
36020020
36045400
36025007
36016340
36085772
36015430
36015368
36070600
36031030
36026075
36071470
36036482
36081120
36088110
36060090
36071450
36047400
36085670
36046050
36038333
36030720
36051214
36051115
36083510
36071380
36039000
36048708
36080190
36083170
36051180
36045350
36048518
36081720
36025210
36045140
36081030
36083045
36092627
36062310
36092064
36048502
36052054
36033090
36020060
36010305
36046040
36047040
36048130
36090615
36085460
36051530
36083110
36020090
36091256
36060255
36030132
36048340
36050375
36021142
36030711
36037490
36037868
36015420
36015284
36048824
36031279
36060396
36048653
36039208
36015160
36045228
36072050
36013250
36048110
36016090
36047230
36038260
36092401
36038035
36060580
36073242
36025350
36010100
36090340
36036342
36033310
36046330
36031230
36087630
36060170
36090740
36035460
36092637
36081210
36090693
36083310
36062090
36045570
36087085
36083255
36084076
36071175
36048350
36037480
36032280
36048320
36010371
36087754
36061320
36048305
36072470
36025340
36015300
36037180
36052280
36026005
36026290
36087530
36032540
36030140
36070250
36080160
36010440
36080430
36091210
36091130
36090660
36035400
36036620
36038130
36046262
36090550
36021570
36039430
36036445
36035090
36035110
36036170
36072180
36084012
36021050
36083420
36046172
36087635
36038350
36092061
36036448
36045100
36083400
36092404
36061360
36037280
36081170
36039115
36092392
36081190
36020330
36025120
36091000
36071410
36035770
36038319
36034037
36046160
36015110
36083075
36050110
36020150
36039380
36046080
36030716
36033270
36038520
36010230
36062130
36038460
36020050
36085080
36047140
36010240
36025530
36085130
36046170
36046165
36070451
36050250
36039410
36037876
36088484
36034019
36033010
36038580
36030250
36090260
36071507
36038285
36026030
36013190
36038550
36088435
36071502
36045360
36092511
36010330
36036010
36060680
36091125
36091231
36048315
36032094
36032098
36032096
36032092
36037855
36091275
36091140
36046571
36085771
36048808
36039205
36088486
36039280
36090718
36061330
36036490
36090698
36046279
36046280
36081090
36039202
36035270
36015010
36073214
36090100
36085767
36090240
36037470
36035290
36032395
36087040
36033016
36048330
36060570
36052350
36030717
36033660
36092576
36036232
36081810
36083786
36050150
36085448
36031480
36085030
36035340
36038287
36060012
36052380
36048400
36083325
36083770
36071260
36045250
36092625
36039100
36016070
36037360
36072310
36071100
36083018
36087512
36037540
36085640
36016050
36021610
36073080
36046460
36035370
36031160
36083805
36051252
36051470
36013200
36092403
36085690
36050265
36050090
36050270
36036233
36021635
36070410
36083560
36035750
36036646
36085760
36046030
36045120
36035000
36015510
36013020
36010010
36016310
36010011
36016311
36010012
36025020
36021630
36026495
36026500
36037896
36048300
36010070
36010071
36083808
36032384
36026100
36070490
36036633
36092554
36038385
36013210
36031380
36037780
36081688
36060530
36010210
36048520
36072140
36038220
36037380
36032682
36010405
36087375
36048484
36026040
36081782
36083250
36020290
36092394
36061490
36073224
36051060
36084014
36046610
36060450
36036559
36025005
36016380
36090716
36051290
36032042
36036649
36085310
36071270
36031065
36052330
36083340
36072350
36083811
36010115
36037440
36070080
36052370
36032226
36032095
36062325
36013220
36085410
36038510
36048478
36026630
36081560
36036210
36032243
36070456
36034050
36036249
36039390
36090070
36080090
36045410
36046000
36099899
36081687
36037772
36084051
36047070
36087580
36021620
36037250
36039320
36060100
36020440
36021660
36032440
36021470
36039050
36037492
36036252
36032290
36087360
36081420
36047350
36033003
36013230
36038570
36013240
36010359
36010360
36033080
36036553
36010382
36010520
36045155
36045370
36010386
36010510
36046020
36032120
36010080
36010081
36025674
36025150
36083050
36030010
36087215
36072660
36020521
36085580
36013260
36015410
36015282
36087060
36092460
36050185
36037787
36071140
36072600
36091212
36050210
36060398
36061040
36046090
36048843
36087480
36091090
36030145
36092200
36037850
36037150
36090645
36092558
36087220
36088336
36052120
36087700
36072150
36046574
36072110
36092273
36088511
36091214
36031200
36092272
36047445
36030170
36094002
36088518
36050510
36092275
36036570
36032380
36083822
36080465
36036510
36092450
36048457
36032110
36072580
36036540
36051140
36033011
36045060
36083085
36033070
36072040
36038530
36050495
36061180
36048240
36036520
36070000
36062000
36035010
36052550
36026420
36050020
36070454
36083550
36081799
36025040
36087080
36037755
36013270
36015390
36015366
36085360
36081400
36026450
36025610
36050335
36050580
36092500
36083700
36031282
36032530
36038436
36081794
36045180
36035550
36087450
36088000
36020310
36087620
36035360
36013280
36032422
36016250
36088430
36087355
36047280
36020770
36015100
36052060
36083350
36060571
36092556
36081065
36088536
36052570
36037804
36083571
36037005
36021144
36037466
36021360
36090654
36036497
36090030
36090020
36031396
36080240
36060678
36010380
36052051
36032700
36025180
36021070
36051520
36015140
36050010
36060180
36092470
36080120
36031090
36032730
36045490
36048080
36090190
36060665
36060672
36046579
36037580
36085470
36030475
36050440
36073240
36083360
36021500
36052020
36083120
36038526
36046360
36037880
36030185
36016350
36081840
36025320
36020500
36015360
36015455
36013312
36062330
36088015
36033300
36081460
36081690
36090270
36088040
36039360
36025560
36030040
36020620
36087540
36072340
36083530
36092120
36088493
36048200
36036480
36092440
36037885
36030020
36048486
36073212
36035390
36071506
36047020
36052580
36021650
36071498
36045380
36020360
36039350
36039310
36031394
36035260
36071560
36083650
36037888
36061240
36033620
36081779
36036460
36085335
36038290
36071503
36073120
36073185
36020760
36051370
36051300
36034005
36092180
36083035
36048826
36015020
36073070
36073180
36087550
36045000
36051550
36051295
36038230
36032006
36087402
36035490
36020370
36080045
36037828
36090520
36090080
36087690
36026480
36021670
36048312
36048658
36071508
36033014
36083230
36085165
36083640
36020590
36060550
36092006
36060663
36037497
36048750
36048847
36071550
36048220
36048701
36037505
36083810
36060070
36083016
36070100
36021550
36025550
36030031
36085150
36085540
36094000
36094016
36094006
36037090
36021010
36047320
36085250
36060350
36046210
36088335
36037350
36038532
36052059
36037220
36035300
36026390
36030050
36033440
36084010
36046036
36080262
36080330
36080080
36083590
36090530
36038410
36025070
36070220
36025080
36035121
36020030
36015280
36038000
36088150
36090734
36073228
36090040
36073230
36073226
36025090
36035210
36038450
36037720
36030570
36046370
36088480
36034029
36036610
36083778
36050460
36039040
36045580
36060000
36090500
36045130
36015340
36047626
36087140
36052220
36048410
36031534
36037035
36072530
36081530
36030180
36085550
36031310
36032246
36035772
36033285
36015200
36037844
36050200
36030165
36037752
36087610
36072640
36037464
36080460
36083432
36032550
36087721
36031542
36083809
36020730
36031430
36087395
36048090
36045520
36051210
36048738
36083600
36045283
36073204
36087190
36038434
36061480
36016220
36036631
36038317
36037825
36026010
36037827
36037831
36031365
36092572
36032320
36038239
36030110
36037400
36026430
36085220
36048472
36051399
36092271
