33230250
33230564
33230710
33233660
33234402
33234446
33234683
33236214
33236854
33237000
33239835
33240032
33240034
33240268
33230705
33230693
33236746
33231012
33236003
33234310
33230782
33236004
33236122
33233178
33230246
33230172
33230164
33240160
33230109
33236132
33239112
33236428
33240064
33236444
33231550
33239004
33240016
33239098
33236130
33239172
33231570
33231542
33236542
33239216
33233158
33230242
33240018
33239356
33236572
33234769
33230770
33240088
33236482
33236398
33230124
33236616
33236710
33231000
33236106
33240095
33233064
33233120
33233110
33230226
33230264
33234200
33236310
33240010
33239138
33234555
33230858
33233176
33230792
33233124
33233058
33234150
33234640
33234550
33230660
33234560
33236556
33237256
33230170
33230034
33236490
33233208
33230194
33234204
33239272
33239302
33234575
33239144
33230046
33234535
33239088
33239406
33236156
33234580
33233002
33236046
33233250
33230198
33234306
33234778
33239132
33230145
33230262
33230228
33234240
33239290
33240020
33231018
33233054
33236060
33239264
33231532
33233026
33230350
33239052
33230306
33233082
33239154
33230870
33230818
33233324
33236538
33237242
33236342
33239370
33234772
33236250
33233200
33233190
33236096
33234590
33233179
33236446
33239106
33239116
33234112
33239353
33239008
33231645
33236332
33239334
33237262
33235010
33240009
33239876
33233740
33236464
33236470
33232004
33239322
33236424
33230240
33240026
33230560
33230730
33234444
33234686
33234724
33236216
33237002
33239830
33239854
33239892
33240036
33240280
33240013
33236704
33236450
33236700
33233152
33236320
33239142
33239786
33239422
33239118
33240350
33236454
33239852
33236560
33239254
33239092
33233569
33233006
33236530
33231665
33232008
33239298
33230766
33230814
33239222
33239238
33230121
33236108
33230303
33236582
33233182
33239316
33236420
33230300
33239150
33239146
33239120
33239076
33233188
33231564
33231326
33240014
33233320
33235000
33234680
33230562
33230738
33233553
33234410
33234442
33234720
33236212
33237004
33240274
33240294
33237250
33239788
33239062
33230279
33234793
33236344
33239236
33239872
33239883
33239086
33236548
33231660
33232020
33234220
33236512
33233266
33234180
33237246
33234545
33231536
33233046
33236002
33233070
33239820
33236452
33239199
33236618
33234168
33233012
33233258
33233180
33236590
33236298
33231562
33236604
33234432
33239846
33233216
33240314
33233204
33230790
33239856
33239880
33230288
33230202
33236422
33233140
33234298
33239438
33233166
33230260
33230085
33236072
33234210
33239410
33239840
33231305
33236480
33239340
33239078
33240150
33240134
33240132
33240138
33240140
33240136
33240148
33240146
33240144
33240142
33236402
33234302
33234430
33234420
33230794
33233234
33236578
33233186
33231323
33231320
33239282
33230386
33230450
33230700
33230718
33231006
33231228
33231412
33231596
33233304
33233674
33233744
33234142
33234512
33234632
33234714
33236178
33236362
33236396
33236653
33236680
33236844
33239682
33239698
33240091
33240242
33240250
33236292
33236264
33231548
33233238
33236274
33240154
33233052
33236546
33232024
33233262
33233576
33233232
33233406
33239002
33233563
33230052
33234190
33234440
33236080
33236024
33233330
33230798
33236514
33239344
33236400
33236602
33231568
33233224
33239884
33236564
33239156
33230764
33230359
33236614
33234235
33234294
33234540
33234192
33233144
33237258
33239040
33234605
33230568
33230734
33234404
33234722
33237010
33240270
33239858
33230832
33231150
33230430
33236702
33230232
33236438
33234595
33233096
33233410
33230040
33230001
33231560
33231604
33230436
33230402
33234158
33233760
33236370
33236674
33236834
33240085
33240238
33231584
33236784
33231612
33230390
33236692
33236788
33231614
33236666
33236786
33231616
33230417
33236782
33231056
33239054
33240370
33236440
33230115
33230384
33240276
33240030
33240272
33231129
33231222
33231403
33231592
33230752
33230724
33230704
33230682
33230446
33230432
33230414
33230341
33236094
33236172
33234422
33234522
33234528
33234626
33234674
33234710
33233748
33233664
33233592
33233386
33233365
33233302
33236364
33236524
33236656
33236662
33236724
33236794
33236848
33237012
33239686
33239692
33240043
33240234
33240254
33236749
33230088
33233044
33236252
33236312
33236321
33236711
33236225
33236271
33236213
33236730
33236114
33233078
33240070
33231544
33231608
33230396
33233762
33236678
33240089
33230139
33239206
33230732
33230566
33234408
33237008
33240262
33230335
33234104
33234160
33236085
33233575
33230344
33230852
33230332
33236282
33236162
33240097
33230824
33234600
33234702
33233240
33231500
33231310
33236516
33234650
33234120
33231044
33236350
33233150
33230220
33233107
33233218
33236296
33239860
33230320
33236598
33230061
33230338
33230297
33236180
33230736
33234412
33237006
33240266
33240342
33236048
33239006
33230751
33230711
33230731
33234177
33234531
33230691
33234361
33234621
33234671
33234800
33234511
33233094
33236300
33239158
33239104
33239184
33239160
33236134
33240310
33234438
33236522
33230863
33234530
33234364
33234314
33230788
33239332
33233071
33236393
33233420
33230094
33239048
33239862
33239090
33236290
33239402
33239300
33239286
33239122
33239306
33234745
33230323
33233116
33230635
33240318
33234414
33237014
33240264
33236534
33236584
33236104
33236408
33236496
33236532
33239864
33233230
33236118
33230347
33236056
33239296
33236126
33236120
33234152
33230371
33236102
33239805
33239010
33239850
33240024
33234766
33233550
33233545
33230010
33233024
33236000
33239250
33236040
33236090
33239224
33236020
33240080
33233126
33240334
33234676
33234739
33234802
33240322
33231024
33239280
33236223
33233170
33236270
33230238
33234400
33236076
33237020
33240260
33239016
33239288
33233030
33233028
33234690
33236272
33234108
33233004
33236098
33236042
33239110
33239350
33230816
33240302
33236340
33236010
33239228
33239866
33230236
33237024
33240278
33236032
33236430
33236294
33230037
33234230
33234174
33240058
33233074
33239266
33239268
33236518
33236220
33239412
33236412
33236500
33236520
33236486
33236414
33230784
33231510
33234350
33239336
33239868
33239580
33233236
33234154
33236592
33236600
33239256
33233000
33230822
33230854
33230850
33239082
33239416
33239414
33230420
33237028
33239108
33236502
33233016
33236406
33231030
33231335
33231300
33230780
33236484
33233010
33233226
33239800
33233333
33234162
33239096
33239870
33233331
33236508
33239338
33236528
33236712
33236016
33236580
33239252
33236210
33233086
33230826
33236138
33230103
33236058
33233114
33239176
33240000
33233018
33239270
33230365
33236322
33236218
33236640
33236273
33236352
33234136
33233084
33231026
33234128
33230196
33239050
33230294
33236112
33230890
33233068
33230860
33234726
33236150
33230312
33230740
33234178
33230230
33239200
33230291
33233038
33230127
33236050
33230842
33233088
33239182
33234790
33231002
33234610
33230326
33230762
33236092
33236460
33239180
33233066
33236054
33239276
33230768
33230064
33234763
33236110
33236158
33236100
33239312
33240086
33233572
33231040
33231110
33230190
33239230
33239014
33234290
33234362
33236044
33236124
33236074
33239408
33230276
33239234
33233076
33230097
33230025
33239405
33234757
33239790
33233244
33230382
33236254
33236262
33230043
33236052
33233210
33236152
33230174
33236160
33230200
33230285
33230079
33237240
33233540
33230838
33234360
33234132
33230082
33233056
33234742
33233222
33230650
33230031
33233112
33236606
33230142
33234748
33233542
33236462
33239198
33234705
33236554
33237260
33232012
33230830
33237030
33240062
33237034
33239274
33236164
33236128
33233252
33236286
33236555
33236448
33236570
33236280
33239882
33236624
33239774
33239446
33239400
33230273
33236612
33236458
33236586
33233022
33231554
33239094
33230100
33233400
33233080
33236144
33239874
33239134
33240100
33240380
33240400
33239844
33233206
33230282
33236070
33233100
33239218
33239192
33233556
33239365
33239358
33239136
33234176
33236456
33231650
33234585
33230160
33239202
33239126
33230076
33233020
33239426
33234406
33237032
33231295
33236306
33236505
33233050
33236468
33239084
33239780
33230808
33239772
33236140
33239825
33230038
33230118
33239214
33239128
33239056
33233270
33236410
33236154
33236796
33236758
33233286
33233172
33230772
33234784
33240012
33239294
33234116
33234646
33231576
33234699
33236256
33239051
33230309
33230162
33236142
33230112
33236596
33233254
33233292
33230380
33234565
33236750
33230133
33240052
33230393
33230368
33236013
33234754
33239436
33240354
33233148
33230405
33233136
33236062
33239066
33239888
33233034
33239292
33230022
33233128
33240158
33230073
33230070
33233118
33233122
33231050
33239018
33230028
33239072
33239318
33239190
33239074
33240306
33236706
33236714
33239193
33239418
33239130
33233560
33240290
33239818
33237026
33230411
33239068
33239889
33234642
33236708
33234170
33230840
33233566
33236588
33239816
33236036
33236626
33236574
33239203
33239201
33239792
33230055
33239210
33239308
33230292
33239878
33230058
33239310
33239212
33230834
33234751
33236146
33239058
33239070
33230444
33231147
33231602
33233756
33236688
33236738
33236832
33240083
33240240
33240366
33237022
33230234
33230836
33239782
33236488
33230442
33231144
33233678
33233766
33234510
33236374
33236494
33236686
33236836
33240244
33239814
33236302
33239196
33236372
33234644
33239324
33240002
33230016
33233202
33230804
33239784
33231503
33236752
33234166
33231606
33233758
33236672
33236734
33236830
33237264
33239262
33230019
33239260
33239220
33234198
33236148
33230356
33233260
33239174
33236338
33239360
33240156
33239704
33231058
33239442
33240050
33236741
33233048
33236258
33239232
33237036
33231330
33231290
33239890
33236334
33230796
33234434
33236353
33236510
33239770
33239320
33236544
33237254
33233174
33239432
33233156
33233162
33236226
33233072
33233142
33231630
33236336
33236736
33231004
33230895
33233146
33233268
33240152
33239812
33236540
33230244
33230150
33230786
33236466
33231640
33233326
33239342
33231520
33236498
33236552
33233160
33230806
33236526
33231048
33233130
33231534
33239430
33240022
33233168
33232028
33230800
33234436
33236404
33239778
33236550
33233328
33230662
33230872
33231591
33230270
33230329
33230640
33230670
33230760
33230880
33231028
33231120
33231530
33230222
33230180
33230166
33230106
33234196
33240004
33239226
33239194
33236038
33239080
33239434
33231052
33239444
33231552
33231588
33236390
33239440
33233768
33236668
33236776
33230448
33230698
33230720
33231008
33231135
33231226
33231409
33231600
33233310
33233375
33233380
33233590
33233668
33233746
33234144
33234518
33234630
33234712
33236176
33236356
33236395
33236655
33236664
33236842
33239284
33239678
33239696
33240092
33240230
33240252
33231020
33239810
33231586
33236684
33236778
33230224
33236116
33234775
33239012
33233578
33230828
33236276
33236284
33239240
33234736
33230810
33239403
33239886
33236288
33231540
33233184
33239428
33233062
33239795
33239124
33230091
33233164
33233138
33233220
33239304
33234570
33233390
33239102
33230423
33240298
33231556
33239186
33239148
33239046
33231566
33230192
33230210
33230067
33234787
33239140
33239842
33234366
33236536
33236432
33231042
33240338
33236594
33241899
33233032
33233014
33236558
33233334
33231655
33232000
33236434
33231054
33230152
33236442
33240051
33231506
33236492
33234156
33237248
33236136
33230013
33233092
33236436
33239204
33239424
33240054
33239100
33233322
33233256
33236028
33230130
33231016
33233036
33234730
33240130
33230408
33230438
33230702
33230716
33231138
33231415
33231594
33233312
33233676
33233752
33234140
33234206
33234526
33236366
33236652
33236682
33236838
33239702
33240248
33233154
33237244
33230802
33239114
33230362
33230440
33230690
33230714
33231141
33231574
33233754
33234524
33234622
33236368
33236676
33236840
33240246
33236304
33230136
33234696
33240082
33236308
33234250
33240346
33233332
33234194
33233105
33236608
33230630
33234796
33240330
33234100
33236622
33233008
33231022
33236576
33239000
33230353
33234164
33233042
33239314
33233132
33240056
33236756
33233283
33231538
33231046
33240326
33231546
33233370
33230452
33230684
33230694
33230722
33231010
33231132
33231224
33231406
33231598
33233306
33233383
33233594
33233666
33233750
33234146
33234426
33234520
33234624
33234672
33234716
33236174
33236360
33236650
33236670
33236726
33236790
33236846
33237018
33239670
33239694
33240046
33240232
33240256
33240006
33231610
33233764
33236690
33236732
33237252
33233090
33236562
33239448
33230812
33230399
33230434
33230680
33230686
33230692
33230696
33230712
33230750
33231014
33231123
33231126
33231220
33231400
33231590
33233214
33233242
33233290
33233300
33233308
33233360
33233596
33233662
33233742
33234148
33234424
33234514
33234516
33234620
33234628
33234660
33234670
33234733
33236170
33236260
33236330
33236658
33236660
33236720
33236722
33236748
33236792
33236850
33236852
33237016
33239674
33239690
33239700
33240040
33240094
33240236
33240258
33239137
33233060
33233134
33230856
33234172
33239420
33236620
33233212
33240362
33234202
33232016
33239662
33239665
33239659
33239653
33239656
33239650
33233264
33239044
33239278
33234124
33239242
33239258
33234760
33239060
33231635
33236504
33239330
33231558
33239776
33231618
33236780
33233040
33231580
33236766
33231622
33236772
33231578
33236630
33236762
33231572
33236636
33236768
33231624
33233395
33233415
33236764
33231626
33236633
33236760
33231582
33236770
33231620
33236506
33236774
33234781
33230049
33230820
33236392
33239042
33236740
33236754
33236744
33236742
33240358
33239170
33239064
33234693
33230866
33239178
33239152
33236426
33236610
33233670
33233672
