37200106
37207614
37206749
37203742
37203716
37206566
37202616
37202584
37205410
37207636
37208312
37200050
37203521
37200008
37207749
37201546
37200474
37200235
37205346
37205274
37200436
37200437
37200292
37200646
37206740
37206670
37209118
37207669
37208036
37208058
37206078
37204106
37206612
37201524
37204130
37206804
37209114
37200020
37207590
37207626
37202562
37202553
37200243
37200196
37200380
37200370
37208136
37205874
37205879
37200636
37205850
37209181
37203654
37203828
37206733
37200016
37206550
37207591
37207562
37206570
37200048
37202779
37200569
37200586
37202752
37208430
37200674
37201534
37207597
37207573
37202554
37202564
37202580
37202591
37202719
37203730
37203703
37203711
37202635
37202603
37203512
37200066
37200296
37209006
37209026
37203544
37209024
37207637
37200038
37206640
37200003
37206688
37205052
37206638
37202556
37202705
37204107
37208422
37206813
37208308
37208269
37202610
37203517
37203572
37203549
37205115
37205099
37200438
37205002
37200520
37208122
37200791
37208037
37206569
37207570
37207839
37206596
37200544
37200560
37200592
37206594
37202750
37202734
37202718
37202700
37202645
37203771
37209001
37205873
37200072
37206715
37205412
37203891
37200528
37207714
37200551
37205386
37202839
37202795
37205086
37207693
37205252
37205220
37207658
37200400
37205071
37206681
37207727
37207752
37207785
37201504
37200625
37201521
37203601
37203531
37202782
37205223
37209020
37203157
37205388
37202631
37203706
37202674
37207742
37203514
37209294
37206128
37203819
37205067
37209220
37202754
37202736
37206576
37206630
37202677
37200545
37209086
37200492
37205226
37202830
37202874
37201522
37205246
37200148
37207732
37206644
37207571
37209338
37208034
37208055
37200086
37208334
37202845
37202820
37209164
37208316
37209382
37205256
37205217
37203587
37202628
37206788
37206751
37200206
37208448
37208048
37207806
37203766
37207820
37200523
37206697
37206760
37206801
37200058
37207227
37200443
37207652
37200154
37206730
37206694
37200640
37200692
37203844
37203599
37200140
37203762
37200639
37200336
37208310
37203736
37200360
37200465
37209260
37200070
37203576
37203548
37207868
37207256
37206814
37206807
37200439
37200236
37203697
37200090
37203555
37200328
37200282
37200092
37200770
37200766
37200536
37202771
37200260
37207743
37203678
37203647
37203710
37205860
37206614
37209334
37200795
37208046
37209173
37203532
37206724
37202660
37207846
37200549
37200420
37200182
37200417
37200174
37202857
37202544
37202656
37200525
37200526
37203775
37202791
37200200
37204217
37207746
37203596
37203568
37208042
37202860
37202862
37206822
37207731
37202651
37205232
37205899
37205414
37205448
37205840
37206706
37206746
37207710
37208030
37208260
37206580
37208419
37208459
37207829
37207589
37207609
37207629
37207709
37207789
37207659
37205829
37206679
37207860
37205290
37205844
37202870
37206510
37206557
37207522
37200767
37206100
37204113
37203656
37207634
37209330
37202625
37208051
37202615
37208420
37208261
37200785
37208049
37204122
37206120
37205276
37208315
37207864
37209380
37209374
37201516
37201509
37200762
37208426
37205430
37203806
37200178
37205442
37205444
37207233
37204100
37203816
37207836
37207260
37200366
37200344
37202613
37206721
37206819
37209229
37209196
37201512
37201506
37205354
37207585
37208442
37200042
37209009
37209010
37207660
37200043
37206136
37203564
37200226
37209258
37200466
37203050
37200192
37201572
37205376
37207230
37202781
37200710
37208234
37208075
37201110
37205076
37205113
37205089
37205846
37205036
37200600
37200532
37200568
37208039
37208428
37206102
37207572
37207600
37205426
37207672
37200228
37200803
37203763
37208057
37203526
37203824
37206106
37205404
37202527
37206534
37206561
37207532
37203628
37200160
37200150
37200794
37200772
37200314
37207592
37200018
37207537
37207542
37207510
37200329
37200310
37200331
37209328
37200789
37209324
37207673
37200082
37200266
37209268
37206637
37200700
37200572
37207577
37200467
37209227
37207544
37205228
37205270
37205266
37200164
37202501
37200415
37208128
37203163
37205421
37201562
37203515
37200030
37209116
37206132
37203759
37203715
37203740
37200146
37203639
37203610
37203602
37200122
37200350
37200340
37200316
37207793
37200290
37205060
37205048
37206663
37206739
37207756
37201574
37207223
37203123
37203167
37200720
37208244
37208085
37201596
37202775
37208103
37201578
37202772
37208097
37201580
37205433
37208099
37201592
37203191
37208101
37205402
37202669
37203778
37205438
37209384
37201548
37201566
37202691
37206834
37201152
37206204
37206142
37201124
37200704
37208228
37208069
37200076
37200203
37205030
37205025
37205075
37205083
37205031
37209234
37201594
37203153
37200724
37208089
37202548
37202850
37202798
37206001
37205848
37200755
37200774
37202576
37203731
37202604
37202594
37205044
37206683
37205061
37200416
37203202
37202653
37202703
37202596
37202666
37206542
37207500
37207678
37207654
37205260
37200108
37206112
37200610
37202502
37203633
37203620
37203691
37206092
37207674
37207204
37200648
37206088
37201150
37200183
37208300
37208263
37207722
37209194
37200518
37200614
37206632
37208224
37208202
37206752
37209179
37205125
37206690
37205231
37205229
37207266
37203664
37205429
37209016
37206823
37205384
37207812
37207695
37209092
37206634
37203724
37207685
37209386
37200286
37203101
37205077
37205117
37205090
37208436
37207831
37200490
37200252
37200254
37200004
37207525
37206562
37206528
37206565
37209214
37208265
37208320
37200258
37206084
37206003
37205852
37207748
37207800
37207790
37208040
37202550
37202520
37206046
37209226
37201545
37209192
37200096
37200100
37206118
37200473
37200230
37203650
37209004
37207848
37200540
37200102
37202627
37207639
37208054
37205024
37209322
37203769
37202786
37202728
37209218
37200470
37203516
37200060
37209246
37200434
37203745
37203750
37206709
37202538
37206060
37206736
37206674
37200414
37205087
37205079
37200413
37206090
37206532
37206552
37207558
37207530
37207703
37207599
37207610
37203883
37206639
37203744
37203720
37200084
37205244
37203016
37209012
37209007
37200068
37200022
37206766
37206714
37200461
37200383
37200355
37209110
37207730
37207668
37207729
37203612
37205065
37205046
37205050
37205836
37206744
37206660
37200322
37200308
37203151
37207719
37200780
37202624
37208043
37206645
37200202
37208052
37201158
37203161
37205264
37203682
37209169
37208126
37203056
37205380
37204210
37202572
37202606
37202597
37208116
37203111
37208304
37208266
37203840
37208326
37202816
37201536
37205225
37205070
37205073
37205074
37205839
37205804
37209282
37206742
37208132
37206568
37209018
37209198
37203177
37202780
37209288
37208120
37200190
37203878
37206086
37205213
37202776
37203642
37207620
37208140
37200797
37209326
37206780
37206811
37206800
37204121
37207229
37200110
37204127
37204110
37202699
37202744
37202712
37209087
37200001
37206622
37206502
37206600
37206597
37202672
37202746
37202730
37205361
37205378
37209200
37200180
37208206
37209182
37203622
37202783
37200116
37208444
37208424
37208210
37203674
37207797
37208438
37207506
37200433
37203768
37202872
37200552
37200553
37206833
37205406
37200654
37209003
37203613
37200156
37207694
37207631
37205368
37206114
37200542
37205093
37208130
37208182
37200184
37200098
37200198
37200234
37209262
37200475
37200677
37200514
37202618
37202573
37202663
37207630
37202742
37202726
37208434
37206110
37205032
37209175
37207737
37207728
37200356
37206066
37205843
37206072
37206604
37200694
37201528
37206593
37202859
37202840
37206526
37205436
37202536
37206122
37203014
37206680
37205056
37208318
37208112
37206572
37207670
37203634
37203670
37209178
37200028
37206738
37206668
37200645
37202694
37207712
37207705
37203520
37202503
37203624
37202622
37202590
37209216
37202609
37204124
37202644
37200386
37209094
37202640
37205344
37205370
37205420
37205400
37208306
37200246
37207210
37209090
37200216
37203638
37205390
37209167
37203842
37205880
37206723
37207512
37200690
37208332
37200338
37200278
37200012
37206553
37207556
37203179
37200264
37204104
37203810
37207523
37205242
37203693
37209286
37203058
37200479
37200244
37203873
37205063
37200511
37200604
37200530
37207206
37205872
37206708
37203522
37200007
37203540
37206556
37206544
37200757
37209112
37206208
37200419
37202482
37200175
37202526
37203780
37203510
37200062
37206040
37205296
37203879
37203592
37200341
37200354
37205396
37203583
37203559
37200093
37202657
37207667
37207648
37203640
37208124
37200152
37200181
37200422
37202505
37203626
37202812
37207691
37206699
37200256
37200696
37200657
37202662
37202842
37205216
37209030
37203551
37203574
37200531
37200585
37200533
37200312
37209170
37202788
37203700
37202581
37202633
37203695
37209084
37202837
37207754
37204200
37201503
37200628
37201526
37208142
37205366
37209230
37209204
37209187
37209108
37205219
37203808
37207679
37207535
37206506
37200444
37200232
37200793
37200751
37202854
37202546
37200642
37209394
37207618
37202665
37200250
37208214
37205877
37209390
37200136
37203553
37203591
37200128
37206781
37206754
37209284
37201100
37207720
37203760
37203777
37200543
37206784
37201514
37201507
37200365
37200407
37203590
37208302
37209254
37205352
37203886
37200222
37207717
37205120
37200574
37200548
37209252
37200602
37201539
37205123
37205088
37205111
37205250
37205222
37200261
37209299
37209350
37206116
37206094
37200138
37203580
37203558
37206148
37201531
37200024
37200775
37200753
37200760
37200445
37200176
37200268
37200212
37203753
37202648
37203749
37209224
37201549
37209072
37206737
37206672
37206044
37206616
37200056
37200384
37202646
37203756
37209083
37203632
37203616
37205184
37205182
37205101
37205185
37206764
37206703
37206705
37207622
37207866
37200616
37209089
37200676
37209100
37209102
37209103
37203732
37203714
37209036
37202560
37202551
37200535
37200606
37206590
37200326
37203032
37203109
37200345
37200359
37200144
37200686
37207796
37203171
37206691
37200504
37200675
37200510
37202785
37200088
37200094
37200306
37202873
37200570
37200584
37200464
37205291
37207596
37209022
37209176
37200324
37200302
37203165
37200478
37206080
37203593
37207740
37206748
37206728
37206790
37206791
37200078
37205342
37200472
37200388
37207726
37200612
37200649
37209292
37200765
37206096
37205172
37203735
37205100
37204103
37203812
37202745
37202722
37200186
37202578
37202619
37202593
37206648
37209163
37209032
37207262
37202797
37209106
37209290
37200118
37206711
37205871
37207733
37200564
37200538
37202833
37202789
37207214
37209362
37205294
37203672
37203105
37200688
37203012
37204202
37209188
37200463
37207818
37208045
37200777
37203528
37200009
37203550
37209038
37209076
37209080
37200333
37209212
37200304
37200351
37200294
37209070
37209028
37206794
37205210
37205212
37202853
37202534
37201542
37206054
37205870
37207751
37203024
37203020
37203022
37200482
37202681
37205372
37205360
37208118
37206524
37207526
37206633
37207594
37207552
37202724
37208452
37204101
37203814
37201533
37206098
37206555
37207534
37200130
37203648
37200353
37207739
37207723
37202846
37206646
37206636
37205174
37205175
37207699
37206062
37200519
37200516
37200634
37200036
37203542
37203525
37203185
37209366
37203187
37203107
37207688
37203611
37200145
37202641
37203764
37209346
37208338
37200626
37201500
37203623
37200534
37200537
37203030
37203013
37202885
37202710
37202693
37202650
37209392
37209081
37207696
37209336
37200276
37207633
37202876
37206074
37209344
37200210
37203615
37200158
37202528
37209098
37200555
37200500
37205180
37205078
37205096
37205447
37206610
37207235
37204115
37205038
37207713
37208322
37208336
37200782
37206786
37205268
37202774
37206068
37201102
37202678
37200660
37205432
37203880
37208138
37203052
37205435
37208144
37200541
37200562
37206734
37202642
37209184
37202720
37202570
37202568
37202559
37203751
37203684
37202659
37203822
37205424
37207228
37207200
37203889
37203784
37200620
37209096
37203113
37209074
37202773
37202654
37207212
37200513
37200502
37205382
37205362
37200655
37202770
37202732
37206104
37202671
37200440
37203103
37201543
37202814
37200327
37202552
37202524
37202575
37203882
37207602
37207580
37206806
37200335
37200357
37203826
37203595
37203644
37205392
37207804
37206718
37200682
37200412
37206726
37206768
37206810
37200132
37203832
37202504
37203692
37203618
37208208
37209014
37205042
37206684
37205064
37205441
37209280
37200010
37207521
37207540
37202748
37207810
37205830
37206200
37206070
37203737
37203772
37206696
37202500
37203649
37203614
37203604
37203556
37200064
37206816
37206809
37203570
37206741
37206654
37200142
37202856
37203554
37203054
37203804
37200637
37205084
37207220
37207687
37202831
37200590
37202558
37202522
37203718
37205170
37205102
37203734
37201540
37208432
37208454
37206720
37207711
37205258
37205214
37206656
37206692
37206745
37206687
37203175
37209185
37207697
37207508
37209161
37203712
37203680
37200124
37208222
37208204
37208134
37201590
37207216
37207224
37203121
37200718
37208242
37208083
37207666
37207690
37207258
37201588
37207208
37207226
37206050
37203119
37203173
37202778
37200716
37208240
37208081
37200204
37206750
37206650
37208110
37207842
37207254
37205374
37205364
37200288
37207830
37207826
37203738
37201598
37207221
37208196
37200722
37208246
37208087
37201104
37203871
37203800
37207583
37207833
37206551
37206538
37203513
37200034
37203877
37209160
37209296
37203598
37205211
37205262
37203519
37207702
37207745
37203781
37202762
37204211
37203534
37200006
37207505
37200005
37203690
37203630
37202697
37202484
37202714
37207676
37203562
37203529
37200126
37203874
37203838
37203511
37200032
37209236
37209238
37202630
37209340
37207250
37202607
37204112
37206826
37208060
37201106
37203699
37202637
37203708
37203802
37208324
37206825
37206064
37206042
37208446
37206678
37208198
37200624
37200630
37200792
37200750
37200672
37203722
37206516
37207524
37206505
37207593
37207548
37206635
37209368
37208440
37205800
37206560
37208212
37202530
37202852
37202794
37203818
37203870
37203830
37206755
37206837
37200644
37200799
37207502
37200517
37208330
37207700
37201530
37206606
37208192
37202878
37200325
37200272
37200334
37200300
37200346
37205116
37205098
37205114
37205104
37205293
37200074
37206518
37209222
37200238
37207574
37200786
37203704
37203694
37207576
37200801
37200040
37207824
37200120
37202818
37209320
37203658
37205832
37200270
37200080
37200162
37200002
37206536
37207527
37206558
37206631
37205876
37209017
37207753
37203723
37205181
37207536
37203755
37202647
37206584
37209800
37201128
37208063
37208065
37206821
37208061
37202612
37205408
37201564
37207682
37203169
37208093
37200044
37209000
37207644
37207624
37201570
37204216
37207232
37201156
37206146
37200708
37208232
37208073
37209104
37201576
37205427
37203748
37208095
37206782
37207844
37209228
37200263
37209287
37209240
37209233
37206664
37208220
37208200
37200114
37201502
37201510
37200188
37200618
37204118
37202863
37207252
37206676
37209372
37203181
37208278
37200208
37208273
37209342
37208284
37206817
37208275
37208180
37206820
37208268
37208290
37208264
37208281
37208276
37208282
37208279
37208287
37208285
37208267
37208288
37208272
37209264
37200481
37205072
37205095
37200756
37206717
37200494
37206124
37209360
37200220
37200224
37205297
37207840
37207805
37207862
37200680
37205272
37209232
37200643
37206620
37206642
37205445
37207581
37207603
37205026
37203586
37203578
37203584
37204119
37200670
37200631
37205831
37205842
37209242
37200787
37203834
37203820
37200800
37209272
37205004
37200633
37200522
37200673
37200622
37207642
37203010
37206732
37206693
37209899
37200026
37207665
37207640
37200768
37200798
37208033
37200284
37200014
37207546
37207520
37206500
37205006
37203757
37206554
37206540
37202675
37207684
37200546
37200248
37202880
37209266
37200484
37205010
37205012
37205014
37200194
37206563
37203876
37209248
37207734
37207579
37207814
37200170
37200405
37200428
37200218
37207816
37207605
37207582
37206076
37206051
37208450
37205394
37200652
37203676
37205092
37203747
37205176
37206602
37203754
37207725
37200759
37205240
37205119
37206559
37206548
37206608
37200684
37201108
37200651
37207681
37203892
37200430
37201537
37201582
37204219
37200390
37203115
37200712
37208236
37208077
37208194
37205439
37202680
37207264
37201584
37204214
37205348
37207202
37207621
37203117
37200714
37208238
37208079
37200240
37209274
37205178
37207656
37202690
37202621
37203765
37209250
37205020
37202506
37202480
37205015
37200169
37203200
37202532
37200432
37203566
37203646
37203702
37202865
37203660
37203589
37203696
37200411
37205122
37205081
37205034
37205066
37205028
37205110
37205080
37206686
37207802
37207791
37205834
37205340
37207794
37209190
37207803
37209332
37209298
37202540
37202851
37202843
37204125
37200763
37201511
37200779
37204128
37205254
37206546
37203885
37206805
37206792
37205040
37207675
37209348
37200539
37201501
37207736
37206591
37206803
37203888
37204116
37209370
37200071
37203546
37207837
37207587
37207606
37206108
37200134
37203597
37203552
37200382
37200462
37200368
37205423
37200769
37200661
37207663
37207750
37209091
37203662
37205022
37205838
37206831
37201568
37202696
37204213
37206134
37206836
37208114
37203183
37201154
37206206
37206144
37201126
37200706
37208230
37208071
37201560
37208195
37203155
37200726
37208091
37200476
37200242
37200171
37200265
37200771
37200754
37209034
37206065
37206048
37204109
37205001
37208328
37206712
37200783
37202764
37206830
37207504
37209186
37207835
37203189
37206202
37207781
37209117
37206140
37201120
37201122
37200702
37208226
37208067
37207834
37207822
37200046
37206652
37206731
37206702
37200274
37203746
37203726
37200104
37200588
37200112
37205385
37209388
37202760
37202738
37209270
37200262
37200363
37200342
37200410
37200172
37207808
37202668
37203652
37200214
37207664
37206530
37207554
37207528
37201101
37207646
37206725
37208314
37208270
37202836
37202792
37206126
37209172
37202565
37202555
37206796
37205350
37205864
37205854
37206743
37206662
37202643
37206130
37201586
37208105
37200362
37209180
37202810
37207650
37207612
37207616
37202702
37202740
37202716
37200332
37206574
37206582
37206564
37207716
37207747
37200566
37203159
37206082
37206762
37206700
37209166
37208190
37200442
37206658
37202834
37201520
37206666
37205054
37202777
37203783
37200330
37203560
37203523
37209364
