36700520
36707058
36707204
36700244
36704167
36705146
36703093
36706068
36700008
36705162
36703075
36706028
36702116
36707108
36700486
36707229
36700614
36707132
36707100
36706036
36703063
36706212
36702118
36707138
36703202
36706078
36704014
36703100
36705056
36707238
36700302
36700382
36703192
36702128
36700388
36700374
36704004
36700354
36706016
36703184
36706040
36705150
36700196
36707052
36702544
36700494
36703090
36705148
36700176
36700516
36707184
36700284
36706026
36702053
36704149
36704028
36700358
36703188
36707116
36700500
36707004
36702520
36703081
36703072
36703045
36704173
36707350
36704002
36706072
36700290
36705108
36702120
36700298
36705118
36707106
36705050
36707022
36703108
36703186
36704058
36700308
36703200
36702532
36704152
36707118
36704164
36706030
36700204
36702124
36706064
36704034
36700522
36703012
36705309
36700336
36700378
36700278
36700488
36702029
36707024
36700036
36704104
36703120
36702494
36700480
36700610
36702020
36703003
36707080
36706001
36706050
36706200
36705190
36700526
36703102
36705303
36707214
36705196
36704176
36704010
36707235
36700368
36706004
36700052
36704146
36700116
36705100
36702041
36704182
36707018
36707026
36704143
36700512
36702008
36702156
36704006
36705144
36706012
36704158
36702047
36704079
36705120
36700356
36700084
36707094
36700080
36707082
36700528
36705306
36707206
36703204
36702071
36700324
36707112
36704116
36706054
36700140
36702130
36702178
36706038
36700294
36700228
36702089
36705046
36704128
36702002
36702162
36706022
36702065
36702077
36700264
36700376
36707202
36705052
36703214
36703078
36704088
36707247
36703021
36706052
36707223
36705064
36705104
36707028
36705060
36700502
36700188
36700260
36707130
36703030
36703112
36705134
36700288
36706018
36700390
36702044
36703126
36704120
36700164
36704064
36702514
36702510
36703180
36702490
36703000
36702101
36707200
36705140
36700612
36706082
36700108
36700032
36702150
36704012
36700506
36700144
36700262
36700156
36700318
36700068
36706014
36703051
36702524
36707186
36706034
36700212
36707354
36706088
36706080
36705068
36704001
36700364
36702098
36700048
36704106
36705078
36704102
36702059
36700372
36703182
36700016
36702115
36702134
36703106
36707232
36707182
36700216
36700340
36706020
36702522
36706008
36703124
36707120
36704132
36707064
36700064
36700276
36704016
36707010
36707043
36707208
36700366
36703069
36704076
36705074
36704136
36702168
36700350
36702512
36702138
36700310
36700618
36703114
36700128
36700092
36704185
36702032
36702176
36702114
36700270
36707220
36707006
36703044
36700020
36703110
36705164
36707110
36707262
36703015
36703039
36705114
36700320
36702526
36700507
36707241
36702530
36707250
36707114
36703198
36705066
36700482
36705006
36706210
36707126
36700499
36704055
36707260
36702154
36703087
36706070
36702086
36700152
36704008
36700104
36707014
36705166
36703208
36700192
36702050
36700292
36705112
36700300
36700306
36703027
36707352
36700072
36704110
36704052
36700184
36705015
36700272
36703048
36700384
36702174
36700616
36700362
36700360
36707008
36700266
36705138
36702528
36703206
36700380
36703057
36707128
36707180
36706006
36705048
36703033
36705106
36703210
36702516
36702083
36707061
36706206
36706086
36702095
36705003
36702142
36704114
36707136
36703116
36707001
36702113
36700001
36706084
36702023
36704026
36706032
36700326
36707284
36707040
36700112
36704049
36704082
36700220
36702117
36705186
36700124
36705172
36705300
36702080
36700312
36703009
36707084
36702122
36707188
36707122
36702140
36704040
36700330
36702119
36706090
36700240
36704122
36700286
36705130
36702542
36707055
36703196
36705076
36705110
36700088
36705116
36702164
36706074
36702170
36704046
36703054
36707070
36707096
36707049
36700282
36707212
36704020
36700504
36703006
36705042
36705142
36705176
36700200
36703018
36707012
36705072
36700498
36702172
36700120
36702160
36702180
36707356
36700352
36705188
36704155
36707104
36700004
36706062
36704170
36700268
36707124
36700334
36702136
36705184
36707034
36704112
36700040
36704024
36707134
36705182
36706002
36700338
36705192
36702056
36702062
36706066
36703019
36706060
36704188
36704161
36703066
36700280
36705102
36704061
36705070
36705194
36704126
36707046
36700232
36702035
36704070
36707226
36702074
36707086
36702006
36704179
36702014
36703084
36704030
36704043
36705040
36700024
36707092
36700314
36702026
36700386
36706056
36706010
36700492
36700316
36700132
36704124
36700208
36700508
36707030
36700076
36700148
36706204
36700180
36705170
36703216
36700236
36704036
36703042
36704130
36707002
36704134
36702492
36707016
36700524
36705012
36707140
36704073
36703096
36700060
36707098
36706208
36706024
36700248
36706076
36700136
36700100
36700332
36705154
36706055
36704135
36703185
36700505
36702152
36702004
36700370
36705168
36704140
36702182
36707088
36702092
36705136
36700012
36705174
36702518
36703122
36707102
36703060
36703024
36700328
36704108
36700224
36707899
36702038
36700172
36700490
36706216
36700044
36705009
36707020
36702540
36706214
36705000
36704022
36703104
36703128
36702010
36705062
36706058
36702012
36704100
36705160
36704085
36703118
36700304
36707090
36705132
36707210
36705044
36700096
36704067
36702132
36700484
36700056
36705180
36703212
36700496
36702166
36700514
36703130
36702068
36704032
36702158
36705178
36702001
36703190
36700160
36702112
36702126
36703194
36704018
36706202
36707032
36700322
36700510
36700296
36700168
36707067
36703036
36700028
36705054
36700274
36707244
36702110
36703016
36703013
