39404071
39404157
39404133
39404117
39404118
39403119
39403130
39402473
39403087
39403002
39402076
39402103
39402116
39400206
39404333
39400474
39402555
39403370
39406621
39406320
39403342
39401627
39400730
39400758
39400705
39400619
39401707
39400810
39404766
39404700
39404685
39404510
39406355
39403461
39404762
39405009
39406033
39404894
39404501
39404502
39408148
39406132
39406166
39404405
39403438
39405122
39400878
39407440
39407453
39407377
39403853
39401812
39406114
39403671
39403690
39406800
39406813
39405773
39405515
39407295
39405141
39406021
39406017
39402895
39406009
39402743
39406013
39400852
39402844
39403570
39406025
39402153
39403730
39401275
39402432
39402561
39401037
39404342
39402784
39406533
39403051
39404368
39401244
39400656
39401770
39400853
39400204
39401413
39401596
39401144
39401820
39404560
39400552
39404517
39400551
39402392
39402180
39404214
39400066
39400537
39401058
39401510
39400098
39404357
39401445
39402750
39401022
39401040
39401655
39404783
39401341
39402086
39400620
39403422
39404544
39402061
39401191
39404899
39408183
39408007
39401038
39402174
39400387
39406373
39400363
39408317
39400179
39402250
39404171
39408253
39408298
39400147
39401414
39402031
39404747
39402249
39400269
39404374
39406332
39408200
39401301
39402567
39403045
39401377
39400039
39402668
39402073
39402091
39403027
39401280
39405844
39402327
39401484
39401060
39404748
39407250
39400786
39401378
39400329
39408205
39400023
39400071
39401094
39402082
39404321
39401381
39402395
39400434
39403038
39402205
39402536
39402888
39402648
39402593
39402379
39400534
39400153
39403077
39400811
39400812
39400813
39400814
39404013
39402297
39404303
39406619
39402893
39404845
39400219
39401656
39401261
39406383
39401744
39400854
39401496
39401675
39402544
39402857
39402230
39401523
39401259
39401526
39401724
39401087
39401489
39400706
39401394
39402415
39403020
39401418
39401185
39403167
39400633
39402412
39402381
39400035
39400351
39404072
39402602
39401034
39406381
39401114
39403048
39400491
39403264
39402259
39404770
39401004
39402422
39400127
39400438
39400386
39400510
39401804
39408439
39402045
39401723
39408233
39402196
39402600
39400748
39401657
39402855
39401120
39403298
39400394
39402470
39401515
39404765
39400050
39403734
39400303
39404590
39402506
39402705
39400411
39401123
39400210
39400172
39402348
39402014
39400467
39402187
39402735
39402734
39402749
39402745
39400629
39401531
39401138
39402358
39404620
39403214
39401169
39401271
39403442
39400322
39400459
39404789
39400650
39400226
39402534
39401054
39402081
39400540
39400349
39402400
39402391
39402866
39402485
39402568
39401514
39402257
39401382
39401790
39400515
39400375
39402546
39400686
39402020
39404073
39402201
39402267
39404229
39408209
39401203
39406379
39404074
39401521
39402069
39401079
39404289
39402308
39408191
39401231
39401084
39404740
39402405
39400213
39400472
39402472
39401415
39404651
39401498
39400040
39401505
39404554
39403155
39401102
39400018
39400216
39401554
39404647
39402823
39400007
39401632
39401154
39401243
39400022
39401032
39401207
39401227
39401226
39403075
39403297
39408100
39400618
39401635
39401560
39402033
39403071
39400230
39400566
39401249
39400229
39400373
39400053
39400030
39402352
39401071
39401429
39402401
39401281
39402531
39404703
39402478
39402554
39402632
39408863
39404376
39401300
39402594
39402376
39402887
39401021
39402171
39404698
39404871
39406142
39404048
39404137
39404119
39403100
39403088
39401318
39401443
39402077
39402104
39402117
39400291
39404334
39400366
39400475
39401151
39401239
39401573
39403372
39402640
39402630
39401607
39404488
39404516
39403344
39401700
39400815
39400565
39404628
39404372
39404767
39404699
39404697
39404511
39403695
39403462
39406333
39405002
39404887
39402765
39408146
39406134
39404499
39406040
39400642
39404686
39400560
39406624
39404404
39403437
39405125
39407448
39407375
39406109
39403688
39406809
39406819
39405780
39405516
39407231
39405142
39402336
39400443
39400529
39400203
39404075
39402320
39402861
39408150
39401784
39400167
39402066
39401500
39402237
39400145
39400506
39402154
39400855
39400110
39401853
39400545
39405636
39404161
39401173
39403295
39401800
39403497
39403064
39400249
39408875
39401129
39404383
39401718
39404309
39406324
39401830
39404412
39401821
39400054
39406230
39401177
39403243
39403737
39401067
39403043
39400137
39403260
39404040
39401726
39401436
39401064
39402044
39408244
39400627
39402018
39408115
39401322
39400138
39400208
39408289
39400029
39400278
39400343
39408181
39403395
39403354
39400598
39404742
39400220
39400665
39400414
39404570
39402605
39402319
39404530
39404522
39400415
39400080
39404290
39402551
39400276
39400060
39402383
39402563
39400246
39400572
39402038
39403198
39402071
39403073
39403168
39401492
39402363
39402010
39402304
39402879
39403070
39403520
39402203
39401477
39402596
39402034
39400380
39401667
39401688
39400801
39400760
39405656
39402019
39401823
39401325
39402437
39401277
39404128
39403203
39407217
39402120
39400088
39405654
39401295
39404049
39403196
39404120
39403121
39403129
39403089
39402503
39404004
39401320
39402078
39402289
39402339
39404335
39400332
39400476
39401090
39401143
39401171
39401253
39401241
39401546
39403374
39402638
39404540
39404490
39403346
39400842
39401702
39400759
39400678
39400817
39404768
39404507
39404689
39403701
39403463
39403532
39405004
39402643
39408144
39406136
39406042
39400646
39406625
39404402
39403436
39405117
39407432
39407373
39403855
39400259
39406106
39403687
39406817
39405785
39405518
39404436
39407232
39402870
39403572
39402556
39400337
39402767
39402207
39402190
39400300
39400818
39400536
39402027
39402025
39406378
39408333
39400857
39401162
39403702
39401020
39404016
39400324
39400002
39403164
39402321
39402547
39402310
39400069
39408385
39401407
39400788
39400277
39400336
39404398
39404447
39404323
39406612
39408193
39401175
39404167
39402089
39404637
39401464
39401524
39402346
39400405
39400696
39402420
39402883
39400272
39403083
39402366
39402315
39402626
39404219
39402316
39402591
39402813
39402229
39401537
39402021
39400155
39402606
39400731
39400118
39400484
39400025
39401088
39402495
39402890
39400869
39402347
39402008
39400177
39400239
39400042
39400451
39400564
39400218
39400063
39400612
39400805
39403226
39403221
39400771
39400095
39400737
39402072
39402407
39404663
39400444
39402215
39403076
39401042
39402659
39404177
39403206
39403433
39400419
39404027
39403166
39400395
39400409
39400710
39404606
39400335
39402791
39402793
39400418
39402852
39400420
39402157
39401595
39402481
39400432
39401788
39404025
39400248
39404842
39401189
39400543
39400014
39401581
39401263
39404034
39402367
39404882
39404205
39402050
39402098
39402517
39402607
39401307
39408133
39401316
39401323
39401327
39401099
39401396
39401098
39401310
39402430
39401390
39401392
39401393
39402425
39401304
39401296
39402052
39401293
39401292
39402781
39402460
39402373
39402548
39400422
39404084
39402491
39401640
39400367
39400433
39400005
39401748
39403080
39400041
39401684
39402302
39404362
39408187
39402242
39401816
39400365
39401159
39404158
39401332
39402028
39404065
39404136
39404179
39402469
39402150
39402004
39402281
39403112
39403255
39400550
39403340
39401822
39400782
39402719
39406348
39403707
39406122
39403583
39406659
39405358
39407038
39405040
39405417
39405443
39405668
39407128
39407282
39405512
39404366
39401404
39402122
39404480
39402831
39401402
39402126
39402138
39404890
39402137
39404885
39402128
39402130
39404482
39401331
39402136
39404483
39402127
39402124
39404481
39403302
39400430
39405789
39402652
39403515
39403337
39403519
39403496
39401279
39402423
39400708
39403531
39401862
39400787
39401499
39408228
39401338
39402330
39400396
39403584
39401555
39404643
39400428
39400237
39400129
39401200
39402060
39401446
39404589
39408085
39404292
39402642
39408270
39401466
39401563
39403521
39403023
39403158
39401190
39401490
39400404
39401566
39408156
39401561
39403170
39403513
39400094
39402527
39402075
39403067
39401229
39401365
39403441
39400401
39403215
39400724
39400090
39401391
39403249
39400445
39401502
39404295
39408165
39400631
39400388
39404532
39400488
39400513
39405642
39404078
39401016
39403452
39401444
39403357
39402022
39401577
39400524
39400465
39401461
39400339
39401467
39403082
39404615
39400704
39401855
39401045
39400134
39401161
39401708
39403085
39401562
39402306
39400611
39401696
39401001
39400780
39401002
39401174
39402208
39402258
39400238
39404050
39403182
39404121
39403102
39403122
39403128
39403090
39402463
39401440
39401439
39402100
39404336
39401116
39401242
39400523
39401547
39402636
39401609
39404492
39403348
39400843
39401628
39400659
39400770
39401676
39400553
39404515
39403699
39403465
39403573
39408141
39402777
39403533
39406138
39404681
39404687
39406029
39406044
39400641
39405024
39403434
39405121
39405030
39400874
39407444
39407367
39403866
39402384
39403685
39406816
39405796
39405520
39404400
39404437
39407233
39405144
39406027
39401015
39402529
39402492
39400130
39402647
39404892
39401053
39401728
39404495
39400594
39403454
39400591
39400154
39401130
39408870
39400362
39403031
39403065
39400016
39408300
39401170
39404653
39400743
39401432
39400574
39401139
39404093
39404208
39403117
39403134
39402411
39403156
39402051
39402256
39402278
39403256
39404351
39401818
39402785
39403443
39404794
39406367
39406510
39406661
39408393
39407031
39405039
39405429
39405808
39405683
39407118
39407287
39404100
39404140
39403013
39403179
39402268
39402578
39404350
39406540
39403383
39404099
39404109
39404164
39404209
39403176
39401312
39402271
39404548
39402819
39403732
39403578
39405057
39405422
39407059
39405691
39407109
39407272
39405820
39403733
39402360
39404112
39402361
39403015
39403177
39401313
39402272
39402576
39404135
39405046
39405695
39405823
39404089
39402449
39402362
39403014
39403178
39402577
39404352
39402821
39404760
39405699
39405825
39402023
39400142
39400511
39401659
39402856
39400865
39400242
39400555
39400592
39404381
39400570
39401176
39401219
39400597
39404430
39401475
39401660
39404347
39400590
39400412
39404484
39405779
39404058
39404070
39404130
39404202
39403148
39402499
39402477
39404002
39403109
39400431
39400481
39401108
39401127
39401245
39401556
39403322
39403386
39404537
39404486
39401712
39400845
39401725
39400660
39401677
39400554
39404506
39404785
39406365
39403703
39406129
39403738
39406656
39404744
39402875
39403338
39405354
39400828
39407046
39407051
39405048
39405411
39405447
39405662
39407121
39407137
39407294
39405854
39401543
39404390
39402874
39401662
39400700
39402068
39403197
39400399
39401051
39400290
39401362
39400358
39400556
39404508
39403345
39400503
39403731
39403514
39400546
39401545
39404095
39404138
39404204
39402493
39403172
39402012
39402285
39401574
39401824
39400630
39402786
39404790
39406521
39407053
39405051
39405433
39405693
39407105
39407298
39405810
39404840
39404424
39404097
39400578
39400318
39400802
39401485
39400840
39402746
39401817
39402436
39402629
39404201
39403564
39404051
39403183
39404122
39403103
39403123
39403127
39403053
39402102
39402241
39400243
39400253
39404337
39401117
39404494
39400846
39401629
39401797
39403412
39404695
39403466
39403460
39403534
39403574
39405018
39404473
39408142
39406150
39404354
39404684
39406031
39406628
39405123
39402773
39407492
39407355
39403856
39401814
39403683
39406815
39405799
39405526
39406253
39407234
39405145
39404743
39404558
39402390
39401164
39403585
39400099
39400452
39402220
39402092
39404108
39402854
39400333
39400441
39402613
39404298
39400864
39404750
39404741
39402562
39400224
39400487
39400617
39403369
39400496
39402521
39401210
39402897
39404104
39400541
39400423
39400096
39401630
39404546
39404552
39401597
39403235
39408323
39400221
39401078
39402299
39404361
39408189
39404464
39404047
39408292
39401294
39408061
39400244
39402311
39400542
39400289
39400184
39406384
39401188
39401520
39404379
39403601
39400228
39400107
39404310
39406325
39401230
39403024
39400295
39401532
39401349
39401452
39408241
39404305
39404396
39406613
39403286
39408266
39402649
39401851
39400634
39400616
39400645
39400215
39400141
39403475
39401082
39402005
39401455
39404857
39408272
39401106
39401083
39401776
39404111
39405020
39402353
39402797
39401062
39401694
39401852
39404655
39400789
39401329
39401678
39404007
39404313
39406328
39402413
39402881
39400345
39404586
39401050
39400356
39400009
39402512
39400132
39408395
39402296
39400383
39401000
39404798
39400440
39403184
39404143
39404123
39403092
39403124
39403061
39402101
39402112
39402386
39400250
39400254
39404338
39401118
39401530
39402614
39404496
39403350
39400643
39400819
39401787
39404513
39403488
39403464
39403528
39403575
39406001
39406152
39402634
39406552
39406631
39404696
39405126
39400875
39407486
39407357
39403680
39406812
39405524
39407235
39403419
39405146
39402170
39400260
39401168
39400161
39404160
39402892
39402236
39402369
39400397
39402553
39403238
39400661
39400417
39404369
39400207
39402189
39401697
39404780
39400180
39400453
39408001
39404106
39400595
39401319
39401326
39401348
39403282
39408274
39400544
39402167
39401433
39400146
39400043
39400458
39404562
39401679
39401612
39401074
39400776
39401858
39403222
39403431
39404380
39401308
39403246
39402169
39402168
39400340
39404173
39403069
39401097
39406524
39406530
39406385
39406371
39406374
39406511
39406506
39401202
39405630
39400314
39400021
39401384
39400377
39400378
39403074
39402838
39400301
39404311
39406326
39403199
39402341
39400048
39404382
39408380
39401825
39408409
39402628
39400284
39400371
39402641
39403081
39403219
39401333
39400486
39404593
39408403
39402624
39402408
39400357
39401567
39402627
39403202
39403505
39400044
39401430
39400454
39400125
39402589
39401223
39404632
39404215
39400287
39401387
39400279
39400114
39404520
39400065
39408367
39404669
39401039
39403105
39402396
39403523
39403022
39400067
39404055
39403185
39404124
39403125
39403060
39402105
39402113
39402387
39404339
39401119
39401150
39402618
39400831
39401880
39400662
39403536
39403576
39402796
39405000
39406002
39406154
39402611
39406636
39405127
39407482
39407361
39403845
39404693
39401813
39403678
39406810
39405530
39406251
39407236
39401796
39401878
39401641
39400112
39402817
39400449
39403492
39402030
39401419
39404886
39402564
39401238
39400156
39402490
39401720
39403693
39401166
39401201
39401422
39408387
39401208
39401235
39400478
39400479
39401076
39402424
39402661
39401093
39403248
39401287
39404326
39404438
39404399
39401664
39401548
39401743
39401059
39403044
39403396
39403364
39401056
39401155
39400807
39402427
39402419
39400140
39401539
39407430
39406504
39402830
39404036
39401736
39401866
39402540
39400292
39400622
39402262
39402542
39401550
39404641
39402815
39402515
39400520
39402054
39402175
39403556
39401840
39401663
39400131
39401494
39401023
39408294
39402565
39402575
39400352
39401544
39401798
39401734
39404107
39402009
39400527
39408245
39401482
39402058
39406508
39401017
39402370
39400108
39402204
39400393
39401105
39400006
39400521
39404373
39403035
39400781
39402035
39402056
39402720
39401841
39404388
39408087
39401542
39400820
39400364
39404327
39404441
39404395
39404306
39406610
39406322
39408135
39401157
39401158
39401385
39404231
39402212
39402758
39402770
39402317
39401564
39401136
39401508
39403527
39403066
39404418
39404299
39400532
39402192
39408169
39402307
39402309
39402298
39401041
39402501
39402645
39401398
39408296
39408302
39404045
39400711
39402464
39404030
39404125
39403094
39403126
39403062
39401334
39406550
39402114
39401476
39404340
39401149
39401260
39401221
39401558
39402622
39401842
39401881
39401789
39402794
39403484
39403468
39403539
39405012
39406156
39406112
39406637
39403418
39407474
39407363
39403834
39401811
39403675
39406807
39405128
39405532
39407237
39404627
39400858
39404692
39404304
39406616
39401080
39400369
39404485
39400821
39403263
39403201
39408102
39403275
39403430
39400169
39400834
39403440
39404385
39402732
39402434
39400593
39401448
39401424
39402664
39402007
39404001
39408078
39408128
39400462
39400726
39402865
39402889
39402762
39400008
39401843
39408319
39400152
39402862
39402240
39408879
39404774
39405646
39400359
39404325
39404445
39404401
39401516
39404297
39400533
39400103
39401369
39400305
39402042
39406382
39404343
39400614
39400450
39408314
39408312
39408054
39401876
39401639
39404061
39404114
39403095
39402115
39402331
39400469
39401237
39402620
39401791
39403427
39403603
39403486
39402655
39405014
39406003
39402760
39406158
39406110
39406639
39407471
39403843
39403674
39406803
39405544
39407238
39404691
39401701
39401870
39404609
39404523
39402761
39402858
39401601
39404788
39401361
39401368
39400835
39404083
39401450
39400323
39401005
39404286
39404260
39404621
39404314
39406330
39401206
39402814
39402231
39402428
39400205
39403334
39400600
39402795
39408364
39403478
39404367
39403540
39403423
39403429
39400859
39403415
39403428
39403426
39403421
39403424
39403425
39403420
39403136
39403137
39403138
39403139
39403140
39403142
39403143
39403144
39403145
39400470
39400194
39400562
39404344
39403709
39404176
39400596
39404316
39402389
39401043
39401471
39401353
39401233
39404387
39402188
39402093
39404103
39404110
39403056
39401311
39400310
39401478
39404225
39402200
39408208
39404312
39406327
39401497
39400701
39401740
39400860
39402314
39400306
39402218
39400188
39401187
39401468
39401808
39400196
39403401
39406256
39400599
39402839
39400663
39400664
39404062
39404115
39403096
39403141
39403058
39403041
39401122
39402545
39403239
39401793
39403599
39404679
39402876
39406146
39406108
39406645
39407467
39403832
39401652
39403672
39406802
39405545
39407239
39404690
39402599
39404841
39404489
39401453
39400017
39402863
39401250
39400312
39401199
39404224
39402032
39400313
39400183
39402040
39400342
39404775
39403477
39404848
39404302
39406622
39400326
39401209
39403349
39404270
39400563
39400353
39401283
39408057
39400077
39404645
39408159
39400328
39400195
39401028
39405634
39401126
39400389
39404042
39404183
39408865
39401487
39404043
39402597
39404218
39400302
39402488
39403036
39402178
39400509
39400222
39400126
39401648
39402826
39400790
39400507
39400157
39401096
39400105
39401693
39402334
39402484
39400256
39403106
39403037
39401086
39400437
39402573
39400360
39400034
39400517
39401351
39400518
39403059
39402502
39401012
39400446
39403535
39400031
39401048
39403211
39400798
39400498
39402800
39400200
39408117
39401073
39401751
39402896
39401081
39401266
39400286
39401224
39400398
39404101
39400355
39406513
39402426
39400613
39400466
39401288
39400338
39402557
39400217
39400499
39402471
39401665
39402468
39404844
39408350
39400170
39402799
39402235
39401225
39401631
39402324
39402466
39401435
39402266
39401519
39400003
39400093
39404851
39401107
39401036
39401860
39402633
39401680
39400512
39408247
39400081
39400209
39402833
39401633
39404391
39401868
39403224
39401286
39400162
39401262
39400832
39400808
39401426
39401211
39400413
39400266
39402234
39401358
39400374
39401681
39401026
39400049
39400461
39400621
39402239
39402186
39401875
39401111
39401834
39406627
39401745
39408411
39401336
39408382
39404455
39402273
39403736
39400299
39403270
39400477
39401730
39402465
39402431
39403483
39401417
39401551
39404649
39402801
39400316
39400350
39403218
39404761
39403474
39401603
39403252
39404529
39404802
39401270
39400232
39403200
39401085
39400190
39402891
39404639
39404631
39402404
39402380
39400119
39400493
39408860
39408392
39400214
39402166
39400211
39403099
39400816
39401749
39400308
39402161
39400538
39402226
39401257
39401871
39404331
39400073
39401739
39401265
39402483
39404781
39400791
39400615
39408352
39402834
39403209
39403724
39404317
39408872
39401801
39401832
39401856
39401850
39400528
39400011
39400013
39400709
39408407
39401506
39401220
39401212
39402429
39400885
39400425
39404657
39400379
39402001
39402894
39402350
39401599
39400610
39402388
39404779
39408337
39408391
39408290
39400548
39402216
39408341
39400293
39400024
39404878
39401687
39408029
39401047
39402592
39402443
39403052
39400421
39402740
39402245
39402787
39400516
39408216
39408027
39400464
39403846
39400442
39402417
39400163
39400304
39400792
39400376
39401125
39402741
39400191
39400403
39400150
39401803
39400489
39402504
39401844
39401104
39403151
39402085
39400347
39401057
39404085
39402279
39401066
39401441
39401044
39403549
39403529
39402657
39401507
39400078
39400727
39400072
39400202
39402374
39400742
39402558
39402496
39402559
39400636
39400321
39400231
39402329
39402416
39401451
39402871
39403171
39404474
39401046
39402337
39400381
39401215
39408308
39400424
39404024
39403526
39400010
39403247
39400020
39400457
39403559
39403379
39400883
39400483
39400744
39403021
39404116
39403146
39403057
39403161
39400199
39401583
39400861
39406004
39404667
39406144
39406646
39407455
39403857
39401651
39402535
39406805
39405547
39403673
39406247
39407240
39406841
39400174
39401799
39402837
39404063
39404032
39404126
39403098
39402087
39402121
39401124
39402538
39402621
39406005
39406140
39406648
39407459
39403862
39406246
39407241
39404330
39400045
39404216
39404274
39402699
39402695
39402687
39404258
39402608
39402804
39402805
39402675
39406642
39404360
39402802
39402712
39402698
39404636
39404249
39404263
39402690
39402696
39404262
39402700
39402510
39404273
39404276
39406180
39402688
39404261
39404252
39404240
39404284
39402722
39404268
39404278
39402702
39404248
39402677
39402689
39402693
39402691
39404242
39402708
39404244
39402692
39402729
39402063
39404272
39402676
39402685
39402674
39402703
39404635
39400837
39404241
39402710
39404281
39402680
39402810
39404239
39402711
39404285
39402716
39402704
39404277
39402694
39402806
39402809
39402808
39404257
39402728
39404254
39404259
39404253
39404275
39404256
39404250
39404271
39404246
39404255
39402706
39402697
39404267
39404238
39402717
39404243
39404266
39402724
39402683
39404279
39402681
39404528
39404280
39402678
39404269
39402686
39404282
39402682
39404283
39404247
39404237
39404236
39404265
39404264
39402701
39402679
39404245
39402718
39404580
39404527
39402792
39402537
39406551
39401785
39403207
39403432
39404056
39401559
39402453
39402260
39401196
39401786
39402371
39400288
39400084
39408206
39400280
39400497
39400455
39400718
39402637
39402763
39402343
39404287
39402345
39400539
39402859
39400187
39403444
39400361
39404417
39403525
39403493
39405115
39403162
39404005
39404003
39400575
39404038
39403310
39401503
39401063
39406505
39406528
39405648
39401315
39401802
39402160
39401605
39408111
39401383
39400027
39401355
39404159
39400504
39404776
39401794
39402090
39400117
39401872
39400171
39404178
39404029
39402261
39402684
39401528
39402435
39404861
39405129
39403153
39404037
39401805
39401273
39400827
39401486
39402667
39402824
39403157
39402152
39400106
39401165
39400028
39402164
39401140
39401121
39403040
39404096
39405010
39401003
39404371
39404443
39404403
39408053
39400136
39401873
39404052
39403186
39404113
39403054
39401401
39402088
39402017
39402243
39400255
39406006
39406170
39406650
39407451
39403860
39401649
39405538
39406244
39402159
39401197
39401228
39402263
39402845
39406503
39400334
39404739
39400632
39403560
39401306
39402084
39401427
39404166
39404884
39401458
39401434
39402338
39402070
39404080
39402313
39401274
39401549
39401013
39401030
39406372
39402199
39404090
39404091
39401018
39402825
39402344
39404035
39400165
39402340
39402612
39403670
39403595
39401137
39400862
39400863
39402247
39406512
39400341
39402754
39400285
39402518
39400348
39401576
39402119
39400240
39402646
39404098
39400327
39400576
39400601
39402798
39400833
39401132
39400319
39400761
39402142
39402221
39401732
39400385
39400101
39400128
39401167
39401682
39404015
39405638
39400100
39400115
39401874
39404778
39400037
39401754
39402886
39401103
39401109
39401008
39401646
39401758
39408023
39401330
39401115
39401636
39403413
39403149
39401746
39403849
39401525
39402843
39402402
39400164
39404836
39402610
39403414
39403306
39402519
39400320
39401267
39402433
39402406
39404165
39401845
39408378
39400733
39400866
39407230
39402232
39403299
39401272
39401867
39408163
39400838
39401584
39404207
39404683
39402766
39400623
39403241
39401007
39404320
39402202
39404319
39402673
39400501
39402409
39401709
39403000
39403476
39403355
39404393
39402885
39404870
39404883
39403394
39401400
39403692
39401052
39401357
39402516
39404076
39402057
39402714
39401204
39402421
39401134
39403359
39403553
39404359
39404439
39404397
39404033
39402397
39401077
39400139
39401340
39404479
39403163
39403107
39403449
39408240
39400178
39400557
39404564
39400427
39400762
39400235
39403086
39404407
39404300
39408268
39401011
39401792
39400485
39400745
39408397
39401846
39400410
39400699
39402731
39400426
39400233
39404702
39401027
39400331
39404521
39400683
39402769
39402206
39403343
39402776
39402403
39408347
39400245
39404664
39400056
39401501
39404370
39400135
39402520
39401565
39400391
39402587
39400392
39400713
39401447
39402489
39400149
39401194
39400804
39402445
39403274
39408284
39400247
39403004
39400390
39404608
39400508
39401181
39404531
39401234
39404704
39404088
39404053
39403187
39404127
39403055
39403030
39402177
39402244
39403245
39401535
39400526
39403236
39401703
39401882
39406653
39407446
39403859
39405540
39404014
39402305
39402666
39401317
39402210
39408220
39400602
39408250
39402566
39403212
39402181
39400227
39402238
39401354
39400212
39401095
39408343
39401869
39408175
39404423
39404296
39403205
39400225
39400651
39408242
39402149
39401428
39408325
39401773
39401421
39403265
39401863
39403210
39408017
39401289
39408046
39408049
39408058
39408204
39408154
39408171
39408203
39408195
39408197
39408264
39408262
39400158
39401305
39408106
39404378
39403593
39401006
39402755
39404524
39400794
39402096
39400795
39404069
39402441
39404211
39403133
39402410
39403026
39401462
39401438
39402049
39402255
39402277
39403116
39402571
39401572
39403445
39404626
39404796
39404876
39406361
39406509
39406663
39408383
39407049
39405038
39405428
39405449
39405807
39405675
39407119
39407289
39408177
39401258
39401750
39402179
39400873
39400032
39403188
39403034
39402312
39402393
39400192
39404341
39406007
39406164
39406618
39407442
39403852
39405528
39406243
39400763
39401877
39401752
39400091
39401810
39401397
39401376
39400265
39404077
39404068
39403132
39403154
39401463
39401408
39402048
39402276
39403115
39403257
39402570
39404353
39404514
39404625
39406357
39406523
39406125
39406664
39404756
39407040
39405033
39405426
39405450
39401819
39405804
39405674
39407116
39407286
39403078
39408327
39401714
39402351
39400092
39403104
39402219
39402079
39400720
39400463
39401049
39408304
39403234
39402165
39403261
39402884
39402476
39401352
39402282
39400173
39401643
39408360
39402074
39404182
39404094
39403135
39402284
39402541
39402572
39402508
39401575
39401826
39404792
39404877
39404854
39406662
39407032
39405049
39405431
39405806
39405687
39407115
39407292
39402026
39403032
39403042
39403152
39401356
39401504
39406517
39405650
39400604
39402335
39402617
39404006
39404533
39404549
39404602
39403447
39402739
39400400
39401363
39401278
39404769
39400038
39403266
39401282
39404031
39403254
39402065
39401661
39403510
39400160
39400046
39400068
39403189
39404039
39403050
39401527
39406634
39406331
39403335
39407436
39403830
39405510
39402779
39402372
39404227
39404847
39404172
39401299
39404605
39404600
39404604
39401454
39403084
39402198
39400273
39401195
39404294
39401449
39400274
39401214
39400330
39402382
39400492
39400297
39404232
39404307
39400083
39400728
39400384
39404233
39401180
39401309
39402631
39404221
39400822
39404251
39401538
39401216
39401184
39408199
39400182
39400502
39404662
39404054
39400640
39402479
39402265
39402783
39400124
39402326
39401864
39402398
39400635
39402223
39404889
39400844
39401727
39402726
39404363
39404587
39400856
39402325
39401460
39402095
39402364
39400123
39402873
39401284
39401367
39404491
39404000
39403251
39400275
39400495
39402083
39400315
39402872
39402461
39401481
39404315
39400058
39402342
39408149
39401156
39400059
39401146
39401600
39404701
39401495
39403165
39400525
39400268
39404079
39402603
39401423
39400471
39405119
39401491
39404081
39402601
39402301
39408185
39400872
39402365
39400561
39400086
39401205
39401186
39402213
39406386
39401217
39404169
39404082
39401179
39400746
39402414
39402882
39400064
39401634
39404222
39403169
39400057
39404472
39402059
39402748
39402727
39400839
39400796
39402747
39401474
39401689
39400698
39402619
39402194
39401222
39402055
39401298
39404386
39401193
39403242
39403504
39402322
39400296
39400036
39400797
39401456
39407371
39402209
39400089
39404301
39408167
39401290
39400102
39406323
39404308
39404805
39402158
39402163
39402162
39402064
39401847
39403509
39400104
39400460
39404181
39402442
39401035
39404411
39401328
39400603
39400739
39403512
39400258
39407070
39406748
39406769
39406740
39406757
39406759
39406760
39406763
39406765
39406768
39406749
39406761
39406766
39406741
39406743
39406744
39406746
39406751
39406753
39406754
39406756
39408331
39408310
39404226
39403190
39401403
39401251
39402660
39406651
39407438
39403522
39405522
39406514
39401399
39404457
39404460
39404461
39404462
39404458
39401406
39404471
39401405
39404463
39403579
39404459
39408339
39404195
39402446
39403018
39402480
39403174
39401324
39402574
39406536
39403728
39402753
39405055
39405425
39407055
39405685
39407113
39407276
39405826
39404156
39404064
39403150
39404008
39401411
39402141
39402225
39402280
39403111
39403320
39401827
39400867
39404623
39404800
39406353
39403705
39406123
39402656
39403569
39406658
39402878
39404755
39408368
39400637
39402733
39402827
39405360
39407044
39405041
39405416
39405441
39401647
39405666
39407126
39407280
39405842
39404849
39404824
39404822
39404816
39404827
39404814
39404818
39404815
39404811
39404810
39404820
39404819
39404826
39404812
39401192
39401153
39400148
39403047
39401152
39404186
39404163
39402447
39403017
39402359
39403159
39403175
39402270
39402509
39402820
39401459
39405032
39405420
39407057
39405689
39407107
39407274
39405812
39403580
39404410
39408282
39408329
39404185
39400436
39400185
39400851
39401741
39403191
39402156
39402246
39401252
39402811
39402737
39403530
39407434
39405534
39402036
39401674
39400505
39402349
39400416
39400241
39400494
39400772
39403213
39401010
39402756
39400097
39403237
39400151
39400193
39402832
39400628
39401029
39402354
39400070
39401345
39400382
39400448
39400113
39400644
39408207
39401335
39401346
39400325
39403479
39401364
39403490
39403118
39401380
39404022
39404017
39404011
39404010
39404009
39404012
39404023
39404019
39404020
39404018
39404291
39404021
39404324
39400823
39400271
39400082
39402738
39400075
39400270
39404809
39404806
39401344
39404808
39400085
39404675
39404676
39404804
39401379
39404672
39404803
39404668
39404674
39400294
39404670
39404678
39401493
39402368
39404671
39404673
39400429
39400734
39400282
39400344
39400201
39402006
39403409
39403435
39404328
39404442
39404413
39404394
39400121
39400109
39400406
39402482
39402869
39400062
39408356
39402251
39408119
39401314
39400298
39404666
39403448
39403407
39401072
39401297
39402155
39401683
39401350
39400283
39404151
39406507
39402328
39402623
39400567
39402462
39403362
39402847
39403561
39404746
39405632
39401055
39402062
39401483
39402723
39403400
39403361
39400166
39401388
39405022
39400051
39408354
39401089
39404046
39404764
39409899
39402067
39406148
39402513
39403192
39402252
39401256
39406630
39405536
39401416
39401213
39402039
39402191
39404846
39404873
39401232
39400824
39404170
39402211
39402757
39403046
39400223
39401658
39404087
39400500
39404588
39400175
39404332
39402764
39400012
39401473
39401472
39401691
39400186
39401101
39401142
39400001
39404288
39403079
39402197
39402759
39400061
39408288
39401014
39400482
39401375
39400257
39402598
39401198
39401568
39404477
39401488
39401141
39400120
39400480
39402639
39403351
39400830
39400346
39400368
39401373
39402107
39400435
39400309
39408246
39401178
39402182
39401717
39402418
39401883
39403220
39403223
39402448
39404066
39404180
39402046
39402097
39402003
39403113
39401131
39403258
39404512
39401772
39401828
39404629
39404874
39406345
39406532
39406120
39406660
39404759
39402707
39405352
39407036
39403439
39405036
39405419
39405446
39402111
39405801
39408867
39405670
39407124
39407284
39405513
39402185
39401148
39400606
39403456
39400666
39401442
39401291
39401183
39404665
39402029
39401774
39408157
39403697
39401585
39401778
39401768
39403698
39401766
39401580
39401780
39401337
39402139
39402144
39402148
39402147
39401511
39402135
39402145
39402146
39400652
39408258
39402143
39402140
39404067
39403131
39401409
39402047
39402000
39402228
39402283
39403114
39402569
39401829
39400558
39400638
39401644
39404624
39404875
39406350
39406534
39404757
39402709
39405356
39404518
39406666
39407034
39405035
39405423
39405803
39405672
39407123
39407285
39404853
39403072
39403495
39401716
39402812
39402522
39401512
39402829
39406255
39402094
39400490
39408015
39400868
39404168
39400514
39400605
39400649
39400648
39400657
39400667
39401009
39400026
39401513
39401100
39400176
39403216
39400354
39400004
39404409
39404591
39402106
39400159
39401276
39404843
39406502
39402151
39404476
39402444
39403025
39404217
39408405
39400473
39401541
39400111
39404044
39401517
39404377
39403347
39404375
39408070
39404364
39403193
39402248
39400189
39400522
39401762
39400825
39406633
39405542
39406249
39402653
39404175
39402595
39404228
39401065
39400281
39401685
39401163
39400055
39402394
39400307
39404556
39400015
39408121
39400168
39400679
39404509
39401218
39400372
39400535
39400033
39400197
39401386
39403602
39402217
39400116
39400447
39400468
39403233
39402129
39400784
39403451
39400547
39404898
39400799
39400809
39401247
39404041
39401145
39402024
39400079
39400725
39400261
39401425
39401172
39404223
39401069
39400076
39401465
39404745
39403446
39403502
39403217
39404230
39400439
39404318
39402775
39408255
39400122
39402015
39400181
39401668
39402011
39404059
39404131
39404206
39402498
39402486
39401410
39402043
39402099
39402375
39403110
39401128
39401246
39403259
39403336
39404498
39400847
39400735
39400870
39402836
39402842
39406363
39406515
39403711
39406127
39403740
39403568
39406657
39402877
39404754
39407047
39405043
39405413
39405444
39400677
39404505
39401650
39400806
39408877
39405664
39407135
39407278
39401343
39404420
39400236
39401457
39404139
39404212
39403019
39403173
39402053
39402002
39402286
39402514
39403600
39403727
39405008
39407050
39405052
39405414
39405697
39407103
39407296
39405840
39404839
39402184
39400019
39404187
39404834
39404858
39404829
39404817
39404813
39404859
39404833
39404835
39404860
39404832
39404831
39404196
39402292
39402585
39404881
39402835
39406501
39403726
39404891
39402295
39402500
39402523
39403402
39403368
39404880
39406538
39404897
39404154
39404198
39403012
39402294
39403393
39403376
39402788
39406526
39403725
39404893
39402134
39404469
39402123
39406522
39406555
39404155
39404200
39403001
39403366
39404896
39404199
39404470
39404879
39406553
39403365
39402828
39404153
39404456
39408335
39403010
39402789
39403385
39404895
39408330
39402586
39404197
39401302
39402524
39404454
39403390
39402293
39401359
39405640
39401669
39401033
39401509
39400716
39400456
39401070
39401068
39402016
39401848
39402609
39401518
39403194
39405549
39406257
39401061
39401670
39408161
39401671
39408152
39404057
39404060
39404129
39404162
39402438
39403147
39401342
39401412
39402233
39402041
39402222
39402494
39400144
39403108
39402525
39402505
39401570
39401571
39401529
39403384
39404534
39401710
39400848
39401686
39400800
39400871
39400826
39402663
39404784
39406359
39404478
39406131
39403741
39406519
39406655
39404753
39403339
39401879
39404493
39402880
39404525
39407042
39407045
39405054
39405452
39404504
39400559
39405660
39407130
39407139
39404389
39404092
39403028
39404547
39400311
39401480
39401673
39404475
39400729
39400087
39400531
39401692
39404830
39402303
39404365
39408173
39403195
39403253
39402662
39401763
39403375
39406254
39400047
39403450
39408248
39401742
39401522
39401884
39403101
39403250
39401321
39401091
39400052
39408210
39403068
39400074
39402193
39404446
39404329
39404293
39402300
39401160
39403039
39403494
39404807
39402467
39401135
39401747
39400370
39400407
39401236
39401019
39400783
39402774
39403411
39401781
39403410
39403503
39402868
39403262
39403554
39400408
39402195
39401240
39400317
39404384
39402604
39402378
39402778
39408132
39408074
39403063
39401540
39403541
39404526
39404086
39404026
39404141
39403227
39403180
39402269
39402579
39403378
39403506
39404856
39406541
39402651
39405813
39404415
39404349
39404145
39404193
39403232
39402582
39402588
39404566
39404888
39406548
39402752
39403577
39404152
39403007
39403229
39402275
39402526
39404348
39403382
39404855
39406544
39404148
39404188
39402291
39402584
39404468
39403360
39406520
39408316
39404147
39404194
39402455
39402290
39402583
39404467
39403358
39406549
39404144
39403011
39403231
39402550
39402580
39406546
39404146
39403029
39402454
39402132
39402287
39402539
39402581
39404358
39404465
39404568
39403406
39406547
39404149
39404189
39403033
39402133
39402288
39404466
39403356
39403408
39402782
39404150
39404190
39402475
39403009
39403230
39402125
39402650
39402751
39406545
39402822
39404105
39404142
39403008
39403228
39403181
39402274
39402644
39403380
39402780
39406542
39403555
39404102
39404184
39404425
39403381
39401025
39401024
39402080
39405644
39404028
39402214
39402665
39400267
39401339
39401264
39401133
39400793
39404782
39402658
39402323
39401360
39408055
39408349
39408306
39401303
39408080
39400198
39401347
39408009
39408231
39401285
39408218
39401092
39400143
39402528
39403481
39401569
39402742
39402898
39400654
39401479
39401672
39403377
39406245
39401420
39401705
39402736
39402841
39407270
39401182
39404174
39401638
39402264
39402616
39403208
39400681
39404773
39400234
39400133
39401075
39402227
39401469
39402549
39402037
39404630
39400876
39404550
39402840
39401147
39403049
39405154
39403751
39403752
39402118
39407072
39404432
39406831
39403753
39403754
39403755
39403756
39407157
39407158
39407159
39407160
39407073
39404433
39406832
39407163
39407164
39407165
39407166
39407167
39407168
39407170
39407171
39407172
39407173
39407074
39404434
39406833
39407075
39404435
39406834
39407076
39404449
39406835
39407077
39406836
39406837
39406838
