35402306
35402397
35406463
35404563
35409215
35410001
35410046
35410510
35410582
35404233
35406254
35406138
35410656
35400003
35406325
35404489
35410088
35410130
35402525
35409221
35400286
35404000
35409034
35409036
35406257
35406213
35410680
35409078
35400219
35410072
35410120
35402370
35404293
35402075
35402260
35402355
35404006
35400420
35400186
35402200
35402194
35410118
35400222
35402120
35409236
35404003
35402507
35404418
35404086
35402176
35400099
35409600
35400252
35400126
35406192
35409570
35402063
35410114
35402352
35410094
35406079
35402039
35402483
35400532
35404436
35400464
35402257
35406198
35404032
35410548
35406451
35409714
35400520
35402024
35404169
35404257
35406433
35409014
35409028
35402012
35404038
35406006
35402248
35404352
35400192
35409560
35404023
35400171
35404524
35400304
35402191
35400255
35400087
35409540
35400102
35400512
35406132
35406141
35409624
35406307
35409186
35406442
35400261
35400096
35406024
35400344
35400207
35402218
35406364
35404050
35404385
35409530
35402009
35409062
35409060
35406012
35410139
35406469
35404565
35409212
35410044
35410516
35410580
35409528
35410064
35404268
35406052
35406349
35400213
35409558
35406123
35404326
35400503
35410544
35409586
35409588
35406015
35410546
35404095
35402245
35402221
35402224
35402516
35400494
35404059
35402003
35402318
35409032
35402117
35404358
35406331
35404376
35404083
35400174
35400177
35410097
35400476
35400482
35400078
35404520
35409002
35409044
35410652
35410676
35400381
35404495
35410692
35404284
35409690
35406267
35409224
35406466
35404567
35409206
35410040
35410518
35410578
35402096
35410622
35410066
35406361
35406355
35400036
35404217
35409182
35410134
35406027
35400033
35400081
35406394
35404471
35406358
35404200
35406460
35406421
35410534
35400172
35400500
35406304
35406337
35404430
35400144
35400326
35404251
35404320
35400093
35410093
35410720
35409566
35404020
35404450
35404439
35410076
35409184
35409010
35409190
35409630
35410086
35404092
35404308
35404311
35400426
35402051
35406439
35400150
35400329
35402139
35410058
35404056
35400129
35410682
35409038
35402021
35402254
35400132
35410536
35400189
35409602
35409578
35406400
35402105
35409562
35404214
35406406
35400123
35402452
35410104
35400423
35409692
35404468
35404266
35406174
35404412
35406382
35409554
35406096
35400363
35404303
35409582
35404424
35402090
35402388
35406472
35404561
35409209
35410014
35410042
35410579
35409696
35410142
35406108
35406180
35406171
35402156
35406352
35400529
35410506
35409610
35402242
35402048
35400338
35402145
35410574
35404305
35402343
35400292
35402406
35404089
35404071
35409072
35402157
35406156
35406210
35402379
35406475
35410012
35410524
35410572
35404498
35404047
35406093
35400198
35409614
35402330
35409030
35404343
35410095
35400183
35402000
35409700
35400526
35410504
35404260
35400555
35410690
35402054
35406239
35410686
35409086
35402513
35409584
35402489
35409596
35409546
35400204
35400461
35402537
35406478
35410512
35410568
35410662
35406159
35406099
35406222
35402528
35402373
35400225
35409046
35410610
35402485
35409196
35410672
35409548
35410016
35410116
35410140
35410112
35400479
35404272
35400393
35409612
35410800
35400313
35406061
35404492
35410620
35409542
35404504
35404290
35402333
35400135
35404129
35404543
35406126
35406177
35400360
35404364
35404323
35404370
35402230
35406252
35404433
35406168
35409702
35404172
35404409
35410522
35410566
35406280
35404101
35410712
35402376
35406286
35400341
35406114
35406117
35406183
35402443
35402173
35402197
35409574
35410128
35400449
35409704
35404104
35400057
35400405
35410714
35410102
35402084
35410054
35400488
35406391
35406225
35406021
35410688
35409084
35404053
35404480
35410514
35410564
35410051
35402212
35400440
35400347
35402309
35409712
35404400
35404141
35400006
35404110
35404120
35404123
35400295
35409708
35410660
35404427
35404388
35410108
35400417
35410704
35402492
35410520
35410570
35400249
35409008
35410650
35409592
35409608
35410658
35409218
35410666
35409230
35400414
35406409
35402446
35409710
35406055
35406058
35409572
35409580
35409606
35402340
35406370
35410096
35410560
35409227
35410124
35410664
35400307
35404355
35402409
35400316
35409706
35400384
35410110
35400372
35410678
35404245
35400018
35404029
35409203
35410804
35406120
35402449
35409016
35402018
35402033
35404549
35410532
35406233
35404160
35402540
35402215
35406216
35402321
35409026
35404144
35404248
35400210
35402203
35410098
35406415
35402233
35406090
35404332
35406076
35409020
35404382
35404107
35410796
35400470
35400467
35404236
35400066
35400553
35409590
35409576
35402042
35404456
35409544
35404459
35406266
35406269
35409012
35404287
35402227
35402312
35409018
35409019
35402251
35402114
35402382
35400168
35404349
35404062
35402531
35404510
35402460
35404026
35402342
35400310
35404135
35400141
35400156
35406018
35410616
35406388
35404299
35400153
35400551
35404474
35402111
35400108
35402284
35409524
35400048
35402108
35406189
35406397
35402278
35409594
35400283
35400523
35404147
35404335
35400301
35402290
35402510
35406186
35402209
35400181
35404242
35410091
35402385
35406031
35409070
35409068
35400201
35402179
35400446
35400323
35402349
35402027
35406073
35400054
35409682
35404415
35404379
35404454
35404453
35409688
35409616
35400162
35409064
35409194
35402030
35406316
35404361
35402403
35404281
35402060
35402480
35402130
35410618
35410798
35410106
35409680
35400402
35404421
35409192
35404486
35402498
35402420
35402468
35402495
35402188
35409522
35400497
35400509
35406251
35409082
35409684
35406236
35406111
35406219
35404263
35409694
35410706
35400366
35404269
35406379
35400120
35402293
35400240
35400506
35402263
35402534
35402303
35410074
35410100
35400378
35410718
35404501
35404035
35404254
35404483
35402424
35402455
35402099
35409040
35406298
35409686
35400195
35406009
35400039
35406430
35406195
35406283
35410090
35409552
35404126
35404041
35400138
35409024
35409022
35400165
35404150
35404340
35402102
35409556
35402400
35410612
35410050
35410694
35410696
35400429
35402281
35404462
35409613
35400090
35410624
35409698
35402488
35410089
35410794
35400350
35409632
35402163
35406301
35400443
35404065
35406289
35406153
35404175
35402269
35404329
35402148
35402315
35404009
35410614
35400411
35410702
35410070
35402287
35404465
35402266
35404403
35400270
35406030
35404275
35410500
35400280
35400175
35409564
35400114
35404346
35400408
35410122
35410700
35410138
35410674
35402170
35400267
35404077
35400105
35410078
35406162
35406165
35406070
35404540
35409188
35404044
35400030
35410052
35402185
35402206
35410010
35406328
35400491
35409001
35402296
35406129
35404068
35402015
35402087
35404163
35400298
35402272
35410080
35406253
35400399
35402236
35410082
35400515
35406260
35406263
35400045
35402036
35404166
35400387
35410670
35406403
35410099
35404278
35409180
35409628
35409604
35406135
35406043
35400485
35406248
35402069
35402391
35410716
35402136
35406046
35400027
35406310
35406040
35406346
35402522
35404208
35409520
35409006
35409004
35400060
35409550
35409042
35406385
35410569
35402151
35406105
35400075
35404187
35409626
35402045
35404191
35404199
35404202
35410060
35404220
35404196
35404205
35410084
35404211
35404181
35404184
35406001
35404190
35409622
35404178
35406003
35400473
35406150
35400072
35400452
35402300
35406204
35402440
35402501
35402428
35402066
35400069
35400001
35404138
35404546
35404528
35404314
35404316
35400396
35402275
35400015
35400024
35404080
35400246
35400369
35410068
35410126
35409532
35410550
35410062
35400541
35409074
35410654
35407899
35410899
35410542
35400538
35409066
35410684
35409052
35410538
35404477
35400458
35400012
35410540
35406322
35402006
35410790
35402093
35402081
35402358
35400264
35404552
35404193
35402239
35404296
35400332
35402142
35400289
35400258
35410056
35406448
35406343
35409080
35406340
35410530
35406292
35409048
35410710
35400180
35400063
35404406
35402486
35402346
35404230
35404074
35400184
35402324
35402327
35404132
35409526
35409090
35406230
35400051
35406201
35402519
35400455
35406067
35404367
35400084
35400216
35410092
35404302
35402394
35409200
35409050
35404373
35404317
35400159
35400535
35409088
35402464
35410698
35402133
35410576
35402154
35406295
35406049
35406242
35406245
35400042
35410132
35400390
35410708
35409076
35406082
35400544
35410502
35410668
35409618
35406418
35409620
35402182
35400335
35402160
35410562
35409233
35406064
35400009
35404507
35406376
35410802
35400228
35400021
35406102
35410792
35402504
35406367
35406313
35406436
35406319
35406412
35402072
35410136
35400375
35400111
35406334
35400320
35404239
35402078
35400243
35406445
35406272
35400117
35404012
35404098
