37903188
37903599
37903730
37904016
37904100
37904448
37900546
37900569
37900463
37901600
37903680
37903655
37904332
37904350
37900014
37900188
37900127
37900386
37902058
37901712
37901400
37902342
37902348
37902344
37902352
37902332
37901532
37902136
37900362
37902100
37900193
37900190
37901552
37902388
37901634
37901544
37900600
37902001
37901224
37901761
37903532
37904044
37904057
37901200
37903658
37904326
37904248
37904252
37900379
37900528
37904324
37903056
37902132
37900459
37900544
37900649
37900563
37900384
37900238
37901700
37903390
37904662
37904444
37903559
37902038
37902040
37902036
37901726
37901108
37900160
37904446
37903530
37901558
37901288
37901789
37901286
37901354
37903332
37902414
37903076
37903590
37903580
37901137
37900309
37904204
37901104
37903415
37900572
37900038
37903470
37903514
37903480
37903596
37900082
37903389
37903500
37904582
37903382
37903411
37903464
37900452
37900092
37903421
37900164
37903118
37903805
37901352
37900009
37901012
37901013
37903676
37903324
37901374
37904268
37901546
37903472
37900041
37903466
37901554
37901803
37901117
37904555
37900390
37900522
37903598
37901316
37900210
37903340
37902322
37902392
37902416
37901781
37900002
37900300
37904284
37901404
37904561
37900524
37901302
37901550
37902106
37902301
37902026
37902027
37902146
37901228
37903403
37901779
37900153
37900152
37902042
37904038
37904112
37903570
37902142
37903384
37902379
37901121
37900142
37902016
37901088
37904349
37904456
37903732
37901056
37900236
37900239
37901256
37903054
37903352
37900108
37902062
37903074
37903576
37901515
37904000
37900026
37902306
37901005
37901006
37900328
37900392
37902396
37903700
37902074
37901765
37901538
37900036
37900022
37900023
37903660
37903610
37904178
37904688
37903112
37903394
37901196
37903398
37904577
37901723
37904656
37904666
37900063
37900061
37900060
37904042
37904682
37900066
37904257
37904018
37901038
37903182
37904266
37904270
37902028
37902018
37903020
37900576
37900090
37902000
37901528
37904210
37900532
37904068
37904314
37903355
37900104
37903004
37903022
37903330
37900110
37901218
37900424
37902430
37904114
37901188
37903702
37904458
37900296
37901186
37901182
37901501
37900422
37901531
37901502
37900196
37901518
37901630
37904558
37904686
37903405
37902334
37903734
37904104
37903208
37900396
37904300
37900279
37900278
37904302
37904304
37904308
37904668
37901080
37901620
37900294
37902422
37900324
37904034
37904030
37904208
37903417
37900520
37900537
37901172
37904053
37903038
37903346
37904280
37902336
37902335
37902023
37901312
37901535
37903035
37900320
37904452
37904288
37901176
37901510
37904200
37900374
37902048
37901545
37901812
37900568
37904261
37900131
37904286
37901030
37900350
37900100
37900101
37900117
37902520
37901508
37901509
37900512
37904020
37900198
37903018
37900252
37904032
37902340
37902046
37902323
37900222
37900241
37900285
37903520
37900426
37902364
37902338
37902328
37901252
37903331
37903300
37900318
37901240
37903100
37900582
37901764
37900382
37901253
37904710
37903628
37901246
37900256
37902381
37900502
37904282
37903563
37902050
37904278
37904650
37900536
37902092
37901216
37904050
37903350
37900465
37904670
37903180
37900260
37900114
37901204
37903072
37900170
37900567
37904084
37900400
37904246
37901706
37903336
37903508
37900150
37903026
37902008
37903024
37903071
37902019
37904102
37901078
37900280
37902408
37900270
37904460
37904076
37903051
37900402
37903586
37904122
37904482
37904154
37900122
37901002
37903032
37903042
37901115
37901208
37903638
37903036
37903048
37901708
37902068
37902020
37903475
37901102
37901192
37903216
37903622
37901272
37900128
37900288
37900289
37900268
37903378
37901828
37903482
37901022
37900469
37900398
37904462
37901244
37901636
37903608
37900192
37901079
37900565
37902104
37901210
37904126
37903558
37904714
37900051
37900042
37900394
37903122
37902349
37902371
37901516
37902384
37903458
37900020
37900113
37900326
37900578
37901304
37902022
37901350
37901086
37902362
37900244
37904260
37900372
37903356
37904036
37903393
37903010
37903012
37900194
37900195
37900119
37901230
37904676
37903388
37904182
37900184
37902378
37901539
37900130
37900197
37900377
37901044
37900378
37901547
37904684
37900132
37902088
37901106
37903193
37901775
37900112
37901202
37904306
37901214
37904010
37903656
37903386
37901222
37903616
37903387
37904658
37900272
37902113
37901629
37901562
37902316
37900072
37900172
37901760
37901802
37902070
37900001
37904017
37900075
37900531
37900065
37902005
37900067
37902170
37900005
37902305
37902313
37900017
37902367
37902375
37900037
37904330
37901151
37903810
37902072
37904150
37903540
37900186
37904142
37900115
37900602
37904172
37900404
37900109
37900016
37900574
37901050
37904466
37904450
37901014
37903392
37902410
37904048
37902412
37903375
37901306
37900573
37901149
37902098
37903130
37900168
37903815
37904489
37904130
37900096
37903302
37903564
37903124
37904124
37904345
37901787
37903364
37900428
37904090
37900408
37903120
37900200
37900276
37900577
37900559
37900231
37900226
37903606
37900139
37900138
37900137
37902086
37903593
37902411
37900564
37900245
37904316
37900543
37900542
37901522
37900584
37903190
37900575
37900561
37900453
37901066
37904468
37901618
37902054
37900410
37903502
37901360
37900262
37900370
37900430
37903548
37903554
37901763
37900586
37904184
37901783
37904074
37903053
37903506
37900253
37901203
37904276
37901254
37903050
37901040
37901640
37904612
37900116
37901190
37900155
37900177
37900174
37900062
37902096
37901215
37900013
37900033
37903344
37904236
37904272
37900182
37901226
37901052
37900364
37900457
37900412
37901077
37903538
37901777
37901542
37900460
37904238
37901042
37901062
37902320
37901766
37904298
37900144
37904242
37902324
37904472
37901220
37903419
37902006
37902330
37903110
37901730
37900056
37902004
37904196
37903510
37903329
37903204
37901178
37901090
37903334
37904106
37900414
37901714
37901036
37904708
37903409
37901068
37900120
37901004
37900141
37904573
37901000
37900251
37900199
37901229
37901503
37900070
37904336
37903504
37901830
37904360
37900102
37904138
37900376
37904334
37900055
37900049
37900010
37900025
37902120
37901135
37903518
37901366
37904110
37900473
37903374
37904654
37904256
37904258
37904352
37901358
37901024
37900088
37903483
37901602
37900212
37900206
37900215
37902374
37900134
37900133
37903546
37901560
37902419
37902373
37902382
37901533
37902424
37904347
37901821
37903468
37901378
37900058
37900089
37900046
37903556
37903028
37903030
37900202
37904174
37901356
37904190
37902152
37904339
37900086
37900501
37900219
37904564
37901376
37904004
37903104
37900043
37900500
37900505
37904254
37900034
37903456
37904188
37904322
37903516
37903306
37900261
37901100
37902030
37902325
37900068
37900081
37903486
37904186
37901824
37903560
37903396
37901143
37903678
37904354
37902130
37903106
37901556
37903476
37900030
37902310
37904132
37904340
37903128
37902138
37903460
37900461
37900454
37902376
37904022
37900514
37903407
37903368
37904136
37901800
37902409
37900146
37901278
37900366
37904722
37903562
37904338
37904678
37903654
37904134
37901731
37903489
37900214
37904192
37904356
37904202
37904148
37904144
37900105
37900106
37902407
37901506
37901511
37901734
37901735
37903615
37903212
37903582
37903574
37903535
37904206
37901147
37904101
37904052
37901131
37901070
37903566
37904474
37902080
37904476
37904720
37901648
37902326
37903202
37901028
37901007
37901008
37900298
37900308
37904454
37901248
37900314
37903572
37902314
37903304
37901308
37901125
37903132
37904070
37904610
37901276
37901076
37904014
37903349
37904027
37901310
37901364
37902366
37902354
37902355
37902357
37901242
37903064
37904232
37904096
37902432
37904480
37904608
37904262
37900148
37904441
37902350
37900095
37900094
37900093
37904019
37904660
37901133
37902017
37900050
37902010
37900166
37904176
37903478
37903184
37902044
37901141
37904478
37901793
37901046
37900284
37900287
37904250
37902024
37902069
37902434
37903474
37904092
37900052
37902007
37904602
37903413
37904442
37902052
37904128
37903380
37904672
37900053
37900040
37902312
37904198
37901060
37903126
37903578
37900234
37900235
37900180
37903544
37903462
37904072
37901139
37901119
37900450
37901548
37900518
37903058
37903584
37904180
37901549
37900078
37904706
37901807
37903600
37903568
37903542
37903372
37904328
37901713
37904712
37903534
37903588
37904234
37901270
37903561
37903358
37904025
37900176
37904060
37900510
37903006
37904680
37900579
37900551
37900228
37900227
37903198
37901010
37900018
37900107
37901174
37902114
37900076
37904064
37900084
37902150
37904585
37900538
37901300
37902538
37903342
37901782
37901382
37902112
37903328
37904023
37900306
37900534
37900517
37900597
37900527
37900292
37901003
37900506
37900310
37903224
37903222
37901058
37901059
37901642
37900418
37901710
37903348
37902431
37901536
37901402
37904244
37900304
37904310
37901033
37901035
37901034
37903484
37903186
37900054
37902108
37900011
37903490
37904054
37902102
37902094
37900570
37904579
37901092
37901644
37903062
37900264
37904292
37903636
37903670
37904716
37904140
37904152
37901818
37903634
37901284
37903046
37900080
37903228
37904002
37901722
37900504
37903362
37903321
37901290
37902013
37902012
37901732
37902368
37904318
37901362
37904098
37900380
37903108
37901303
37900098
37901370
37903454
37904264
37903488
37904718
37902380
37901610
37904028
37903230
37904296
37900008
37900035
37901206
37901231
37901129
37901016
37900290
37901250
37904080
37901238
37904108
37902398
37901072
37904086
37900585
37900557
37900224
37900281
37902360
37901064
37900530
37900254
37904006
37900143
37900218
37900571
37902413
37902402
37902440
37900048
37900151
37900503
37900233
37903594
37902390
37900136
37900220
37900283
37901815
37903672
37904702
37901604
37902084
37902091
37900291
37901198
37902014
37900154
37904146
37902148
37904170
37901540
37901318
37901048
37903034
37903070
37902090
37904012
37904337
37903002
37903345
37902400
37900242
37901239
37901504
37901720
37900547
37904094
37900111
37900032
37902308
37901032
37902420
37901520
37901232
37901780
37901234
37902404
37901018
37904294
37902076
37904440
37903194
37903044
37901606
37903552
37901804
37904274
37900162
37904066
37903066
37900230
37903078
37903338
37903060
37900266
37900208
37901084
37903220
37903014
37903000
37904008
37904312
37902315
37902370
37902418
37904600
37904652
37904194
37903360
37901127
37903626
37901652
37900316
37900516
37902078
37904464
37904576
37903736
37900420
37903536
37900455
37903040
37900286
37901145
37901194
37903114
37900258
37904606
37901170
37902064
37900140
37900541
37900562
37900237
37900246
37900555
37900554
37901054
37900250
37900240
37900548
37900647
37901632
37900545
37900558
37900550
37900645
37900553
37900556
37900552
37900630
37900566
37900549
37900560
37902369
37904664
37903602
37901153
37904021
37904116
37900248
37900360
37900232
37900179
37903604
37904078
37901541
37902386
37901728
37900508
37904899
37900004
37902426
37903210
37901718
37901314
37904604
37904024
37903192
37903512
37900282
37903550
37900322
37900158
37900024
37902304
37903612
37901212
37901608
37901026
37900044
37900045
37902032
37904058
37900126
37904320
37904358
37903614
37900178
37900604
37901564
37903376
37903820
37903377
37903116
37901123
37903652
37900388
37900406
37904567
37903630
37901280
37901716
37901827
37900312
37904026
37902003
37901236
37903052
37903232
37903366
37903632
37901282
37900085
37900012
37900021
37902415
37900118
37903704
37902372
37904120
37901762
37901082
37901525
37904614
37901527
37902066
37901524
37903218
37900156
37900064
37903370
37900467
37902082
37902346
37901638
37901614
37902110
37900540
37902394
37903595
37903206
37900181
37900526
37901530
37900216
37900204
37902056
37902060
37901809
37901724
37902436
37901646
37901020
37903624
37902318
37902377
37900124
37900471
37903008
37903706
37901184
37901180
37901074
37901791
37904118
37901534
37901526
37902002
37901704
37901702
37903226
37902358
37902406
37903354
37904311
37901110
37903620
37904240
37904056
37904674
37900521
37902356
37901650
37904588
37904290
37903214
37900073
37900074
37900330
37904040
37900580
37904062
37903016
37901616
37903200
37903379
37904046
37904055
37900368
37903592
37901808
37902034
37903068
37901612
37902438
37904088
37903196
37903825
37900274
37904082
37902134
37904570
37903102
37901274
37903662
37902140
37901514
37901512
37901543
37901372
37901806
37900163
37900187
