38700538
38700410
38706182
38705282
38705070
38700252
38700191
38700247
38700273
38701047
38701730
38701641
38700428
38706700
38706844
38703524
38706083
38701076
38700058
38700258
38701304
38703042
38703727
38701400
38702186
38703730
38705794
38700350
38700348
38702010
38706422
38703574
38701720
38704038
38706522
38701664
38701673
38704066
38705119
38703170
38705126
38703470
38702195
38701457
38705397
38700516
38703578
38701171
38700030
38706758
38701162
38705124
38706003
38706425
38703550
38703582
38706704
38700104
38705167
38705301
38705420
38705373
38705441
38705752
38703222
38701666
38703070
38700046
38706330
38701468
38703210
38705556
38702259
38701042
38701816
38705548
38703512
38701402
38700242
38701778
38708206
38700162
38705352
38705438
38705393
38705478
38702206
38703640
38700511
38701659
38705374
38701210
38705381
38703014
38701742
38706311
38702207
38706080
38701756
38705280
38705830
38702267
38700022
38703868
38700040
38700092
38701008
38705192
38706511
38703542
38701652
38701835
38702244
38701611
38706760
38703820
38701386
38703630
38705344
38705782
38705164
38703859
38703857
38702325
38702321
38702317
38701118
38701615
38701211
38706162
38702266
38706270
38706432
38700015
38703626
38705114
38701648
38701764
38705014
38703824
38703556
38703729
38706313
38700360
38705776
38704020
38700342
38701348
38701874
38701634
38700198
38705190
38701254
38700544
38703544
38702228
38702230
38700184
38701781
38705530
38705452
38700006
38701054
38706248
38701293
38703623
38705526
38701287
38701003
38701686
38701470
38703205
38702008
38706130
38705832
38703058
38703586
38703719
38703778
38704002
38703482
38700552
38701195
38705816
38706272
38701010
38702064
38701860
38706514
38706181
38700038
38703034
38701022
38701804
38701689
38702330
38703206
38705476
38702030
38703189
38701630
38701667
38701811
38701232
38702331
38703230
38701104
38703168
38703552
38702312
38701530
38702088
38701082
38700110
38706156
38705195
38700008
38706528
38701829
38700363
38705334
38702227
38701528
38706302
38701440
38702238
38706169
38701361
38703636
38704088
38700154
38703066
38706310
38706826
38701758
38706358
38703816
38702094
38704096
38703874
38701347
38701170
38700534
38703010
38705007
38703634
38703608
38700430
38701838
38701375
38701472
38705354
38701890
38701534
38703709
38706128
38701136
38701016
38702048
38701188
38701193
38702199
38705168
38701436
38705802
38706416
38701632
38706762
38701359
38700524
38706507
38704050
38703627
38706092
38704016
38700268
38703490
38703580
38705542
38700222
38700237
38706210
38705208
38701699
38700168
38702242
38708210
38703584
38705246
38703240
38706312
38703680
38701854
38703572
38705492
38702301
38706150
38703614
38701748
38701209
38701000
38702076
38703576
38704074
38706820
38700106
38705125
38700090
38700158
38706198
38703004
38706348
38701826
38701484
38701649
38706180
38705357
38701318
38704048
38706212
38705304
38705316
38705252
38700165
38700545
38700272
38703707
38705162
38700358
38700404
38701310
38702160
38703587
38701540
38701606
38701246
38700422
38701158
38703192
38703749
38705388
38702174
38702204
38700028
38701116
38701240
38701539
38702060
38700316
38703853
38701628
38702243
38700108
38700484
38705166
38700188
38700385
38700426
38701274
38703800
38702086
38705361
38700172
38700388
38700373
38700407
38700572
38700336
38706328
38705146
38703664
38705318
38705306
38700412
38705006
38703598
38706218
38706213
38703788
38700454
38700318
38701394
38701404
38701392
38703245
38702000
38700044
38700053
38702239
38701056
38700197
38700227
38700194
38700199
38700383
38705116
38706316
38701028
38706738
38703703
38703704
38703705
38702188
38701384
38702129
38701650
38703162
38700034
38701396
38703744
38703522
38705375
38701213
38705454
38700086
38700266
38700381
38702224
38700561
38705154
38703690
38703790
38700380
38703792
38700186
38700519
38700513
38700570
38700429
38700208
38701616
38700219
38700295
38703157
38702040
38703648
38703656
38702234
38705493
38700020
38700072
38705314
38702178
38701736
38705392
38700330
38703246
38702142
38701834
38706352
38701886
38700062
38705178
38701058
38702304
38701163
38703737
38705391
38703747
38705240
38706332
38705377
38701618
38706264
38703258
38702209
38701367
38708204
38702233
38706256
38706335
38706158
38703590
38706404
38705514
38701770
38702210
38703743
38703751
38705108
38703796
38706276
38701354
38703109
38701357
38701187
38703712
38705118
38702047
38705358
38705342
38705121
38700032
38703068
38703016
38700432
38702044
38701288
38702042
38701190
38706124
38703678
38703525
38700514
38703866
38705320
38700554
38701098
38703596
38703268
38703756
38706220
38700588
38701812
38706342
38700298
38700214
38703631
38705276
38701830
38706364
38700100
38702026
38705229
38700042
38702016
38702252
38705248
38701128
38701244
38706277
38701766
38705284
38706082
38702309
38701896
38701875
38706184
38706006
38702307
38705510
38702308
38701873
38702176
38705110
38705258
38701754
38703735
38706822
38701248
38701272
38706812
38705243
38701331
38704078
38700535
38705384
38706010
38701631
38702318
38703536
38705003
38701721
38706702
38700238
38703026
38702126
38700232
38701467
38700269
38703766
38701855
38706260
38700585
38706325
38702080
38703602
38701249
38701302
38703494
38701621
38700140
38706708
38701590
38703242
38701458
38702300
38701879
38708202
38705294
38703754
38706250
38703498
38706317
38703757
38706222
38703018
38702106
38705206
38706074
38701638
38706830
38706403
38700124
38703818
38706500
38705157
38701850
38701679
38701120
38700420
38705359
38705485
38705360
38706402
38701821
38706333
38706287
38706327
38700003
38701038
38701655
38706185
38701802
38705378
38705446
38703082
38705149
38706165
38701189
38706306
38701112
38703692
38703794
38704010
38703152
38704080
38701262
38700305
38706356
38705228
38703502
38706179
38705840
38705113
38700480
38701156
38700057
38706016
38702211
38702078
38700546
38706121
38705150
38701172
38700529
38700329
38700254
38705188
38705410
38700263
38700016
38706296
38703662
38703723
38701160
38701494
38700050
38703032
38701782
38700264
38705322
38701330
38704086
38701456
38705367
38705406
38702190
38703510
38703758
38701500
38700518
38705395
38700178
38701026
38703098
38706093
38703601
38705184
38700004
38703000
38700203
38704072
38705812
38705387
38703814
38703476
38701130
38700541
38706502
38703190
38706195
38705382
38703668
38703474
38703484
38703666
38703006
38706020
38705158
38705365
38703078
38705156
38700182
38706362
38700512
38705120
38701883
38701024
38702056
38700039
38703264
38706341
38700064
38705792
38701346
38700313
38705376
38705504
38700051
38701488
38701771
38706428
38706209
38706309
38703060
38705288
38701780
38702134
38706518
38705196
38705440
38702135
38705107
38704024
38705212
38701719
38703570
38706818
38706110
38705389
38705466
38703084
38703528
38700118
38703760
38705292
38701260
38706273
38703696
38705103
38706834
38703858
38706766
38706508
38701735
38701333
38700102
38701676
38701849
38706072
38701352
38703514
38703104
38701480
38701157
38701324
38701323
38701343
38701760
38705444
38701403
38705312
38705271
38706160
38701629
38702316
38705293
38703597
38703639
38701176
38702248
38705287
38704054
38706346
38706331
38705286
38706499
38703532
38706109
38701234
38703256
38701299
38706412
38705132
38701626
38706517
38700150
38700205
38703176
38703506
38706283
38700101
38700103
38700126
38700128
38703214
38705462
38703548
38701444
38700382
38700274
38701622
38700328
38705798
38703851
38700334
38702054
38700107
38700001
38700207
38702074
38705000
38701469
38701388
38701668
38701276
38701600
38703786
38705094
38701774
38701398
38701267
38705004
38701088
38701175
38703701
38706078
38702197
38700581
38700500
38706274
38700303
38700344
38703716
38703466
38703184
38700556
38703761
38706100
38703594
38702068
38701363
38700482
38705380
38705774
38703249
38702268
38703564
38703520
38705486
38703616
38704046
38700036
38701671
38703248
38701524
38701046
38703612
38705362
38702100
38703028
38702213
38703534
38706494
38703546
38705283
38702138
38701459
38706167
38701261
38701036
38700012
38703733
38701159
38700338
38701102
38703166
38700240
38703500
38701522
38703784
38706368
38703186
38702194
38700136
38706730
38704040
38701080
38706739
38703660
38703852
38705109
38701810
38703624
38706084
38701074
38705328
38706373
38706838
38703869
38706741
38706740
38702236
38703620
38705210
38703724
38701134
38700088
38703008
38700354
38702170
38706376
38702140
38703652
38704026
38703492
38702166
38701617
38705372
38706098
38706505
38701365
38701844
38701672
38705160
38703826
38702182
38703158
38703734
38703646
38706736
38706498
38705152
38701306
38706510
38703633
38703722
38703706
38700002
38705528
38701665
38700478
38701462
38705200
38702072
38703247
38705353
38702221
38703208
38701733
38701434
38705134
38700406
38705311
38702327
38703870
38702200
38702333
38703632
38703746
38704056
38703462
38701289
38701313
38703460
38701788
38703618
38706242
38701541
38700377
38705778
38702184
38705780
38701538
38706252
38700550
38703012
38706254
38700074
38702329
38701315
38705390
38702212
38705008
38703272
38705238
38701389
38703606
38700054
38703002
38706535
38701296
38703604
38705366
38706506
38705278
38705326
38703871
38703160
38704062
38706836
38700068
38701152
38706824
38701052
38701034
38704064
38703718
38701885
38705140
38701114
38706701
38703486
38705464
38700248
38700551
38700325
38702226
38701608
38706282
38701332
38703172
38700151
38704071
38701050
38700320
38700142
38703270
38706192
38703076
38700526
38701369
38702303
38703114
38706173
38706174
38705142
38705170
38701625
38701126
38706071
38701731
38702011
38701594
38702196
38703150
38706410
38700356
38701727
38701718
38701865
38701690
38706086
38700456
38703054
38701464
38705101
38701106
38705018
38705013
38703182
38703100
38700115
38703478
38705111
38700213
38705820
38701827
38701738
38701882
38700416
38702217
38706374
38703765
38701786
38702028
38701064
38700417
38706204
38705010
38701153
38701165
38702264
38705216
38700099
38702070
38705135
38706285
38705468
38702014
38701492
38706202
38701691
38701385
38701337
38702152
38702131
38703020
38701651
38701438
38703468
38706075
38705300
38701308
38701349
38705298
38702158
38706515
38702082
38705557
38700486
38702220
38701297
38703635
38701432
38705497
38702156
38702066
38701090
38704082
38705338
38703030
38700052
38702214
38705072
38702024
38701537
38706014
38702306
38700180
38706240
38706208
38706366
38705214
38701298
38701430
38700576
38700490
38702110
38703593
38706816
38706426
38701338
38706344
38703112
38705790
38706536
38703610
38701752
38705484
38706772
38705310
38706188
38706315
38706501
38706513
38706338
38703588
38705838
38705402
38705496
38703105
38703195
38705824
38702098
38700558
38703119
38705250
38701619
38706216
38704034
38701362
38701478
38706324
38706079
38705836
38706533
38700080
38708200
38701660
38705009
38700418
38705566
38700560
38705368
38705096
38704084
38701174
38704021
38702225
38701004
38705211
38701637
38705336
38701532
38705145
38706307
38700352
38702260
38705332
38701508
38702240
38701020
38701291
38705256
38705174
38701099
38705232
38700078
38703554
38701549
38703103
38706303
38703496
38703115
38702258
38701725
38706304
38705408
38705244
38705148
38703810
38706290
38700116
38706176
38701678
38706406
38700267
38706291
38706524
38703202
38705385
38703711
38700070
38705234
38705141
38706768
38702132
38706420
38702090
38703592
38703156
38706120
38700130
38706339
38703856
38702180
38700209
38706000
38706215
38706187
38706801
38706491
38700156
38706002
38706401
38700578
38700504
38701460
38703822
38705115
38700424
38704028
38704006
38701184
38700322
38703232
38705826
38703741
38705544
38705220
38706305
38701657
38703750
38703086
38701339
38706298
38706081
38705810
38700210
38701605
38704057
38701173
38700230
38702250
38706280
38705422
38701861
38702302
38706407
38701884
38702092
38701496
38701461
38701506
38703212
38705784
38703488
38706534
38706329
38705348
38701596
38702219
38705324
38706530
38703118
38701809
38706516
38701822
38701636
38705198
38705524
38701734
38703753
38706520
38703216
38700026
38706495
38705460
38706526
38705516
38701066
38704068
38703254
38706413
38705371
38700414
38701442
38701825
38701060
38701808
38706770
38705296
38701321
38701164
38705796
38703516
38704018
38700164
38700229
38701168
38701837
38706286
38705552
38702604
38705568
38705458
38705106
38703044
38703714
38706177
38703739
38706170
38701485
38704012
38705564
38703752
38706244
38701270
38700542
38706197
38703464
38703250
38702262
38706340
38700362
38701498
38702322
38703110
38706334
38703215
38702192
38703236
38700204
38703748
38703864
38701740
38705011
38702332
38703575
38703521
38702022
38701848
38701675
38700160
38700223
38703072
38700392
38703782
38701819
38701639
38701836
38701627
38701351
38705477
38706200
38702223
38706493
38702122
38706519
38705356
38706318
38703526
38701096
38706321
38706320
38705399
38705136
38701688
38703642
38701656
38705442
38705508
38705350
38706814
38701654
38704076
38705474
38701749
38702324
38706350
38706196
38703480
38702034
38701316
38706354
38705275
38700390
38705172
38701815
38701295
38701012
38704098
38701623
38706503
38704092
38701342
38701294
38701078
38701894
38700291
38701520
38701463
38705204
38706840
38703188
38705176
38700192
38706359
38706737
38705490
38703872
38701526
38706375
38705016
38705117
38701610
38703595
38700296
38700549
38706168
38706194
38705230
38701682
38706370
38702058
38700277
38701635
38701062
38701314
38706122
38706284
38703676
38703174
38700408
38700212
38700299
38706497
38702216
38704060
38701856
38701779
38703708
38703538
38704042
38706119
38705112
38706731
38701350
38703224
38700027
38700228
38705482
38705495
38701148
38703472
38703812
38705277
38705299
38700262
38700531
38700323
38700279
38703040
38705363
38703713
38704070
38703074
38702102
38701390
38703798
38705364
38701006
38706246
38703742
38705098
38701364
38703780
38704004
38703566
38703523
38700109
38700153
38706166
38701592
38703038
38700155
38700174
38706175
38706289
38705133
38703759
38706418
38706279
38700084
38703243
38706108
38702004
38701714
38704052
38706164
38700300
38706532
38706073
38700528
38702168
38703234
38706268
38701181
38701150
38703238
38706203
38700548
38702104
38701182
38706408
38700522
38706004
38703260
38702148
38702111
38701122
38700310
38705562
38700122
38700543
38706214
38706201
38705383
38705456
38701185
38706308
38700215
38705182
38700166
38701380
38701466
38703252
38702164
38703080
38701465
38703116
38701059
38703558
38705218
38705340
38706186
38701094
38705330
38701880
38701238
38701154
38703863
38705786
38703638
38702108
38701824
38703731
38701602
38703046
38703064
38703052
38702012
38705450
38701658
38705351
38700114
38705290
38703508
38701353
38701723
38701476
38701613
38701169
38703622
38701334
38701317
38701818
38701601
38705105
38703865
38703050
38701820
38706337
38703862
38706735
38700517
38700169
38700368
38700365
38705369
38703728
38700123
38703644
38703164
38700256
38700202
38701598
38701044
38700096
38700218
38700293
38700376
38701624
38700117
38700304
38700190
38700359
38700281
38703738
38705102
38701236
38701356
38705194
38703698
38700324
38700364
38703672
38703686
38703688
38703684
38701858
38700069
38703005
38700374
38700331
38701724
38706496
38701832
38705345
38704058
38706077
38705788
38701002
38702222
38703204
38703504
38705370
38706190
38703228
38705520
38701633
38700294
38700060
38705242
38705806
38706294
38701482
38703530
38706531
38703196
38706326
38702049
38701055
38705470
38704022
38701784
38700532
38701084
38705104
38705512
38706118
38700220
38701620
38700276
38703036
38700206
38701612
38700221
38700431
38700231
38703226
38703650
38703736
38702032
38701768
38705143
38701642
38706152
38706733
38701614
38700306
38703218
38700510
38701312
38703031
38700340
38701382
38703720
38701828
38700361
38700494
38700574
38706832
38702118
38702114
38702120
38702116
38702112
38703658
38701877
38701842
38700234
38702130
38706705
38702328
38700271
38706360
38708208
38700112
38701300
38701268
38701381
38701474
38703560
38701876
38703854
38702162
38705213
38702203
38700082
38705346
38706319
38705522
38703540
38701250
38706521
38701536
38706090
38702218
38705272
38700170
38700384
38701110
38701242
38701124
38700216
38700297
38700167
38700245
38700386
38701640
38701132
38701108
38701728
38705186
38705138
38702146
38702096
38705804
38706076
38700018
38706706
38702201
38706085
38706022
38706409
38702150
38700260
38701716
38706336
38701839
38706512
38701872
38701713
38701696
38705302
38700540
38700492
38701604
38700200
38700270
38700226
38706288
38701609
38701014
38702254
38700148
38701806
38703087
38703244
38706157
38700196
38700327
38709899
38702018
38701722
38700527
38700014
38702038
38702232
38706117
38702334
38700582
38700498
38703694
38701070
38702006
38705236
38705822
38705473
38701800
38700048
38700326
38703715
38705254
38703721
38706106
38706126
38700584
38700488
38701212
38704036
38700224
38700255
38701151
38701776
38701192
38702323
38703717
38701726
38706743
38701887
38701311
38701846
38701674
38705404
38705502
38701817
38701647
38705147
38703117
38701355
38701892
38701320
38706430
38705818
38703568
38701852
38701681
38701823
38702198
38703266
38706154
38703262
38702144
38702113
38700045
38703762
38702084
38704032
38702036
38700246
38701191
38701746
38705808
38704047
38703674
38700419
38700520
38703107
38701662
38703670
38701680
38700176
38703518
38701086
38706414
38701762
38703101
38703755
38702602
38705002
38700371
38706123
38706424
38703740
38701881
38701377
38701646
38703654
38700098
38703710
38701486
38701370
38703682
38701376
38706400
38706509
38701368
38701290
38706096
38706207
38700056
38705180
38703562
38706251
38706281
38700372
38700144
38706842
38702205
38706372
38701715
38701336
38706323
38705274
38705558
38702235
38702215
38701372
38702046
38700134
38700537
38700580
38700502
38700120
38700131
38700010
38702256
38701256
38701513
38701379
38703062
38701258
38702020
38702202
38701228
38702128
38706301
38703768
38706262
38701358
38702050
38701366
38701230
38701878
38700236
38705842
38705828
38703198
38702002
38702246
38703732
38702606
38703700
38701378
38701374
38700055
38701516
38703194
38701344
38706314
38703106
38702052
38700189
38700496
38700530
38700302
38700152
38702124
38702062
38701490
38700539
38702193
38703764
38705500
38700289
38706258
38700378
38706102
38706172
38706810
38706094
38700366
38703702
38702208
38701692
38701518
38701512
38701814
38706206
38701319
38706378
38703102
38704008
38700250
38701048
38704044
38701072
38701360
38701068
38701183
38705122
38706104
38706734
38705270
38701100
38705518
38704094
38705554
38701371
38700536
38705494
38701729
38703178
38706018
38703154
38700244
38705814
38703200
38705394
38706178
38706774
38706292
38705355
38705506
38705498
38704090
38701180
38700138
38701229
38705472
38703628
38703600
38706266
38700332
38700314
38703180
38700370
38701040
38701757
38705800
38702310
38701898
38704095
38701888
38701864
38706275
38701866
38701862
38700094
38701870
38705550
38701868
38701871
38703048
38705144
38701092
38700066
38706322
38706088
38701252
38701717
38705012
38701510
38700312
38700308
38703056
38706492
38701335
38702136
38706828
38701750
38705834
38701292
38700346
38704014
38705546
38706504
38701030
38702172
38706764
38703726
38705308
38703024
38701514
38703253
38705386
38701504
38701018
38701813
38701322
38700076
38701161
38701264
38701502
38701772
38700132
38700024
38702154
38703850
38706490
38706756
38701732
38701266
38706278
38705379
38705448
38705480
38703725
38703220
38701685
38701683
38701687
38701684
38703745
