38740076
38742276
38748560
38748558
38748506
38748504
38748696
38748698
38748189
38748528
38742150
38740144
38745666
38740152
38740118
38744590
38744570
38741222
38740178
38742456
38741088
38745502
38741048
38745565
38740140
38740130
38740174
38740110
38740402
38740560
38740300
38741233
38747302
38748488
38748684
38748664
38741140
38741142
38741186
38741212
38740020
38741107
38748492
38748692
38745632
38745618
38745518
38745152
38745060
38745050
38747324
38741172
38747128
38747130
38747000
38744580
38744008
38747538
38747650
38744586
38741246
38742328
38740210
38740200
38740094
38740456
38747576
38740392
38740466
38742216
38740320
38740432
38748562
38748640
38740106
38743014
38742756
38742258
38743156
38745572
38745538
38741231
38744882
38744810
38748572
38742142
38748620
38748648
38740324
38741198
38745576
38745556
38745530
38741252
38741174
38741184
38740599
38745684
38745596
38745548
38742478
38741200
38747062
38742230
38741068
38741090
38747306
38741227
38742750
38744800
38744834
38744824
38748676
38748660
38745102
38745130
38745154
38745074
38741062
38742342
38748674
38748630
38748654
38748656
38740158
38740116
38740062
38744830
38744578
38744612
38744604
38744598
38743018
38744608
38743026
38744610
38741130
38741229
38748185
38748490
38748690
38748668
38741256
38742470
38748604
38748602
38748568
38748636
38742324
38742752
38748181
38744616
38747334
38744850
38747096
38743160
38744826
38741113
38740150
38740122
38740444
38743002
38744500
38742086
38743078
38742002
38741092
38745694
38740114
38747024
38740028
38745010
38745032
38745680
38745682
38745622
38745624
38745536
38745524
38745148
38745146
38745078
38745080
38745030
38745028
38744856
38748178
38745036
38748712
38748522
38747392
38743406
38743402
38743404
38748179
38747514
38747086
38747068
38747026
38744542
38745158
38745702
38745678
38747554
38747126
38747134
38747526
38747528
38744842
38748170
38740462
38741120
38742070
38742096
38740064
38747358
38742340
38745560
38748496
38748694
38740060
38748462
38740162
38747574
38748502
38743400
38748594
38748622
38748682
38748498
38748508
38748532
38745606
38745626
38740296
38741154
38741214
38748616
38748644
38745675
38748598
38740188
38740108
38740088
38740040
38742018
38743042
38743072
38748610
38748472
38745100
38745066
38743140
38747158
38745630
38742170
38741166
38744836
38747540
38748474
38748686
38748486
38748520
38748706
38748538
38745012
38745046
38744550
38743158
38741118
38748536
38741191
38745164
38743222
38742268
38743150
38748661
38748663
38748667
38741074
38741086
38740022
38742484
38742500
38741206
38740256
38745633
38747352
38740596
38740605
38741203
38740298
38740617
38747564
38747552
38745692
38745598
38745552
38741054
38741100
38744544
38744858
38742476
38747354
38741064
38741094
38740190
38745040
38744516
38747506
38747060
38747034
38743132
38743130
38740038
38747042
38740468
38744508
38741111
38744606
38748500
38748586
38743230
38745138
38745534
38745500
38745170
38745024
38745052
38742498
38745650
38745532
38745150
38745076
38745054
38744852
38745688
38745600
38745551
38745136
38745086
38745018
38743006
38743143
38748552
38748642
38741190
38747106
38747100
38747016
38747150
38740008
38742024
38743052
38743060
38742330
38747004
38744546
38747032
38744536
38740010
38740024
38742218
38742224
38740514
38740512
38740478
38745098
38747390
38747152
38745566
38745558
38745096
38744880
38747110
38747098
38747018
38744552
38748510
38748700
38741136
38740246
38747012
38747140
38744820
38743010
38740086
38747070
38740454
38743066
38747536
38740001
38745132
38745094
38745014
38741106
38740316
38740480
38740098
38745594
38745550
38743030
38740404
38740412
38747002
38747146
38744548
38740154
38740176
38740318
38743226
38748564
38744828
38748512
38748702
38744812
38742234
38741082
38742488
38744004
38741102
38747336
38741044
38745602
38741162
38742466
38745700
38745670
38742240
38747088
38741046
38744594
38742762
38742296
38742154
38744876
38740231
38747340
38742304
38744506
38742044
38742278
38742050
38742176
38741210
38744854
38741124
38748534
38740270
38745520
38748514
38748704
38747384
38740166
38740182
38740611
38747570
38741250
38744572
38744878
38741042
38747304
38747508
38742492
38745034
38740084
38740120
38740474
38742264
38742270
38748187
38740510
38740314
38745038
38740308
38742459
38748624
38748650
38740274
38740194
38748526
38748468
38748612
38741201
38748516
38748708
38745072
38744822
38741058
38748588
38748628
38748678
38740564
38747008
38747144
38747164
38747290
38743120
38743134
38740219
38743232
38745134
38745090
38745016
38744006
38748530
38740593
38740276
38740278
38740242
38740244
38748578
38748580
38748634
38748632
38748672
38748670
38742090
38742040
38742038
38742272
38742308
38744518
38742008
38742282
38742294
38744514
38742006
38740030
38742468
38744588
38740482
38740262
38745168
38745638
38745522
38745656
38748480
38748688
38748666
38748626
38748652
38748592
38744874
38743008
38741224
38740146
38747502
38740128
38747072
38740074
38747050
38740072
38747040
38740026
38744528
38744524
38742010
38747104
38747006
38744584
38744884
38747116
38745676
38740050
38740464
38740518
38747512
38747080
38747066
38747028
38744540
38741148
38740508
38742326
38744870
38742004
38742056
38744502
38742298
38743044
38742168
38743004
38743048
38742062
38742516
38741150
38742210
38742042
38742068
38742174
38742074
38742138
38742110
38742100
38747154
38742512
38740227
38742236
38742000
38744504
38742066
38740264
38744840
38741132
38742460
38740460
38747074
38747056
38747036
38744534
38744512
38740272
38747516
38747518
38747090
38747092
38745668
38742462
38742770
38742306
38743124
38745644
38742144
38740070
38747014
38747054
38747124
38747044
38747138
38747314
38747338
38747320
38747316
38740112
38745696
38745698
38745660
38745662
38740590
38740290
38740516
38741114
38740620
38747102
38747136
38747310
38747522
38747524
38747294
38747326
38747308
38747356
38740614
38747652
38740160
38747790
38748460
38740186
38748608
38748600
38740458
38740046
38740048
38742212
38742036
38742164
38740254
38742140
38747520
38747094
38740044
38742022
38740252
38745044
38742765
38747118
38747120
38747020
38747022
38740170
38740180
38740213
38740284
38747328
38742508
38741076
38740504
38742292
38742156
38741254
38741138
38742474
38744602
38744596
38747357
38748464
38743016
38740080
38740078
38740068
38740066
38741101
38745634
38742320
38742312
38741052
38745516
38741237
38745654
38741144
38741103
38742254
38742124
38742334
38744816
38743024
38743036
38743064
38743062
38742088
38742080
38742126
38742114
38742452
38742130
38747566
38744614
38744864
38747322
38741112
38744576
38743136
38742248
38742506
38747530
38741070
38745672
38745664
38745658
38744888
38740223
38740390
38740448
38745542
38742332
38741122
38741134
38740258
38742758
38740280
38742226
38742034
38743080
38742060
38747792
38743152
38741060
38741096
38742486
38747556
38744582
38742764
38745104
38740033
38743128
38748478
38742152
38742300
38744844
38748584
38743122
38743020
38744001
38743022
38743058
38742076
38742112
38742134
38747112
38747108
38747160
38744574
38747344
38742518
38740310
38740240
38740312
38740500
38740484
38742244
38740502
38742290
38742284
38742158
38742172
38742148
38742454
38740184
38742250
38740292
38740562
38740626
38747346
38742256
38743116
38742766
38741104
38742252
38743220
38741262
38743228
38747342
38747348
38744886
38747298
38740217
38742116
38741197
38740623
38740221
38742502
38742504
38743224
38742464
38743126
38740016
38744526
38742262
38747548
38740398
38740396
38740440
38740438
38740470
38740472
38742220
38742222
38747558
38747318
38745142
38745162
38747544
38741056
38745610
38745690
38745648
38745646
38743012
38743054
38742072
38743164
38744866
38744862
38740148
38740124
38744556
38743088
38742092
38742122
38748618
38748646
38747572
38741040
38741180
38747312
38740436
38741187
38740602
38747510
38747078
38747064
38747030
38744538
38744520
38747148
38741208
38741098
38740164
38740394
38740452
38742214
38742064
38742094
38741195
38747359
38742260
38742162
38747534
38742132
38741105
38740250
38740248
38741078
38741080
38741170
38741168
38748484
38748680
38748662
38747532
38747350
38742338
38748606
38740192
38740102
38740056
38745620
38748518
38748710
38741050
38740450
38741182
38743162
38743028
38743032
38743076
38743070
38742098
38742084
38742120
38742118
38740306
38748184
38740002
38742030
38742054
38742078
38743084
38745048
38747052
38747038
38744530
38744510
38745568
38740100
38740400
38747084
38747500
38748172
38744832
38745092
38745062
38748476
38744802
38744890
38745590
38747560
38747562
38748494
38748524
38741156
38740004
38743056
38742052
38742026
38741126
38742472
38742482
38740304
38740260
38740486
38741108
38741128
38742136
38744818
38747058
38747122
38747132
38748582
38748576
38745156
38748176
38748556
38748596
38748550
38744804
38742266
38742336
38744522
38740506
38740018
38742310
38742028
38748614
38748482
38748574
38740266
38748554
38745166
38745674
38745608
38745528
38745144
38745082
38745026
38747398
38740302
38740288
38744002
38740090
38740054
38740042
38742020
38747355
38747010
38747142
38740142
38740126
38745686
38745614
38745546
38745140
38745084
38745022
38740268
38741194
38740082
38747076
38740442
38744848
38747300
38745514
38745564
38743118
38747330
38747292
38747162
38742458
38740215
38740229
38747332
38740322
38740434
38745586
38743138
38742768
38747296
38744600
38748182
38747542
38745582
38745584
38745612
38745554
38745616
38745526
38740036
38740034
38740012
38740014
38742014
38742016
38743001
38743040
38743038
38743074
38743112
38748899
38745562
38745580
38744838
38747504
38740196
38740096
38742480
38744806
38742232
38741160
38747550
38742228
38742302
38744868
38745540
38743110
38743142
38745504
38742322
38741248
38742246
38743114
38743144
38740092
38740052
38743154
38740286
38748566
38740198
38747114
38748590
38742032
38742082
38742058
38743082
38742494
38741158
38740282
38741164
38741072
38748570
38748638
38748658
38745511
38745160
38745070
38745068
38741084
38741152
38747380
38742760
38747546
38741146
38740006
38744532
38742242
38744554
38744808
38740104
38747082
38740406
38740410
38747396
38744814
38748173
38747400
38747388
38747386
38745642
38747394
38744618
38745064
38740058
38748470
38740172
38744872
38742496
38741116
38742166
38740608
38740032
38740168
38748466
38743034
38742012
38745020
38745088
38745058
38745056
38740156
38742238
38741066
38745042
38742128
38742274
38742450
38740476
38743046
38743068
38740294
38748175
38742510
38744592
38740446
38744846
38742280
38742160
38742146
38740430
38740326
38740350
38747382
38742754
38743050
38743086
38747568
38744860
38741260
38741258
38741245
