33940150
33943220
33902732
33880470
33940142
33836075
33927060
33944025
33822700
33840154
33880718
33940012
33882209
33809014
33830170
33822531
33902592
33943021
33915065
33913050
33840160
33943368
33840550
33913470
33933630
33883027
33903111
33903080
33920200
33805440
33855322
33825130
33860221
33883035
33902503
33920020
33930622
33903402
33883005
33925540
33840800
33883010
33938412
33938140
33938144
33830100
33822020
33823520
33943328
33943480
33935100
33900402
33900400
33930580
33880320
33855300
33833180
33809001
33808050
33910087
33938060
33858090
33913330
33910010
33858650
33933670
33826090
33840042
33830115
33822345
33830080
33809078
33925430
33841230
33841232
33820090
33841240
33860200
33821325
33938129
33943425
33860380
33860370
33920320
33913010
33930005
33841005
33821105
33821340
33820040
33820300
33910080
33935720
33840360
33858400
33841242
33935250
33833150
33840025
33820180
33821200
33822537
33930590
33900705
33855190
33826092
33821460
33943420
33821370
33935030
33821462
33841213
33840250
33855040
33938460
33937054
33820020
33943500
33880746
33935480
33938310
33925510
33880300
33925480
33913260
33902195
33940020
33938125
33863030
33902565
33915100
33882293
33861520
33826116
33822035
33880390
33903142
33937055
33830005
33936043
33943190
33863039
33863035
33820070
33902712
33880400
33822551
33826007
33943380
33935680
33863047
33930442
33933646
33880486
33880485
33805521
33808032
33902200
33935122
33915048
33833040
33809015
33841012
33935226
33940140
33858360
33938311
33821435
33863054
33925120
33822518
33930530
33915018
33913198
33822552
33822515
33915047
33830300
33860410
33840315
33938456
33937059
33938396
33841008
33855380
33825438
33910090
33820270
33860260
33900310
33943022
33936120
33902030
33900360
33900550
33930800
33933686
33930175
33938457
33805271
33943765
33943760
33903438
33833115
33930050
33820490
33935612
33823640
33930842
33841248
33903018
33900670
33903070
33902182
33900720
33860190
33938130
33821155
33935270
33860223
33900300
33855070
33860110
33925065
33944015
33933610
33820520
33883038
33805090
33925040
33943580
33944230
33903401
33805470
33805542
33925450
33880430
33860100
33943450
33933085
33937125
33821429
33900640
33943789
33943772
33943430
33900600
33933660
33808140
33826059
33840245
33936010
33933540
33935580
33938420
33943440
33821412
33860572
33830320
33808000
33840650
33940200
33937000
33855220
33840220
33925675
33825433
33833170
33825448
33833100
33825442
33809079
33825435
33830065
33820560
33935420
33840102
33902602
33913185
33836325
33820410
33880330
33913130
33823270
33841256
33805020
33805275
33805375
33805142
33805445
33805035
33880165
33880630
33943120
33880420
33915005
33805060
33925620
33825080
33935180
33822522
33805485
33823030
33883022
33943358
33944020
33915046
33830310
33826084
33841200
33940000
33860170
33930490
33938108
33858530
33841250
33920470
33880500
33880595
33880110
33943750
33913230
33823000
33935232
33840385
33920330
33939080
33809035
33936000
33902740
33940144
33836005
33937165
33822720
33860215
33840155
33880721
33855534
33809016
33913240
33938322
33913530
33938312
33900050
33915025
33930500
33913510
33858150
33933752
33933038
33933542
33858470
33933282
33808150
33902130
33935400
33826146
33930190
33826033
33938332
33915044
33938338
33840010
33913580
33833190
33938402
33938385
33933190
33938090
33925490
33809075
33823040
33823302
33880070
33863048
33938345
33930740
33855700
33938045
33930795
33930758
33938047
33938046
33938335
33833172
33820572
33861342
33938427
33858652
33925114
33935340
33902430
33903275
33902196
33933350
33933060
33933690
33822513
33943680
33826078
33936030
33900220
33805390
33805311
33902660
33858590
33822110
33820360
33860130
33880030
33900380
33930295
33841212
33823720
33935725
33809085
33809088
33935705
33858130
33902070
33938320
33903091
33920490
33823280
33935712
33935405
33933240
33840440
33826010
33855740
33902140
33933580
33938350
33840255
33939060
33930285
33930002
33937060
33938100
33938110
33938330
33822315
33930480
33939020
33900145
33902650
33935170
33841020
33825635
33840342
33935234
33900330
33938328
33903419
33925075
33938326
33822752
33836073
33822502
33836301
33822303
33822034
33821409
33809007
33821107
33820567
33833213
33820152
33823177
33825168
33825612
33830123
33826027
33920400
33938352
33915055
33938340
33840645
33935370
33940146
33822750
33840156
33821148
33809048
33902230
33938305
33840150
33930445
33910047
33805690
33930380
33930730
33805210
33938308
33930752
33830190
33920460
33902480
33840013
33809047
33943793
33830110
33938302
33855260
33840230
33930180
33860050
33822534
33858170
33938290
33902535
33902470
33903065
33935713
33943233
33925645
33933795
33840510
33902205
33902180
33902102
33933688
33944010
33935714
33938300
33858160
33938070
33913550
33826080
33913320
33826190
33913180
33943794
33825615
33809004
33915057
33830230
33933220
33826110
33933130
33930550
33840375
33933210
33938255
33855340
33860570
33858270
33855080
33840240
33920395
33920480
33840490
33938124
33840610
33938280
33833030
33855720
33902410
33902510
33855470
33930060
33861330
33826054
33841270
33903310
33840760
33826070
33943570
33805110
33841252
33826047
33808110
33900730
33822560
33861022
33935490
33902040
33840090
33936210
33900580
33858210
33833117
33940072
33930510
33915054
33930492
33938285
33933440
33943280
33940210
33841214
33840105
33855570
33825580
33822300
33882298
33913280
33900570
33826062
33903250
33841272
33821432
33915105
33830250
33858510
33936190
33913410
33902360
33902450
33830045
33902300
33805340
33913540
33840400
33930150
33903270
33826064
33821447
33841275
33925060
33823370
33933760
33915015
33822304
33830290
33933608
33939052
33809022
33833162
33822095
33861015
33826082
33933040
33860490
33826184
33840082
33826192
33943360
33840472
33840492
33858102
33858245
33840502
33840710
33858192
33840522
33858195
33840412
33840452
33938342
33902605
33830350
33821415
33882265
33938153
33938444
33823020
33937110
33938443
33809041
33938434
33938411
33940056
33825220
33943000
33935300
33943780
33903150
33914025
33836016
33927050
33920517
33938435
33822730
33925607
33939108
33880715
33805591
33925174
33938151
33943797
33855762
33820028
33805280
33823470
33823490
33823550
33823510
33823530
33925485
33823540
33858242
33823500
33820510
33823480
33938101
33915115
33830120
33880020
33809062
33936200
33821482
33920450
33925240
33925574
33841285
33841280
33943572
33822511
33930270
33935350
33943730
33861525
33944190
33933110
33860405
33826012
33825452
33825437
33937330
33833045
33823050
33930780
33930588
33938447
33936130
33860040
33825050
33840540
33826168
33820200
33823230
33861400
33930592
33883045
33900270
33861355
33809038
33809032
33858100
33937090
33920212
33825272
33938106
33836305
33938105
33913560
33903100
33940040
33933550
33933591
33933562
33915035
33915013
33822310
33830390
33903220
33940060
33933430
33935227
33902630
33858540
33858300
33833130
33820574
33809066
33930240
33913290
33826050
33860440
33823290
33826166
33930840
33938348
33840280
33920350
33840050
33938428
33938452
33937082
33935238
33822080
33943320
33822125
33925410
33938052
33822536
33933480
33805270
33826021
33920100
33902160
33938383
33902201
33821495
33903315
33938318
33809058
33913440
33920148
33855390
33943770
33840395
33944012
33822800
33840153
33809019
33863013
33840200
33913040
33939068
33925150
33840000
33920125
33855500
33935150
33860300
33821411
33820320
33880275
33880282
33805290
33880728
33805630
33860224
33805130
33938315
33943520
33937040
33822500
33808160
33900375
33900001
33900552
33900667
33902012
33900067
33929050
33943802
33900702
33900042
33934001
33855580
33826056
33823380
33805530
33933360
33825640
33825270
33938200
33943240
33937190
33925260
33903200
33836025
33821030
33927038
33939125
33920528
33822760
33925622
33880703
33925177
33861547
33937300
33836040
33821053
33927020
33822810
33934145
33882260
33825330
33937260
33925010
33836035
33821045
33927028
33822790
33925637
33825340
33937270
33925030
33808190
33823400
33836037
33821047
33933648
33927025
33822795
33825350
33836039
33821050
33927023
33822805
33934150
33903470
33822060
33825570
33938080
33943660
33925560
33855110
33938026
33935690
33841202
33820450
33930010
33823060
33938453
33821108
33820182
33821022
33920340
33863045
33858320
33820540
33820565
33820460
33938102
33880600
33880482
33903434
33944185
33880480
33826026
33930760
33855170
33944155
33823010
33823580
33943020
33935020
33937285
33903120
33933650
33825365
33914010
33836010
33821010
33927056
33939102
33920512
33938431
33822710
33925602
33880736
33903407
33925172
33935022
33943204
33840782
33943767
33943788
33820022
33880306
33823650
33821365
33880180
33823410
33809003
33809026
33930360
33820192
33823140
33823680
33825290
33935260
33925210
33836029
33821035
33927034
33822770
33933605
33935242
33925016
33933150
33820420
33826028
33822850
33840152
33855702
33863003
33822509
33809021
33861530
33900202
33935035
33833119
33880302
33882225
33836303
33944220
33805481
33805482
33805500
33935640
33933010
33933035
33840620
33900210
33860222
33860240
33944023
33825434
33880650
33943432
33880440
33860350
33822507
33855490
33808230
33841000
33825436
33920055
33915110
33939024
33925180
33933652
33933270
33821046
33808040
33821114
33805245
33880050
33821445
33823070
33903210
33925130
33935410
33925400
33805580
33825600
33836320
33822015
33915020
33943435
33925482
33825278
33858640
33913380
33805660
33903112
33861390
33880742
33861550
33855420
33805273
33805030
33822325
33915125
33830030
33841260
33900250
33935218
33900290
33808280
33840740
33925160
33880340
33913200
33826120
33935140
33930110
33900040
33861010
33933290
33937050
33822508
33902100
33840151
33809017
33825630
33833140
33809059
33809055
33940050
33936060
33935130
33900540
33940052
33943357
33944140
33825432
33805295
33880100
33880062
33826029
33858310
33938388
33855540
33944260
33822505
33841262
33940125
33841205
33830370
33822305
33830140
33925682
33940090
33880230
33900148
33900065
33900128
33900218
33903465
33933620
33939008
33915040
33939009
33830150
33933590
33902590
33935650
33840235
33935224
33935225
33920362
33920260
33840210
33836306
33938394
33920375
33935700
33882262
33860140
33826035
33933640
33826156
33935390
33855090
33944030
33913160
33823080
33841210
33933644
33855770
33820260
33935070
33930852
33900083
33944130
33855320
33820525
33821235
33944250
33900350
33820120
33820254
33900325
33935080
33805277
33805310
33805670
33863051
33820150
33925140
33863028
33900700
33820390
33944280
33943530
33821230
33805515
33822555
33820230
33861545
33930660
33825320
33855150
33861012
33863022
33821161
33933080
33943460
33841277
33933420
33902060
33858330
33809023
33841261
33930165
33833112
33840750
33915034
33830240
33933582
33833220
33809095
33840470
33822504
33822544
33809105
33933404
33933470
33929040
33933472
33935696
33840005
33930450
33930755
33930844
33933592
33880250
33903435
33902420
33823600
33925580
33822516
33933310
33822510
33943470
33900470
33900260
33805370
33935228
33930340
33933740
33944145
33944235
33944254
33880550
33821020
33805545
33925572
33925270
33880745
33860480
33902600
33903060
33944175
33900615
33933655
33822528
33935600
33855450
33935660
33943540
33821015
33825200
33822540
33920130
33935160
33860225
33860220
33826076
33938180
33935675
33925618
33880490
33933720
33920280
33913030
33840365
33823305
33933530
33925670
33913460
33925692
33821408
33826118
33821455
33840430
33925672
33858180
33938082
33938024
33938022
33935380
33936020
33826096
33902250
33809045
33935715
33822090
33823090
33902310
33902490
33940220
33933450
33940030
33809087
33858140
33930025
33925700
33821170
33861302
33833232
33920498
33860090
33821345
33935222
33930230
33820500
33820170
33936073
33805195
33900510
33860470
33855460
33860530
33900530
33880210
33821410
33861025
33823300
33902260
33823320
33820240
33935360
33900311
33920380
33939078
33840300
33840720
33825020
33860602
33860250
33805048
33902620
33860230
33940080
33823100
33820010
33820380
33823730
33903403
33820060
33880304
33880200
33821477
33805272
33944255
33930460
33809054
33823110
33830330
33902330
33860600
33920140
33933570
33858490
33933020
33943023
33933402
33840070
33882280
33933770
33938195
33910070
33915042
33943375
33822340
33933602
33943002
33910060
33910050
33915032
33933546
33830010
33934175
33880370
33805382
33805330
33933120
33925370
33940110
33930420
33933647
33930030
33903450
33902714
33933685
33935460
33840590
33925695
33858350
33913120
33930235
33821247
33858020
33938458
33937056
33855310
33858440
33840520
33935124
33943805
33935315
33809092
33935701
33903415
33883008
33822543
33861395
33900610
33820190
33833160
33933800
33930470
33902550
33840110
33915010
33882278
33822335
33830000
33939022
33933556
33902240
33930850
33935236
33883036
33826170
33863038
33805555
33944150
33882212
33880590
33920180
33823120
33840460
33826162
33809077
33833042
33860160
33860209
33841218
33826104
33826126
33902540
33913195
33938062
33938085
33902522
33934105
33840380
33938160
33840020
33920382
33840130
33915075
33910020
33830270
33933554
33830085
33858570
33826122
33882287
33939012
33855000
33821185
33944160
33902190
33809030
33858460
33826128
33826018
33826020
33880739
33855410
33936070
33920090
33930446
33821355
33820140
33858052
33930330
33805212
33805205
33940180
33805520
33805560
33805164
33821255
33900320
33860430
33821450
33910085
33880284
33880270
33805553
33861305
33855130
33860030
33943808
33809056
33900377
33900703
33943720
33900465
33943786
33900800
33858200
33826144
33903437
33861415
33920110
33903404
33840420
33903458
33920003
33930793
33929001
33822506
33880060
33821480
33933730
33944210
33880160
33935280
33944105
33944195
33903405
33855370
33903440
33863032
33809010
33858000
33902580
33938325
33937240
33943200
33920040
33936140
33938455
33937058
33860400
33943130
33939055
33943560
33943225
33880380
33861350
33861375
33903030
33935570
33939058
33935320
33805495
33943782
33821467
33822521
33808070
33860510
33903040
33920144
33938064
33860460
33934180
33821130
33943170
33902080
33920190
33936170
33938408
33826030
33860420
33903240
33936180
33933490
33900390
33805350
33930200
33920282
33805384
33903448
33935670
33805160
33903412
33933245
33883032
33880015
33861535
33903457
33809018
33880410
33861325
33860315
33821241
33805070
33805111
33820480
33935482
33840122
33826023
33820030
33805490
33826066
33902680
33900435
33822722
33805430
33925380
33860640
33855400
33805320
33943160
33934160
33863010
33863017
33925280
33935560
33903442
33880520
33880393
33930130
33840640
33903300
33880487
33880460
33943327
33808170
33900650
33822542
33858670
33855055
33863012
33855640
33935060
33900204
33880350
33820050
33855610
33940230
33925440
33900620
33840770
33943740
33861410
33823660
33944005
33933785
33861020
33880580
33920142
33920010
33920000
33900710
33902202
33900630
33855550
33944135
33860560
33805420
33821470
33880225
33943370
33821164
33900420
33900690
33823310
33805483
33943110
33805640
33925350
33805170
33805002
33805565
33910002
33902365
33925627
33903433
33863040
33860432
33934170
33820210
33820400
33825140
33940010
33826102
33823382
33825440
33805523
33935310
33935585
33805415
33861340
33939065
33821457
33822535
33805480
33805502
33855440
33880620
33858520
33903410
33903445
33944115
33938448
33937057
33860210
33860320
33900605
33943326
33860000
33935698
33823430
33825444
33933030
33943590
33902685
33903015
33855650
33820250
33821244
33920170
33825010
33825180
33925110
33930600
33900770
33902460
33903067
33863008
33861315
33943710
33944240
33820110
33820252
33821188
33822517
33925090
33935121
33934168
33929005
33930540
33805680
33805595
33902050
33935470
33935704
33930040
33880730
33938381
33943755
33920050
33863025
33863027
33943510
33858070
33933135
33933320
33855290
33826025
33826107
33913400
33902010
33938095
33930610
33938030
33880610
33880491
33943490
33900680
33820265
33860180
33902610
33925680
33902000
33903000
33823390
33805535
33823130
33920410
33858630
33822550
33858430
33840570
33826164
33826154
33826158
33826134
33855250
33943790
33902340
33805220
33902090
33830160
33920385
33933558
33882228
33933482
33944125
33935185
33903449
33808135
33822548
33805600
33933560
33943025
33943026
33935510
33944022
33933390
33944265
33826112
33841222
33934155
33861505
33943270
33933230
33858390
33826130
33808090
33823175
33903462
33822530
33855701
33836300
33805050
33805255
33805410
33822532
33938220
33938222
33903425
33809063
33809057
33809067
33809061
33920485
33903230
33858370
33882290
33858340
33855620
33935305
33938150
33920310
33913020
33880215
33944101
33935707
33840320
33930260
33826140
33930404
33933645
33943600
33930160
33920080
33902400
33900440
33925632
33861335
33930846
33902670
33902730
33808010
33933012
33821420
33861365
33925080
33936160
33900810
33943032
33900415
33938398
33935710
33863029
33809052
33900740
33903280
33855590
33855430
33860450
33833002
33880510
33805550
33925642
33900280
33805240
33938413
33938415
33915120
33855230
33841215
33826086
33821437
33930020
33840572
33840100
33808100
33902220
33920300
33830060
33840370
33840350
33840310
33939075
33830035
33902192
33930680
33933788
33902380
33915090
33938072
33830180
33939025
33933792
33935235
33935237
33935233
33935450
33903290
33821452
33934195
33943670
33821422
33935220
33935192
33902210
33805450
33826060
33880130
33809002
33841225
33930812
33858380
33902370
33858040
33913469
33933280
33935702
33935217
33826152
33822120
33860645
33943550
33841245
33943785
33825059
33935590
33841227
33860330
33820310
33826015
33925640
33936080
33920120
33900150
33930350
33938421
33882232
33930400
33930402
33903456
33823670
33913070
33939062
33820080
33826022
33805120
33900760
33925470
33820130
33925100
33809025
33861405
33943329
33821180
33927052
33925050
33825420
33880140
33930640
33935190
33920005
33903452
33841015
33805636
33825310
33935252
33935240
33900780
33805558
33841255
33863007
33821145
33925550
33900230
33920146
33855060
33943784
33860280
33861380
33861370
33935695
33821350
33825360
33863015
33860150
33861360
33935652
33935620
33935622
33944165
33900668
33825120
33820330
33938055
33938057
33938056
33880570
33821275
33822549
33910105
33902690
33920150
33935545
33855530
33826072
33805100
33821360
33861420
33920006
33933668
33855600
33930290
33900790
33855780
33841010
33900590
33823610
33938425
33910046
33820220
33943792
33809008
33944120
33860500
33805492
33805590
33920265
33826038
33880450
33880489
33944018
33825090
33863037
33903406
33933680
33935330
33935472
33820160
33930700
33858190
33826138
33940170
33861515
33902530
33944270
33943795
33883030
33863011
33883018
33900450
33821005
33900410
33841228
33826100
33821425
33902675
33883015
33863020
33821490
33841235
33855480
33809028
33823150
33930370
33805525
33826108
33841207
33930090
33936110
33920070
33809005
33930690
33913430
33913420
33933050
33805215
33809082
33933370
33902315
33821158
33840690
33833072
33935125
33929010
33934109
33903447
33880120
33809009
33913310
33902150
33880170
33900480
33900582
33880040
33805080
33943762
33938446
33805650
33935239
33935265
33943100
33944215
33863050
33860010
33840140
33855160
33913480
33840630
33821110
33937080
33920370
33925687
33930710
33861345
33883100
33855532
33860112
33855180
33826150
33915080
33830260
33840410
33900060
33900460
33900092
33943330
33943400
33855050
33943350
33943290
33858080
33940190
33943325
33900485
33943359
33943764
33943088
33940092
33944021
33943252
33933170
33943250
33943140
33943340
33943702
33925390
33943260
33943230
33943796
33943410
33826124
33943355
33841238
33826094
33821440
33943390
33826142
33943282
33826052
33913140
33920430
33930630
33902290
33915052
33830340
33840680
33840500
33855120
33826153
33820312
33825370
33860390
33902760
33903020
33925570
33841209
33821017
33808220
33805010
33805532
33805432
33880560
33861300
33855520
33933260
33933000
33933333
33903211
33863023
33938416
33822514
33882255
33915060
33830200
33805000
33833230
33935000
33821430
33930848
33930830
33823160
33937030
33826180
33938048
33938049
33913220
33935440
33938042
33805192
33943362
33937070
33937052
33826174
33826182
33938126
33913192
33915021
33913212
33825260
33943080
33937180
33935050
33925290
33903190
33933710
33836023
33821028
33927040
33939120
33920527
33822755
33880706
33935052
33925135
33858194
33826178
33858620
33826176
33938190
33855670
33861008
33805475
33861385
33861510
33826042
33900520
33840730
33840084
33939015
33825250
33943070
33938230
33937170
33933070
33925340
33808080
33903180
33914040
33836022
33821025
33927058
33939115
33920525
33938438
33822745
33925615
33925112
33880709
33805598
33902678
33935334
33902425
33933300
33903260
33826088
33821465
33826160
33925635
33935716
33935430
33915028
33913060
33840340
33830155
33902198
33805635
33934165
33825540
33943090
33937220
33925250
33836027
33821033
33927035
33920530
33822765
33933603
33943162
33823170
33855422
33935317
33903418
33920511
33880540
33935231
33920250
33840040
33825053
33944275
33820272
33820382
33820530
33860340
33933200
33840390
33826040
33860080
33933665
33930280
33900430
33822032
33858410
33822065
33943310
33858120
33826172
33822115
33943700
33902640
33915008
33830090
33939018
33910045
33925647
33920390
33840120
33935711
33925685
33915045
33822320
33830070
33933780
33910040
33939010
33943365
33920315
33933552
33840112
33823052
33902320
33825446
33809074
33900665
33840170
33935123
33940070
33902390
33934110
33940120
33930120
33855270
33913150
33858230
33925015
33858420
33913520
33920160
33860610
33935485
33833090
33809071
33830380
33808130
33809080
33833010
33809100
33833202
33833080
33858290
33826151
33930560
33910055
33939050
33882273
33933544
33808120
33930670
33930300
33936150
33920060
33900240
33805276
33805360
33913450
33900142
33825070
33855680
33841265
33903408
33937155
33822520
33860070
33858610
33809020
33902280
33826005
33933455
33933596
33900542
33823042
33930720
33858250
33809093
33809094
33858560
33822010
33902520
33822050
33936172
33913570
33936100
33900370
33805380
33930310
33805460
33880010
33902020
33805312
33805040
33805570
33880335
33903420
33826061
33855630
33809083
33933410
33826031
33933380
33820580
33944180
33933460
33860590
33930854
33930775
33933700
33900660
33900554
33935500
33860226
33820100
33809013
33858550
33902170
33936040
33935090
33925678
33860620
33915017
33925683
33882300
33830210
33933594
33833120
33809027
33821485
33925170
33833210
33809050
33809046
33913350
33858260
33882283
33830020
33939005
33822100
33840290
33943031
33938439
33902270
33840330
33900312
33902110
33900340
33929030
33925690
33903092
33933790
33915030
33822302
33830220
33882295
33809091
33809089
33833000
33930856
33943640
33943630
33882285
33830095
33858110
33930820
33855240
33826074
33910100
33823180
33833240
33930750
33858500
33880530
33805556
33902194
33925360
33938128
33913100
33930008
33855200
33826148
33855660
33938240
33900085
33925625
33840270
33921005
33925179
33805400
33805260
33826045
33821060
33882218
33863001
33927075
33820212
33823420
33821041
33925000
33821310
33821054
33823322
33823460
33821055
33823450
33821057
33820440
33821315
33821084
33823441
33820470
33823440
33825150
33820430
33821312
33821082
33927016
33821062
33821280
33863002
33822330
33915085
33933797
33910030
33939070
33822085
33823700
33937255
33943690
33930520
33836032
33821040
33927030
33822780
33925472
33825210
33943040
33937130
33933090
33925300
33808030
33902770
33903140
33914020
33836015
33939106
33920515
33938433
33861320
33822725
33925610
33933604
33943820
33880727
33805596
33900184
33900182
33925481
33938158
33938112
33943798
33820026
33823190
33934120
33823710
33938000
33937250
33925200
33836034
33821042
33927029
33822785
33943662
33805610
33935708
33935230
33925178
33883020
33861310
33943150
33820370
33880700
33903050
33808012
33944200
33944170
33921008
33935219
33935692
33805145
33805150
33860630
33860218
33860005
33805162
33805230
33880000
33822524
33925530
33880242
33805200
33826098
33902120
33933330
33938417
33935021
33860270
33940145
33940096
33938104
33830075
33858600
33826136
33933250
33858660
33823560
33900100
33860580
33900090
33935210
33935520
33913490
33913340
33913300
33900190
33900110
33900170
33900130
33900120
33840600
33900010
33900180
33900160
33900020
33855010
33826132
33900152
33900080
33938410
33930070
33808200
33933160
33860520
33821475
33880150
33841268
33821427
33808290
33930858
33930527
33805140
33903400
33913270
33910095
33925630
33883025
33809099
33858280
33823200
33863057
33920495
33826114
33913360
33935010
33902570
33935540
33836312
33830040
33935110
33930832
33930000
33902502
33930006
33930612
33920360
33913080
33805300
33903012
33822545
33833050
33809064
33938170
33940095
33939127
33939117
33939101
33840660
33861005
33822105
33826194
33858050
33825560
33821442
33822512
33979899
33825170
33825362
33935610
33938040
33805190
33833060
33809086
33840495
33826106
33858220
33822040
33825620
33825062
33840162
33833110
33809072
33840670
33935495
33855760
33882286
33858030
33913022
33920270
33913000
33855710
33861030
33836314
33809060
33920030
33933510
33920420
33860060
33826014
33903460
33805700
33915070
33925020
33858450
33823330
33880725
33903409
33925500
33855790
33822525
33930210
33936090
33938407
33930448
33855730
33943810
33925220
33820425
33880360
33809065
33880280
33855750
33880220
33825230
33823620
33943050
33937150
33935040
33925320
33920210
33920440
33880290
33930790
33903160
33914030
33836018
33927048
33939110
33920520
33938436
33822735
33940062
33925605
33805594
33925176
33943779
33820029
33937020
33938115
33935126
33934166
33808060
33913500
33830280
33940100
33940102
33938020
33858240
33826024
33900612
33840775
33836310
33944205
33825057
33825058
33825052
33825054
33825056
33825240
33823630
33943060
33937160
33933373
33933100
33925330
33920220
33902720
33903170
33914035
33836020
33821023
33927043
33939112
33920523
33938437
33822740
33880712
33933601
33943783
33902710
33935112
33938050
33805180
33930140
33900030
33820485
33915050
33830360
33903428
33860020
33925697
33930100
33860360
33900500
33935200
33821167
33822558
33933014
33930430
33830055
33809044
33822503
33820550
33821152
33809068
33809070
33933500
33902072
33900186
33938035
33938036
33938034
33943620
33938392
33910000
33902350
33902762
33930570
33915022
33933609
33830050
33823210
33935530
33913090
33913175
33938426
33825602
33935709
33823220
33858480
33830130
33933180
33830015
33914012
33913110
33826068
33833200
33833020
33809042
33930170
33860290
33822523
33900490
33821492
33808240
33929020
33836316
33855020
33930620
33855030
33902440
33944245
33913170
33860540
33809040
33809039
33903422
33930205
33809069
33820570
33933600
33826001
33840560
33938449
33840080
33935550
33855280
33937010
33930080
33840480
33930220
33822045
33825550
33925420
33925175
33938058
33823590
33943030
33937120
33925310
33808020
33903130
33914015
33836012
33821012
33938155
33927054
33939105
33920514
33938450
33822715
33925612
33935694
33943815
33825375
33938424
33880724
33805592
33925173
33938156
33808153
33938113
33943787
33943799
33820024
33826055
33855100
33808025
33823690
33825300
33938010
33937230
33925230
33855510
33933750
33836030
33821038
33927032
33822775
33933606
33930525
33930835
33930860
33809090
33925520
33930320
33836060
33882240
33821225
33935135
33821092
33863052
33925105
33934152
33820350
33821075
33836078
33882210
33863006
33825040
33930390
33836065
33821238
33821080
33863024
33927073
33825110
33821072
33882220
33821260
33863021
33836048
33925515
33825100
33821066
33882223
33821264
33863018
33927070
33825060
33820340
33836068
33821070
33882208
33863004
33836070
33821068
33925070
33863026
33836072
33882215
33821268
33821069
33863055
33927013
33836067
33821064
33882205
33863046
33820342
33825030
33900200
33836062
33934190
33882243
33821094
33863031
33935212
33935120
33840260
33809098
33809084
33833234
33809081
33920240
33840180
33822005
33902500
33858060
33822055
33825610
33822030
33902555
33825590
33840580
33882270
33855210
33823250
33809103
33833070
33944008
33943800
33823570
33943010
33943210
33937280
33937100
33930440
33920500
33855350
33903110
33914005
33836008
33821008
33927045
33939100
33920510
33915007
33938445
33938432
33822705
33900625
33925600
33805527
33880733
33925171
33935024
33938152
33943202
33808023
33861377
33840780
33943285
33943781
33943791
33938120
33938400
33938442
33937095
33934135
33934122
33933400
33925067
33809076
33915095
33840060
33943650
33820405
33903453
33861540
33883012
33821135
33933140
33902575
33938390
33880240
33808210
33805510
33940160
33900560
33900701
33858580
33935229
33900070
33858010
33930810
33836302
33913190
33863044
33825280
33805488
33805486
33863005
33805250
33836308
33933520
33900750
33900140
33934125
33938440
33943180
33930250
33805065
33939023
33938210
33805159
33880080
33840450
33861347
33940130
33933340
33934115
33944225
33860550
33915038
33821472
33937310
33836041
33933658
33927015
33934140
33820211
33836050
33933675
33927010
33882245
33821210
33821056
33825390
33937290
33808250
33823350
33823240
33836045
33927019
33882258
33821118
33821049
33930410
33820290
33836057
33934185
33882238
33821220
33935145
33821090
33927011
33825000
33913590
33937340
33836055
33841258
33903455
33882248
33821216
33821088
33820280
33855704
33825410
33925190
33808270
33823260
33836049
33927014
33882235
33821051
33933676
33825430
33836051
33933678
33927008
33882252
33821213
33821077
33855612
33808300
33836053
33937345
33933682
33927005
33882250
33821086
33825400
33937320
33808260
33823340
33863042
33836047
33933667
33927012
33821052
33903390
33855652
33825380
33937140
33823360
33836043
33933662
33927017
33821048
33930650
33913370
33903010
33938205
33920230
33840190
33939072
33930862
33930526
33943300
33805559
33822526
33940025
33840530
33930770
33938401
33943812
33920214
33940215
33940212
33825275
33840030
33809012
33821418
33880190
33880488
33935290
33880310
33880260
33944110
33925460
33855360
33805620
33935215
33913262
33913250
33840700
33860310
33935630
33822529
33938430
33938441
33841220
33821335
33903426
33903090
33809073
33935703
