34710330
34710185
34725110
34735040
34516135
34590395
34730142
34600200
34585110
34589016
34555122
34600350
34600345
34505250
34515160
34505660
34712070
34535094
34580720
34580160
34580660
34700120
34730030
34575350
34590393
34525450
34565220
34515302
34575120
34535140
34600190
34555040
34515020
34580220
34575440
34710610
34535100
34712120
34565180
34516392
34710590
34590200
34545430
34589085
34720070
34600020
34536112
34545650
34515260
34710580
34580090
34600065
34575070
34710570
34580300
34515610
34505520
34650030
34585453
34589270
34710530
34710566
34710620
34580630
34525420
34580600
34505380
34710270
34535060
34650090
34710510
34515520
34710350
34555274
34535102
34505698
34725060
34535000
34710490
34536020
34710470
34585495
34600072
34575280
34545540
34555292
34525090
34580321
34516431
34505350
34545780
34725030
34725052
34589250
34525650
34505470
34535120
34515600
34505800
34600392
34515630
34575330
34515460
34516302
34712022
34516330
34536070
34555250
34650200
34710680
34710660
34585130
34580070
34585548
34580708
34555242
34516012
34600120
34580360
34505280
34565190
34590030
34515747
34516421
34505101
34730080
34516040
34580759
34712050
34536130
34536128
34565100
34505531
34505530
34650264
34516415
34575290
34515590
34710010
34720041
34730050
34650260
34505140
34590190
34590180
34565140
34525520
34585555
34580718
34735020
34516140
34730082
34585180
34700110
34585620
34515745
34600250
34545380
34515050
34516315
34580170
34575460
34576080
34580725
34585525
34525495
34535180
34515165
34735050
34525285
34580252
34585140
34590270
34580327
34575090
34535130
34580560
34516306
34516130
34585332
34525425
34580712
34525428
34516604
34516403
34545120
34536010
34535099
34545630
34585572
34575130
34565120
34585350
34600355
34535103
34575220
34650320
34525290
34580380
34590080
34575040
34525330
34575110
34575230
34505830
34589028
34600410
34536110
34720090
34575000
34650230
34590050
34580430
34585300
34505862
34505700
34545320
34730090
34580765
34720010
34735010
34725010
34730010
34516300
34505820
34600480
34580748
34735030
34516145
34505640
34515550
34589140
34589235
34505320
34536030
34600005
34515040
34515620
34515030
34555030
34600580
34650190
34589260
34580010
34580290
34700040
34600308
34600560
34515220
34516110
34525225
34730060
34516424
34576050
34576090
34600600
34580622
34575270
34590060
34600460
34525465
34580755
34585505
34516436
34589155
34710463
34555082
34580324
34735055
34600260
34600364
34700100
34505400
34505866
34600270
34700170
34565000
34650020
34505460
34600130
34535190
34585650
34516020
34585570
34589125
34525120
34535030
34580080
34545090
34580370
34589050
34600300
34580470
34585360
34505869
34589020
34580520
34525254
34515200
34516100
34535085
34575320
34515572
34525080
34589072
34589255
34516379
34555050
34565110
34555032
34590140
34565020
34555104
34516345
34525160
34585580
34505864
34516451
34545390
34545040
34700140
34725100
34505125
34725095
34565502
34505110
34600380
34710200
34585450
34515290
34525475
34525250
34590300
34710560
34505760
34515734
34580624
34580190
34710000
34600015
34580758
34600440
34600230
34710420
34565210
34590380
34505150
34525540
34710140
34525440
34525670
34516324
34730096
34545480
34535040
34545360
34555210
34525310
34525280
34585605
34516376
34535050
34710150
34515092
34585320
34525435
34585558
34580250
34585230
34516150
34555302
34525490
34575610
34580735
34555052
34515500
34555070
34710220
34650310
34585510
34585490
34515266
34589135
34505190
34600060
34580410
34600307
34710210
34545200
34590220
34545130
34555102
34505260
34545060
34585430
34600155
34535170
34710280
34585475
34525535
34730110
34600402
34516439
34525214
34505550
34515730
34505770
34575240
34525252
34525220
34585470
34555162
34710450
34589080
34515735
34575590
34505050
34516155
34545740
34505810
34575370
34575010
34535210
34545280
34589190
34590170
34536060
34700090
34545730
34545700
34575020
34516050
34545520
34565260
34590100
34710520
34505180
34600170
34585390
34535107
34590340
34515060
34516434
34585020
34585240
34576070
34600275
34525370
34650280
34555260
34590290
34710468
34545160
34600430
34516000
34505200
34515130
34516432
34720015
34525040
34516600
34565130
34576001
34515480
34535110
34585410
34516160
34580626
34700060
34710564
34545620
34545030
34710430
34575310
34555304
34555240
34555132
34585432
34730130
34589112
34536120
34565290
34650040
34589150
34710460
34710662
34515090
34535091
34580760
34650290
34580745
34580701
34600630
34515210
34576040
34700080
34505790
34585290
34650300
34710070
34505570
34580732
34585000
34585250
34590110
34516309
34545260
34505075
34505100
34505500
34525360
34730040
34600420
34525056
34516438
34725080
34575410
34600660
34545070
34516630
34515000
34565300
34525560
34536105
34710540
34525485
34585545
34575615
34515140
34545450
34525340
34515430
34545230
34518040
34515240
34725090
34516388
34545500
34545190
34516401
34505730
34589115
34575100
34545470
34565030
34700130
34700150
34565070
34536100
34585120
34585200
34555282
34600530
34545110
34580710
34590330
34565080
34585280
34600340
34700050
34650250
34585010
34710182
34516303
34516400
34555220
34590394
34545170
34525260
34515192
34518030
34585030
34505068
34555150
34535230
34555230
34589025
34505290
34710050
34589130
34580770
34710230
34590392
34590260
34505080
34710030
34580730
34525550
34516435
34545550
34525610
34710080
34600590
34585220
34700020
34535220
34585630
34525251
34730160
34555106
34545330
34590010
34505480
34650002
34710562
34600265
34585022
34505670
34516070
34535093
34525170
34580700
34730092
34525190
34712035
34545680
34555300
34505310
34545240
34590400
34515010
34585090
34575060
34580280
34590350
34575105
34600150
34580100
34600070
34505560
34545355
34700070
34536090
34536092
34505690
34516030
34712080
34505430
34565505
34600500
34590150
34730020
34590370
34535101
34720020
34545490
34525590
34516010
34505703
34712100
34580752
34576060
34712090
34555312
34516411
34575520
34515400
34545290
34505410
34505535
34525052
34515540
34580030
34516380
34516416
34505740
34505865
34525000
34580328
34515450
34585330
34516413
34580340
34600680
34515522
34515410
34555180
34575340
34710390
34536135
34580262
34589005
34515300
34505130
34580325
34725070
34525065
34545690
34545590
34585610
34589265
34516385
34730070
34518010
34525620
34555310
34525673
34525020
34710275
34710138
34525600
34720048
34555110
34589065
34515330
34516406
34555212
34505650
34505610
34525238
34525235
34575540
34516430
34525373
34515530
34516412
34515470
34505510
34585670
34505370
34545670
34525010
34575380
34515390
34515420
34725020
34535020
34515490
34515232
34515542
34525640
34525410
34535232
34710555
34516373
34518060
34505450
34505580
34515360
34575140
34545580
34600240
34575560
34565240
34710160
34515150
34525505
34700030
34515170
34545460
34516340
34505040
34518020
34555090
34580110
34720095
34589205
34600090
34590145
34516318
34516397
34505435
34516427
34580440
34600362
34575180
34565150
34575550
34730140
34565230
34580180
34710300
34720040
34720042
34720043
34650060
34590310
34710040
34710630
34515230
34600220
34575200
34525480
34515440
34720030
34505750
34585060
34580400
34580490
34515340
34545350
34516602
34536050
34545080
34575360
34518100
34585150
34505010
34555080
34710260
34515510
34545610
34516327
34518070
34516336
34535108
34710465
34545140
34525240
34600010
34516342
34545510
34580420
34516090
34589120
34555262
34575300
34525517
34710340
34710550
34525460
34545412
34525580
34580722
34585160
34720080
34555020
34505720
34710360
34555280
34589068
34518092
34600412
34505048
34515180
34650004
34589210
34700152
34575490
34580530
34575250
34710115
34710240
34545660
34545340
34525570
34580750
34545560
34580230
34545050
34589240
34545760
34650185
34505592
34575580
34600210
34590250
34505390
34555244
34600670
34545570
34525390
34505840
34518094
34535080
34525232
34575600
34505220
34515742
34600700
34710130
34555270
34650070
34585460
34536108
34575480
34515350
34545220
34555170
34585190
34575500
34505775
34555290
34545710
34505300
34555140
34505490
34516437
34710180
34590130
34590390
34650000
34700190
34565320
34555160
34516414
34555060
34515145
34515110
34590230
34580590
34600650
34580790
34710100
34525500
34712020
34516055
34710410
34525110
34600370
34585400
34525262
34575450
34575400
34580020
34575080
34600640
34575190
34589245
34589290
34525375
34589105
34600050
34580320
34575050
34575390
34536115
34505630
34580120
34580728
34710325
34590005
34590000
34700160
34650050
34580680
34589195
34525371
34545400
34565280
34710190
34710670
34565160
34525050
34525054
34580500
34725050
34516080
34590320
34516433
34580172
34576030
34580130
34600012
34576020
34580050
34600165
34585112
34525130
34585520
34565250
34515270
34515271
34505090
34505675
34712030
34525140
34585540
34585665
34589100
34710110
34580060
34580702
34575260
34710400
34505540
34545180
34710290
34585500
34575030
34710370
34585340
34710250
34525565
34516394
34535096
34580705
34589160
34589090
34650045
34505070
34505170
34650120
34600610
34600320
34536104
34535200
34525380
34565090
34712040
34580715
34525530
34535070
34590040
34525455
34580540
34600140
34580035
34525660
34600510
34590090
34580610
34580450
34600490
34585640
34585535
34720025
34650100
34565200
34545600
34600520
34516060
34505705
34535092
34580762
34600305
34545530
34515320
34545310
34580350
34515080
34505060
34565170
34545300
34580200
34600290
34600100
34650261
34710440
34555190
34580210
34545210
34505120
34555200
34516418
34555010
34505000
34580140
34515120
34518050
34575160
34700180
34575510
34525060
34525515
34580240
34555272
34505655
34575170
34525680
34516312
34712010
34600620
34580510
34565050
34516321
34516082
34580740
34525200
34505695
34505685
34525445
34516370
34600400
34600280
34585040
34565060
34600450
34589170
34515380
34710020
34515560
34585352
34580323
34575420
34515190
34580310
34585210
34710650
34580330
34590360
34600310
34600303
34585420
34516409
34525678
34575530
34515370
34589185
34515750
34589055
34589035
34580768
34585530
34535150
34516448
34650110
34536103
34585480
34720050
34710318
34518090
34518080
34505620
34515740
34580742
34710500
34589060
34585440
34600360
34516333
34565500
34730098
34580480
34600062
34545640
34505030
34585600
34590120
34515280
34516105
34545410
34580270
34650080
34650220
34580390
34589001
34650170
34720060
34585310
34650130
34580670
34585260
34585070
34515070
34580260
34650150
34600390
34505330
34576010
34535098
34505020
34575570
34710235
34590055
34650140
34505045
34555000
34545792
34525030
34505780
34580650
34545270
34580640
34525470
34516382
34565040
34536080
34585542
34505635
34505192
34505533
34535104
34739899
34600025
34565275
34536040
34536125
34525415
34525525
34580738
34585515
34585370
34516118
34600470
34505230
34535105
34525100
34580150
34585170
34555100
34525676
34535090
34545790
34545440
34600540
34585050
34505600
34700000
34710170
34545150
34590240
34710310
34600011
34505680
34525180
34585560
34505860
34590210
34545420
34505440
34525070
34735022
34580620
34515720
34515670
34515680
34515250
34515640
34515732
34515700
34515650
34515660
34515690
34515662
34515645
34515710
34580580
34525150
34585550
34589220
34600080
34505420
34575620
34575430
34730120
34515570
34710380
34516405
34580322
34516348
34710320
34590280
34525400
34515310
34589009
34589012
34516402
34516339
34710075
34600160
34525300
34525270
34700010
34580550
34545000
34545250
34585380
34555120
34600570
34585100
34589180
34650160
34575470
34545010
34505160
34545020
34555130
34505210
34725040
34536101
34600075
34535160
34585590
34585485
34730112
34516445
34525216
34600180
34505271
34505270
34555172
34536102
34525430
34505850
34516125
34650270
34525630
34505240
34535109
34535106
34590160
34600110
34580460
34600030
34600000
34580570
34589110
34525210
34730100
34600404
34516442
34525212
34585292
34650180
34710060
34516391
34590020
34545770
34650262
34600330
34720012
34525402
34650330
34545720
34545585
34650010
34600550
34580040
34650240
34710640
34580326
34565270
34589230
34590070
34710090
34525320
34720013
34585080
34710089
34505340
34545100
34525350
34515580
34575210
34710600
34585675
34650210
34505867
34536122
34525510
34515738
34525230
34589280
34585543
34589095
34589052
34505360
34585270
34555314
34515100
34589300
34710120
34565010
34545750
34505710
34535010
34710345
34700002
34710242
34505868
34505590
34555062
