37537030
37537052
37537420
37537414
37539212
37536130
37536050
37539508
37536480
37536270
37539236
37536432
37537360
37536218
37538584
37538528
37538510
37536482
37536081
37536044
37539404
37537412
37539218
37538740
37538542
37537330
37537296
37537312
37538640
37537013
37536041
37537458
37538140
37537160
37536030
37536012
37536378
37538616
37537344
37536038
37537356
37537198
37538084
37538114
37538094
37536166
37538562
37536212
37536182
37536160
37536108
37536310
37536304
37537192
37537154
37539094
37537244
37537348
37537338
37537342
37538792
37538768
37536184
37536042
37536018
37537258
37537180
37537286
37538042
37536338
37536040
37539148
37539530
37536080
37536240
37537382
37537324
37538634
37536368
37537182
37537322
37536098
37537272
37537094
37537424
37537384
37538088
37536430
37538606
37538576
37536444
37537032
37537042
37539498
37536462
37536366
37536014
37537574
37538100
37539014
37539534
37536300
37539084
37538048
37538680
37539002
37537246
37536394
37537328
37538800
37537402
37536254
37536390
37537098
37539402
37539376
37538000
37536352
37538650
37539000
37539020
37539310
37539060
37539190
37539220
37539050
37537282
37537264
37539496
37538029
37538400
37538370
37538090
37538110
37538080
37537044
37539514
37539526
37536464
37537004
37536230
37538608
37536296
37536250
37539194
37539072
37536380
37537562
37537448
37539082
37538560
37536408
37538722
37539474
37538736
37538552
37539480
37536058
37537006
37537022
37536032
37537060
37539556
37538136
37538710
37539256
37539046
37537070
37538676
37536376
37536006
37536326
37539196
37537298
37536176
37536204
37538588
37538520
37536210
37539208
37537000
37538644
37536364
37539126
37536072
37536051
37539504
37536470
37539200
37537236
37539396
37537284
37537262
37536086
37538004
37537354
37539040
37536232
37538746
37538580
37538534
37538132
37538390
37538394
37538698
37539096
37536294
37537054
37538376
37539550
37539080
37538718
37539030
37536466
37536404
37537452
37537422
37538068
37536440
37538120
37539284
37538028
37537444
37537428
37537404
37537442
37537426
37538050
37538678
37539238
37537138
37536008
37537078
37537294
37538702
37536152
37538504
37536190
37536172
37537214
37537172
37536468
37537108
37537122
37536186
37538570
37536216
37536192
37536446
37539008
37536120
37537304
37537002
37537418
37536400
37537156
37538626
37538682
37536060
37538668
37539006
37538638
37538046
37539108
37538742
37538540
37538054
37536220
37536234
37538750
37538530
37538582
37538514
37536084
37537162
37537370
37537230
37536068
37536026
37538732
37537142
37536154
37538500
37536180
37536088
37536162
37538690
37538536
37538586
37536174
37536076
37538656
37539026
37539114
37538614
37536242
37538784
37537112
37536412
37539192
37537340
37537302
37538796
37539500
37538692
37536406
37538802
37538102
37537400
37537374
37536102
37537270
37537208
37537316
37538764
37536202
37536158
37536110
37539198
37539068
37536272
37537256
37538712
37536348
37537292
37536022
37539216
37539470
37538694
37537188
37536402
37539382
37539370
37539388
37539098
37538804
37536278
37539476
37539502
37538382
37539064
37539472
37537186
37538066
37539478
37537252
37538748
37537008
37536036
37538752
37537194
37537166
37539390
37537046
37539124
37537318
37536328
37538578
37538538
37538744
37537332
37536370
37537568
37536001
37536410
37538098
37539272
37536066
37536280
37536330
37537376
37538146
37538714
37539024
37536236
37537350
37539264
37537212
37538660
37536096
37538522
37538512
37538506
37536302
37539122
37539522
37537408
37537326
37538002
37538033
37536107
37538756
37539100
37539506
37536020
37538058
37537380
37539102
37538056
37536320
37538762
37536048
37539268
37536434
37537164
37536074
37537432
37539010
37539144
37537076
37539230
37538628
37536340
37537202
37536488
37539088
37537234
37537456
37536052
37536164
37538564
37536178
37538044
37536046
37539228
37539004
37537152
37536004
37537454
37536262
37539112
37539042
37537416
37537132
37536392
37538388
37537334
37538380
37538612
37536252
37536214
37536200
37537320
37536124
37537184
37536078
37539400
37537232
37538374
37539118
37536094
37538524
37538502
37536460
37539278
37536450
37537096
37536002
37538670
37539524
37539258
37539150
37536438
37536414
37536260
37537100
37538758
37539386
37539398
37538038
37538734
37537134
37538636
37537190
37539146
37537170
37536090
37536150
37538730
37538550
37538526
37537196
37539518
37537040
37536077
37536418
37539516
37539022
37539394
37537358
37536035
37539202
37537314
37539320
37538104
37538708
37539492
37537020
37537080
37539254
37538144
37538574
37538786
37537072
37539240
37539052
37539048
37537346
37536490
37537280
37537266
37539260
37537092
37537238
37539044
37537204
37537168
37536398
37538782
37539092
37538788
37538052
37539300
37537600
37538086
37539086
37536484
37539110
37539036
37539520
37536082
37539494
37538036
37538696
37536416
37539510
37538070
37538006
37536276
37539286
37537254
37536312
37537352
37537378
37539392
37536298
37537158
37539224
37538026
37539294
37537386
37536314
37539399
37539132
37537372
37537268
37538138
37539262
37539532
37539222
37538372
37536244
37539116
37539290
37536448
37539288
37538610
37536256
37538024
37536336
37536396
37538378
37536011
37536282
37539490
37539226
37537388
37539104
37536420
37539266
37536324
37537136
37538706
37539312
37537228
37539152
37536346
37538716
37536016
37538030
37538020
37539136
37539012
37539316
37538666
37539138
37539252
37537130
37539142
37536452
37536010
37537250
37537010
37538118
37539282
37538386
37536122
37538798
37536436
37537224
37537336
37537210
37538658
37538122
37539066
37538566
37538544
37538738
37538602
37538794
37536322
37538760
37539380
37537406
37539206
37538300
37539070
37538642
37538627
37538632
37537560
37539034
37537410
37536492
37536496
37539128
37538700
37538766
37539314
37538134
37536342
37536054
37538704
37537362
37537220
37538604
37538568
37539292
37538790
37536362
37536472
37537570
37537110
37538654
37539372
37538662
37538672
37538664
37536284
37538652
37539374
37537058
37538148
37539554
37536028
37538392
37538724
37537288
37537260
37539234
37537440
37537310
37539032
37537074
37536070
37536056
37538040
37539120
37539134
37537102
37539512
37539296
37539038
37537240
37536442
37538032
37537140
37539140
37537450
37536274
37538674
37537012
37539062
37539106
37539204
37539250
37539232
37538142
37539270
37539899
37538116
37536374
37537572
37536372
37537226
37536290
37538622
37538600
37538691
37538620
37538060
37539090
37537242
37537090
37537104
37537150
37537148
37537120
37539274
37536332
37537062
37538022
37539406
37537064
37537390
37539298
37536062
37538572
37539028
37537446
37537430
37538624
37537564
37538630
37537048
37537056
37537144
37539552
37536422
37538396
37538720
37536024
37537566
37539214
37536092
37539318
37536360
37536292
37536350
37537050
37538008
37538034
37538384
37539280
37539558
37536005
37538770
37539322
37538010
37536316
37537200
37536334
37538130
37538780
37538754
37536104
37536106
37536100
37537434
37536344
37536034
37536064
37538062
37538112
37538092
37538082
37536486
37539210
37537106
37537290
37537300
37536140
37536156
37538590
37538532
37536170
37539276
37538064
37538096
37539242
37537206
37537146
37536494
37539130
37536238
37537222
37537248
