36246220
36246362
36244348
36244225
36240177
36242272
36240123
36242444
36242004
36242016
36240196
36246027
36244252
36242292
36244222
36242117
36246205
36244142
36240147
36242376
36240206
36246012
36240186
36242064
36244186
36244201
36246305
36240033
36242072
36246075
36244146
36242080
36242188
36242348
36240204
36246335
36244156
36240334
36246326
36242192
36244198
36244175
36244259
36240030
36244026
36246290
36246440
36244264
36244177
36242088
36244004
36242084
36244332
36246204
36246156
36242332
36244130
36246264
36240009
36244002
36242260
36240346
36242112
36240138
36240214
36246350
36246210
36242510
36240310
36242116
36244243
36246347
36242470
36246081
36242128
36246338
36246208
36240144
36242514
36240105
36242304
36240006
36240350
36244270
36244328
36246329
36242264
36240270
36244171
36244344
36240342
36242360
36244340
36240096
36242468
36242392
36240224
36244014
36242204
36244460
36246320
36240200
36244174
36244106
36246384
36244022
36240190
36242124
36242144
36246000
36246377
36242449
36240174
36246314
36244008
36246371
36242460
36242028
36244192
36240156
36242388
36246436
36244219
36242248
36246102
36240226
36240046
36242214
36244255
36244010
36246063
36244070
36240048
36246262
36246299
36240180
36246060
36244274
36242136
36246048
36240330
36244189
36242448
36240318
36242526
36246444
36246380
36240120
36246003
36246096
36244472
36246054
36246141
36246033
36240111
36242452
36246144
36240366
36240168
36242308
36244150
36246151
36246138
36244468
36242300
36244234
36240075
36240078
36244258
36246332
36244110
36242012
36240183
36242164
36244118
36242316
36242380
36242068
36244240
36242356
36242372
36240090
36246408
36246323
36244122
36240114
36240282
36242078
36244324
36246099
36244183
36240229
36242120
36246022
36246057
36240024
36240274
36244464
36242008
36246114
36240117
36242208
36244216
36244012
36240054
36242156
36240012
36244220
36244221
36240039
36240093
36246296
36244030
36242176
36242104
36240162
36240153
36246432
36244006
36244028
36244094
36244090
36240210
36246126
36242396
36240084
36240171
36244320
36242140
36246416
36244162
36246129
36246344
36240015
36244282
36246356
36240069
36244237
36244078
36242216
36244100
36240314
36244153
36240126
36242152
36246353
36246216
36244249
36240362
36244260
36240225
36244098
36240278
36240159
36242326
36246153
36246018
36244016
36246135
36240194
36240202
36246108
36246341
36240027
36246021
36240358
36242284
36246420
36240326
36244082
36242456
36244173
36244279
36246087
36242184
36242324
36246368
36244207
36246365
36240099
36244246
36244276
36242352
36246147
36246374
36242060
36242336
36246254
36246111
36242420
36242148
36246069
36246159
36240351
36246404
36246030
36240045
36240198
36246093
36242288
36246072
36240018
36246120
36246308
36246388
36244273
36244126
36244159
36242024
36242296
36244180
36240051
36242076
36246165
36240370
36242096
36246400
36240235
36246250
36246200
36242440
36244231
36242020
36242180
36242276
36246359
36244019
36246428
36246006
36242522
36242280
36242092
36244285
36240063
36242168
36242212
36246117
36240001
36246039
36242464
36246090
36240232
36244336
36246258
36246266
36244134
36242428
36240212
36240322
36242364
36242172
36246162
36240223
36242384
36246042
36244020
36242518
36244195
36246311
36240141
36242200
36246212
36242252
36244114
36244024
36242328
36242100
36240129
36242312
36240110
36240066
36244261
36246051
36246084
36244204
36246066
36242001
36246163
36244018
36244218
36244210
36244267
36246024
36242320
36240132
36242368
36246036
36246164
36244213
36244165
36242240
36246132
36240241
36240338
36240108
36247899
36246123
36246078
36246317
36246448
36242244
36242344
36240135
36240220
36244102
36246157
36246045
36246302
36244228
36242108
36244257
36240042
36240087
36242196
36244074
36240003
36244000
36240021
36246150
36246392
36246396
36240165
36244168
36244253
36240057
36246293
36240354
36240150
36240036
36242436
36242424
36246424
36240081
36240102
36240208
36246412
36240192
36240060
36246015
36240072
36244138
36240238
36246009
36242268
36242432
36242340
36246105
36242132
36242160
36242015
36240250
36244086
