35701255
35701211
35700558
35702393
35701451
35702434
35703272
35703490
35702486
35702521
35703702
35701635
35702663
35703823
35703800
35700802
35702483
35703890
35703880
35703888
35700121
35700110
35702096
35703098
35702207
35702163
35700069
35700652
35700481
35700609
35702235
35701454
35702585
35702094
35702166
35702184
35700261
35702023
35700224
35700706
35700701
35701419
35703742
35702097
35702425
35700596
35703119
35703804
35702099
35703408
35703315
35703186
35704251
35701286
35701349
35703104
35702101
35702561
35702227
35702345
35700216
35701037
35701135
35702081
35703042
35701248
35701611
35702165
35700619
35703196
35700249
35700172
35701116
35700392
35701008
35701681
35701003
35703691
35700091
35702160
35701337
35703160
35700769
35700416
35702066
35702061
35702102
35700123
35703390
35701228
35702103
35701290
35702704
35702051
35701367
35702272
35701836
35700395
35701136
35700471
35700791
35702422
35700385
35701185
35703717
35701226
35703501
35703511
35700332
35701007
35702104
35701841
35703723
35704130
35701574
35701443
35701547
35702553
35703633
35700183
35702568
35703324
35703242
35702720
35700454
35700298
35701420
35700264
35701122
35702198
35702105
35701613
35700040
35702186
35701237
35701870
35703536
35703562
35701259
35703299
35700879
35700456
35701421
35702107
35702100
35703731
35703194
35700440
35701525
35700348
35700555
35700080
35700792
35703684
35703316
35702225
35702415
35701625
35700225
35700122
35700341
35701129
35702482
35701778
35700642
35703842
35703703
35703032
35703404
35702348
35702347
35700501
35700152
35701309
35702353
35703392
35700115
35701332
35700228
35703417
35701468
35702666
35701181
35703803
35700311
35701402
35700805
35702782
35701292
35700083
35703615
35700066
35701163
35703252
35704260
35702343
35702344
35700181
35703351
35703107
35704092
35702770
35703096
35703077
35703716
35700342
35701095
35702257
35701315
35702808
35700088
35702076
35701134
35701294
35702121
35702716
35700468
35702341
35702478
35701448
35702453
35701479
35702350
35702351
35702352
35701723
35701407
35700730
35701392
35702880
35701518
35703157
35702444
35701486
35701208
35702027
35702488
35700033
35703412
35700274
35701303
35701438
35700588
35700502
35703460
35700193
35703403
35702652
35700082
35702490
35700435
35701350
35701099
35700543
35702492
35700613
35701511
35703595
35700544
35703696
35701622
35702276
35702011
35702174
35702594
35702680
35701262
35703204
35701333
35702170
35702452
35701570
35703243
35703183
35703825
35700415
35703541
35701506
35701391
35701150
35702158
35701779
35701466
35703121
35702399
35700650
35701541
35701144
35700194
35700230
35701141
35701775
35700507
35702319
35700002
35702297
35701400
35700632
35701184
35702846
35702618
35702611
35701551
35701045
35700557
35701773
35701534
35702655
35701202
35701762
35700462
35702604
35701304
35702718
35702366
35700304
35702026
35701152
35702798
35700245
35700238
35702017
35702019
35702845
35701548
35702118
35703112
35701507
35702008
35700200
35702164
35700132
35702190
35702245
35703424
35703422
35701552
35702477
35702240
35700593
35703140
35701487
35702409
35700550
35700726
35700117
35700393
35702037
35702002
35702136
35701714
35702870
35703386
35702336
35702004
35701281
35701516
35702208
35700218
35703429
35700715
35700210
35700126
35703478
35702559
35701603
35702752
35703613
35700008
35700343
35700202
35701380
35701752
35703777
35702040
35702735
35703632
35702589
35702595
35702596
35702578
35702579
35702581
35701449
35702435
35701553
35703074
35703432
35703492
35700836
35700798
35703630
35702525
35702761
35703171
35700760
35702487
35703421
35703891
35703881
35704070
35701153
35702337
35700125
35702826
35702078
35701186
35700154
35700834
35700338
35700553
35701140
35701282
35701452
35702180
35703308
35700470
35702028
35700505
35701743
35701737
35702149
35701040
35702313
35700287
35702785
35702036
35702592
35703141
35701811
35700790
35700707
35700055
35703509
35703665
35700294
35702375
35700050
35702360
35702426
35703578
35700270
35702088
35700509
35701266
35700143
35701101
35700187
35701047
35701082
35700142
35700427
35702713
35701740
35702206
35702742
35701147
35701480
35701406
35701453
35701105
35702519
35702247
35700116
35700540
35702284
35702111
35701054
35702814
35702733
35702126
35702783
35702403
35700449
35700487
35703779
35700191
35700301
35703213
35701862
35702372
35701586
35702633
35701493
35703710
35700441
35701881
35701587
35702038
35701212
35701291
35702436
35703072
35703202
35700838
35702480
35702762
35701592
35700768
35702669
35702852
35703882
35703887
35704044
35700013
35700318
35700589
35702058
35700425
35701157
35700519
35700580
35702458
35701314
35700493
35700461
35703783
35700070
35700314
35701026
35700407
35700011
35702112
35700496
35700039
35702146
35700303
35702018
35701489
35702328
35702638
35700019
35702209
35700271
35702014
35702298
35700577
35702703
35702877
35702043
35702116
35700289
35702748
35701162
35700444
35702780
35702788
35702884
35700266
35701145
35701774
35701754
35701799
35700750
35703409
35703144
35702883
35700074
35701512
35702388
35701399
35702377
35703516
35701464
35702376
35702462
35702653
35704208
35701220
35703000
35700490
35702812
35700494
35700450
35700147
35700127
35703672
35700071
35703611
35701242
35702134
35700128
35701342
35701174
35700853
35700086
35702120
35700022
35700100
35701071
35702571
35702232
35701776
35703278
35700622
35701444
35703610
35703620
35701360
35703572
35703364
35703365
35703366
35701858
35702710
35703372
35703368
35703678
35703370
35703378
35703376
35703664
35703377
35703371
35703373
35703374
35703375
35703369
35703379
35703367
35701148
35701642
35700309
35700018
35700399
35703418
35701201
35701439
35703229
35700211
35702292
35701098
35702006
35703168
35702194
35702074
35703470
35700368
35702084
35703726
35700711
35701405
35702293
35702381
35703110
35700813
35702456
35703304
35701577
35702457
35700171
35701247
35700169
35701161
35702558
35701814
35702228
35700417
35702335
35703500
35700357
35702199
35702062
35700026
35703046
35704180
35703399
35700118
35702175
35702757
35701298
35701215
35702041
35702195
35701279
35702024
35701058
35700828
35701716
35701532
35700764
35701542
35703722
35701039
35703428
35703858
35702125
35701322
35700109
35703775
35701713
35700821
35701056
35703071
35701025
35701880
35701204
35702354
35701537
35701536
35700458
35700608
35700606
35700536
35701341
35701679
35701545
35700433
35701154
35700466
35700204
35700520
35701188
35702178
35700690
35701830
35702738
35702455
35701810
35701066
35701002
35701736
35702326
35703506
35702295
35700322
35702035
35700315
35702033
35701876
35701370
35700337
35701792
35703245
35702095
35702437
35703054
35703073
35703214
35703292
35703434
35703498
35701854
35702138
35702474
35701591
35702722
35700761
35703883
35704036
35703510
35700279
35701383
35702201
35702210
35701084
35700436
35701483
35701081
35700101
35703113
35703396
35701049
35703007
35701563
35701258
35701113
35701340
35703083
35703407
35703128
35704100
35703725
35700047
35703126
35701422
35703329
35701329
35702405
35701423
35703679
35701462
35701463
35701617
35701330
35701132
35701062
35701614
35702367
35703405
35703206
35702878
35702211
35703870
35703494
35702450
35703118
35702145
35702231
35701087
35701053
35703043
35703014
35701289
35702075
35701339
35703388
35704002
35701189
35702382
35701612
35703289
35701659
35703590
35703821
35703744
35702580
35702212
35702501
35700376
35701097
35700205
35701415
35703006
35700177
35702387
35702131
35703267
35701043
35700434
35702416
35703037
35701871
35702517
35700801
35702213
35702139
35702438
35701656
35701581
35701898
35703771
35703442
35702196
35701760
35700614
35700057
35702550
35702508
35702327
35702171
35703674
35703099
35701300
35703198
35701549
35702427
35700173
35704168
35701044
35701193
35701006
35700079
35702251
35703151
35703474
35702610
35701741
35700794
35700615
35701254
35702229
35703686
35703450
35703512
35700617
35701398
35703361
35700823
35701413
35703301
35702657
35700820
35700212
35700618
35701555
35701503
35703711
35702162
35701252
35702428
35700097
35702705
35702872
35700009
35700038
35700731
35703395
35701705
35703414
35703145
35702665
35701293
35701394
35702063
35701125
35702087
35700877
35702015
35701222
35701013
35702144
35700476
35702734
35701227
35702122
35701715
35701061
35702286
35703117
35703273
35700572
35701102
35700150
35703513
35701585
35703313
35703081
35700111
35701275
35700480
35700129
35700569
35703550
35702509
35702736
35703715
35703185
35702439
35703056
35703327
35701672
35701897
35703805
35703884
35704004
35703667
35703231
35701033
35700161
35701094
35701389
35701257
35703826
35700482
35700778
35700724
35700072
35701175
35700513
35700180
35700375
35700567
35701015
35700014
35702605
35703259
35703153
35700324
35700545
35703260
35704254
35703250
35702463
35703255
35704258
35702831
35700042
35702378
35701403
35701106
35700718
35703781
35703320
35703020
35703757
35701803
35703751
35702143
35703773
35702020
35701404
35701445
35700185
35703268
35701632
35701633
35701634
35701629
35701631
35701640
35702730
35701280
35701628
35701363
35700445
35700048
35700317
35701582
35700145
35701440
35703087
35700243
35700291
35701253
35702045
35701274
35700892
35702668
35702001
35702833
35702557
35703277
35702333
35701469
35701130
35701784
35700078
35701223
35703100
35702442
35701434
35703216
35701721
35700842
35703274
35701165
35703143
35700431
35704018
35701085
35702157
35702616
35702882
35701021
35701501
35701224
35700401
35702656
35703520
35701416
35702481
35702029
35702250
35702219
35701804
35703730
35700389
35701344
35700025
35700272
35702010
35703125
35703189
35700475
35704200
35703551
35700404
35701199
35701206
35700442
35703244
35702246
35702215
35702440
35703069
35703328
35701584
35702511
35703806
35703885
35703514
35701368
35700403
35700222
35702556
35702187
35700310
35702034
35700419
35701671
35702494
35702222
35703297
35700464
35701277
35703296
35700349
35700870
35702664
35701878
35700597
35703086
35703568
35700561
35702205
35703693
35701590
35701093
35701850
35703306
35704080
35700278
35703601
35701460
35701034
35700883
35702429
35701766
35703080
35703175
35700831
35702563
35701408
35703600
35703576
35703753
35702332
35703060
35701606
35700174
35703147
35702371
35703085
35702583
35701356
35702370
35701600
35703515
35700833
35702555
35702323
35703291
35701459
35700463
35701414
35703190
35701052
35703195
35701474
35701446
35701797
35700046
35702191
35701658
35703317
35702551
35703182
35701624
35701569
35703135
35701365
35700460
35703540
35701092
35700327
35700825
35700085
35700735
35702132
35702133
35702816
35700576
35702248
35702021
35702515
35702147
35700422
35702804
35701077
35700321
35701075
35702822
35700453
35701306
35702264
35702518
35701005
35701401
35701794
35701035
35700331
35703389
35701580
35700366
35701781
35701263
35703480
35703230
35702249
35702560
35703068
35700766
35703886
35704014
35702271
35703120
35704020
35701461
35702615
35701100
35703380
35700285
35702072
35701649
35703653
35701852
35701619
35703200
35702774
35701623
35700616
35700035
35702261
35700149
35700023
35701765
35702329
35702059
35704162
35703191
35703264
35700075
35701505
35700267
35701076
35702142
35703055
35700630
35702600
35702267
35700144
35700248
35701457
35702421
35702554
35700052
35703391
35702141
35700457
35702719
35703233
35700598
35703059
35703076
35703201
35701670
35701864
35702464
35703666
35702723
35700763
35701078
35702701
35702110
35701024
35702274
35702743
35700316
35704040
35703454
35700036
35703050
35702204
35702602
35700257
35700350
35700188
35701770
35701070
35702394
35700219
35701433
35702567
35703661
35703699
35701160
35701477
35701069
35701059
35702844
35703778
35702861
35703774
35703782
35701645
35703616
35700451
35700162
35703254
35701305
35702294
35700741
35701785
35703712
35700021
35701470
35700430
35701677
35700335
35700439
35700336
35700647
35703247
35704252
35702750
35701050
35702216
35700528
35701036
35702115
35700313
35700533
35700529
35701331
35701269
35700170
35700525
35702340
35702342
35700203
35700534
35700531
35700524
35700527
35700532
35700523
35700522
35700530
35700526
35700112
35700113
35702114
35702339
35702794
35702740
35702300
35700875
35703302
35702310
35703008
35702603
35702070
35703061
35703078
35703222
35703338
35701654
35701866
35702721
35702790
35700339
35701355
35700479
35702224
35700300
35701312
35700514
35702152
35701610
35701724
35700411
35701571
35703237
35701191
35700378
35702266
35702039
35704210
35702746
35702446
35701249
35703383
35702022
35702151
35700418
35703400
35700570
35700448
35700213
35700809
35701546
35701780
35701458
35702516
35701738
35701742
35701103
35701032
35702301
35701176
35702875
35702148
35701812
35701899
35701091
35703058
35702079
35701217
35700165
35700178
35701112
35701171
35701567
35703038
35700254
35701232
35702317
35702128
35702169
35703318
35702238
35703047
35701149
35703311
35702064
35701872
35701138
35702237
35701073
35702236
35701530
35701238
35703215
35702047
35701733
35701744
35700061
35700140
35701297
35700227
35700120
35700851
35700848
35700727
35702564
35700064
35702320
35702614
35701166
35700803
35703173
35702289
35700646
35700198
35701710
35701137
35702491
35700329
35700396
35700226
35700824
35703640
35700262
35703397
35702129
35703323
35700189
35703393
35700051
35703212
35703526
35700373
35700299
35700054
35703596
35700179
35701576
35701387
35702287
35700381
35700380
35702776
35701256
35701083
35701198
35700537
35702135
35701734
35700258
35703093
35700370
35700581
35700708
35700056
35703089
35700409
35700260
35700333
35701529
35700575
35700728
35700135
35703270
35701471
35701200
35700175
35701502
35702510
35700807
35700197
35702159
35702359
35700361
35702057
35703015
35701346
35701086
35702362
35703084
35703522
35700565
35700478
35702430
35702368
35703546
35700765
35701177
35700209
35701515
35703321
35700076
35702500
35701172
35700398
35704206
35703293
35702443
35702505
35703488
35702441
35700190
35700192
35700283
35704084
35704174
35700551
35702768
35703430
35700600
35701194
35703841
35700087
35701510
35703022
35702305
35703448
35702379
35700241
35700320
35700795
35700465
35703560
35700369
35703057
35700547
35703105
35703208
35703502
35700391
35703197
35702202
35702012
35700059
35700709
35700817
35700742
35700854
35701012
35702280
35701756
35703668
35700096
35700384
35700168
35701067
35701225
35701802
35701730
35700065
35700281
35703685
35701680
35701514
35703718
35700297
35702637
35701121
35700277
35701261
35701608
35701786
35701412
35702089
35703704
35702173
35702315
35703024
35700538
35700472
35701197
35703232
35703092
35700282
35700599
35701110
35703681
35700371
35703464
35700767
35702467
35704112
35703217
35702629
35700268
35702303
35700810
35700250
35702400
35700280
35702832
35701476
35700196
35702468
35703221
35701241
35703698
35701409
35700620
35700410
35702306
35701524
35702380
35701675
35701155
35702092
35702311
35701353
35701019
35702314
35701295
35701296
35701456
35702318
35702471
35702472
35701882
35701653
35703041
35702167
35703199
35701565
35701001
35703300
35702330
35702876
35700562
35700206
35703603
35703263
35702593
35700492
35701758
35700852
35700133
35702117
35701798
35702617
35703148
35700552
35700353
35700334
35702613
35703697
35703176
35700024
35700779
35700060
35700359
35700240
35700556
35701051
35701890
35701550
35701513
35701004
35702645
35702646
35701426
35701718
35701351
35700850
35703604
35702260
35702700
35702233
35700124
35700624
35701583
35703854
35701074
35701499
35703219
35700452
35702091
35702193
35700232
35700594
35702304
35702281
35700840
35702220
35701374
35702503
35702484
35703225
35701557
35703062
35703359
35702346
35702356
35703556
35703694
35701109
35701860
35700483
35700775
35700725
35703079
35701655
35702759
35703518
35700095
35702324
35702189
35704255
35704270
35704266
35701343
35704262
35704267
35704253
35704257
35702137
35704259
35702744
35702007
35700489
35700495
35700006
35702573
35703004
35703013
35703207
35701481
35702792
35703187
35703288
35700560
35702052
35702860
35701359
35701731
35701143
35703018
35700355
35703692
35700473
35701650
35701376
35702242
35700799
35700386
35701354
35704096
35701568
35702374
35700459
35703398
35701264
35701267
35701472
35702406
35701800
35701539
35704202
35702130
35703482
35703170
35700497
35702431
35703857
35702885
35700388
35704026
35701068
35701578
35703226
35704160
35703521
35700722
35700253
35703519
35703406
35701735
35702069
35700326
35702161
35702432
35702417
35700345
35701397
35700374
35703142
35701192
35701442
35701169
35702755
35701393
35703651
35703108
35700001
35702068
35702256
35701504
35703840
35703700
35703051
35703103
35702316
35701221
35702003
35702243
35701283
35701000
35702647
35701883
35704172
35701117
35702389
35702451
35701031
35703224
35702717
35703065
35701657
35700797
35702763
35700308
35700438
35703612
35700586
35701825
35701386
35701265
35703524
35702588
35702777
35701561
35701375
35702769
35701104
35703770
35702124
35701424
35700548
35700148
35702745
35700397
35703473
35700539
35700351
35703155
35701164
35703876
35700406
35702840
35703875
35703280
35702410
35703719
35702253
35703827
35701055
35703090
35702048
35701046
35700090
35702784
35703095
35700063
35700217
35703116
35703312
35702055
35700005
35701886
35702562
35703662
35703286
35703284
35701674
35700307
35702512
35701182
35703305
35702334
35702751
35701615
35701410
35702172
35701627
35703544
35700344
35701831
35700762
35702218
35704250
35703402
35703246
35703271
35701796
35703211
35701856
35700367
35700839
35700780
35700749
35703097
35701751
35703035
35703545
35703423
35702085
35701517
35703384
35703310
35702226
35703322
35703048
35704048
35702369
35702506
35702513
35702756
35701783
35702357
35700880
35701868
35702830
35703401
35701395
35700354
35703537
35701889
35701119
35704076
35703129
35701787
35702577
35703314
35700164
35701108
35703523
35702154
35703223
35702671
35703307
35700394
35704052
35704170
35703070
35703033
35702127
35703002
35700443
35700106
35701321
35701564
35702365
35702601
35702502
35701313
35700382
35702650
35701652
35702230
35703458
35703508
35703850
35702786
35700296
35702263
35703801
35700130
35701492
35702113
35702119
35701527
35701521
35700244
35700563
35700340
35701064
35703554
35702390
35703584
35703275
35700139
35700138
35703111
35702273
35702420
35703205
35702277
35701538
35702279
35701338
35701484
35703045
35701210
35701240
35700044
35701509
35702030
35700584
35702192
35704256
35703251
35703853
35700045
35700041
35702586
35703487
35702395
35703106
35703138
35701700
35702098
35702349
35703161
35701558
35701301
35702841
35702853
35703598
35703606
35703626
35702540
35701660
35701494
35700535
35700578
35702873
35700220
35702754
35701455
35701531
35700010
35701893
35701777
35703091
35702566
35703209
35701526
35701335
35701364
35701218
35703228
35700819
35700573
35700356
35702587
35703178
35702591
35703790
35701435
35701284
35700358
35700151
35701842
35700559
35700455
35701060
35702073
35703532
35702454
35702296
35700723
35701708
35700640
35703440
35700098
35702707
35702766
35700383
35700428
35704072
35702806
35701727
35703066
35703082
35700796
35702753
35703695
35700362
35700595
35702106
35703444
35703044
35701562
35702244
35701273
35700469
35702760
35700292
35701602
35703472
35703064
35700276
35702221
35703192
35702155
35703754
35700414
35701146
35700167
35701790
35700582
35700710
35700058
35703851
35703218
35701678
35702361
35702433
35702268
35701278
35700247
35702625
35701764
35700073
35702599
35701107
35700290
35702200
35703394
35701287
35702009
35702241
35702053
35700234
35700564
35701709
35701207
35701205
35702781
35701320
35701425
35703261
35703413
35702661
35703352
35703354
35703355
35703363
35703362
35703357
35703360
35703356
35703353
35700486
35700506
35702396
35701874
35701317
35700793
35703466
35700830
35703344
35703347
35703342
35703350
35703346
35703348
35703349
35703345
35703341
35701630
35703258
35701636
35700815
35700328
35700214
35701782
35701020
35702447
35703484
35701544
35701620
35700186
35700104
35700515
35701711
35703539
35702711
35700159
35703415
35700512
35700390
35702000
35702056
35701651
35700467
35700330
35702321
35700208
35701209
35701022
35701111
35701430
35701128
35702460
35700195
35701431
35702090
35701772
35702153
35701566
35703122
35701805
35702835
35700364
35701418
35702731
35702741
35700583
35700855
35700067
35700372
35700402
35700881
35702598
35702466
35703652
35702473
35703688
35702874
35701626
35701334
35700163
35701372
35701823
35701384
35701522
35702269
35702067
35701824
35701385
35700207
35700255
35702270
35701712
35702818
35700114
35701311
35701307
35700020
35701270
35703820
35702820
35702042
35701027
35702123
35702404
35703776
35702881
35702584
35700094
35703671
35701692
35703689
35703220
35703052
35703235
35703319
35700818
35700049
35700099
35702507
35701573
35700084
35701041
35702747
35702496
35700231
35701236
35701345
35701840
35700746
35701090
35701299
35700347
35702312
35702485
35702355
35703385
35700377
35702299
35701088
35700474
35701173
35700004
35700477
35702308
35702715
35700032
35702401
35702402
35700413
35701361
35702046
35700446
35702767
35701366
35701388
35700092
35700215
35700263
35703780
35703617
35702044
35701089
35700426
35700568
35700607
35701011
35700157
35702005
35700043
35703859
35703852
35703855
35702182
35701131
35702082
35703861
35700131
35700184
35702397
35701646
35703892
35702796
35700319
35700325
35700269
35700146
35701159
35700387
35701801
35701133
35701519
35701820
35700587
35703330
35703426
35702176
35702412
35702658
35703309
35703680
35703265
35701183
35702384
35701447
35702575
35701896
35703592
35703824
35700806
35703088
35700845
35700053
35701427
35701556
35703266
35703410
35700498
35703756
35701441
35703687
35701250
35702309
35702597
35703446
35700740
35703156
35700034
35700882
35700275
35700546
35701195
35703690
35701319
35700136
35701560
35701485
35703343
35702049
35701768
35700363
35701390
35701114
35703701
35703063
35703234
35703227
35702054
35702448
35702590
35702234
35701260
35701750
35703871
35701151
35700429
35703124
35702612
35702391
35702670
35700432
35700102
35700293
35700221
35704176
35701554
35700822
35701475
35700302
35704001
35700352
35700236
35700841
35700235
35701233
35703631
35701879
35701726
35701495
35700641
35700610
35700312
35700031
35701572
35700365
35702690
35700105
35702285
35702291
35702640
35702288
35702262
35701822
35701691
35701219
35700849
35700141
35703303
35701023
35701618
35702520
35700201
35700029
35701028
35701362
35700246
35701017
35701029
35701243
35701246
35701096
35701231
35701120
35701126
35701245
35701014
35700510
35701230
35700517
35701030
35701124
35701239
35702828
35702086
35702541
35701127
35702810
35700251
35701123
35701018
35701229
35701016
35700158
35702465
35702582
35701168
35700884
35703872
35703039
35704030
35701500
35703127
35703149
35700229
35703180
35702535
35702071
35703564
35700626
35703517
35700835
35703152
35703645
35701316
35701285
35702109
35701891
35701528
35700832
35703675
35703538
35700885
35703298
35701690
35703001
35700305
35700437
35700484
35702214
35700633
35703290
35700199
35703114
35700239
35700499
35703721
35700804
35701382
35700721
35701826
35701377
35700360
35700504
35703462
35703873
35700412
35704899
35702552
35703669
35703236
35703238
35703239
35703240
35703241
35703436
35704060
35701079
35700585
35700265
35701057
35700829
35701717
35703425
35703732
35702177
35700286
35700155
35700156
35701048
35700166
35700119
35702331
35700306
35700089
35702871
35701720
35702322
35701381
35703874
35702363
35701118
35703646
35701491
35703740
35701318
35701010
35700108
35701885
35701038
35700284
35703094
35701497
35702183
35703856
35703862
35702050
35702065
35703036
35704164
35701436
35701732
35703381
35703203
35702179
35703109
35700176
35701473
35702413
35700554
35701604
35703256
35702278
35701357
35700016
35704201
35702626
35700107
35702025
35700571
35701813
35700137
35701676
35703295
35703660
35703663
35703294
35703676
35701605
35703257
35703552
35702631
35703682
35703683
35703331
35703337
35703334
35703339
35703670
35703336
35703333
35703340
35703335
35703332
35702031
35702258
35702108
35703456
35701739
35703750
35702385
35701216
35700590
35703010
35702275
35702459
35701533
35701607
35700579
35702197
35701411
35703860
35700518
35702392
35702504
35700015
35701348
35700134
35701009
35703772
35700812
35702140
35703602
35701288
35702265
35701080
35701609
35702290
35704204
35702572
35703438
35700447
35700491
35700811
35700808
35700503
35702032
35701478
35700511
35700631
35702824
35700400
35703543
35703713
35703040
35703387
35703158
35703184
35703075
35703166
35703130
35703419
35701498
35702702
35701788
35702714
35700028
35700295
35704088
35701302
35703650
35700012
35700007
35700405
35703279
35701072
35703528
35700288
35702325
35704166
35701488
35702445
35700500
35700816
35701308
35700592
35701187
35703486
35700037
35700655
35703714
35700516
35700223
35702203
35702252
35701310
35701396
35702373
35701877
35702530
35700521
35703012
35702764
35702386
35703049
35703287
35701894
35703591
35702523
35703822
35703741
35701336
35702737
35701892
35701328
35703269
35703285
35703249
35700256
35701508
35701482
35701139
35701158
35700421
35700062
35700423
35701276
35700508
35702574
35701167
35701196
35700237
35700566
35701369
35701371
35702013
35700182
35700030
35702449
35701190
35701178
35702398
35701601
35703067
35703558
35701895
35703593
35703123
35702662
35702739
35703743
35700814
35702570
35702307
35702338
35703441
35700077
35702283
35701437
35702569
35703181
35703188
35703053
35700346
35701042
35701490
35701203
35701272
35701170
35701271
35702641
35702282
35704175
35703031
35701379
35701065
35702060
35702712
35703594
35702223
35702156
35701251
35703159
35703580
35702527
35702850
35703382
35702576
35701616
35703542
35702772
35701520
35703115
35700153
35700379
35701268
35700644
35700068
35700420
35700680
35700541
35700093
35700485
35701244
35702654
35702879
35702188
35702407
35703276
35701327
35701428
35703673
35703150
35700252
35701324
35703411
35703283
35703282
35701326
35703146
35702423
35703281
35703154
35701325
35702414
35701323
35702408
35700233
35700242
35701235
35701535
35701115
35701347
35701213
35700488
35702185
35702418
35701523
35700323
35701378
35701575
35700549
35703802
35703420
35702254
35703358
35704272
35703262
35703210
35700591
35703452
35703193
35702651
35702364
35703566
35702667
35703034
35702565
35703570
35700160
35702660
35700542
35702217
35700027
35700103
35700424
35700003
35701358
35702489
35701875
35701156
35700259
35703815
35703530
35703788
35703496
35702302
35700081
35704066
35701373
35700273
35701352
35702016
35701214
35700017
35702758
