37953600
37957150
37951224
37957156
37954220
37955046
37950442
37950404
37957588
37956130
37956120
37955570
37954130
37954334
37954286
37954146
37952244
37952214
37955200
37952484
37953372
37955540
37957284
37955382
37952138
37952268
37952200
37951322
37951060
37954156
37954224
37954200
37954182
37957198
37950462
37953348
37953176
37955332
37957130
37951206
37952360
37957330
37952252
37952324
37952480
37952410
37952404
37951356
37950002
37950086
37957010
37953002
37955002
37950104
37950394
37950432
37952072
37952024
37952056
37950448
37952184
37954206
37954348
37954274
37953245
37954398
37952500
37953362
37957208
37955028
37950480
37952226
37952238
37957298
37956076
37951062
37954180
37954154
37952306
37955508
37952372
37952032
37952006
37954142
37950217
37953088
37953126
37953106
37953092
37951104
37951332
37955562
37951022
37954414
37954218
37953188
37950070
37951064
37950192
37955388
37956278
37956012
37952502
37955438
37950004
37957118
37957016
37955000
37951154
37951172
37951166
37955014
37953064
37952320
37950274
37955486
37957154
37957220
37957186
37955442
37950142
37950038
37952330
37950066
37957128
37959010
37954442
37955482
37956256
37956230
37954264
37954282
37954436
37954320
37954360
37954300
37954284
37954330
37954306
37950248
37951008
37950536
37957304
37952336
37952288
37952246
37955056
37955182
37955064
37952130
37952094
37955558
37952154
37950408
37950350
37951078
37951086
37953310
37953180
37950186
37954160
37954178
37954362
37954326
37954338
37954288
37951328
37954184
37954152
37952436
37957072
37952100
37956342
37953302
37953038
37956334
37952348
37950522
37952374
37953360
37952380
37952354
37952442
37950206
37955492
37953192
37955560
37953238
37957376
37952388
37952150
37952186
37950468
37950386
37956210
37950362
37955070
37955130
37955116
37952116
37952448
37951102
37950524
37956208
37956328
37957362
37950358
37950016
37950338
37957236
37950184
37950188
37954396
37953250
37955172
37953378
37956108
37956090
37953384
37950452
37953128
37953108
37954096
37954148
37954124
37951026
37953046
37952412
37952132
37956254
37955478
37955566
37954064
37952334
37953380
37950364
37956260
37952302
37957246
37957184
37953246
37956274
37956202
37957306
37957276
37953386
37951090
37955424
37955410
37951258
37952428
37953300
37955340
37950508
37950490
37953606
37951220
37957146
37951240
37956084
37952290
37954056
37957202
37950202
37950268
37955236
37955256
37955308
37955296
37955276
37950048
37950170
37950148
37951042
37951030
37956082
37957190
37954158
37954308
37954336
37954322
37954316
37953290
37953240
37950530
37952450
37951132
37953328
37950550
37955198
37955022
37953190
37956102
37956052
37951314
37952402
37955394
37955506
37955426
37956118
37957242
37957036
37955156
37951334
37952498
37951390
37957120
37953012
37950406
37952158
37952036
37952014
37957372
37957200
37956680
37956020
37956164
37957250
37957062
37957212
37956170
37955378
37957576
37953626
37955434
37955222
37956196
37956184
37951080
37950506
37950488
37951144
37956206
37959038
37955212
37950310
37950040
37950072
37950198
37951068
37950306
37950276
37955066
37955112
37955092
37954176
37954290
37954390
37954364
37954340
37955214
37955190
37955048
37952338
37956104
37951092
37951076
37950278
37952078
37953194
37956698
37955100
37959020
37957584
37955572
37951358
37957570
37955206
37952004
37952030
37952416
37952356
37955118
37955464
37955164
37952044
37955490
37957580
37952278
37952488
37950106
37950456
37956250
37955460
37953172
37956222
37956022
37950292
37950422
37950392
37956364
37954172
37954366
37954342
37954114
37954098
37950502
37950400
37952026
37952058
37950444
37953236
37957230
37957274
37957262
37951174
37951160
37953248
37952002
37952396
37953350
37951316
37957350
37950272
37950200
37951410
37957206
37957574
37950470
37950504
37950486
37955208
37956684
37952272
37951084
37954258
37950340
37951066
37950356
37953322
37953618
37957322
37950280
37952398
37953080
37950324
37955244
37955284
37955299
37954092
37955320
37954170
37954190
37954210
37954140
37957402
37950108
37957192
37950018
37951040
37957090
37957026
37951050
37950384
37956074
37956060
37950212
37950130
37953022
37950244
37953374
37953272
37955194
37955042
37955202
37955024
37955234
37955254
37955304
37955294
37955274
37954072
37953136
37952182
37953026
37955480
37950308
37950050
37955114
37955068
37953262
37956064
37956176
37950514
37950496
37953242
37951234
37951216
37952250
37957336
37950352
37955514
37957240
37955204
37955026
37953206
37953184
37954314
37954262
37952358
37957378
37957126
37951204
37953620
37953152
37952376
37954422
37956144
37956030
37950460
37951148
37957042
37955554
37954456
37952426
37955404
37955360
37956070
37957312
37951360
37952492
37956276
37951354
37952496
37952146
37952236
37952210
37952190
37956322
37954216
37951122
37955422
37955224
37959018
37952440
37955324
37955306
37955238
37955278
37955258
37954100
37954126
37954112
37954424
37951372
37951110
37955384
37959032
37950062
37951054
37951048
37951056
37957560
37957046
37957102
37952318
37955440
37956246
37955142
37951398
37957122
37956214
37954066
37953608
37957092
37957058
37954454
37953008
37950110
37950128
37950172
37950154
37955436
37952124
37950126
37955006
37955262
37955242
37952392
37956694
37952156
37955344
37957562
37956160
37956270
37956216
37955160
37955192
37954054
37954022
37955328
37955302
37956018
37957210
37951074
37953274
37957406
37955158
37950046
37950518
37956034
37953024
37950124
37957204
37953070
37953050
37955582
37959022
37952482
37954070
37953134
37955516
37957346
37951044
37951256
37956280
37952180
37952140
37951274
37951396
37952350
37954462
37954378
37954352
37957234
37956038
37951130
37953086
37954272
37956172
37956162
37953276
37956338
37953294
37952464
37955136
37953622
37952300
37952270
37951384
37950012
37951004
37950020
37957364
37956326
37957320
37957292
37957348
37952322
37952136
37952284
37957038
37956002
37951024
37957390
37950026
37950092
37950116
37951012
37951190
37951126
37953078
37951140
37953000
37951020
37957366
37951338
37953124
37953104
37955050
37955090
37955110
37957006
37955180
37955470
37955176
37951376
37956340
37951374
37959012
37959016
37959014
37954226
37954466
37954458
37956348
37953044
37951232
37951288
37954468
37955272
37955252
37957282
37957266
37950175
37953160
37955432
37951340
37953212
37953624
37953030
37950122
37953390
37955148
37955078
37956048
37953232
37952444
37954434
37957358
37953010
37955428
37953376
37950194
37955032
37952308
37951310
37957196
37957248
37957222
37950370
37956114
37956072
37953388
37951352
37951252
37955366
37955552
37951138
37955346
37955510
37955390
37951346
37952504
37955336
37953630
37952506
37957032
37954202
37954292
37954392
37954368
37954344
37951194
37951186
37957030
37955282
37955264
37952328
37954412
37954418
37951386
37951394
37951400
37957586
37952222
37953260
37955402
37955354
37955358
37952460
37952090
37956304
37955240
37955260
37955326
37955298
37955310
37955280
37957096
37951214
37955574
37953082
37955338
37956014
37957270
37953632
37955518
37950242
37950218
37956212
37956180
37952286
37952490
37951318
37956004
37954432
37956044
37953158
37957582
37955356
37955504
37955420
37955400
37955444
37950022
37956040
37950042
37952432
37955430
37953244
37953292
37954228
37954400
37954350
37954374
37954296
37950354
37950334
37952174
37952134
37957004
37951302
37957180
37957170
37957136
37951212
37956138
37956190
37956182
37956292
37952378
37951262
37957182
37957160
37953342
37952394
37952280
37957324
37951218
37951184
37952340
37950528
37953216
37953186
37952096
37952114
37957382
37953072
37953048
37951164
37951156
37951260
37950534
37950484
37953062
37953032
37950512
37950494
37951100
37951420
37956136
37954236
37950164
37957148
37953218
37957044
37956286
37953334
37953278
37957290
37957334
37954044
37953090
37952080
37952152
37952462
37953174
37951268
37951200
37951002
37959040
37956370
37950208
37950250
37952034
37952008
37950260
37955474
37955494
37953358
37953252
37956122
37956192
37956134
37957232
37957144
37954246
37954252
37954376
37954324
37954332
37954310
37955008
37950001
37955168
37956242
37954068
37954450
37951264
37950374
37950540
37950500
37954198
37954426
37953284
37953228
37956140
37952414
37952128
37950068
37953042
37954050
37953068
37950060
37951052
37950182
37954278
37954260
37956110
37952434
37951388
37955476
37955450
37950144
37950304
37950160
37952508
37954048
37950196
37951070
37950074
37952366
37951010
37957134
37951210
37957326
37950402
37952332
37957142
37956086
37957356
37951196
37951286
37953288
37951300
37951276
37956324
37953170
37950102
37955012
37953006
37954230
37953200
37953320
37953304
37954238
37954234
37952466
37957014
37951392
37954232
37950458
37950388
37957108
37957040
37951182
37952368
37952118
37957114
37951198
37954212
37955076
37952148
37952230
37952204
37950516
37950498
37959002
37955054
37955062
37957003
37957104
37955184
37955512
37956198
37953100
37951254
37957310
37957280
37955466
37955174
37952160
37952260
37952234
37952208
37956006
37959000
37950054
37956282
37950064
37951058
37950240
37950190
37956308
37957370
37952390
37957060
37954430
37950410
37952060
37952022
37952240
37952218
37951124
37951188
37951142
37950464
37957116
37957028
37951278
37954046
37954254
37954302
37954280
37950466
37951162
37951170
37957152
37951250
37951350
37951226
37950090
37950028
37956332
37950546
37956306
37957194
37955550
37954276
37953214
37951312
37952474
37957338
37952430
37956042
37950424
37951292
37952486
37952344
37950322
37956142
37953132
37953112
37951266
37952170
37952110
37951176
37955578
37951270
37952342
37955210
37955030
37955034
37953634
37957368
37957384
37956150
37953636
37957124
37956152
37956146
37957328
37957300
37956232
37956252
37956258
37956236
37952242
37955352
37953040
37952120
37957084
37955386
37951208
37957132
37951236
37952310
37952020
37952062
37952054
37956372
37957354
37955556
37950024
37950114
37950088
37952352
37952362
37956226
37953166
37951382
37954192
37953154
37955096
37950510
37950492
37950168
37950152
37956264
37955488
37954380
37952314
37957162
37952076
37953156
37955098
37950440
37957272
37957260
37952232
37952220
37955074
37956346
37950052
37955364
37954036
37954082
37955230
37955154
37955226
37955036
37950542
37953638
37957566
37955372
37950006
37950080
37955010
37954030
37950100
37950398
37952012
37950426
37952472
37952420
37956248
37955144
37950526
37952424
37957050
37956682
37950532
37955564
37952098
37952422
37952126
37951202
37951000
37953344
37956284
37956358
37956300
37953352
37954240
37954144
37954214
37954194
37954174
37952040
37955576
37953296
37951006
37955146
37953338
37953280
37953028
37950176
37957380
37956050
37952476
37957352
37953356
37955170
37951230
37954440
37954410
37954428
37951082
37956016
37956288
37953164
37952202
37952142
37956296
37956344
37953346
37956354
37957374
37952468
37953298
37957020
37954460
37955462
37955150
37950210
37954446
37950112
37957098
37952346
37950204
37950262
37950246
37952074
37951114
37952262
37952212
37956366
37950552
37953264
37952370
37959026
37954000
37954084
37954038
37951282
37954086
37955082
37954150
37954128
37950428
37952052
37952018
37957138
37951348
37956158
37956046
37957564
37953130
37953110
37955374
37953616
37954052
37954024
37953314
37955094
37950180
37956362
37956266
37955408
37956692
37954204
37954294
37954394
37954370
37954346
37953084
37957400
37956148
37955216
37950454
37955020
37953060
37956294
37955018
37955196
37955268
37955322
37955292
37952001
37950264
37953614
37952312
37951088
37956178
37956156
37951370
37957396
37957082
37957268
37951284
37959034
37950076
37950078
37950282
37950290
37950300
37952050
37950420
37951072
37952010
37950330
37955162
37956244
37955472
37956320
37956310
37956356
37956352
37952510
37952176
37950520
37950544
37956360
37953354
37951158
37951112
37951380
37957342
37957388
37954448
37952188
37957296
37957110
37950296
37956032
37956132
37956106
37956078
37953612
37950146
37950044
37955406
37955362
37952048
37952070
37950034
37957112
37957034
37952276
37952122
37950036
37953004
37950140
37950120
37959024
37957022
37957314
37953282
37953340
37953162
37953018
37956112
37952382
37957048
37950450
37957008
37955004
37951028
37951324
37951336
37957238
37953234
37959008
37955140
37953222
37953318
37951330
37952092
37952326
37952384
37955568
37953014
37953066
37955186
37955152
37957332
37957578
37952046
37952304
37950336
37950372
37950010
37955060
37957070
37957018
37955132
37957568
37957590
37950008
37950082
37950376
37950332
37950320
37950360
37957024
37950014
37953364
37955342
37957308
37955232
37955250
37955270
37955350
37955300
37955330
37955290
37953370
37954416
37951280
37955220
37954256
37954304
37954312
37953610
37957572
37959036
37950214
37953034
37953096
37956688
37951326
37953604
37951290
37957012
37952512
37957140
37957244
37957224
37957188
37953268
37956036
37956100
37953182
37953316
37954014
37954026
37954040
37952364
37954242
37950266
37950058
37950162
37950294
37950302
37950382
37950390
37952400
37955580
37952254
37952216
37959044
37955218
37955380
37951134
37954012
37953266
37953326
37959046
37957106
37951136
37951152
37957302
37953336
37952206
37952264
37952144
37952172
37952112
37959899
37957899
37954464
37953020
37953602
37950150
37950166
37950032
37956204
37956368
37956154
37956224
37956194
37956174
37955368
37959028
37951178
37951150
37952494
37950378
37957404
37952064
37952042
37952016
37954196
37956302
37956290
37953332
37953270
37953226
37956272
37956200
37959042
37953324
37954222
37955502
37955392
37957394
37950270
37957386
37952438
37951402
37954420
37951128
37953286
37953230
37954444
37957056
37951192
37959030
37950482
37950368
37953330
37952224
37952248
37955120
37955166
37950178
37950056
37953016
37954062
37954058
37953076
37959004
37952282
37955334
37955370
37951046
37951378
37951120
37951116
37955016
37955040
37955052
37955072
37955138
37957000
37951422
37955530
37957294
37955080
37952274
37951146
37957344
37954034
37951344
37957052
37952386
37951180
37955446
37959006
37950030
37950380
37950084
37950174
37953036
37956690
37953094
37956686
37957264
37957286
37957278
37955376
37951320
37952178
37953628
37956062
37952316
37956696
37955484
37956262
37956234
37953220
37955468
37954094
37954122
37956336
37954060
37953102
37953204
37953122
37956116
37951222
37957158
37953210
37950548
37952470
37957340
37950430
37950216
37953098
37954010
37954020
37954042
37953312
37957100
37953208
37952446
37953168
37953196
37953224
37951342
37952418
37957360
37956080
37956330
37950366
37955496
37956268
37956220
37955500
37955134
37956000
37956010
37957094
37956240
37957054
37957080
37956228
37953150
37957392
37956350
37953074
37956088
37951272
37950396
37950434
37950446
37953382
37952038
37953120
37953140
37953202
37954032
37954270
37954080
37954090
37954110
37954244
37954250
37954074
37955188
37955044
37954452
37952266
