36307142
36301238
36309594
36305272
36305266
36309060
36302274
36301106
36307038
36309390
36302262
36307492
36300154
36302824
36309531
36301012
36309046
36309540
36300452
36300456
36302362
36300198
36302538
36307436
36300202
36309172
36302108
36302102
36309307
36305029
36301342
36309180
36300259
36307326
36301359
36305118
36300289
36301046
36301045
36305148
36301240
36309316
36305217
36305280
36302463
36307494
36301000
36307594
36309102
36307236
36305256
36307018
36301021
36302000
36301034
36302208
36307332
36300346
36301043
36307740
36301236
36305218
36300212
36307012
36301017
36300217
36302616
36300053
36300050
36302186
36305216
36305110
36303004
36307202
36302601
36302653
36302162
36300126
36305150
36302122
36300278
36300062
36307452
36305062
36302364
36301358
36302478
36302475
36302492
36300207
36302618
36302198
36300225
36307430
36305322
36307496
36309383
36309116
36309556
36305276
36300227
36307320
36305132
36307446
36307054
36302009
36307052
36300216
36301250
36302814
36300402
36307148
36301042
36309632
36307062
36307180
36307477
36307247
36302600
36307010
36300174
36302536
36305026
36307414
36300359
36305339
36307176
36302190
36300220
36305204
36300124
36307220
36301318
36300010
36300060
36302671
36302775
36307518
36300276
36309358
36309375
36307002
36300204
36300219
36303032
36305254
36305334
36303007
36309330
36300058
36307178
36307649
36305120
36307520
36302826
36307438
36302610
36309610
36303035
36305282
36309008
36307308
36309542
36300149
36307024
36305012
36307201
36301204
36307724
36307742
36302126
36302121
36309036
36305076
36309389
36303031
36309546
36307304
36307231
36309334
36305286
36307490
36301029
36309064
36305051
36302024
36307146
36301152
36300398
36305068
36302114
36307138
36302708
36307150
36302730
36301022
36302002
36302192
36305336
36303005
36302015
36301248
36302470
36301314
36307450
36309382
36309028
36302356
36300076
36301148
36309066
36309536
36307016
36309380
36305157
36300088
36302603
36301002
36300236
36307334
36301188
36300056
36300054
36309538
36301162
36305340
36309611
36309150
36309362
36307065
36305312
36309660
36302550
36309372
36309374
36307484
36307350
36300226
36302357
36301154
36305268
36307382
36300374
36305190
36300176
36307482
36300199
36307234
36307181
36302700
36300332
36301033
36301032
36307044
36307144
36309369
36301312
36302832
36307727
36300354
36301164
36300270
36302196
36305046
36300352
36307179
36301052
36307480
36300042
36300040
36300070
36307761
36307476
36307488
36307140
36307459
36307136
36302110
36307086
36307478
36301249
36309068
36302204
36305350
36307700
36309560
36302812
36302548
36301360
36302670
36307596
36301230
36301212
36302106
36302352
36309018
36301330
36307134
36307532
36307132
36305295
36302359
36301328
36307204
36307082
36301196
36307598
36309108
36309030
36301354
36305324
36305172
36307322
36305168
36305138
36302258
36307384
36301378
36300108
36303038
36305154
36305164
36309526
36307001
36300057
36307420
36301216
36300345
36307183
36307726
36300396
36300382
36303037
36300090
36302828
36302128
36300370
36307223
36300032
36300027
36309575
36307314
36305278
36301245
36302084
36301229
36302270
36302257
36302461
36302361
36302464
36307318
36309364
36302808
36307590
36302140
36302518
36302345
36301337
36302838
36300416
36302739
36307048
36302706
36309302
36302621
36305403
36309641
36302206
36302726
36307207
36302330
36302840
36302842
36302011
36309100
36302164
36302718
36307530
36307300
36300087
36305320
36305306
36300406
36302178
36305214
36301036
36300365
36300146
36301186
36300390
36300266
36301024
36302702
36309170
36305194
36305292
36307744
36307186
36301192
36302420
36309352
36302120
36300074
36300014
36301274
36302082
36302158
36302512
36300426
36302640
36300438
36300440
36302096
36302166
36302210
36301150
36309552
36302776
36307371
36302816
36307600
36307256
36307584
36302146
36302276
36302532
36307676
36300410
36302733
36302476
36309004
36309580
36302852
36300241
36300356
36302004
36302271
36309507
36302620
36301278
36302154
36302630
36300430
36302729
36302070
36309296
36309110
36305326
36300228
36301190
36302181
36309050
36305388
36305348
36302012
36301210
36307336
36300342
36300288
36307063
36301202
36300104
36309090
36309006
36305360
36305152
36307633
36307246
36309332
36309606
36307602
36305124
36300177
36302259
36300348
36305130
36305050
36302350
36302466
36309106
36300122
36302650
36300059
36302200
36303010
36302344
36307406
36300373
36302363
36307006
36309174
36302086
36300326
36307342
36300022
36305020
36307058
36302622
36302366
36307418
36307370
36309288
36301382
36301376
36307737
36305056
36307448
36307604
36300164
36307465
36300026
36300024
36307046
36309000
36307248
36300178
36307310
36307036
36301228
36302103
36300400
36302638
36302468
36302484
36302168
36302116
36301322
36302830
36309032
36305202
36309530
36307067
36305387
36301218
36300340
36309582
36307632
36309612
36301226
36305006
36309311
36309516
36309290
36307432
36309092
36300034
36307165
36300136
36300196
36301108
36309317
36309614
36309012
36309298
36300229
36307330
36305022
36300338
36309310
36307721
36307606
36309280
36309349
36302716
36307380
36305318
36300084
36305027
36309645
36301035
36302460
36301385
36305049
36300119
36307170
36302465
36300367
36309544
36309519
36309558
36309385
36309062
36309408
36300223
36307728
36307056
36307634
36309586
36309094
36309072
36307466
36307635
36300238
36301310
36300156
36307460
36309112
36305302
36300086
36301222
36303006
36307212
36307434
36300334
36302482
36305288
36307034
36300098
36300096
36307362
36302074
36302174
36302682
36307534
36302474
36301352
36300214
36309376
36301344
36307208
36305052
36305170
36307442
36302173
36303009
36300142
36300140
36309016
36305042
36300130
36305337
36307620
36301160
36302094
36302268
36307042
36305332
36307027
36307522
36300386
36309342
36305158
36302813
36307328
36305382
36300194
36307203
36305296
36305338
36305308
36305047
36309338
36307610
36307218
36302835
36302130
36300377
36302098
36300180
36300181
36309120
36300404
36302171
36307228
36309548
36305314
36302563
36305409
36301387
36302412
36302408
36302406
36309534
36302811
36307238
36302416
36300134
36302404
36302400
36302418
36302402
36302414
36309098
36305070
36301381
36305199
36302332
36305116
36305385
36309570
36307636
36301316
36302202
36305060
36302818
36300158
36302720
36301050
36305160
36309308
36301015
36301018
36309010
36309313
36307638
36301313
36302652
36307428
36309328
36300408
36307364
36309292
36305036
36302088
36301054
36301014
36301016
36309624
36300240
36307444
36309506
36302266
36301203
36302551
36305034
36309554
36305038
36307678
36307252
36307474
36305031
36309537
36301356
36307402
36305185
36301244
36300201
36309042
36309396
36305024
36300234
36300243
36309300
36300064
36307026
36307640
36305016
36300286
36307456
36301155
36301040
36300094
36302833
36309588
36300097
36303033
36309394
36300082
36301158
36300336
36307524
36307642
36300268
36307440
36302557
36307644
36300358
36300344
36301048
36301104
36309304
36305174
36300392
36305196
36309613
36309104
36305122
36307473
36309309
36302467
36305048
36300362
36305126
36300371
36300004
36302605
36309346
36309347
36303008
36307335
36309512
36309040
36307222
36307732
36309555
36309350
36309371
36300041
36309368
36309340
36307356
36300144
36309341
36305210
36309326
36309400
36302078
36307251
36307535
36301372
36309404
36305405
36309348
36301200
36307216
36309354
36300008
36309286
36302809
36305178
36307242
36302092
36305162
36300184
36305328
36300231
36302480
36309029
36307173
36305032
36309378
36309026
36309377
36309322
36301038
36307324
36300036
36300116
36309500
36307660
36300038
36307646
36309022
36301380
36305014
36302180
36307182
36302607
36307648
36300028
36300388
36307340
36300280
36300185
36302803
36300128
36301206
36302358
36302118
36301006
36305000
36309379
36309336
36307650
36302080
36305192
36307374
36300258
36300233
36302471
36307060
36302820
36305041
36305342
36309412
36307468
36307184
36302822
36309282
36302462
36302169
36302514
36302565
36300190
36300192
36305136
36300112
36301383
36302537
36309520
36300384
36300380
36305144
36305222
36305146
36309504
36307472
36302672
36300368
36301205
36307032
36302782
36305112
36309508
36305025
36302348
36305030
36305346
36309384
36300208
36301246
36300210
36300161
36301182
36301180
36301264
36302609
36307731
36300372
36305212
36307486
36309337
36302836
36305284
36300066
36302526
36301234
36307161
36309038
36300138
36305166
36302546
36305198
36302488
36309284
36307338
36307368
36302770
36300291
36300160
36300030
36309118
36302280
36307174
36300188
36302260
36302335
36309320
36303003
36301377
36303002
36302802
36300013
36307064
36300006
36305344
36303036
36301268
36301373
36302522
36301028
36302606
36305206
36301273
36309178
36302686
36302688
36302182
36302360
36300078
36300132
36301368
36307224
36305186
36300052
36305383
36300369
36300100
36302542
36302626
36302264
36307066
36305290
36309054
36309522
36307040
36300235
36300330
36309630
36307462
36302025
36303030
36302559
36302656
36302612
36305407
36305411
36305225
36302256
36305040
36309056
36307733
36305386
36307162
36301219
36300159
36309339
36305408
36300287
36307004
36307426
36307172
36309343
36302844
36307738
36307312
36302365
36302611
36307458
36302347
36305002
36307630
36305381
36307467
36309370
36309373
36307022
36305075
36302549
36305412
36302212
36305074
36309524
36300293
36307230
36305004
36300363
36307366
36309318
36301227
36301266
36302340
36309533
36309324
36307206
36300106
36302544
36309034
36305260
36309357
36301224
36300182
36307163
36309386
36307487
36302778
36301165
36302805
36305219
36307080
36300224
36305310
36305010
36307608
36300148
36301026
36309596
36300237
36300244
36307084
36300246
36305384
36307078
36300256
36301030
36307360
36307424
36307454
36301242
36307214
36307233
36302099
36307404
36309398
36309117
36307188
36307734
36302561
36307177
36302076
36309381
36307730
36307023
36300110
36307582
36300267
36309306
36305262
36301272
36302160
36302013
36302858
36302846
36300424
36302834
36307416
36307358
36302837
36305264
36301270
36302090
36302134
36302520
36300422
36307250
36307741
36300292
36307580
36302710
36307736
36302410
36301276
36302156
36302510
36302628
36302083
36300428
36302172
36309312
36307581
36305182
36307597
36307579
36305184
36307352
36309402
36301374
36309033
36301198
36309502
36305304
36301194
36300376
36301252
36309392
36300168
36300170
36305156
36300092
36305128
36301369
36307175
36309393
36302490
36301156
36302342
36309070
36300200
36302334
36305209
36302614
36301020
36302104
36302680
36305298
36302543
36301232
36302722
36302780
36305270
36309573
36307593
36302555
36302101
36302724
36302539
36305018
36309044
36307652
36301004
36309052
36309410
36300120
36302100
36302540
36305066
36301375
36302008
36305008
36307167
36301367
36305159
36301384
36305330
36305200
36301010
36301386
36309406
36309014
36307000
36302774
36307400
36309643
36302278
36302207
36302124
36302728
36300378
36305316
36302553
36307372
36302684
36302714
36302184
36307030
36307050
36300197
36307674
36305153
36302284
36302286
36302282
36309058
36302132
36302150
36302634
36300434
36302806
36305252
36307588
36301262
36302142
36302528
36302602
36300239
36302848
36300414
36302737
36309020
36307302
36302072
36302636
36300436
36305213
36301379
36309571
36307171
36305001
36307025
36309388
36300002
36309294
36302477
36307577
36307461
36307386
36302472
36307028
36302214
36300118
36305151
36307354
36301214
36300186
36300020
36300222
36307531
36305078
36302167
36307470
36309114
36307306
36309002
36309535
36300016
36302105
36309511
36309314
36301371
36302678
36309171
36307205
36301019
36305274
36301220
36300162
36307210
36302026
36309319
36307200
36307412
36307413
36300274
36302194
36314899
36309160
36301366
36307232
36300068
36307654
36305044
36302473
36307020
36307599
36302674
36300360
36305180
36305211
36302545
36305054
36300290
36301184
36302018
36302338
36309616
36300350
36309335
36309387
36307735
36309031
36302624
36309096
36300218
36305028
36300072
36309366
36302810
36307578
36302138
36302524
36302850
36300418
36305142
36305401
36302704
36300282
36305220
36307592
36302112
36302136
36302516
36300420
36305134
36309518
36302676
36300080
36305208
36302336
36300046
36302807
36307169
36301166
36302022
36302486
36307008
36305140
36307388
36302354
36307672
36300012
36301348
36300001
36300102
36301340
36305064
36301350
36309663
36300187
36300150
36302604
36307226
36300114
36303034
36305188
36307536
36309359
36302554
36301338
36307346
36307348
36302854
36301324
36300230
36300215
36300213
36300245
36305058
36302170
36301247
36302804
36307258
36307586
36302144
36302530
36307680
36305259
36300412
36302735
36300163
36300294
36300324
36301280
36302010
36302152
36302632
36300432
36300195
36302003
36302016
36302712
36309176
36301334
36301332
36302188
36307166
36309356
36307576
36307254
36305258
36301326
36302148
36302272
36302534
36302608
36302800
36307682
36302731
36302176
36300364
36307422
36300366
36305072
36302346
36305331
36307031
36302673
36302020
36309514
36305250
36307605
36302097
36307376
36307533
36309024
36301044
36300328
36309360
36302772
36303000
36300272
36301008
36301009
36307316
36309528
36302014
36305294
36307014
36309532
36302856
36305300
36301208
36309510
36307464
36300394
36301370
36307029
36309550
36307378
36301336
36305114
36307240
36305176
36305255
