36686190
36686284
36686452
36680272
36680081
36684004
36686048
36684062
36686184
36686306
36686321
36682548
36682242
36682572
36684432
36686154
36680123
36684154
36682227
36684400
36684414
36682233
36684378
36682042
36684180
36682315
36684164
36682545
36682309
36680352
36680316
36684150
36684172
36686063
36684428
36682145
36686015
36686350
36684066
36682279
36680039
36682300
36682018
36686195
36680252
36682294
36680018
36682493
36686324
36684001
36686005
36684168
36684038
36682218
36686006
36682297
36680147
36682346
36680358
36684402
36680072
36680001
36680102
36680135
36680379
36686142
36680003
36682009
36684410
36686081
36680051
36682490
36686036
36686172
36682200
36682318
36682564
36686030
36680006
36680024
36680045
36680280
36686289
36686102
36680276
36682327
36684408
36680015
36680180
36686021
36680368
36684058
36682050
36682245
36682544
36682027
36682236
36680248
36686430
36680150
36682551
36684406
36682562
36686280
36686360
36684196
36682496
36686327
36680274
36680192
36682126
36682038
36682122
36680042
36684336
36680382
36686175
36684068
36682282
36682273
36680075
36686151
36680144
36680141
36680362
36680021
36684433
36682556
36684050
36684340
36686003
36680093
36684358
36680126
36680370
36680063
36684418
36682352
36682571
36680168
36680012
36684430
36680009
36684158
36684382
36686456
36680057
36684134
36682560
36686139
36684074
36682288
36680078
36682110
36680138
36682370
36686292
36686130
36680030
36680195
36682420
36684194
36684178
36686272
36684008
36682224
36686033
36686283
36684142
36686066
36680325
36682017
36680142
36684404
36680354
36680069
36684140
36680313
36680356
36680240
36686490
36686157
36682573
36684326
36684350
36682321
36680105
36686090
36686440
36686166
36684374
36684332
36680153
36684320
36682239
36680060
36684362
36682330
36684029
36682030
36682118
36682080
36680385
36686120
36682549
36680117
36686495
36686435
36682015
36684422
36682303
36680310
36682540
36684138
36680264
36682148
36684316
36684148
36680084
36682054
36682206
36684086
36684190
36682114
36682215
36682558
36680364
36684089
36680099
36686042
36684076
36682546
36682291
36680087
36682024
36686018
36684371
36686333
36684170
36684308
36684434
36684146
36684174
36682324
36686160
36686060
36684136
36680373
36680275
36680114
36684354
36680256
36686355
36680186
36684176
36684424
36682349
36680183
36684064
36686078
36680159
36682230
36686087
36684420
36682139
36680162
36686169
36686260
36682221
36680360
36684023
36686266
36684052
36680270
36686163
36686330
36686340
36682499
36682508
36684080
36686145
36682336
36684032
36686027
36684060
36680111
36686045
36680120
36682355
36686072
36682361
36680266
36684026
36686001
36686269
36686039
36686300
36686024
36682358
36682306
36682142
36684390
36686318
36682006
36682203
36682285
36684078
36682021
36682367
36682003
36682312
36686051
36686009
36682133
36684020
36686123
36680108
36684426
36686093
36682136
36682001
36684095
36684160
36686448
36684304
36680322
36686148
36682542
36684386
36686069
36686444
36682369
36684083
36684416
36686275
36680090
36682034
36686133
36680262
36682209
36682550
36686365
36686108
36684054
36680096
36682340
36682333
36682343
36682270
36684366
36680366
36680165
36684072
36680189
36680033
36680066
36686098
36686099
36686295
36682505
36684300
36684412
36684070
36686281
36684132
36686075
36686084
36687899
36684324
36684328
36684162
36680054
36686117
36686136
36686114
36686312
36682046
36682364
36686181
36680268
36686303
36684370
36682012
36684130
36680027
36682502
36686345
36680036
36680376
36682276
36686012
36684092
36680156
36680350
36680244
36682130
36682552
36682212
36686309
36686315
36684035
36684056
36686105
36686336
36680048
36684312
36684192
36680319
36680132
36684041
36684357
36680260
36682554
36686111
36684144
36686263
36684152
36686178
36684156
36682511
36684166
36680129
36686286
36682348
