39804226
39803194
39801458
39801346
39803570
39804100
39804233
39802239
39801142
39804743
39802352
39801347
39800024
39804431
39801295
39802006
39801448
39803555
39801258
39801037
39801034
39801658
39800316
39801303
39804249
39803025
39802004
39804168
39804564
39804006
39804014
39801065
39804532
39800166
39804281
39804246
39803330
39803008
39803572
39801044
39801433
39803397
39801396
39804704
39801248
39801397
39804206
39801756
39800466
39800599
39803574
39800441
39803075
39800286
39800287
39803153
39802343
39804196
39802022
39801573
39804601
39804000
39803000
39800115
39800307
39804770
39800536
39801283
39801169
39803098
39800560
39802046
39802075
39800252
39800259
39802260
39800032
39803357
39803134
39802134
39804092
39803320
39800069
39801752
39804228
39804224
39800564
39801178
39801755
39800228
39801013
39801294
39804248
39802083
39804202
39804285
39802082
39803576
39803452
39804011
39800458
39800454
39801501
39804086
39800060
39800553
39803020
39800318
39804427
39800158
39802206
39800591
39800231
39802169
39802008
39803370
39802057
39801774
39803130
39802171
39804247
39804562
39804560
39802078
39803010
39803027
39803336
39800021
39800035
39804322
39804705
39800550
39800406
39800409
39803014
39803003
39803005
39802323
39800677
39800203
39804005
39804548
39802072
39803283
39803053
39801362
39804301
39800169
39803077
39800191
39803314
39802069
39803040
39801006
39804205
39801348
39800429
39804288
39804197
39804128
39800245
39801119
39801292
39800194
39800019
39800028
39801442
39802118
39803554
39804326
39803476
39804160
39800408
39802382
39804294
39803457
39804540
39802264
39801308
39803175
39802299
39802383
39800308
39803553
39800604
39800601
39802034
39800094
39803017
39802331
39800006
39803186
39803670
39801492
39803140
39801319
39803142
39804490
39800055
39800057
39800251
39800410
39800427
39801025
39800557
39803147
39800068
39801020
39800412
39800098
39803249
39803333
39803578
39801726
39801392
39803006
39800234
39802019
39801730
39803321
39801276
39803220
39801443
39801041
39803275
39803276
39800587
39803580
39804162
39804244
39804715
39804219
39801045
39804213
39802420
39800401
39803394
39801770
39803404
39801007
39801447
39800608
39802180
39802384
39800153
39801127
39804761
39802045
39804284
39803375
39802278
39802279
39803135
39804477
39801257
39804010
39803013
39803143
39803373
39800240
39803396
39803250
39804478
39803471
39804475
39802020
39801575
39801741
39800609
39803500
39802347
39802026
39800603
39800660
39804299
39803277
39802107
39804164
39804723
39802172
39803401
39802109
39801163
39801445
39801518
39802063
39803209
39801440
39801008
39800100
39800102
39800165
39804203
39803205
39802286
39804440
39803390
39804441
39803367
39804443
39800610
39802064
39803193
39803616
39803079
39800243
39801663
39802067
39801017
39800054
39803199
39802059
39803054
39803091
39802016
39801399
39803177
39803516
39803537
39800554
39800235
39802117
39803514
39803148
39800468
39802049
39803557
39803650
39803658
39803087
39803334
39800124
39801455
39801450
39803470
39802066
39804108
39803308
39800642
39800646
39800605
39803552
39804138
39803247
39801590
39801505
39801367
39804002
39800045
39802216
39802124
39800044
39800569
39801333
39803253
39801359
39802277
39801100
39801101
39801365
39804550
39801074
39801029
39802215
39802213
39800034
39802314
39803021
39803192
39803550
39801336
39801327
39801061
39801181
39801310
39802400
39804102
39800611
39803482
39803584
39803379
39800589
39804094
39800474
39804245
39802402
39802303
39803083
39801123
39801167
39800062
39800193
39800607
39803221
39804015
39801400
39803393
39804239
39803371
39802287
39800656
39804231
39803279
39802328
39802105
39801460
39804220
39801496
39803224
39800505
39803042
39800586
39801005
39801506
39800220
39800265
39802098
39802176
39800212
39800214
39801604
39801131
39804144
39803297
39800275
39804652
39800414
39804150
39804133
39800041
39803403
39804020
39800187
39802283
39802406
39800305
39803303
39802073
39800612
39804296
39804543
39801023
39801482
39800416
39803201
39800162
39804702
39804362
39803292
39803094
39801652
39801502
39801361
39804134
39800585
39800402
39802231
39803586
39802316
39802285
39802202
39804758
39804023
39800159
39801103
39802452
39804712
39801263
39803296
39802070
39804208
39804648
39804650
39804547
39802319
39803136
39804232
39804218
39803280
39802329
39802104
39803588
39801498
39803521
39802110
39800350
39803501
39800040
39800042
39803149
39801780
39801772
39800143
39801570
39800650
39803044
39801405
39800418
39800205
39801472
39804240
39801408
39803018
39800189
39801004
39800150
39801186
39800190
39801003
39800269
39802261
39801553
39801170
39802010
39800013
39802212
39802100
39800641
39801550
39801461
39803462
39800033
39802381
39803561
39800450
39804021
39801077
39800613
39800500
39803656
39800502
39803499
39803522
39802071
39802052
39803133
39804223
39800051
39800052
39803007
39801576
39801291
39801499
39803281
39802318
39803590
39801432
39800460
39800465
39800247
39800200
39802038
39804491
39800106
39802294
39800309
39804087
39804199
39804129
39804131
39803052
39803208
39803211
39803046
39800257
39802050
39803048
39804726
39803451
39800614
39801019
39800031
39804767
39801391
39800128
39800230
39804290
39801286
39801335
39803049
39800237
39800213
39800253
39803182
39803461
39803228
39800311
39801661
39800127
39800163
39802017
39800456
39803190
39801230
39804360
39802099
39802119
39801125
39801494
39800199
39800178
39801264
39801437
39801436
39804310
39800551
39800181
39804238
39804556
39801560
39802076
39800248
39803169
39804534
39801351
39804297
39801574
39802276
39801446
39800129
39800575
39801451
39800043
39800215
39802129
39802014
39800015
39800204
39802230
39801239
39802290
39801364
39803651
39801430
39804007
39801683
39802321
39800218
39803507
39804090
39804146
39803520
39800007
39800046
39800452
39800184
39801066
39804746
39803455
39803392
39800126
39802310
39801720
39803350
39800085
39801016
39804724
39801238
39802048
39801260
39801162
39801323
39801010
39800371
39800556
39801298
39801150
39804361
39803287
39802317
39800037
39804714
39802348
39800472
39804234
39801132
39804542
39803004
39801665
39801184
39801259
39801393
39801350
39804538
39800250
39801175
39802122
39800081
39800171
39801231
39801137
39803505
39802032
39801464
39804423
39800133
39800148
39801771
39803603
39802232
39804221
39801122
39801452
39803265
39803080
39800653
39803285
39804716
39801439
39800152
39802208
39803023
39800588
39801328
39800680
39803399
39800278
39800615
39802028
39803268
39803630
39803188
39803178
39800138
39800576
39803310
39804749
39801444
39800595
39800048
39802181
39801058
39801491
39801124
39801724
39803480
39800616
39802234
39800142
39800270
39803284
39802094
39804718
39801607
39802346
39804106
39804755
39801014
39801743
39800555
39800093
39801118
39800598
39800649
39800606
39800132
39803378
39803191
39804429
39804541
39803160
39800016
39803082
39800565
39803304
39803144
39800073
39801390
39801389
39800407
39804537
39800099
39803611
39802418
39800313
39800174
39801321
39801280
39803051
39800202
39804141
39804216
39801098
39802184
39801112
39800030
39803323
39801241
39801012
39804711
39800145
39802121
39803255
39801067
39804081
39800039
39802451
39801279
39801509
39800263
39801021
39802080
39800223
39801338
39800254
39803171
39802380
39801130
39801309
39801314
39800072
39801301
39804426
39803460
39800154
39802030
39801299
39802077
39800246
39804430
39803494
39802130
39800078
39800014
39804225
39801490
39800225
39803513
39801740
39801161
39803138
39803496
39803613
39804425
39802275
39802326
39804152
39801650
39804428
39804545
39800067
39801757
39802315
39801745
39801579
39802037
39802036
39803152
39803029
39803156
39804088
39802325
39803515
39803001
39800233
39800209
39802454
39800315
39800196
39801244
39804720
39804084
39803155
39804719
39802173
39804001
39804420
39800249
39800229
39801116
39803313
39800317
39800123
39801022
39800420
39800281
39801316
39800319
39804104
39800671
39804077
39801318
39800075
39800157
39801099
39803163
39800562
39803137
39804558
39801289
39800268
39801305
39800197
39803015
39803551
39800267
39801048
39804293
39802200
39800272
39802128
39800504
39800552
39802191
39800071
39800566
39800066
39800008
39803184
39804004
39804076
39804192
39801090
39800082
39801002
39803145
39802178
39802342
39803498
39802112
39803503
39800673
39800038
39801312
39801678
39801572
39804303
39802404
39800590
39803093
39801750
39801320
39800558
39801240
39800242
39803076
39802204
39803002
39801049
39803270
39801363
39801512
39800144
39801497
39800219
39800147
39801009
39800167
39800652
39800232
39803600
39803615
39803139
39803654
39803456
39800239
39804526
39800088
39802002
39802012
39803203
39801435
39804740
39800103
39800403
39802313
39800221
39803502
39801360
39803602
39801366
39800087
39802000
39802047
39801051
39801610
39801605
39801341
39800400
39801109
39803300
39803338
39802235
39800300
39804364
39801681
39804713
39803302
39803530
39801140
39802054
39801412
39802179
39803164
39801438
39804105
39801229
39803571
39803517
39803335
39800581
39801281
39800422
39800036
39800175
39801368
39802096
39802174
39800090
39802095
39804237
39802123
39802101
39800108
39800009
39802209
39804492
39804003
39802097
39803032
39800424
39800109
39804195
39804122
39801111
39801096
39801256
39801126
39801120
39803267
39804009
39803200
39803016
39802114
39801773
39801322
39802062
39800195
39800439
39801466
39804075
39801313
39802236
39804756
39802238
39803315
39801493
39804085
39804210
39800501
39800120
39801293
39802051
39800330
39803248
39801326
39801478
39803331
39802085
39802408
39803045
39800426
39800592
39800596
39800582
39803405
39800261
39801251
39800136
39801457
39803518
39801659
39803161
39801511
39801513
39804366
39801071
39801072
39800285
39804083
39803332
39801515
39801468
39801329
39800428
39803085
39800506
39800063
39804022
39800372
39800602
39800647
39803400
39804305
39801288
39801352
39800676
39801001
39804030
39800095
39804710
39804135
39800091
39804531
39804549
39801285
39800430
39803173
39802113
39804320
39803612
39803497
39804438
39803322
39804209
39803131
39800061
39803180
39802058
39801656
39800049
39801070
39803652
39800432
39801015
39801018
39800241
39803090
39803092
39802040
39800027
39801027
39804227
39803311
39801775
39803081
39803608
39802412
39804143
39803299
39801168
39803316
39802092
39803274
39800177
39804242
39801655
39804649
39803168
39803165
39802126
39801250
39804142
39802056
39803089
39803610
39803535
39801235
39801164
39803078
39804250
39803504
39804235
39804700
39804494
39800022
39800070
39801304
39804145
39803269
39801324
39800183
39803198
39801095
39803306
39803307
39801342
39802086
39803167
39800238
39801680
39802042
39800227
39804166
39803022
39803084
39801115
39803450
39802414
39802297
39802405
39800004
39800434
39801653
39803473
39802262
39801508
39801340
39801759
39800643
39800436
39801083
39800448
39803197
39800112
39800141
39800264
39801510
39800056
39802344
39802345
39803141
39803257
39803478
39801404
39804422
39804442
39802132
39801776
39801410
39801105
39800211
39800097
39801454
39803179
39801086
39803088
39801114
39800600
39800620
39802074
39800065
39800168
39801571
39801129
39800130
39804130
39803258
39803261
39803362
39800206
39800012
39801395
39801354
39801356
39801358
39802025
39803272
39800622
39800658
39804444
39803266
39803475
39801577
39803377
39801578
39801032
39803278
39801030
39801337
39801060
39802210
39802055
39801035
39801039
39801040
39801296
39801033
39804554
39804552
39803318
39804148
39804070
39803294
39801254
39804137
39801057
39803245
39801585
39801504
39800262
39800670
39800164
39801685
39804241
39804149
39800185
39802035
39801262
39801581
39804536
39804533
39804773
39801325
39800370
39802340
39802387
39801723
39800111
39802068
39802088
39803251
39802125
39802111
39803312
39803170
39800180
39802115
39802416
39802170
39803159
39804421
39801246
39804079
39803614
39804721
39800507
39800018
39800255
39803154
39801721
39803355
39804280
39801514
39800076
39801011
39804528
39804530
39800118
39802120
39804600
39800188
39801290
39804193
39801300
39800156
39804008
39800182
39801282
39800222
39802044
39801402
39800084
39801449
39803086
39803398
39801024
39801265
39803558
39801434
39800003
39804291
39800186
39803011
39803511
39800260
39805899
39801476
39800258
39800503
39801069
39802284
39801311
39803560
39804016
39801026
39802240
39804432
39804722
39804107
39804096
39802322
39802390
39801177
39801287
39802065
39804229
39804230
39801459
39801406
39803402
39803273
39801243
39800256
39801028
39800139
39804324
39801488
39804017
39803024
39804424
39801516
39800216
39800438
39800172
39804236
39801110
39804139
39801595
39803158
39803056
39804089
39800114
39804476
39801073
39803365
39802301
39800266
39804207
39803162
39800110
39804204
39804212
39802327
39804140
39801600
39801507
39801160
39803150
39802292
39803618
39802089
39803041
39802091
39803050
39800096
39802324
39800105
39800224
39801500
39802333
39801474
39801278
39800002
39801166
39801042
39801261
39800160
39800654
39800440
39804282
39800411
39800462
39800464
39802320
39801330
39803454
39800645
39800617
39800442
39803381
39803176
39803376
39804214
39800597
39800151
39800010
39803166
39803047
39804211
39802241
39801582
39801606
39801778
39803325
39801108
39804019
39804078
39801107
39803369
39801076
39800064
39800001
39800058
39804012
39800135
39804363
39804136
39803291
39803246
39802060
39801580
39801503
39802242
39804215
39800365
39803252
39804717
39804028
39804147
39803295
39804559
39801441
39801031
39804217
39804287
39803288
39803289
39804315
39800567
39801284
39801159
39801036
39800323
39803009
39803620
39800226
39804752
39803206
39801431
39801456
39804764
39803189
39800059
39804013
39803030
39802305
39803358
39801742
39803195
39804703
39802190
39804110
39800584
39800404
39802244
39802233
39801302
39804025
39804080
39804098
39803622
39800618
39800444
39800282
39801187
39803263
39803264
39800619
39804243
39801306
39803146
39800117
39803395
39803254
39800208
39802385
39803556
39803151
39803380
39801128
39800583
39804112
39800674
39800678
39801562
39803559
39800244
39802183
39801394
39800580
39801043
39801075
39800321
39801056
39801334
39800236
39801331
39802053
39802061
39800672
39800579
39801297
39801055
39802116
39804656
39804654
39804114
39803043
39802296
39804535
39803225
39801453
39801332
39800025
39802023
39802024
39801307
39803582
39800561
39800217
39800593
39800594
39800179
39801317
39800121
39800578
39801777
39801253
39800079
39801158
39801484
39804032
39801398
39800446
39803506
39804082
39802450
