36500192
36504088
36504220
36505080
36505210
36505338
36505362
36506188
36507198
36507222
36507380
36500202
36500064
36503044
36507326
36505258
36505018
36504054
36504232
36507051
36503134
36502192
36504010
36506158
36506022
36501020
36506314
36504000
36502062
36507282
36507050
36500146
36505130
36506402
36502038
36500016
36500164
36501018
36506102
36504050
36502176
36505132
36507124
36507162
36507112
36506270
36500248
36507396
36504060
36503332
36505212
36506252
36506166
36502032
36501146
36506040
36506200
36505038
36505336
36504096
36502064
36507170
36502220
36503032
36506118
36500240
36504204
36506240
36500336
36502040
36503138
36500112
36504022
36505228
36507348
36500118
36502134
36502390
36502086
36501264
36506186
36500057
36501022
36501040
36506004
36507364
36503250
36502324
36500136
36500012
36500152
36505244
36500354
36505350
36506043
36500100
36500069
36500037
36504134
36507106
36500058
36502052
36502342
36503276
36500001
36505040
36504016
36505054
36505182
36506174
36507024
36506244
36505014
36506184
36505016
36503128
36504128
36500172
36501300
36500272
36506090
36502354
36501052
36507354
36502254
36500274
36504162
36501068
36500134
36507096
36507350
36502180
36507368
36501046
36502322
36501160
36505051
36502072
36501132
36505100
36505046
36503254
36500220
36507254
36500132
36502028
36504188
36502380
36500224
36506276
36506292
36506216
36506302
36505112
36503014
36505288
36505268
36502216
36501169
36500024
36507036
36501072
36506064
36506001
36500326
36505264
36506222
36500144
36501070
36504250
36500230
36504298
36500180
36500204
36505104
36502006
36506073
36506288
36505068
36505108
36502020
36503068
36501024
36504222
36505082
36505284
36505334
36505366
36506264
36507210
36506106
36504176
36504026
36506045
36500020
36501180
36505134
36505150
36500282
36503292
36504182
36504304
36500114
36505292
36504090
36505344
36507306
36505124
36500318
36500244
36504118
36504306
36502140
36507182
36503064
36507294
36506290
36501026
36504078
36505084
36505174
36505216
36505332
36505364
36507236
36500184
36507060
36507304
36500006
36502316
36500300
36507076
36502156
36506046
36506254
36500098
36506058
36507362
36501148
36500097
36502226
36503209
36506059
36503104
36506092
36507158
36503363
36504150
36507308
36504288
36502152
36500021
36502050
36504254
36501062
36503120
36507200
36501114
36501088
36500358
36506224
36502212
36506139
36506152
36504192
36503137
36503162
36505311
36506206
36506052
36501196
36500002
36504126
36507100
36503102
36504284
36503351
36502122
36506378
36507140
36503314
36506312
36502308
36500276
36507302
36504256
36505044
36500017
36507034
36502372
36505342
36504058
36504238
36501028
36505086
36505156
36505176
36505214
36505290
36505328
36505368
36507010
36507238
36506082
36502172
36507116
36503004
36507383
36502214
36506350
36505190
36504110
36502230
36504274
36507280
36507208
36506342
36505072
36506070
36505252
36505154
36506020
36506226
36500290
36501136
36504282
36500111
36502393
36503152
36503160
36506008
36502024
36506210
36501202
36505110
36504094
36501014
36504308
36507032
36504180
36505022
36505032
36501030
36501278
36505324
36505370
36507240
36506136
36507381
36503074
36503361
36503347
36503174
36500036
36504168
36502242
36506182
36500381
36500364
36500340
36500370
36506277
36502218
36507344
36503114
36501292
36502312
36504234
36501243
36505270
36505230
36503348
36503022
36504020
36507366
36500286
36505282
36506172
36506308
36502084
36506382
36506338
36506284
36502010
36507074
36506112
36501100
36504292
36501106
36507130
36506014
36504024
36506401
36504012
36502276
36504070
36505160
36505232
36507228
36503040
36503296
36502136
36502391
36506357
36504092
36505006
36500011
36500260
36500338
36500328
36504310
36503006
36501112
36506246
36500320
36502016
36501082
36500324
36501188
36507052
36500278
36505000
36502004
36507346
36502270
36502213
36502340
36507090
36507098
36501124
36507054
36506018
36504122
36502280
36502182
36506094
36504160
36505004
36503176
36500022
36501093
36504006
36501298
36503316
36503360
36502066
36502044
36506316
36502210
36502250
36502290
36502300
36502370
36502344
36502350
36502360
36502320
36501130
36505158
36507360
36505198
36501042
36507356
36501102
36503082
36504072
36505326
36507230
36507102
36502381
36506190
36500101
36500334
36504004
36500049
36504142
36503294
36506250
36501200
36505286
36501140
36503189
36506372
36503204
36504300
36500330
36500288
36504018
36507376
36504114
36506322
36505260
36507397
36505304
36504244
36504038
36507310
36505254
36507040
36506024
36500116
36502306
36502008
36503072
36500053
36506116
36501098
36502146
36506150
36506030
36506352
36500210
36507072
36504296
36504252
36500018
36504302
36504276
36502186
36501272
36502166
36501054
36503028
36504082
36505330
36507234
36507030
36500113
36500208
36507370
36504172
36505090
36503346
36500052
36507008
36501142
36502056
36500093
36505036
36503330
36503012
36503078
36503170
36506280
36505076
36507318
36503090
36503042
36504074
36505322
36507224
36500023
36506002
36501271
36507358
36505152
36503182
36507372
36500007
36500095
36503136
36506274
36500360
36501230
36505120
36503060
36500312
36506066
36505122
36500249
36500162
36503387
36506282
36500115
36506258
36500070
36500004
36500094
36502168
36500188
36506286
36504104
36504198
36501168
36503050
36504076
36505320
36507218
36504152
36506047
36500090
36500091
36500056
36503216
36506340
36503139
36504001
36503186
36505048
36500066
36507320
36502030
36502338
36501194
36502282
36501240
36502339
36504146
36500292
36500013
36507190
36507180
36503258
36503094
36501016
36507284
36503334
36505070
36507156
36503338
36504040
36502160
36502366
36500250
36506026
36502170
36500003
36506028
36500039
36502054
36506208
36506304
36502194
36503002
36500010
36506132
36500035
36504241
36504210
36507328
36504100
36506218
36504008
36505348
36504240
36506170
36501006
36502224
36503256
36504270
36503312
36507382
36505138
36501248
36506361
36505248
36506164
36500110
36503210
36506192
36504236
36502326
36507374
36503206
36503218
36504034
36501004
36500196
36503076
36501296
36504130
36500026
36507150
36501044
36507313
36504080
36507094
36502132
36507104
36503272
36503252
36502292
36500190
36501084
36507002
36504032
36503200
36503132
36505116
36502364
36502232
36503260
36500371
36506054
36500104
36502332
36503264
36500031
36505042
36504132
36500385
36503010
36505136
36503342
36503116
36500099
36504112
36507154
36507080
36507164
36506242
36507006
36502228
36501166
36500252
36505226
36507391
36501092
36503266
36507252
36501232
36500108
36502286
36503184
36501060
36501186
36501000
36504184
36503180
36506204
36502229
36501104
36502036
36503208
36503084
36501144
36504200
36506134
36504242
36504212
36504084
36503280
36502318
36502302
36501295
36505250
36500174
36507062
36507207
36504202
36500102
36502124
36506380
36500170
36506355
36504190
36507038
36501012
36507020
36501064
36501090
36504178
36506160
36504247
36505002
36505222
36505242
36502362
36507378
36507168
36506076
36502154
36504014
36501244
36503106
36501190
36503349
36503118
36504233
36503192
36500105
36501074
36500051
36507393
36504230
36504260
36504258
36505294
36507342
36506062
36507250
36507330
36507270
36507296
36507260
36503048
36507216
36503046
36507212
36500375
36503122
36503062
36505220
36507056
36505172
36505194
36500028
36505062
36502058
36503008
36503194
36501120
36506100
36506130
36506330
36506230
36506300
36506180
36506091
36506063
36500262
36505188
36500025
36501010
36504170
36507324
36507028
36507144
36503310
36505106
36503000
36500186
36507286
36501241
36505240
36505050
36501167
36505266
36502144
36505060
36501182
36500140
36500034
36500242
36500234
36500148
36500362
36507022
36502110
36503412
36503270
36501246
36504194
36503086
36505064
36505030
36506358
36503190
36507214
36501086
36504098
36500322
36502278
36501184
36501080
36501134
36507184
36502070
36506048
36504262
36501293
36507166
36502238
36500222
36502256
36503140
36501250
36507192
36504056
36501002
36502078
36507312
36507194
36506140
36504030
36507204
36500063
36505052
36504086
36507262
36501056
36505114
36507136
36502330
36502336
36507206
36505074
36502222
36505308
36505066
36506228
36503345
36502126
36506074
36506220
36505056
36507070
36503220
36505272
36501291
36503202
36505310
36501192
36505102
36505034
36507272
36503211
36500092
36500284
36502284
36503172
36502074
36501294
36500142
36501276
36506320
36501270
36501260
36501165
36500014
36500383
36502368
36506080
36502188
36501161
36504246
36506151
36501048
36500062
36507110
36506072
36502130
36500096
36506120
36500356
36500374
36502150
36507395
36501150
36505262
36502310
36504048
36506162
36500071
36507092
36503318
36503320
36503382
36503380
36505092
36505278
36505280
36505360
36505340
36505312
36505012
36502382
36503212
36504166
36507078
36503195
36506202
36502042
36504196
36503193
36507220
36505008
36502240
36503336
36504206
36500332
36507322
36506353
36507142
36502088
36506351
36507114
36503124
36507001
36505078
36502076
36500280
36502234
36502258
36504124
36500194
36503290
36507152
36500350
36500377
36507226
36505256
36500130
36500264
36503110
36502000
36503112
36502002
36503036
36505196
36503274
36505140
36500109
36505192
36502288
36500117
36502112
36502114
36506156
36506360
36503341
36506403
36501156
36502080
36503092
36507314
36501050
36506356
36506138
36505246
36503030
36501262
36507160
36507026
36506318
36501164
36506212
36504042
36500270
36502162
36507132
36507232
36500068
36503070
36504140
36500310
36506108
36506114
36506060
36502116
36506042
36506050
36504154
36502178
36503080
36503020
36500298
36503100
36505170
36503278
36500033
36500065
36502068
36500352
36500376
36500200
36506010
36507202
36502014
36504044
36507118
36507108
36503362
36502046
36507120
36501198
36507138
36506214
36506310
36506016
36506104
36504144
36505346
36506262
36502184
36500316
36503156
36507042
36505146
36505180
36500027
36500296
36502304
36502383
36504175
36500029
36502026
36501108
36503150
36505058
36501274
36501110
36500067
36502211
36501290
36505306
36502164
36505184
36502174
36503386
36504106
36500226
36507352
36504278
36507292
36502034
36504280
36500386
36504116
36504245
36501152
36506354
36505186
36501242
36504290
36501066
36506278
36501299
36500372
36506110
36503213
36502142
36505200
36501154
36500030
36500032
36507300
36503034
36502190
36507134
36505274
36506306
36500160
36503003
36506256
36506332
36502060
36508899
36507196
36506334
36500246
36500059
36505142
36502158
36500103
36505276
36504186
36500008
36504179
36503344
36505010
36506071
36502314
36501122
36506012
36503215
36501096
36500054
36500182
36501116
36503126
36503178
36501162
36504002
36502018
36503214
36504120
36507122
36503173
36506075
36501297
36500019
36506044
36506168
36500314
36506374
36504102
36504286
36505144
36500268
36507004
36503350
36501234
36500232
36503108
36502274
36504191
36501008
36503188
36504148
36503024
36504294
36504052
36502138
36506359
36506078
36502012
36502082
36500150
36502352
36507340
36500005
36501138
36506122
36500373
36500266
36504174
36500038
36504272
36503154
36503158
36505300
36500061
36504108
36504253
36507316
36502022
36500294
36503026
36500107
36504028
36502334
36502260
36506272
36506376
36502236
36500015
36500055
36502252
36503384
36502048
36501252
36500009
36504164
36503343
36505024
36506260
36507288
36505020
36501094
36502090
36500060
36503066
36504208
36506154
36506006
36506336
36503038
36504046
36503130
36502272
36506056
36505049
36505302
36507290
36501163
36502392
36503262
36500050
36503268
36505224
36503052
36503088
36504036
36502120
36500106
36500206
