38610223
38616152
38620866
38612176
38616722
38613010
38618004
38613293
38616182
38610379
38613398
38613670
38612112
38613064
38613354
38621256
38621684
38613686
38616544
38612020
38620644
38610130
38610074
38621816
38621715
38616416
38616726
38620632
38616080
38620226
38610021
38616034
38616040
38613698
38616395
38620440
38610024
38610322
38610230
38613328
38613374
38621772
38616008
38616383
38618820
38613176
38612188
38613066
38618416
38621669
38618798
38612248
38618652
38616582
38616242
38612110
38621745
38613548
38613076
38616112
38612146
38616191
38620896
38613082
38613362
38616482
38616455
38620308
38620186
38620184
38616181
38618826
38618794
38612216
38616672
38612240
38613431
38613434
38620467
38618006
38613394
38618760
38612246
38618662
38610228
38610274
38613020
38613352
38613096
38613290
38613160
38613173
38618650
38620298
38610289
38621636
38621826
38616452
38620892
38620018
38613170
38613124
38613130
38621766
38618010
38616050
38613360
38621733
38613248
38621654
38616392
38616526
38616560
38616556
38621230
38610134
38612234
38612022
38616529
38616770
38618830
38620228
38613230
38618672
38620222
38620232
38612295
38613194
38612194
38616502
38616192
38616114
38621724
38618436
38618002
38620003
38610110
38618628
38616658
38618674
38620628
38613656
38612070
38612086
38610405
38610304
38613296
38618098
38610142
38616154
38618297
38620012
38621675
38616224
38613179
38620220
38612297
38620100
38621248
38613224
38618101
38616022
38620190
38616186
38613118
38612038
38621808
38620306
38616590
38613570
38618122
38610215
38613032
38610262
38616493
38616030
38612089
38613206
38612200
38616188
38612226
38621606
38618296
38618352
38618116
38616046
38618796
38621234
38621236
38621238
38621232
38621240
38621242
38621244
38621246
38612080
38612056
38613103
38618686
38610049
38618440
38616150
38620874
38613090
38621016
38621019
38610283
38610051
38610361
38612134
38610039
38616026
38613050
38613188
38620015
38612191
38613500
38613503
38610031
38610250
38610238
38612250
38616472
38612293
38620216
38610146
38616184
38616070
38618678
38620204
38612149
38616244
38612095
38612155
38616700
38620248
38620208
38612066
38616302
38618408
38610358
38610355
38610034
38613006
38620290
38616642
38616088
38616072
38613491
38613494
38610292
38610243
38613191
38616708
38613692
38610316
38616592
38616676
38610041
38610268
38610612
38620115
38620198
38618434
38618630
38618428
38620550
38616310
38616724
38620560
38616240
38613072
38616434
38621663
38616006
38620478
38620468
38618762
38618433
38620193
38620224
38620636
38616716
38610112
38620234
38616052
38613689
38621286
38616541
38620754
38620732
38620736
38620742
38620768
38620756
38620734
38620033
38616308
38613074
38618624
38616042
38616248
38620252
38612060
38613413
38616054
38613662
38610404
38616156
38618658
38621645
38621820
38620027
38610144
38613467
38613470
38620878
38613574
38620894
38616511
38616092
38613275
38616578
38618818
38621810
38610036
38610259
38613200
38613112
38613658
38613203
38621630
38610313
38610148
38610367
38613157
38620544
38613121
38613012
38610205
38613236
38610373
38613322
38612161
38616776
38610376
38613086
38613396
38620890
38612164
38610150
38610061
38616720
38620532
38621757
38616044
38616010
38610006
38613218
38618808
38621666
38616586
38616407
38620634
38617130
38617140
38617358
38617391
38617360
38617368
38617385
38617399
38617138
38617132
38617134
38617136
38617383
38617381
38617379
38617372
38617370
38617377
38617346
38617348
38617356
38617364
38617366
38617362
38617387
38617389
38617393
38617395
38617397
38616499
38612092
38612220
38613376
38616102
38616648
38612243
38616304
38616312
38616656
38616386
38616568
38616228
38621260
38618422
38621651
38616782
38620642
38616032
38613058
38613263
38613080
38621609
38616650
38613109
38620240
38620438
38620442
38620436
38620434
38620432
38620452
38620430
38620428
38620476
38620474
38620472
38620470
38620459
38620418
38620416
38620414
38620412
38620410
38620408
38620406
38620466
38620464
38620458
38620456
38621763
38612131
38620426
38620462
38612179
38612143
38620536
38616535
38621687
38613368
38613346
38618612
38618660
38620552
38610200
38616000
38613036
38613560
38616428
38610334
38612252
38610624
38620206
38618682
38616682
38612289
38620246
38618125
38616644
38616066
38613326
38620868
38613390
38613330
38621272
38621700
38616574
38618802
38610213
38618792
38613312
38610132
38610069
38620296
38621681
38621706
38621612
38618689
38612107
38620210
38616236
38612170
38621742
38616640
38616238
38621657
38616480
38613318
38621769
38618654
38621660
38610102
38610091
38613392
38612098
38616458
38613040
38612014
38621621
38616566
38616576
38618606
38613151
38613683
38616692
38618680
38621615
38613182
38621274
38618420
38616100
38613046
38613425
38613428
38613048
38613334
38613648
38616226
38613668
38613646
38610616
38620310
38610233
38618430
38616440
38612137
38620200
38613545
38616232
38616668
38613664
38620294
38612122
38613372
38612024
38613060
38616662
38618688
38612036
38616646
38616538
38610630
38610029
38616461
38613416
38616096
38616094
38613419
38618080
38610009
38616064
38613479
38613482
38616570
38613536
38616514
38618772
38613272
38612210
38618764
38613542
38613640
38613642
38616588
38616398
38621739
38618618
38612054
38612030
38621639
38610054
38610620
38610298
38621648
38613327
38616422
38613133
38618008
38610128
38610079
38618804
38621703
38612064
38610140
38610108
38616413
38621775
38618816
38621822
38618614
38621678
38621754
38621760
38621672
38610100
38616076
38616116
38620090
38616470
38618001
38620001
38616220
38610026
38616520
38620223
38613576
38613092
38618824
38621282
38613340
38621804
38620300
38621818
38610265
38620302
38613142
38621264
38616564
38618410
38616517
38610120
38610081
38620106
38613320
38612158
38620526
38618666
38621709
38618782
38618622
38616788
38618604
38620024
38621252
38616404
38610066
38610064
38610310
38610307
38620530
38618828
38610400
38618800
38618786
38620524
38613154
38620540
38618298
38618356
38621718
38618774
38618406
38620454
38620880
38618766
38612046
38612018
38616773
38613380
38613094
38616547
38610346
38621690
38613269
38613402
38613666
38613506
38616048
38613227
38610331
38616446
38612275
38616425
38613145
38613245
38613070
38610089
38620030
38610104
38616508
38620882
38620898
38620899
38610622
38613239
38618780
38612167
38612048
38621284
38621270
38616785
38613509
38613512
38621627
38621751
38620422
38618754
38610337
38621736
38616594
38613136
38616553
38613038
38618119
38613562
38613449
38613452
38618137
38612238
38620103
38618610
38613185
38612287
38620886
38612182
38610271
38610220
38613332
38618810
38618664
38618812
38610402
38620538
38613674
38613530
38613672
38613533
38618095
38610235
38613004
38610280
38610325
38618092
38618134
38613539
38621013
38613042
38613242
38612125
38612173
38618404
38618608
38621727
38620876
38618806
38613278
38610124
38613370
38612228
38618086
38613527
38613044
38620749
38616791
38621824
38613660
38621814
38612212
38610328
38612214
38621633
38618752
38610286
38610240
38616449
38621812
38620528
38618790
38613139
38613115
38616584
38618832
38618602
38620520
38620562
38621730
38612218
38620888
38621258
38621618
38616505
38612230
38621806
38610046
38613348
38612232
38621280
38612272
38613344
38616443
38620446
38616419
38612116
38613644
38613518
38620448
38620622
38610253
38610210
38613084
38616306
38620180
38620620
38621600
38621010
38621250
38620778
38610295
38613257
38613568
38613197
38612010
38612032
38620254
38620864
38618814
38616580
38621721
38621288
38616230
38616702
38616680
38618472
38613008
38612083
38613016
38618089
38620556
38618684
38612236
38610152
38610044
38616794
38616401
38620292
38612266
38620548
38613564
38621624
38616800
38610136
38621802
38616797
38610301
38610277
38618768
38618432
38616550
38610364
38610632
38610388
38612052
38616062
38610004
38621712
38612002
38618668
38620542
38616086
38620021
38618776
38621262
38613302
38616028
38613650
38618113
38612026
38616437
38620304
38613316
38616014
38616474
38613148
38620630
38616666
38618438
38610618
38620112
38616180
38616686
38616234
38612119
38610208
38610011
38612203
38620192
38613215
38616478
38618104
38620236
38612072
38613053
38613018
38612000
38613100
38613088
38610076
38616710
38616694
38616660
38616678
38616431
38616012
38613695
38616572
38621296
38616664
38620638
38620450
38610122
38610340
38618784
38613034
38618822
38618424
38610218
38618426
38612291
38618676
38616190
38616670
38616110
38618750
38616098
38613497
38612244
38616684
38620212
38612068
38612012
38613002
38620214
38612152
38616652
38612284
38612263
38620238
38613014
38616222
38616300
38618470
38612104
38616250
38616654
38610614
38620424
38618616
38610352
38620860
38620624
38613342
38620872
38610626
38612028
38620230
38612074
38610385
38610610
38620646
38612044
38612042
38621294
38610059
38620534
38618626
38620195
38620558
38612016
38618788
38618414
38613212
38618400
38618600
38620774
38620772
38620740
38620770
38620744
38620762
38620764
38620766
38620760
38620776
38620738
38620752
38620748
38620758
38620554
38620202
38613251
38613485
38613488
38620730
38620750
38610256
38610084
38620743
38620006
38620009
38618083
38613209
38618131
38621292
38610225
38610019
38613572
38613473
38613476
38612114
38612113
38616704
38613324
38616718
38613054
38616496
38612062
38616082
38613566
38613461
38613464
38623899
38616018
38620182
38612058
38612299
38616084
38618778
38616490
38616562
38616389
38621748
38621828
38618670
38618110
38612101
38616074
38620244
38620420
38613443
38613446
38621022
38616706
38612269
38612050
38621276
38610370
38620546
38612006
38618012
38621778
38618354
38613106
38616523
38621254
38613378
38613515
38613260
38613299
38613350
38616674
38613356
38620218
38612278
38613521
38613524
38616690
38618418
38612004
38620194
38620196
38616688
38616024
38610319
38610203
38616056
38613410
38613001
38613030
38610628
38612224
38616779
38612185
38616714
38620242
38613314
38612140
38610071
38613400
38612008
38613676
38616712
38613254
38620404
38616104
38620640
38620626
38620188
38616108
38613437
38613440
38613221
38613358
38612222
38620250
38613233
38613062
38610349
38621603
38616090
38616106
38616246
38610382
38620862
38621642
38612260
38618770
38616464
38610126
38612197
38610116
38610114
38610014
38610016
38616060
38616058
38613458
38613455
38613654
38613652
38613680
38621268
38616380
38621266
38620522
38618758
38610086
38616476
38618128
38612195
38610138
38612281
38613364
38613366
38612242
38610407
38616532
38610056
38618656
38618107
38616020
38618620
38610343
38613052
38610001
38616068
38610106
38620109
38618412
38621290
38618756
38620884
38621278
38620870
38616016
38616410
38612040
38612034
38616728
38618402
