37022680
37074301
37031502
37018140
37022590
37030610
37033027
37060426
37070465
37022110
37036500
37066070
37066311
37048220
37048223
37048225
37045035
37031427
37004150
37018360
37018363
37030330
37004580
37014370
37031051
37070724
37018420
37012000
37048848
37060000
37056640
37018293
37048040
37022240
37036405
37045268
37002400
37030460
37048110
37036822
37005015
37056460
37044490
37045019
37070470
37014790
37010630
37004220
37022500
37062525
37022640
37026120
37074130
37044080
37056160
37062440
37010505
37010610
37004560
37006490
37004430
37036401
37036402
37004796
37014180
37014182
37014183
37014184
37048290
37031556
37022670
37044300
37007062
37018756
37004210
37018130
37018132
37006450
37014080
37026670
37026673
37002307
37002310
37002317
37002319
37014360
37018330
37018416
37014770
37074120
37002190
37044530
37031099
37018600
37018762
37045202
37070722
37014470
37022595
37031566
37004160
37018760
37014620
37018110
37056130
37048120
37070810
37004710
37004440
37006530
37068010
37031462
37022520
37026160
37011012
37070520
37045160
37014440
37031568
37036290
37004020
37004023
37004425
37026752
37036650
37031276
37006540
37070710
37031574
37014240
37014241
37014242
37056730
37004427
37018087
37007076
37062600
37010160
37031018
37044560
37048788
37031418
37004230
37074305
37074300
37076026
37076025
37036440
37026760
37031332
37018181
37002460
37002490
37018370
37060300
37030370
37004727
37056440
37064072
37062320
37022310
37031570
37010460
37030100
37010120
37062305
37044280
37036856
37010760
37004510
37026170
37031440
37056680
37036580
37022410
37026490
37070700
37034070
37012025
37022597
37036560
37036685
37036765
37022600
37007024
37033025
37070714
37030230
37002000
37002003
37002005
37031456
37031528
37014310
37070160
37070706
37056520
37056620
37070450
37010430
37062490
37068100
37074030
37006720
37036185
37018702
37036050
37014290
37044480
37062641
37014410
37006090
37005003
37044210
37030410
37004740
37004739
37048193
37030130
37030133
37031229
37031250
37005168
37002055
37068150
37026180
37045206
37062403
37006780
37002620
37014450
37005166
37048130
37048131
37048132
37048133
37048134
37036660
37066303
37010170
37036730
37014670
37026270
37012120
37014500
37014503
37031326
37014570
37018413
37006740
37010260
37010261
37006440
37010440
37036826
37036862
37066410
37018040
37018043
37044163
37044160
37045100
37030490
37018520
37044540
37004804
37004772
37044420
37004818
37004746
37010640
37030090
37036280
37066040
37062050
37011006
37068040
37018620
37018623
37031450
37068120
37005176
37036080
37022450
37014030
37010290
37038013
37010710
37005038
37014330
37014331
37060309
37014806
37031560
37030290
37062181
37045208
37070020
37070708
37007026
37007149
37048270
37077100
37060410
37004310
37048318
37077021
37062330
37048341
37062850
37066000
37060210
37004808
37004776
37044600
37056110
37038016
37070720
37010320
37036420
37030355
37030320
37022360
37030540
37018080
37006371
37006370
37006372
37044390
37004050
37048460
37045228
37036818
37014780
37048350
37005164
37031316
37037102
37056170
37018768
37002020
37002023
37004630
37010000
37010195
37006760
37036320
37036365
37010270
37060318
37006690
37026630
37026450
37004380
37004420
37036550
37074070
37002450
37014600
37030325
37010715
37045172
37010680
37006040
37022000
37022003
37077012
37007060
37060030
37062405
37030087
37062195
37066800
37022180
37064060
37044610
37060422
37044000
37026400
37026483
37037240
37022090
37064050
37026330
37006390
37006391
37026190
37026191
37062240
37044170
37026060
37007020
37036362
37002420
37074306
37031416
37045252
37036670
37068050
37014110
37031262
37026570
37044640
37007052
37062430
37030680
37062770
37012005
37014150
37031466
37034300
37014000
37044680
37022120
37037210
37034050
37077018
37038019
37030580
37060312
37048844
37004806
37026575
37062170
37060715
37060718
37048005
37048580
37048395
37018160
37060759
37018145
37048240
37048241
37048243
37006820
37022740
37010090
37018170
37030200
37030650
37056280
37030470
37002150
37006510
37068060
37026150
37030060
37056600
37004756
37007072
37066425
37023012
37062065
37056355
37006250
37031090
37070806
37062510
37007058
37044400
37031360
37036170
37048370
37023000
37048842
37077106
37012080
37004280
37022280
37010650
37010651
37010310
37026530
37037104
37074110
37004660
37014560
37006770
37014142
37030710
37030225
37062760
37010125
37062683
37062686
37048480
37045001
37037049
37037048
37037062
37037205
37037201
37010560
37030520
37018210
37062070
37062590
37002085
37002086
37002089
37002088
37002090
37002092
37002600
37026580
37030070
37056070
37044235
37044130
37036390
37036300
37018625
37022400
37031464
37037236
37022080
37004788
37045170
37077006
37026420
37012070
37002070
37002075
37018380
37018417
37014230
37062790
37070180
37048530
37056560
37031445
37026756
37018710
37036510
37062470
37010280
37022095
37062866
37031056
37045112
37045152
37066352
37062402
37018754
37023002
37004550
37048020
37048021
37005106
37002540
37044060
37002340
37070250
37022610
37010030
37062290
37004200
37030430
37037208
37036180
37002560
37022618
37022040
37031400
37018310
37018774
37031437
37002430
37062830
37048550
37062310
37030260
37076006
37060020
37044510
37018752
37007068
37004470
37004130
37045220
37004782
37004742
37036250
37036815
37031460
37014710
37077112
37031524
37062540
37062878
37056660
37045017
37014420
37030222
37004370
37004063
37004066
37070726
37006430
37030213
37033021
37048830
37062130
37006500
37002031
37031209
37014525
37010550
37005021
37002410
37030170
37060306
37010720
37045134
37074303
37074304
37076022
37076021
37056430
37022370
37006580
37007054
37002240
37026200
37026201
37056030
37077110
37048140
37048143
37062189
37002390
37056260
37056264
37060711
37060712
37036430
37045122
37010420
37070045
37022530
37077009
37048340
37048343
37007152
37010110
37036750
37014430
37030255
37004802
37004770
37004060
37004065
37010730
37031100
37033003
37066412
37048590
37030081
37070712
37036820
37031512
37031322
37060404
37077108
37044140
37062620
37012018
37068190
37004590
37066805
37010150
37030215
37030280
37006020
37022820
37036200
37018670
37018418
37037212
37022260
37030590
37060416
37060700
37062210
37006330
37056040
37060200
37070808
37030550
37026000
37026001
37034120
37034310
37002040
37004090
37006360
37022330
37022130
37010140
37004300
37062645
37031429
37005033
37018391
37018390
37018412
37018414
37007015
37056420
37048282
37048280
37014808
37030220
37006290
37004640
37031448
37070050
37068160
37004360
37062200
37062185
37056151
37056150
37056410
37056220
37014140
37022440
37006003
37006000
37018295
37036640
37044320
37014775
37062418
37031548
37014350
37045124
37048080
37048081
37004490
37014804
37037200
37045168
37005045
37006070
37018000
37018003
37044430
37026650
37062435
37026600
37004250
37044110
37002358
37002360
37002362
37026680
37005108
37037012
37004758
37060110
37068170
37012010
37007032
37018230
37070170
37014785
37036620
37062560
37012040
37045264
37045023
37044410
37062862
37048520
37037039
37036175
37031015
37031414
37026620
37070150
37044350
37023004
37036270
37005025
37074020
37031358
37002035
37036812
37018650
37048500
37030240
37070734
37045162
37014800
37030500
37060080
37062230
37064082
37026310
37068020
37010230
37044190
37056080
37006210
37005158
37064010
37064090
37044100
37004103
37064020
37064092
37012050
37007070
37045142
37026653
37014530
37060160
37006170
37036680
37004240
37045128
37002530
37044090
37036816
37060705
37036450
37034000
37068130
37018085
37074090
37045256
37006030
37068180
37004786
37010690
37018340
37044360
37004500
37031030
37031558
37036860
37056010
37005059
37048850
37038000
37014130
37037230
37010700
37014760
37045005
37048190
37034100
37048055
37048056
37048058
37045003
37004600
37026280
37006715
37026375
37070230
37077004
37010240
37036460
37045176
37031518
37036814
37048314
37060060
37060063
37026470
37048670
37048673
37022343
37044105
37044074
37022560
37022565
37022655
37022562
37022674
37022568
37062188
37064070
37044310
37018090
37045021
37010040
37011009
37030640
37012140
37045136
37004260
37045218
37062530
37044800
37031300
37006680
37062183
37074080
37011018
37030085
37006400
37006401
37026230
37060750
37064000
37063005
37036854
37014750
37010180
37031312
37014630
37030310
37036470
37031520
37030620
37002230
37005062
37036590
37037015
37018580
37018409
37018335
37044240
37030400
37036240
37031354
37031059
37012144
37048360
37062630
37045119
37045118
37045155
37045154
37014550
37030480
37045116
37026440
37014190
37030211
37036070
37026720
37068080
37062080
37070460
37022210
37031447
37037009
37033029
37018070
37012100
37004080
37004069
37062872
37060100
37037000
37037031
37031406
37006480
37022170
37033013
37004253
37022340
37022341
37014640
37007028
37004190
37002301
37031024
37005150
37005019
37037030
37037060
37048470
37033001
37036310
37036520
37036205
37031270
37004752
37031362
37044580
37022430
37012060
37036020
37036021
37018150
37034030
37031033
37007104
37072020
37010020
37002380
37005029
37026486
37006240
37002370
37018465
37022190
37070730
37036165
37036166
37036811
37036813
37036850
37036572
37036851
37036573
37044840
37045102
37045150
37026645
37044460
37045224
37048710
37062643
37018430
37045200
37033033
37014210
37014200
37048060
37074100
37045214
37070812
37060140
37002355
37002350
37002357
37014510
37006270
37004774
37005009
37010600
37045015
37012130
37062160
37062710
37048420
37018320
37018415
37022220
37018100
37036503
37068000
37037234
37022050
37056250
37012146
37014723
37060424
37070510
37018289
37026325
37026100
37022581
37014320
37004610
37056290
37031436
37036530
37026540
37060303
37031439
37026240
37031310
37060040
37007012
37031205
37031252
37048100
37031065
37014100
37036720
37022695
37002133
37002130
37002135
37044520
37044521
37044710
37044525
37018350
37018411
37026461
37005172
37010540
37026290
37048400
37044820
37031217
37005012
37076004
37018135
37070330
37026026
37014380
37048192
37056530
37048330
37004390
37022060
37010070
37012065
37004570
37018570
37022100
37062060
37062250
37070718
37062400
37007100
37056480
37012110
37038112
37030180
37022250
37004000
37044283
37022200
37004290
37004256
37007074
37010220
37048490
37007066
37045272
37060010
37062140
37007056
37048030
37068110
37048543
37037033
37048820
37062500
37062010
37048750
37037003
37036790
37070490
37026300
37062270
37076002
37010590
37010591
37002030
37060402
37045270
37048410
37048540
37022690
37004722
37048305
37048320
37048335
37036610
37037021
37060090
37077005
37018690
37062150
37022583
37010480
37045216
37037226
37031062
37048680
37062733
37062730
37062736
37031284
37037005
37022350
37070728
37014040
37036370
37045212
37026710
37010500
37048210
37031530
37005174
37056400
37031504
37031042
37048000
37048002
37048001
37006520
37056300
37014090
37014091
37044220
37031225
37031036
37063110
37062000
37060790
37018260
37044065
37048852
37014260
37056390
37060725
37031433
37056650
37062020
37031280
37031412
37022625
37022620
37066305
37037214
37007018
37048260
37066050
37022780
37031006
37014220
37048070
37048071
37022585
37007021
37018624
37074060
37062409
37031552
37005018
37002170
37002173
37002175
37030190
37018287
37060070
37062450
37030830
37030015
37062350
37002060
37060753
37031223
37060190
37005013
37064080
37031500
37066405
37031211
37005102
37006700
37031075
37005056
37060430
37048170
37060418
37022710
37074040
37005160
37048531
37048315
37048810
37007050
37014650
37012020
37037232
37014690
37014693
37036010
37048311
37060220
37048300
37026260
37070732
37034110
37010380
37022550
37056240
37030360
37014010
37033019
37036330
37018530
37068070
37044040
37072010
37062520
37063100
37070704
37037224
37044370
37004400
37026380
37044340
37045158
37018050
37048690
37005104
37018270
37045254
37056060
37031215
37010770
37014390
37014680
37006630
37004849
37005027
37044690
37030530
37037100
37031274
37006220
37037202
37037006
37030017
37022160
37044440
37004794
37070736
37060170
37060406
37060310
37048510
37045262
37031446
37056230
37045138
37026140
37036195
37026350
37056470
37002120
37002123
37074050
37060756
37005024
37060412
37062820
37062445
37062456
37062425
37062424
37005156
37038104
37018550
37010330
37022495
37018220
37014340
37010300
37048250
37044290
37045031
37005032
37030660
37022150
37022140
37010101
37070400
37044670
37005016
37026370
37038110
37062610
37048312
37004748
37031424
37030223
37066350
37077102
37031422
37031420
37006150
37018180
37070702
37038108
37034304
37030440
37037036
37018610
37048854
37045007
37018399
37018400
37012413
37012412
37018280
37062030
37014170
37031021
37030150
37026360
37056350
37056570
37037206
37062515
37014730
37004140
37026690
37026693
37006460
37031366
37014850
37074309
37031526
37026320
37010200
37006640
37004270
37030080
37056200
37030510
37044180
37031318
37010790
37062877
37037222
37022420
37062690
37005162
37002304
37006750
37048700
37062260
37026560
37066010
37010400
37070030
37062840
37006135
37006140
37006141
37030010
37030035
37031069
37062459
37062460
37062605
37062608
37070005
37070015
37070025
37070800
37044330
37018680
37062483
37062480
37062265
37002270
37045258
37060428
37018060
37062220
37064078
37006260
37062406
37007064
37014120
37010670
37056320
37045029
37022580
37023016
37031068
37048760
37045120
37010580
37014280
37014282
37031516
37062874
37066080
37034080
37044660
37004110
37031550
37070260
37062700
37056550
37005178
37014270
37070802
37060432
37022700
37002305
37010520
37007102
37036040
37031510
37005100
37070220
37004725
37031432
37036600
37037018
37022490
37018640
37031039
37031258
37004750
37004480
37044470
37010080
37018250
37038100
37018660
37031213
37034130
37048800
37034010
37062876
37014728
37070804
37004460
37031554
37026500
37023018
37022290
37062864
37018410
37031442
37010060
37026520
37022540
37030160
37012015
37026390
37048150
37048153
37044020
37062870
37005026
37004812
37062280
37018285
37010050
37018240
37004680
37031027
37002580
37026660
37010390
37006010
37056630
37066309
37045164
37005154
37010660
37048430
37044270
37022483
37018065
37034302
37014580
37018480
37022630
37031410
37002440
37045105
37044070
37026754
37037045
37022270
37031538
37062580
37068200
37031272
37002320
37022010
37011000
37060710
37036570
37044380
37056580
37048191
37031207
37018622
37002590
37048200
37034060
37026070
37004330
37066450
37018010
37056490
37072000
37072003
37030030
37014660
37006060
37004340
37048050
37045174
37048440
37026090
37022650
37018590
37068300
37026590
37060420
37004120
37004125
37036360
37026550
37062190
37062193
37006550
37018419
37012142
37004040
37036645
37030210
37044192
37066307
37070060
37062647
37010190
37010085
37048600
37004540
37002260
37014802
37056450
37005014
37030020
37031542
37068140
37030000
37036700
37034040
37036000
37026040
37056140
37022470
37031227
37031228
37031254
37031256
37030300
37072025
37023014
37010510
37036740
37014050
37044030
37070500
37005035
37036160
37010370
37026340
37031443
37045110
37045156
37070200
37062090
37044194
37062720
37030050
37004778
37004721
37004650
37031302
37031421
37031404
37002290
37030450
37048010
37048011
37060120
37036210
37010360
37048780
37012141
37074010
37002225
37002220
37044830
37018766
37006340
37045126
37037218
37036780
37005053
37026700
37014300
37048560
37056540
37004744
37010450
37002650
37030380
37022485
37031522
37031435
37062680
37060414
37014725
37048180
37036230
37018772
37002245
37002246
37018405
37022006
37018440
37018443
37022510
37005000
37014070
37022790
37045140
37010130
37004350
37004333
37030570
37044450
37036225
37004320
37037216
37014400
37048317
37070210
37011007
37031282
37036480
37044260
37002470
37026020
37007009
37037220
37030120
37062370
37064068
37064084
37056360
37056000
37056001
37056002
37056003
37056210
37006470
37062671
37062670
37026272
37006671
37026036
37006571
37006292
37014480
37048570
37048591
37066440
37006570
37004070
37014020
37033015
37060150
37038022
37030560
37038010
37018708
37006380
37006381
37002280
37002285
37026460
37010410
37018460
37026030
37026031
37018714
37060130
37006190
37044810
37005041
37044630
37004100
37002110
37002113
37002520
37070410
37056610
37068090
37045009
37056050
37007154
37037042
37036140
37066030
37033023
37048450
37036760
37018120
37048730
37018225
37018585
37018595
37004530
37045013
37044191
37006300
37045033
37018662
37056510
37062662
37031508
37005065
37002550
37026430
37045204
37045166
37036060
37004780
37026640
37066060
37026250
37056710
37006650
37030390
37030630
37044233
37044150
37002160
37006725
37048660
37030420
37062340
37064055
37064086
37006600
37014160
37010735
37010295
37044650
37031080
37064030
37064094
37026210
37006410
37022840
37006620
37010620
37018510
37056670
37004170
37072005
37068068
37062420
37062410
37022660
37048650
37031532
37031009
37012148
37005170
37066420
37072015
37037106
37023010
37010250
37048160
37002180
37005006
37062810
37036260
37031441
37002510
37002513
37031264
37031534
37006080
37076000
37023006
37018470
37048319
37004814
37026750
37062300
37006790
37044500
37056020
37018200
37048365
37034020
37022230
37044230
37004724
37018704
37062360
37036350
37006180
37006050
37002570
37002095
37002045
37004410
37002100
37002103
37002104
37002115
37006130
37048230
37031050
37018540
37036150
37070140
37002010
37002016
37002013
37002018
37070190
37002300
37002250
37002255
37002257
37002258
37018023
37070130
37070370
37022030
37070340
37070350
37070390
37070290
37070120
37070000
37070100
37070110
37070360
37070010
37070380
37031514
37002105
37006200
37062550
37074000
37033007
37062739
37031562
37062415
37031324
37036710
37004820
37031356
37026220
37077000
37007150
37062868
37018500
37018503
37070716
37031200
37031546
37014060
37036490
37077015
37077016
37076029
37076030
37004754
37031452
37002610
37018560
37036190
37007030
37060408
37031053
37018030
37030670
37037204
37060720
37004520
37062780
37044010
37010740
37060311
37036810
37002140
37002141
37109899
37048310
37048307
37031402
37031278
37031564
37037228
37011003
37031536
37044120
37044197
37044198
37044206
37044205
37044805
37044806
37018770
37006590
37026050
37026480
37062650
37030110
37044700
37022380
37036690
37036506
37031454
37077003
37048610
37062412
37018490
37056090
37045130
37031260
37045025
37002330
37031428
37045266
37036858
37056330
37077104
37045226
37012030
37062040
37005036
37004816
37068030
37007003
37048090
37048091
37048092
37033031
37048720
37031540
37022720
37004259
37022460
37022461
37066430
37045132
37010350
37045027
37031000
37018706
37022475
37044550
37014720
37056380
37056370
37033017
37036824
37036866
37018764
37010490
37044620
37011015
37031219
37014520
37031408
37038025
37036130
37002050
37002051
37002053
37002065
37004180
37030340
37044850
37030140
37006353
37006350
37018020
37031364
37018190
37036630
37026110
37014490
37044570
37004810
37014610
37056120
37022300
37060050
37030250
37006320
37026081
37026080
37026083
37026085
37062180
37026652
37026655
37062442
37062447
37068005
37068002
37005152
37033011
37022760
37005052
37005049
37004800
37014590
37018291
37030720
37014460
37048640
37036770
37022020
37031458
37002480
37006120
37044590
37031544
37006670
37004792
37006230
37007006
37007000
37038102
37022390
37038106
37031221
37006280
37006710
37026758
37062570
37056100
37036340
37002200
37045011
37002640
37048620
37005050
37034090
37014250
37014252
37010340
37006830
37066354
37004790
37023008
37006420
37006310
37062800
37022730
37010210
37062120
37056690
37006810
37031425
37030600
37002630
37006560
37056270
37004670
37070090
37036380
37010025
37033005
37066301
37018750
37006610
37036215
37056500
37045210
37026215
37002210
37004030
37062421
37031572
37031506
37045222
37002501
37002500
37004620
37010530
37030040
37031431
37010010
37062660
37030700
37030350
37006160
37018712
37031320
37018758
37060400
37044050
37030270
37014540
37066020
37006660
37045260
37031468
37030095
37031449
37070280
37070270
37070420
37026610
37026010
37045114
37007022
37022070
37056700
37036220
37044250
37048846
37022320
37036800
37062146
37022830
37031012
37060180
37033009
37026130
37031352
37004729
37070480
37072030
37012090
37004450
37002080
37002081
37002082
37002083
37031314
37062640
37048390
37006100
37006110
37048630
37060230
37010100
37062390
37064040
37064096
37048740
37010570
37010470
37062860
37060752
37022584
37037238
37048790
37048840
37022481
37022480
37066415
37036515
