33200426
33200618
33203136
33206256
33205000
33205002
33203033
33200243
33206084
33205418
33203366
33200253
33202786
33202796
33202782
33202790
33202812
33203428
33200632
33202810
33202850
33200132
33200246
33200536
33200405
33206100
33200252
33204108
33205594
33200644
33200372
33200430
33200580
33200553
33200216
33200116
33200380
33205371
33200036
33202490
33200538
33200052
33200306
33206252
33202050
33200524
33200386
33200464
33202068
33202428
33206082
33206080
33205626
33202808
33205198
33202468
33202816
33200634
33205638
33200316
33202418
33205160
33202010
33203299
33203112
33202788
33206094
33204096
33200478
33205340
33200384
33206220
33203262
33200570
33200412
33200228
33206268
33203454
33202116
33206244
33200548
33200164
33203254
33205088
33205380
33200308
33205400
33205346
33202710
33200393
33200332
33200514
33202820
33202008
33200617
33203282
33202830
33202886
33202678
33202822
33203406
33202058
33205639
33202817
33206070
33202798
33204090
33202804
33202814
33204104
33202828
33203276
33202421
33202784
33202794
33202686
33206046
33205163
33203455
33203358
33201080
33205552
33202792
33200534
33200450
33202824
33200338
33204150
33200126
33202374
33206366
33200454
33202376
33203336
33204124
33202882
33202826
33204076
33200620
33202382
33202414
33203134
33203218
33205054
33206260
33202510
33206006
33200590
33203392
33205612
33202064
33206002
33206044
33206042
33206050
33202410
33206004
33205201
33200420
33201074
33206120
33205658
33202688
33206115
33206092
33206062
33203035
33202448
33204074
33205026
33205556
33206064
33204118
33205384
33205014
33200048
33203512
33205365
33202492
33206054
33206095
33205180
33206048
33200510
33204140
33203318
33205230
33203624
33205280
33206052
33202402
33205162
33200484
33205153
33202444
33203306
33206008
33204162
33200476
33202692
33203037
33202384
33203132
33205052
33206262
33202700
33204144
33202847
33200490
33202704
33202740
33206110
33205527
33202706
33203266
33205564
33204103
33200340
33206272
33203368
33202062
33205606
33204146
33203268
33203326
33205248
33204084
33205604
33206074
33202375
33202060
33200013
33201062
33202670
33203220
33201096
33200290
33201064
33202748
33200616
33200292
33204080
33203287
33205008
33200610
33200009
33201066
33202856
33205192
33200402
33200007
33200488
33202672
33205256
33200034
33200044
33202518
33203462
33204016
33205295
33205402
33206132
33201114
33203534
33203332
33203458
33203284
33203537
33203352
33203288
33202864
33202818
33203601
33202066
33204126
33203074
33203076
33203092
33203094
33203036
33203034
33205012
33203040
33203042
33205258
33202012
33205177
33202054
33202082
33205565
33205640
33202744
33203230
33203356
33202409
33202750
33202412
33201078
33202462
33205165
33200330
33202496
33205204
33202416
33202080
33204112
33203330
33206133
33203354
33202372
33203128
33202626
33205050
33202440
33203226
33202413
33200222
33205010
33203091
33205076
33205396
33201101
33203362
33201040
33200630
33203431
33201034
33203386
33201032
33202478
33203286
33201041
33202717
33205238
33205168
33205036
33206111
33205566
33203342
33202854
33203510
33202643
33203142
33203606
33204010
33205273
33205286
33205422
33206130
33201110
33204160
33205592
33201076
33203446
33205406
33201036
33203424
33200328
33202628
33203126
33205056
33203450
33202840
33205644
33205374
33203031
33200354
33200240
33202447
33200056
33200392
33203452
33200588
33201098
33205514
33205244
33200654
33202074
33205554
33203278
33203394
33205080
33205156
33202664
33200249
33200522
33205382
33200142
33205390
33202762
33203451
33205040
33205042
33203088
33205414
33202630
33203130
33205058
33204122
33206350
33205016
33205373
33201054
33203070
33200124
33202434
33205220
33202470
33202480
33202452
33201095
33203300
33205030
33205668
33203328
33202422
33205602
33205558
33205370
33200520
33205655
33203600
33203622
33200352
33203038
33203252
33200676
33200032
33202512
33200304
33203246
33202380
33202632
33203120
33205060
33204100
33206104
33205532
33204092
33202442
33204130
33205596
33203222
33206022
33200030
33203212
33202460
33202446
33203086
33202456
33202800
33205600
33203410
33202860
33202867
33202880
33200390
33200005
33205550
33202878
33202862
33202072
33202070
33200582
33202866
33202802
33200128
33202392
33203116
33205062
33204152
33205562
33200466
33205028
33202848
33200138
33203084
33205618
33202454
33200040
33205530
33204142
33202388
33203118
33206112
33202883
33203096
33200417
33202086
33200530
33200472
33202682
33200542
33200462
33203465
33200500
33202088
33202716
33200470
33200486
33202890
33203030
33206116
33202888
33205650
33203298
33203320
33200114
33202386
33203082
33200143
33200152
33203304
33202090
33200496
33204174
33202092
33203464
33200042
33205361
33202094
33200148
33203609
33202458
33205183
33203272
33200494
33206066
33203334
33200213
33203294
33200492
33202718
33202056
33205560
33205022
33203098
33202397
33200210
33200348
33203242
33205624
33204102
33201060
33200123
33200237
33200130
33200414
33200438
33200346
33200134
33200656
33200170
33205535
33200550
33203402
33202076
33200448
33200324
33200434
33200516
33200110
33200436
33205528
33200336
33203032
33202096
33205366
33201058
33203224
33205362
33203241
33203234
33203232
33205521
33200234
33200586
33200050
33200160
33205540
33200554
33202118
33200118
33200255
33204166
33205417
33203416
33200399
33203216
33200122
33200296
33200038
33205523
33200172
33200298
33203384
33200502
33200564
33202508
33200562
33202455
33200408
33204086
33200326
33202396
33203080
33203100
33202390
33203078
33203270
33203461
33203380
33202098
33204158
33200156
33202450
33206246
33203316
33205636
33203200
33202680
33206118
33203374
33202741
33204148
33206264
33202464
33202652
33201092
33203102
33202724
33202726
33202411
33200560
33202014
33202516
33201072
33205386
33203228
33200166
33203456
33204161
33203244
33206088
33200528
33206354
33202754
33203408
33200572
33200584
33202002
33206106
33203072
33202398
33203308
33202694
33203338
33201056
33202881
33202758
33200344
33205186
33205262
33202658
33200498
33205154
33205033
33202870
33204170
33200312
33200662
33200702
33200446
33200120
33203420
33203422
33203324
33200054
33202420
33200646
33205630
33203210
33202407
33203214
33205189
33205388
33200060
33200455
33202514
33203206
33203249
33203250
33203322
33204163
33203248
33200396
33202842
33200320
33205344
33203620
33200154
33202100
33200302
33200111
33200053
33200112
33200482
33206369
33202000
33204098
33205242
33200518
33203625
33205360
33200642
33202102
33205652
33206072
33203430
33203346
33200062
33206051
33206000
33202780
33202892
33202370
33203000
33206060
33206240
33201000
33206124
33205182
33206010
33205590
33202746
33205368
33200310
33205070
33200606
33205213
33200342
33203104
33200546
33200512
33201090
33202753
33205222
33200017
33203401
33204154
33202104
33202634
33206076
33202876
33203378
33202690
33203041
33202084
33202684
33203436
33202404
33203068
33201003
33202466
33202674
33200176
33203208
33200350
33205416
33206068
33200432
33203106
33203388
33203466
33205493
33205075
33201105
33202408
33203066
33203059
33203468
33204008
33205072
33205392
33201106
33200015
33200231
33205369
33201050
33203442
33205394
33201103
33203108
33206040
33200526
33205166
33202676
33203312
33202506
33200552
33200003
33205518
33205171
33205250
33204178
33205240
33202406
33203062
33202426
33205027
33204114
33200594
33205634
33200640
33203370
33205632
33203396
33200612
33205086
33205654
33205610
33204110
33202732
33204128
33202597
33205376
33203400
33205662
33205616
33200664
33200700
33200608
33200673
33203240
33205084
33200334
33200652
33200001
33203426
33200544
33202662
33205666
33205342
33200146
33200140
33203060
33200150
33200168
33203055
33203039
33205159
33205266
33205246
33205232
33205252
33205364
33200314
33200540
33203376
33206122
33202844
33206248
33202708
33203274
33206086
33204088
33205622
33200660
33200604
33205234
33202760
33202004
33204181
33205628
33200614
33204070
33201088
33206114
33200474
33204082
33203398
33202106
33201070
33205264
33204120
33200300
33205642
33203110
33205038
33206102
33201083
33204182
33206034
33202494
33202520
33202108
33200225
33202394
33203054
33205174
33203296
33203528
33203438
33202702
33203302
33203434
33203581
33202698
33203414
33201048
33200626
33203604
33204012
33205289
33205404
33206135
33201116
33200628
33203432
33201035
33204147
33200219
33203058
33205018
33200011
33202650
33202742
33200531
33203382
33202110
33203412
33206056
33206093
33200602
33205082
33205210
33200636
33200638
33205614
33205207
33200658
33203314
33202006
33205378
33200046
33203590
33204164
33203292
33203390
33202660
33205656
33200480
33205660
33203463
33200622
33205195
33202476
33202806
33204094
33202112
33205254
33200423
33207899
33203056
33203404
33203280
33204116
33203350
33205260
33200444
33202078
33203344
33200670
33202114
33204156
33206090
33206096
33202378
33200568
33200592
33202500
33202757
33200322
33200318
33200370
33200440
33202504
33200136
33200019
33202502
33203525
33204018
33205078
33205398
33201112
33203531
33202714
33205620
33200600
33202712
33205020
33202552
33202596
33202624
33202526
33202540
33202534
33202568
33202580
33202602
33202570
33202562
33202544
33202532
33202548
33202522
33202572
33202594
33202564
33202574
33202560
33202524
33202622
33202550
33202612
33202556
33202600
33202530
33202586
33202582
33202558
33202528
33202538
33202578
33202610
33202542
33202554
33202546
33202576
33202598
33202566
33202590
33202536
33202606
33202608
33202588
33202604
33202584
33202620
33203264
33202052
33203460
33200624
33203522
33205074
33205410
33200141
33201108
33204176
33202400
33203364
33203204
33203202
33202432
33201082
33206098
33200452
33200411
33206280
33206276
33202592
33202656
33202654
33201094
33205024
33202722
33202768
33204172
33206108
33202451
33203052
33202720
33206362
33202872
33200294
33205608
33205372
33206247
33200442
33200650
33200565
33200596
33200537
33200598
33205363
33204072
33202868
33200158
33200356
33202884
33205367
33205387
33205150
33205236
33205525
33205595
33205157
33203144
33203448
33203608
33204014
33205292
33205408
33206136
33201118
33206078
33206134
33205664
33201084
33203444
33205412
33201042
33204078
33203519
33203580
33202472
33203582
33203588
33203592
33202696
33203586
33203584
33202730
33204106
33202874
33202885
33203050
33206091
33203122
33203124
33202640
33203140
33203440
33203602
33204002
33204004
33205270
33205283
33205420
33206138
33201087
33201031
33202756
33203348
33203044
33203290
33205516
33203372
33200144
33205032
33202430
33205221
33200382
33202852
33202728
33201079
33200566
33206358
33202764
33202424
33201086
33201052
33200162
33203360
33201038
33201045
33200174
33202474
33203516
33201097
33203513
33200258
33203310
33203260
33203418
33200460
33201043
33203340
33201046
33204180
33205598
33202770
33202846
33203048
33205064
33205538
33200532
33203046
33202766
33200679
33203114
33202752
33203064
