36570430
36570440
36570480
36574080
36574272
36576124
36576220
36576248
36576394
36574470
36572018
36574290
36570314
36572336
36574194
36574024
36572112
36572398
36570015
36572362
36572002
36574392
36576449
36574102
36572218
36574234
36570111
36570236
36574296
36576300
36570174
36576366
36572420
36574038
36574442
36570464
36570350
36570246
36574188
36572396
36572232
36574440
36576028
36572204
36576288
36576296
36574206
36570027
36570410
36574202
36576014
36574338
36576370
36572356
36572238
36570216
36570127
36570242
36574346
36576024
36574056
36574134
36572054
36570123
36570352
36576208
36576210
36574438
36570252
36574184
36572188
36570342
36570150
36572304
36570017
36572308
36574258
36572436
36576050
36574434
36574204
36574370
36574322
36574163
36570232
36570250
36572300
36570025
36574256
36570308
36574090
36576066
36572010
36574374
36576356
36572026
36576074
36572056
36570061
36574052
36572382
36574414
36576048
36570125
36572296
36570442
36570482
36574270
36576222
36576250
36576147
36576395
36576125
36574471
36572270
36572272
36576284
36570310
36570067
36570220
36570039
36574180
36570037
36574410
36574130
36572240
36572016
36572422
36572064
36574316
36576094
36570358
36570140
36572144
36570013
36574262
36572122
36570047
36576408
36576410
36570446
36576224
36576396
36574472
36576038
36576064
36576342
36576352
36570146
36570316
36572248
36574298
36572246
36570234
36572092
36570290
36576030
36570095
36570156
36570360
36570182
36570184
36572168
36572115
36570366
36576088
36572220
36574091
36570083
36574161
36572060
36574070
36576114
36574048
36572322
36576406
36570142
36572294
36574182
36574380
36572386
36576298
36572020
36576168
36572200
36574336
36572236
36574372
36572140
36574340
36574140
36570154
36576184
36572176
36570091
36570362
36570444
36574146
36576140
36576226
36576268
36576397
36574473
36572118
36576148
36574046
36574462
36572342
36572338
36572042
36572258
36572256
36572152
36572262
36574156
36570117
36576302
36576192
36574314
36574312
36574120
36570452
36574142
36576398
36574474
36572081
36572172
36574268
36572328
36572146
36574164
36576086
36570270
36570003
36576012
36570222
36574422
36570041
36576374
36574446
36576392
36576174
36572230
36570081
36574108
36574110
36574032
36576260
36572090
36576144
36576142
36570448
36574118
36574144
36574020
36570029
36570218
36570085
36570097
36572048
36572050
36570344
36574034
36574292
36574294
36572110
36572418
36576383
36570512
36576440
36570043
36572324
36576002
36570296
36576414
36574402
36574344
36574266
36574042
36572438
36576206
36576416
36574400
36574214
36572094
36572352
36572068
36570103
36576238
36570244
36572434
36570368
36574326
36574238
36570226
36572326
36574228
36574231
36570248
36570282
36570450
36572260
36576138
36574116
36574114
36572072
36572130
36570170
36576054
36574382
36576164
36572148
36576412
36570406
36570396
36572120
36570334
36570332
36572354
36574232
36576262
36572412
36572134
36570019
36570302
36570075
36572410
36576046
36570258
36572154
36572222
36570101
36570300
36574190
36574100
36574092
36574060
36576330
36574320
36576136
36572392
36576102
36572150
36574398
36570053
36574212
36572106
36570045
36576042
36570073
36576044
36574436
36574437
36574333
36576280
36576196
36574364
36570152
36576232
36574236
36574368
36576118
36576404
36572076
36572242
36572244
36572430
36574378
36574192
36574216
36576100
36576166
36570304
36572012
36570254
36576372
36574200
36576080
36576006
36572384
36570055
36570292
36574286
36576420
36570033
36572182
36572184
36570400
36570402
36570294
36576426
36576428
36570420
36574384
36572024
36574170
36572350
36574208
36576422
36574246
36572028
36574004
36576186
36572006
36572007
36576382
36572098
36570322
36572030
36570460
36576360
36572046
36576001
36574405
36572400
36572366
36574428
36576032
36572312
36574401
36576358
36574248
36576104
36570186
36570113
36570260
36570338
36570077
36570079
36570380
36576348
36576384
36576386
36572442
36576146
36576193
36572310
36572368
36570069
36576341
36576344
36576137
36570011
36570144
36572334
36574030
36570071
36572416
36570372
36572170
36570378
36570404
36570374
36572100
36572440
36572070
36572372
36570135
36574420
36574366
36572108
36576324
36574424
36576130
36570462
36570178
36572104
36574450
36572444
36572080
36572234
36570511
36576376
36574154
36572370
36576432
36570340
36576013
36576234
36572380
36576092
36576328
36572180
36572001
36576326
36574026
36576096
36576098
36572320
36572424
36574426
36574104
36570318
36572332
36572378
36574412
36570516
36570515
36570376
36572066
36572186
36572062
36576266
36572078
36576020
36576090
36572314
36574250
36572446
36570284
36576040
36570266
36574460
36570089
36576110
36576132
36574376
36572082
36570324
36570007
36576068
36576070
36572264
36574132
36576078
36574242
36574354
36574054
36570268
36576134
36576106
36572014
36576354
36576072
36576122
36572096
36570031
36576034
36572292
36572414
36574404
36576188
36572084
36576292
36570176
36576108
36576240
36576242
36572390
36574328
36574452
36574222
36574280
36570330
36572428
36570109
36574252
36576010
36574240
36574408
36576350
36576418
36570129
36576200
36570326
36572022
36572166
36570336
36576346
36570328
36574158
36576216
36572360
36574360
36574008
36576036
36572162
36574430
36576214
36576430
36572284
36572286
36572376
36574112
36572268
36572448
36576084
36572302
36570466
36574050
36576236
36576380
36576322
36572040
36574244
36572174
36574162
36576270
36576056
36576340
36576178
36576286
36572358
36572426
36574006
36572364
36574432
36570131
36576362
36574396
36572290
36576060
36576390
36572282
36572280
36574324
36574330
36572388
36570390
36574454
36574456
36572274
36576112
36572288
36574458
36570049
36576008
36570180
36576022
36574022
36574352
36572224
36574288
36570286
36576062
36574230
36576230
36576116
36570172
36570306
36576388
36576389
36572190
36574198
36574196
36570394
36574136
36576163
36574002
36574001
36572306
36570298
36574282
36576026
36574012
36572340
36570312
36572128
36572254
36576264
36570354
36570280
36576400
36570491
36570493
36572074
36570202
36576272
36576052
36572214
36572212
36570313
36576004
36572052
36570001
36570005
36576170
36574332
36574334
36574348
36574260
36570034
36570200
36576172
36570356
36576190
36570288
36570214
36576180
36570087
36570510
36574362
36570210
36570224
36576058
36570155
36572136
36572088
36576160
36574310
36570143
36570370
36570107
36570121
36572156
36574264
36576306
36576228
36576229
36574406
36576076
36574220
36572394
36572316
36572086
36570230
36572266
36574226
36574160
36570256
36570364
36572114
36574150
36572432
36576353
36572044
36570099
36574224
36574278
36574284
36576290
36570392
36570148
36572142
36574254
36570063
36570188
36576355
36572160
36576204
36578899
36574044
36570065
36570262
36570009
36572374
36576402
36576320
36574386
36570105
36574274
36574276
36572178
36570204
36570051
36574388
36574390
36576364
36570422
36570211
36572318
36572158
36576162
36570093
36576378
36574318
36572004
36574186
36576198
36570035
36576368
36570240
36570264
36570021
36572008
36572138
36572116
36572250
36574148
36574094
36570057
36576176
36574106
36574010
36570369
36574342
36574394
36572132
36576202
36576212
36576282
36570212
36576294
36574350
36570119
36576194
36576246
36576304
36572124
36570320
36576082
36574098
36574096
36570115
36576018
36576150
36576244
36576424
36574036
36576182
36570059
36570238
36570136
36570137
36570138
36570348
36576434
36572330
36574210
36572216
36572102
36574058
36570346
36572164
36576016
36570023
36572298
36570133
36574448
36572252
36574152
36574444
36576120
36572210
36572126
36574040
