88183070
88180171
88186030
88184560
88182120
88182700
88183840
88180421
88180601
88183560
88186070
88183830
88180641
88180241
88181310
88180001
88181340
88180181
88182320
88180221
88181440
88180151
88182310
88182600
88184580
88180271
88184620
88185030
88182620
88186000
88185020
88181780
88181620
88180371
88186060
88183100
88186020
88180311
88180091
88180850
88184030
88181470
88180870
88181460
88183440
88185000
88184640
88180251
88184540
88183500
88181630
88181450
88182350
88180661
88181330
88180631
88180521
88181430
88181560
88183510
88182640
88180261
88185060
88180461
88180451
88182380
88183010
88180411
88184520
88180381
88183140
88181510
88182390
88180830
88180361
88181070
88181040
88180531
88183820
88183130
88183060
88186010
88181760
88180061
88185050
88180441
88186090
88180201
88186110
88186100
88183470
88180161
88183480
88182140
88180671
88180890
88181380
88183110
88180681
88180471
88183020
88183550
88180211
88180840
88182130
88180541
88180551
88180071
88181790
88182650
88181320
88182690
88180351
88181360
88180571
88183150
88181300
88182100
88183120
88180321
88184590
88180391
88180021
88186050
88180031
88180131
88183460
88184550
88183530
88180820
88180051
88183450
88182370
88181420
88180561
88183520
88184600
88181770
88185040
88182630
88180111
88180121
88183040
88180041
88180331
88183080
88183490
88181390
88180101
88180701
88181030
88180581
88180191
88182340
88184630
88185010
88183430
88182080
88180810
88181400
88181570
88186040
88182710
88181530
88183420
88184510
88180431
88182670
88180291
88180501
88181562
88181350
88180651
88181860
88181050
88180481
88181500
88183540
88183850
88184530
88181610
88181750
88182660
88186080
88187200
88183860
88181870
88180491
88181060
88181000
88180880
88181090
88180231
88180281
88180860
88182680
88181080
88181290
88182070
88181540
88180621
88180611
88184570
88182090
88182360
88181370
88189899
88183090
88182110
88180341
88180081
88182330
88180301
88180511
88180691
88180141
88182400
88181550
88184040
88183030
88183050
88184610
88180591
88182150
88181590
88181480
88180011
88181580
88180401
88181410
88181600
88182610
88183000
88181520
88181490
