88901018
88902672
88905390
88911418
88906704
88906050
88905198
88900240
88900112
88906768
88902552
88901028
88905607
88902412
88905743
88906756
88900108
88905589
88911116
88906207
88900243
88906658
88900118
88900073
88901252
88905546
88906656
88906094
88902578
88905422
88905408
88905520
88911460
88905486
88906708
88905670
88905528
88902378
88904258
88906535
88906794
88901060
88904188
88904254
88906514
88905868
88905704
88904236
88906720
88906780
88910132
88904342
88911488
88905667
88906692
88900102
88900077
88906746
88906742
88906744
88906630
88906638
88906504
88906106
88906500
88906110
88901482
88905444
88901052
88907519
88901198
88905773
88902400
88900023
88905452
88905454
88902406
88902274
88905006
88911394
88901126
88911124
88902548
88905414
88901464
88905550
88901709
88901104
88901190
88902030
88904080
88902570
88904020
88902410
88904085
88904329
88905165
88904322
88902278
88902222
88901022
88904142
88905561
88901210
88906728
88902036
88902676
88906240
88902542
88912530
88912506
88912500
88900067
88900065
88900219
88900222
88900126
88905742
88904284
88906800
88901458
88904344
88905350
88905320
88901020
88905030
88905775
88902574
88905866
88905709
88907590
88902543
88911342
88906760
88900228
88905666
88901700
88900059
88901259
88900249
88904332
88906782
88911326
88912524
88900053
88900261
88906262
88906092
88906508
88902420
88910004
88911508
88906582
88912510
88906290
88902272
88902550
88900234
88905402
88900011
88907546
88904088
88901484
88900331
88911086
88905042
88905224
88905258
88901082
88902180
88904110
88902670
88902490
88904328
88907595
88900231
88900216
88906766
88911322
88906042
88906662
88905322
88900382
88905628
88905664
88905555
88911120
88902042
88911416
88911126
88906554
88911130
88904320
88905162
88904318
88905374
88906006
88912526
88911072
88911060
88906574
88906718
88904158
88906108
88912027
88902541
88905420
88910135
88902342
88906790
88906250
88906732
88905548
88906778
88906786
88902334
88905610
88905838
88904276
88900106
88906750
88912502
88902614
88901208
88900237
88911084
88906560
88910058
88910060
88900128
88902674
88911512
88904368
88905194
88911142
88911372
88900045
88900043
88906706
88900041
88905468
88906046
88906002
88906082
88911464
88905430
88911540
88904338
88905406
88911332
88906567
88911092
88905310
88904334
88904274
88911356
88902380
88902404
88906516
88906631
88911476
88905114
88905398
88911320
88910170
88906646
88904226
88901218
88906546
88906785
88906783
88906548
88912009
88905870
88906581
88904280
88911062
88902313
88905778
88906591
88906806
88900150
88905608
88911076
88906026
88911324
88906014
88901264
88904340
88905642
88911102
88902680
88906012
88901745
88906522
88906774
88904062
88905024
88902271
88905872
88905760
88902413
88900029
88900012
88911362
88905242
88906242
88902310
88906761
88901066
88904324
88905254
88902265
88905880
88902224
88904146
88906556
88902610
88904272
88906552
88904140
88904186
88904286
88901036
88905034
88901046
88905100
88905232
88902682
88905764
88901087
88901010
88905080
88905244
88905190
88906642
88905772
88901492
88901704
88900246
88906792
88905747
88902080
88902573
88912520
88905196
88901192
88904086
88901456
88905762
88911088
88905706
88911382
88901094
88901268
88906694
88902546
88900130
88905738
88904336
88901407
88911114
88906016
88911410
88905153
88904154
88912003
88905614
88911404
88910162
88904268
88906714
88910164
88906587
88905616
88902556
88905376
88906696
88902540
88905364
88905086
88904312
88906700
88905630
88905474
88907515
88910130
88901016
88906036
88902284
88906022
88901466
88911094
88906000
88910032
88902720
88902402
88901272
88902311
88912532
88904234
88911504
88911132
88901426
88910040
88904130
88905088
88905222
88905204
88906518
88905380
88904326
88906589
88911354
88902336
88905082
88905248
88905192
88905618
88911068
88911350
88911106
88902388
88901290
88905526
88912002
88906532
88900025
88905272
88904289
88911480
88911098
88900037
88900035
88905464
88905470
88905482
88905472
88906040
88906038
88906018
88906020
88901042
88901084
88905860
88905280
88906654
88906004
88906502
88902051
88902086
88910012
88900210
88900120
88906758
88911370
88901034
88905418
88905624
88904270
88910165
88911398
88906648
88911122
88905588
88905522
88907646
88900001
88912015
88911074
88911496
88904144
88905150
88904290
88901040
88910016
88902316
88911376
88911492
88905530
88906070
88910142
88901480
88904162
88905404
88905038
88902386
88905270
88906802
88901462
88911064
88905480
88906772
88906254
88905446
88905466
88906730
88906762
88905450
88911108
88911378
88900071
88902088
88911078
88905836
88902710
88911128
88905587
88905488
88906702
88906044
88906664
88901282
88906525
88905442
88905592
88904264
88902415
88905318
88904366
88906030
88906578
88906052
88906660
88904091
88905874
88901062
88901274
88905669
88905156
88904070
88904166
88906740
88905662
88900339
88905372
88902038
88900003
88900005
88905460
88905462
88905476
88905478
88905494
88905496
88906001
88906003
88904148
88902230
88902226
88901216
88901024
88901026
88911472
88900386
88905159
88904316
88911360
88905590
88910175
88910056
88910120
88904288
88906536
88906585
88907640
88905236
88906208
88905832
88901258
88907527
88906506
88912514
88901707
88905532
88901012
88906784
88906540
88902376
88905032
88905090
88905234
88905360
88905252
88905355
88912012
88905549
88912006
88904331
88904092
88906523
88901262
88910044
88904262
88902083
88900124
88901194
88901250
88905405
88905559
88905580
88911384
88906636
88905014
88905108
88905228
88905256
88905438
88902500
88900114
88904222
88904084
88902419
88904292
88911484
88907526
88905246
88905716
88905392
88904178
88904180
88910008
88905718
88905382
88901122
88901204
88904068
88906804
88906533
88907505
88905536
88904252
88904190
88905008
88906726
88911390
88905720
88901720
88905076
88905240
88905202
88910048
88905026
88902134
88902050
88900370
88912516
88911090
88902330
88906538
88912534
88902228
88911374
88911348
88905274
88905020
88905278
88900342
88904266
88905634
88900122
88905840
88904227
88911346
88905401
88907644
88905400
88906770
88901080
88906066
88905604
88905722
88905250
88906512
88906510
88902332
88902372
88906101
88906575
88901032
88904089
88906558
88904229
88906096
88907648
88902515
88907642
88911136
88906542
88901266
88901214
88900225
88900280
88905830
88902416
88905724
88906561
88905524
88906090
88905394
88911396
88904310
88901270
88901468
88905864
88905396
88904360
88906086
88906088
88906080
88906064
88910024
88910020
88910171
88905084
88905424
88906716
88902128
88906238
88900075
88905370
88906793
88906534
88902576
88906260
88910150
88906644
88905668
88905428
88906054
88906634
88906098
88902580
88901196
88900314
88905412
88904025
88912018
88904160
88902430
88901501
88901256
88901100
88901488
88902396
88906104
88910001
88902408
88905170
88904333
88900318
88911096
88905384
88900320
88902572
88906068
88911138
88901102
88904168
88905876
88906712
88902618
88905581
88910028
88911364
88905771
88904087
88905040
88905585
88901200
88905710
88901460
88906586
88901705
88901280
88905534
88902344
88906563
88910091
88905558
88904231
88902314
88900116
88906640
88900255
88900057
88900055
88906736
88906734
88901260
88906571
88906579
88911104
88911066
88906056
88905492
88911468
88907541
88904074
88901474
88906550
88900310
88912512
88901056
88906568
88906528
88910059
88906652
88902318
88905456
88910166
88900156
88905416
88902370
88912536
88902433
88902616
88906577
88911340
88911336
88911344
88902276
88906562
88901300
88905749
88905432
88905264
88905233
88905092
88911380
88901098
88906078
88904233
88904172
88912518
88905767
88902120
88900027
88901090
88905366
88901120
88910036
88906698
88902046
88906722
88905560
88906285
88911358
88907600
88905314
88904362
88911100
88904064
88907540
88906084
88906008
88906024
88906526
88906524
88911318
88901418
88902382
88902126
88900270
88900316
88902544
88904152
88905260
88901486
88906076
88905168
88904170
88905700
88906543
88902418
88901212
88905388
88905740
88905378
88905744
88905660
88900031
88904192
88905010
88905104
88906752
88900033
88904250
88904182
88904256
88904060
88905834
88905540
88912021
88905120
88904174
88904150
88904120
88906764
88902338
88902220
88901503
88905116
88901086
88905538
88905262
88906102
88901276
88906788
88901703
88905714
88911070
88904072
88905640
88901461
88905582
88905622
88902240
88901008
88905018
88905606
88905602
88900252
88911080
88910160
88900100
88900079
88902612
88906572
88905276
88905586
88902285
88902554
88905776
88901050
88905230
88902390
88907542
88912508
88900063
88900061
88906738
88902392
88905745
88902110
88906530
88904314
88906520
88901092
88901014
88905386
88905074
88910054
88902280
88906060
88906062
88901202
88900007
88901000
88913899
88905448
88905036
88901054
88904164
88906566
88905839
88905768
88904330
88905226
88911408
88906032
88906010
88902270
88907507
88906541
88906544
88910022
88911112
88902340
88906593
88906048
88905542
88906072
88906205
88906074
88906200
88905544
88901030
88906034
88900275
88910052
88905440
88906724
88906537
88906798
88906100
88901038
88901044
88901004
88905028
88900015
88900013
88900049
88900051
88900110
88900213
88900132
88900154
88905626
88905842
88911406
88904076
88901088
88900069
88906754
88900152
88902551
88905672
88911140
88900258
88902398
88911368
88902414
88904228
88905200
88905268
88907524
88911144
88905646
88902384
88905644
88904156
88900330
88904278
88905238
88904260
88906275
88902130
88905368
88905072
88901278
88901403
88901400
88904066
88901064
88905220
88905206
88905638
88905410
88911110
88911338
88911134
88905362
88911334
88911146
88911352
88911330
88906210
88905312
88906690
88905583
88905636
88905844
88902034
88900332
88901254
88906501
88906255
88906300
88906305
88911402
88906796
88902374
88912024
88911118
88911414
88906776
88905774
88902181
88900312
88911328
88912528
88905769
88906559
88900336
88911386
88905620
88905632
88905707
88906632
88906710
88905484
88905266
88906028
88905434
88900009
88905458
88905426
88905612
88902582
88911082
88900333
88905712
88904337
88900017
88901002
88905000
88905004
88904237
88901058
88901006
88905012
88900019
88900104
88901048
88904184
88905022
88905112
88900021
88905002
88906748
88904090
88901206
88902312
88911366
88902394
88906236
88906253
88900384
88904176
88905078
88906650
88911388
88911412
88901124
88901031
88912504
88902124
88906287
88906298
88906289
88905070
88906058
88911500
88904282
88912522
88902678
88900380
88905436
88900047
88902112
88905016
88905490
88901096
88902114
88904364
88905316
88911400
88902116
88912001
88902118
88911392
88902122
