88168195
88164340
88161875
88161060
88168494
88160394
88160610
88161286
88161602
88161130
88161686
88162124
88161346
88160198
88161415
88165165
88161301
88168395
88160729
88168205
88164086
88160356
88161289
88162114
88161720
88168670
88160486
88160500
88161283
88160726
88160206
88161765
88161512
88161510
88161114
88161455
88161672
88160648
88168126
88161600
88161674
88162152
88160114
88165340
88161590
88161588
88165159
88161044
88160186
88162249
88160391
88160280
88160160
88161356
88162216
88168698
88161405
88160024
88165200
88161718
88160612
88161392
88161542
88160514
88168238
88168610
88168660
88161362
88161378
88168515
88160200
88161522
88161445
88160762
88160404
88168694
88160770
88165375
88160304
88160352
88165188
88164040
88168744
88161596
88162228
88164045
88165135
88162085
88161730
88162138
88160148
88164104
88161690
88161855
88162158
88161028
88168099
88160335
88160370
88164210
88165273
88160396
88160712
88161360
88161706
88160372
88160360
88165204
88162134
88160182
88160776
88160292
88168096
88160730
88162030
88162162
88161626
88165380
88161134
88161540
88160654
88168512
88161110
88161040
88161280
88161410
88168612
88165212
88165333
88168730
88164180
88168562
88168780
88168270
88168020
88168090
88168400
88168200
88168692
88161128
88168708
88161870
88162080
88160583
88161382
88160216
88164100
88161052
88168632
88168111
88160560
88160465
88160518
88160380
88160450
88161518
88161488
88165220
88161789
88168032
88160642
88168636
88162039
88161622
88161688
88161816
88168712
88165372
88164280
88161494
88161394
88161724
88160714
88162225
88162243
88162148
88164230
88164106
88160080
88160752
88160737
88162240
88168488
88162246
88160308
88162144
88160760
88160176
88161634
88162036
88164285
88160283
88164275
88160706
88168220
88164240
88164082
88161798
88160666
88160718
88160078
88160290
88161524
88160738
88160746
88160748
88162048
88160668
88160008
88161334
88161722
88161344
88162120
88160350
88162132
88161582
88168734
88160170
88160453
88168472
88168484
88168464
88168468
88168480
88168476
88161292
88168736
88160662
88160006
88160624
88161592
88164122
88160324
88160298
88165196
88168023
88160184
88160076
88165064
88161678
88161118
88168282
88162164
88160276
88161425
88160620
88160672
88161298
88164070
88160158
88160288
88160286
88160284
88160663
88160670
88160294
88160140
88160112
88168120
88168620
88168680
88160459
88162154
88164290
88160314
88160479
88161813
88160336
88161004
88160128
88161479
88161342
88161880
88161702
88160344
88161780
88162160
88160306
88161584
88168618
88160204
88160516
88162142
88160740
88161056
88161538
88160376
88168628
88160710
88168244
88168380
88160152
88161536
88161770
88161068
88161420
88161470
88162170
88162210
88160768
88164080
88161384
88161890
88161684
88161370
88160563
88162156
88168696
88161640
88160408
88168686
88161698
88168492
88161865
88161696
88160002
88160772
88168702
88162118
88160384
88165232
88161708
88168235
88164088
88160622
88161304
88160062
88160136
88160070
88160758
88168390
88161376
88165048
88168504
88168460
88160074
88165370
88161064
88160316
88164124
88161783
88160636
88160660
88164055
88164090
88165250
88165141
88161712
88165388
88161129
88161124
88160638
88160640
88160722
88160724
88161834
88160174
88161670
88160010
88160346
88160368
88165156
88165138
88161450
88168750
88168624
88160110
88165150
88168560
88160214
88160270
88160742
88161368
88165228
88160012
88161539
88161825
88168490
88168690
88165126
88160072
88164126
88160616
88160004
88160630
88161062
88160156
88161544
88160628
88160704
88162140
88165153
88168286
88161679
88161636
88161525
88160525
88162174
88165208
88160634
88160524
88160468
88162112
88160032
88160016
88161132
88160489
88160502
88161430
88162222
88160326
88164078
88160342
88161786
88160274
88161810
88162234
88161745
88160162
88161521
88168558
88161116
88162168
88168634
88161580
88161358
88160646
88161387
88168746
88161352
88160626
88160728
88161170
88161364
88161112
88161180
88161350
88160340
88161630
88161336
88165236
88160322
88160566
88160026
88160330
88168129
88161632
88164120
88161795
88168274
88160632
88161386
88160172
88160348
88161332
88161330
88161400
88161620
88161840
88161704
88160386
88160150
88168408
88168278
88160716
88161528
88161726
88161700
88160282
88168700
88160334
88168556
88161340
88168060
88161390
88160192
88161828
88161032
88161728
88160166
88160060
88168665
88160144
88161175
88164084
88168140
88168093
88160764
88161122
88161036
88164035
88164030
88164050
88165076
88160358
88160126
88161440
88161354
88160014
88160168
88160506
88161138
88165080
88168148
88160132
88165012
88161008
88168752
88160338
88160022
88161819
88160656
88162146
88161598
88160188
88160272
88161516
88162054
88161638
88160766
88162172
88161076
88161120
88161148
88165144
88161136
88161532
88161680
88161372
88160708
88160328
88160452
88161385
88161295
88161725
88168496
88161526
88160138
88160146
88168732
88168114
88168190
88160196
88161534
88160390
88161380
88160208
88168210
88161133
88162126
88165072
88160744
88160364
88160650
88160151
88161374
88162217
88161012
88162252
88165060
88164094
88164130
88160652
88160644
88161530
88161185
88168740
88161165
88161485
88164098
88168500
88160320
88162128
88161857
88165003
88160212
88160366
88160658
88164102
88165174
88162242
88160614
88160618
88165068
88168029
88165240
88168508
88168132
88160362
88165224
88162042
88161716
88162110
88165168
88161383
88161594
88165254
88160382
88161491
88168026
88168550
88168241
88160116
88161473
88161381
88168229
88160750
88160180
88161435
88168105
88161016
88160735
88164092
88160477
88168630
88160354
88168706
88168675
88161476
88161347
88161755
88161624
88164074
88165006
88162033
88168742
88161366
88168108
88161760
88161146
88161860
88164128
88168232
88160460
88164096
88162150
88161365
88168021
88164048
88161348
88161513
88168552
88160028
88161142
88161692
88162219
88161885
88160406
88160700
88161586
88160734
88162136
88161807
88161048
88161514
88161338
88168616
88168684
88160462
88165009
88162051
88160296
88161850
88160580
88168300
88160456
88165147
88160332
88165177
88160526
88160754
88161240
88162231
88160118
88160194
88161520
88160756
88161676
88160414
88161140
88160522
88162166
88161628
88160001
88160410
88168117
88160124
88162116
88164270
88161072
88161750
88161710
88160120
88161822
88161080
88161732
88161740
88161804
88161801
88161020
88160018
88160736
88161131
88160720
88160134
88169899
88161022
88165216
88160178
88160142
88160300
88161792
88168626
88165129
88160504
88165056
88160122
88165014
88164169
88164183
88168622
88161000
88164160
88160392
88161694
88162045
88165052
88162237
88165074
88160774
88160474
88168404
88161144
88161747
88161682
88160412
88160020
88160154
88162130
88160402
88168123
88160130
88161831
88164060
88160398
88160388
88168682
88160471
88168710
88168704
88168688
88168102
88161677
88160302
88161482
88161388
88160664
88162213
88160210
88168247
88168250
88160030
88164072
88160480
88162122
88160374
88161126
88161024
88160312
88165132
88160732
88160064
88160310
88160066
88160520
88168738
88165244
88160483
88160278
88160073
88168614
88164220
88161837
88160400
88161714
88164076
88168144
88160702
88165044
88165040
88165123
88165120
88165180
88165184
88165270
88165330
88168748
88160318
88160508
88160528
88168226
88168223
88168554
88168385
88160510
88165171
88165000
88160512
88165192
88165162
88160164
88160190
88160202
