88353515
88353720
88359560
88355576
88355570
88357141
88357144
88357104
88357105
88353637
88353639
88353675
88353676
88353670
88353671
88353672
88353673
88353674
88353697
88353696
88353692
88357182
88357118
88353567
88353682
88353678
88353684
88353688
88353677
88353679
88353618
88350730
88351575
88351697
88351627
88353610
88355572
88353617
88352095
88351597
88356319
88355230
88351430
88358080
88357042
88354510
88351740
88359332
88354004
88351260
88350330
88350175
88356316
88352420
88356444
88350285
88356066
88357293
88356332
88355575
88350743
88355376
88359082
88354468
88355030
88358000
88358020
88358587
88354650
88354684
88355648
88352468
88356000
88356001
88356165
88350758
88356145
88350030
88353144
88353554
88357052
88355388
88350390
88356026
88352035
88350070
88359314
88356477
88358575
88356028
88352560
88350580
88353609
88357123
88351632
88351480
88353557
88354094
88353719
88351633
88352064
88351250
88357185
88352610
88355389
88351645
88352137
88357284
88350502
88357213
88358050
88353330
88354157
88354088
88358454
88354174
88353534
88355255
88353491
88356122
88359307
88355113
88355368
88352132
88353519
88353698
88359430
88357335
88353681
88353550
88359286
88355135
88355625
88351670
88352260
88354472
88353707
88353220
88358540
88350764
88356005
88356350
88352085
88354457
88355372
88353407
88351410
88353332
88354162
88359304
88359502
88350173
88355414
88359276
88352405
88351262
88358416
88354350
88356476
88353265
88354479
88353604
88353470
88352630
88351581
88356443
88350735
88350585
88352502
88356310
88356003
88352288
88352501
88352100
88352500
88353100
88358560
88351540
88357064
88359349
88352608
88351370
88359289
88354191
88353137
88353132
88355353
88355620
88352403
88352145
88356483
88350736
88355423
88351696
88359309
88351615
88357045
88359510
88359210
88350691
88351187
88357183
88350310
88354570
88357190
88356042
88353405
88355114
88357300
88356022
88352487
88359312
88354494
88356432
88355161
88351622
88351050
88353060
88353403
88350250
88355130
88354120
88359400
88354040
88356453
88353635
88354454
88350635
88351189
88351745
88353695
88357100
88357101
88357220
88357260
88354091
88354471
88357289
88354691
88354015
88359270
88353585
88359546
88353595
88355240
88351320
88350420
88353535
88351780
88350590
88354193
88353452
88353404
88353406
88353482
88353484
88353486
88353488
88353489
88353506
88353543
88353507
88353545
88353508
88353509
88353513
88353471
88353474
88353475
88353476
88353477
88354141
88354142
88354194
88354172
88354173
88354097
88353462
88353464
88353481
88353465
88353469
88353461
88353454
88353447
88354100
88354101
88353460
88355351
88355352
88355356
88355358
88355359
88355393
88355396
88355397
88355399
88355401
88355405
88355379
88355381
88355382
88355384
88355385
88355386
88355451
88355452
88355456
88355458
88355555
88355560
88355565
88355585
88355590
88355595
88355605
88355615
88355635
88355645
88355650
88355363
88355364
88355392
88355459
88355407
88355402
88355410
88356073
88350051
88359345
88355172
88352060
88354360
88354495
88358522
88350737
88359085
88355409
88351682
88352563
88356009
88359285
88351280
88351281
88354220
88359005
88351666
88353473
88353341
88358040
88358401
88354006
88353130
88352290
88353510
88351675
88354095
88356029
88355450
88353520
88354700
88355000
88358511
88358513
88359002
88357080
88351646
88357288
88354575
88354280
88351140
88354435
88354061
88354070
88351805
88359333
88359338
88359331
88358542
88350745
88352150
88350440
88354165
88357087
88353485
88355757
88359042
88350150
88356083
88353190
88355140
88357180
88351045
88351305
88351040
88354020
88353411
88351420
88359420
88353699
88359460
88351787
88356084
88350001
88350002
88353540
88353541
88350719
88357212
88355455
88355320
88353360
88354154
88355573
88353511
88353478
88352708
88353615
88351595
88354474
88352480
88351608
88354055
88358010
88358012
88358030
88358320
88358355
88358460
88358414
88358418
88358415
88358022
88358402
88358406
88358405
88357108
88351692
88359000
88359001
88359700
88352065
88353659
88356017
88351150
88351694
88351020
88351025
88357230
88356072
88359440
88350171
88351693
88351065
88353657
88350712
88351708
88352125
88353605
88359220
88350360
88353522
88351720
88350380
88355155
88357152
88353600
88353650
88350733
88350465
88350412
88350233
88350303
88353142
88353194
88353133
88353136
88353141
88353138
88353139
88354090
88354459
88354550
88351160
88351195
88353457
88359320
88359341
88350682
88354060
88352530
88350430
88356430
88354192
88355640
88358528
88358510
88359321
88359322
88359323
88359325
88359282
88359288
88359301
88359302
88359303
88359308
88359311
88359501
88359212
88359213
88359214
88359216
88359217
88359219
88359222
88359225
88359226
88359234
88359326
88359472
88359278
88359297
88353499
88355660
88351599
88355270
88353468
88352243
88352400
88352401
88354630
88355391
88359450
88355350
88355374
88355400
88351298
88354071
88350774
88359324
88356487
88353512
88355127
88350550
88350050
88353555
88354180
88353526
88357329
88354153
88354465
88359250
88354482
88353494
88350753
88359335
88350749
88357214
88353110
88353606
88356034
88359287
88356106
88351631
88355378
88353479
88353642
88352482
88352130
88354581
88353402
88352198
88355190
88357385
88351636
88359295
88356322
88359277
88359327
88355412
88358045
88353533
88351240
88351809
88356033
88353345
88354170
88350600
88350676
88350701
88350779
88354464
88352135
88354696
88356030
88350370
88359006
88354080
88355355
88353706
88351592
88352550
88356114
88356067
88356086
88356063
88356093
88357355
88359044
88351774
88351807
88356060
88350595
88355373
88350570
88351790
88351210
88357102
88354484
88353125
88352720
88358081
88357210
88350410
88350731
88354190
88355655
88354683
88353430
88350075
88351000
88351001
88352215
88356021
88356170
88356405
88357050
88352715
88355220
88359060
88355755
88356089
88353445
88356100
88352120
88351690
88354492
88353500
88353501
88353611
88356161
88352440
88352030
88354198
88353435
88351520
88357290
88353145
88359283
88358462
88353030
88352315
88353643
88359284
88355395
88350746
88355490
88350748
88352275
88353410
88353459
88355110
88354370
88351750
88352640
88350686
88352460
88357178
88359336
88353240
88356112
88353640
88356101
88355457
88357106
88350610
88352330
88353505
88350680
88351705
88358008
88350350
88357340
88353172
88352454
88353529
88352310
88358700
88357206
88355578
88355145
88353007
88354121
88355115
88359343
88351580
88355180
88354455
88354600
88359080
88359030
88351582
88357140
88352493
88355120
88350756
88350170
88353010
88350765
88353620
88351440
88354031
88354017
88354030
88350490
88353000
88354560
88359293
88351290
88350768
88356027
88359064
88350660
88352090
88352092
88352435
88359348
88351350
88350592
88350593
88350597
88350532
88350538
88350539
88350548
88350679
88350661
88350662
88350663
88350534
88350558
88350559
88350562
88350564
88350687
88350602
88350575
88350720
88355354
88358060
88359334
88356130
88354478
88353704
88350010
88350110
88357120
88353270
88354155
88351485
88355100
88355189
88352270
88351570
88351495
88355050
88354175
88350520
88357320
88355600
88354450
88353315
88353140
88351640
88354460
88350080
88354010
88353020
88354130
88353135
88350020
88355416
88351730
88350235
88358411
88350485
88350510
88354540
88350750
88354169
88353350
88351638
88353690
88351360
88358501
88352010
88351784
88350640
88354456
88354485
88356109
88350300
88350301
88350565
88350290
88357280
88355500
88359294
88350517
88356107
88350560
88353565
88350657
88353192
88358032
88353561
88357367
88356442
88356449
88355759
88354300
88358028
88350140
88356013
88356036
88350060
88353599
88354440
88355580
88355403
88350769
88353466
88357175
88356023
88353603
88352046
88351114
88355569
88357114
88354420
88355153
88350766
88353613
88352495
88356305
88352040
88355377
88359328
88358048
88352700
88351299
88355201
88355200
88355202
88359048
88354340
88352230
88351315
88353700
88354140
88352410
88356496
88353702
88353558
88353577
88354584
88354612
88354652
88354658
88354578
88354653
88355369
88350732
88354470
88359045
88351643
88354050
88350666
88355185
88357240
88353680
88352240
88356330
88355210
88350101
88350100
88351380
88351620
88350780
88350620
88354325
88351180
88354680
88352020
88358530
88352475
88351625
88356020
88357193
88355260
88350706
88351634
88359290
88352717
88353467
88352340
88354469
88353420
88352670
88353210
88356300
88351190
88357130
88354240
88354035
88352170
88350270
88358422
88351270
88354270
88359500
88356024
88357043
88352072
88351220
88359275
88350690
88357047
88353575
88357020
88353560
88353480
88353250
88359330
88356091
88357250
88350685
88350695
88353530
88358400
88359280
88354062
88354025
88354026
88354412
88357219
88359215
88352320
88352195
88357103
88354210
88353717
88350295
88353497
88357155
88355360
88353492
88357165
88353544
88350280
88356134
88352570
88359340
88350751
88353641
88355630
88359315
88358500
88354473
88352147
88357010
88355380
88352062
88352220
88354580
88351779
88358420
88355357
88353355
88350675
88353160
88359218
88357150
88357111
88353537
88355150
88359310
88353632
88354530
88351235
88356150
88352540
88356110
88352619
88359262
88353547
88357318
88355178
88355370
88354178
88353580
88357170
88350705
88350670
88357195
88353607
88352332
88357001
88356155
88353230
88352620
88354125
88357168
88356054
88359470
88353602
88353419
88356015
88355259
88357062
88355367
88352485
88354260
88350630
88356451
88353597
88359040
88351691
88354005
88352070
88356164
88355170
88353040
88355460
88354320
88350365
88354196
88353483
88359095
88357003
88350742
88359506
88351776
88351700
88351765
88352285
88351710
88353493
88354475
88352713
88356025
88356052
88356053
88356092
88356094
88356097
88356103
88356142
88356007
88356168
88356056
88356128
88356174
88356176
88356178
88356095
88356081
88356355
88352497
88356126
88355425
88352710
88356019
88350689
88353370
88356448
88353634
88357328
88356338
88356490
88356472
88356474
88356314
88356452
88356324
88356431
88356471
88356473
88356326
88356478
88356078
88354185
88352470
88355186
88359240
88356492
88353503
88353245
88352280
88352245
88353143
88352477
88356080
88351644
88357153
88351584
88352325
88352185
88354250
88359228
88354582
88356040
88359070
88352722
88353310
88355183
88353710
88351230
88352350
88355330
88355365
88357292
88352675
88350298
88355366
88355015
88351307
88351770
88356068
88353450
88359230
88356010
88353709
88357330
88359211
88359300
88359075
88352553
88357337
88351607
88356190
88353490
88353498
88351510
88356050
88356140
88352650
88354160
88352443
88355762
88351588
88351577
88351030
88359267
88353150
88356018
88354655
88352015
88351460
88350704
88359279
88357145
88354692
88355633
88350450
88352730
88352702
88352265
88352080
88350763
88358423
88351610
88351010
88354421
88350655
88353573
88353524
88350752
88350738
88358410
88353562
88352556
88353472
88356437
88356166
88350692
88358505
88356446
88356062
88356447
88356312
88352494
88356313
88359090
88352173
88353504
88357154
88356441
88359074
88356099
88354078
88357331
88359504
88355102
88357287
88350515
88353131
88352704
88353638
88350045
88352552
88353221
88352450
88353120
88351110
88354176
88354490
88354615
88355430
88350385
88355387
88355550
88353260
88354670
88354488
88351560
88350130
88350710
88352210
88356120
88353658
88352044
88354132
88354179
88357125
88353463
88353514
88353601
88357056
88353687
88350340
88350180
88350375
88359346
88350535
88350518
88356031
88352728
88352554
88352564
88352583
88352605
88352606
88352618
88352566
88352568
88352558
88352542
88354467
88350487
88354200
88356482
88355125
88351590
88350665
88351660
88358520
88350470
88358509
88351330
88351165
88354167
88353038
88352370
88358452
88353400
88353401
88356163
88353608
88356455
88356014
88356400
88355177
88354315
88352177
88354310
88359224
88353614
88354697
88356465
88352445
88356096
88350500
88350761
88351773
88351120
88351170
88356041
88359069
88352442
88351112
88353175
88353559
88351185
88354425
88354045
88356315
88359223
88354290
88350480
88350678
88352190
88352191
88353630
88359548
88352660
88353134
88354518
88355432
88359347
88354583
88353102
88359227
88354433
88354481
88355010
88354694
88351310
88354657
88352180
88351225
88354225
88350210
88351300
88351301
88351302
88351130
88353581
88358043
88353619
88353598
88350220
88357113
88356102
88353686
88358442
88353663
88356085
88359265
88357197
88351490
88354430
88352469
88357334
88358440
88354075
88353616
88355420
88351712
88353685
88353320
88352083
88353546
88355642
88357040
88352160
88350770
88350729
88351788
88351400
88351402
88351403
88351404
88354587
88350688
88354145
88358450
88355176
88355390
88354520
88351470
88351683
88354362
88351630
88356160
88356167
88355470
88359003
88353340
88354480
88351760
88359480
88350182
88355280
88350760
88354000
88356475
88350460
88357002
88357051
88357082
88357053
88357054
88357058
88357078
88357081
88357072
88357074
88357076
88357085
88357071
88357025
88357026
88357055
88357057
88357059
88357070
88357024
88357066
88357049
88357089
88358417
88353708
88357386
88353241
88353251
88353261
88353262
88353311
88353371
88353431
88353531
88353532
88353536
88353548
88353549
88353551
88353552
88353571
88353338
88353525
88353527
88353528
88353275
88353521
88357000
88357030
88352165
88353596
88357110
88352115
88351568
88352042
88357157
88357159
88357160
88357162
88357163
88357164
88357167
88357112
88350664
88356435
88353045
88353200
88353201
88353202
88350668
88354466
88356118
88356124
88350530
88350240
88350305
88356480
88352110
88356450
88356457
88356098
88353718
88354177
88355383
88353538
88352441
88350702
88350709
88350718
88350734
88350744
88350755
88350757
88350773
88350775
88350725
88350717
88350777
88350711
88359281
88350684
88354610
88353495
88355413
88354230
88352706
88350230
88353487
88354195
88354690
88350650
88350200
88350201
88356105
88355187
88351450
88355250
88350165
88350160
88353661
88354171
88356162
88353644
88353104
88358408
88356087
88350759
88355406
88350747
88355310
88358502
88350120
88355610
88350320
88359899
88350762
88356082
88350040
88359078
88355371
88352200
88352201
88352202
88357282
88354093
88354461
88354462
88354463
88354491
88354493
88354632
88354073
88354422
88359071
88359073
88354693
88354695
88354698
88354699
88354682
88354685
88354687
88359076
88359077
88354689
88354458
88359032
88354483
88350345
88354688
88358302
88356404
88350090
88354476
88357291
88352580
88353667
88353636
88352520
88352016
88351576
88359008
88356172
88356318
88352000
88352001
88356321
88353502
88350754
88355121
88355181
88355123
88355162
88355173
88355174
88355192
88355163
88355184
88355361
88355152
88355217
88355156
88355252
88355254
88355256
88355258
88355179
88355215
88355428
88355188
88355194
88355196
88355275
88355198
88355421
88355424
88355427
88355257
88355429
88355253
88355251
88353050
88350740
88354633
88354410
88357215
88357107
88357109
88357217
88357116
88357191
88357196
88357198
88357199
88357202
88357203
88357261
88357342
88357285
88357204
88357344
88357200
88355422
88351562
88351564
88351565
88351567
88351569
88351585
88351586
88351587
88351589
88351594
88351596
88351601
88351603
88351648
88351649
88351651
88351653
88351606
88351701
88351702
88351703
88351698
88351699
88351681
88351684
88351686
88351687
88351181
88351183
88351184
88351186
88351188
88351772
88351777
88351782
88351783
88351785
88351786
88351656
88351658
88351659
88351664
88351598
88351612
88351695
88351572
88351574
88351579
88351642
88351162
88351641
88351605
88351781
88352189
88352188
88352093
88352094
88352127
88352182
88352123
88352163
88352167
88352179
88352168
88352166
88352262
88352264
88352267
88352269
88352312
88352462
88352464
88352466
88352272
88352257
88352308
88351113
88351286
88351271
88351386
88351389
88355055
88355060
88355065
88351264
88351266
88356012
88358507
88358512
88358516
88358525
88358555
88358565
88358570
88358580
88358585
88358590
88358518
88358503
88358521
88352175
88358404
88351578
88359550
88351680
88352490
88350540
88359260
88357060
88354110
88353570
88355362
88356425
88358419
88359062
88350767
88355375
88356116
88359221
88353542
88357302
88356445
88357115
88355160
88357306
88354686
88352510
88359007
88359337
88351604
88354057
88354486
88355426
88356032
88356485
88350700
88352360
88353655
88357143
88359031
88351593
88359339
88356090
88359306
88356088
88350260
88359410
88353005
88354452
88354330
88352155
88355454
88359405
88357142
88350708
88356470
88356420
88356011
88359318
88359316
88356460
88356440
88359305
88359046
88352140
88356070
88359010
88352444
88355647
88358545
88355175
88353496
88350715
88355182
88355480
88354500
88351060
88350512
88351557
88351662
88357360
88351175
88353705
88352255
88350293
88352430
88351530
88354092
88355112
88354085
88357325
88357326
88357332
88357310
88357362
88357364
88357366
88357368
88357370
88357304
88357308
88357303
88357312
88357372
88352562
88358456
88356169
88355571
88356336
88359342
88353516
88353664
88353703
88354361
88356334
