88340413
88340332
88345054
88345158
88340732
88340550
88341079
88341819
88345231
88340551
88343232
88345176
88340530
88341532
88341064
88340473
88341820
88348711
88345801
88341817
88340720
88343239
88340004
88340680
88340750
88341200
88340179
88345036
88341598
88348840
88345605
88340604
88340305
88340712
88340236
88345650
88340696
88340422
88341040
88340389
88348083
88340428
88348086
88340600
88340386
88340170
88348380
88340496
88340419
88340323
88341073
88343412
88340070
88340353
88341148
88340728
88340155
88345021
88348210
88345551
88345085
88345780
88348080
88340146
88341075
88343237
88345569
88345566
88341577
88348134
88340058
88345811
88341795
88348690
88345113
88345134
88345500
88345155
88343229
88343235
88340392
88345024
88345810
88345067
88340269
88340356
88340542
88340350
88340245
88341712
88345596
88345515
88348143
88348526
88345680
88345548
88345080
88345782
88340638
88340610
88345541
88345137
88348053
88341700
88341601
88348607
88345509
88349175
88348410
88345527
88345741
88345686
88345530
88340752
88345602
88348365
88349165
88345791
88348141
88341804
88345707
88340624
88348189
88340533
88348144
88340052
88340010
88348001
88348006
88348050
88345060
88349153
88348127
88348062
88348104
88340464
88345542
88345563
88348128
88348146
88343226
88341188
88348523
88348056
88348101
88340404
88340377
88345823
88345245
88340218
88340248
88340368
88345723
88345587
88341191
88341595
88341190
88341789
88345824
88341596
88341212
88340545
88345540
88345590
88345503
88341015
88341821
88341240
88341256
88340263
88341055
88341170
88341574
88340548
88345816
88345808
88348030
88345033
88340684
88345506
88340077
88348270
88340359
88343223
88341792
88348089
88348119
88345805
88348592
88348837
88340296
88345025
88345247
88341006
88340401
88341197
88340007
88341136
88340616
88341145
88348276
88348098
88341300
88340714
88345668
88348132
88348693
88341074
88349159
88340347
88348696
88348213
88340227
88345057
88345143
88340230
88348065
88348107
88348077
88348374
88348237
88348375
88348092
88345704
88343249
88340281
88345701
88340314
88340320
88341067
88343252
88340290
88341508
88340254
88341512
88340073
88340485
88341575
88341592
88341185
88348068
88348216
88340700
88341244
88343238
88345809
88348222
88340494
88340448
88345800
88345807
88343816
88348261
88345147
88348009
88345233
88345505
88341262
88340470
88341085
88343855
88348219
88345698
88348192
88341173
88341012
88340253
88348071
88348360
88345539
88345560
88345518
88345140
88345572
88345533
88343242
88340704
88340075
88341524
88341076
88340416
88340061
88340440
88340365
88341203
88340482
88341604
88340338
88341049
88341570
88341024
88348156
88340239
88348130
88340064
88340055
88341052
88340371
88345750
88340612
88340688
88341133
88348125
88340476
88340067
88341798
88340233
88340206
88345006
88345200
88345182
88341095
88340539
88340491
88340308
88340326
88341818
88340443
88343244
88340182
88340410
88348059
88345554
88348116
88348095
88348603
88348595
88340293
88348139
88341815
88341589
88341093
88340760
88348003
88340001
88348225
88348186
88345659
88345695
88348026
88348708
88345692
88345599
88340362
88345683
88340708
88341134
88345235
88341783
88340341
88340395
88345747
88345738
88345729
88345152
88348207
88343220
88345656
88345785
88345689
88345030
88348195
88348153
88348162
88348562
88348163
88348159
88340299
88341246
88348113
88341020
88343247
88341516
88340716
88348165
88348843
88348382
88340756
88340260
88341504
88341046
88341058
88341209
88341194
88341703
88341090
88343251
88348228
88348180
88348015
88341810
88348231
88348204
88340692
88340317
88345170
88340242
88340805
88340176
88340143
88345039
88345167
88345227
88348174
88345593
88345786
88348405
88348547
88348408
88348496
88348402
88348279
88348580
88348550
88348411
88348499
88348835
88348414
88348502
88348417
88348505
88348628
88348517
88348583
88348504
88348625
88348568
88348586
88348831
88348393
88348390
88348503
88348619
88348426
88348420
88348508
88348631
88348855
88348396
88348678
88348686
88348399
88348429
88348858
88348616
88348432
88348435
88348756
88348438
88348816
88348705
88348750
88348813
88348819
88348441
88348444
88348571
88348447
88348450
88348828
88348544
88348490
88348493
88348825
88348538
88348535
88348541
88348267
88348532
88348511
88348674
88348832
88348577
88348574
88348506
88348834
88348682
88348529
88348606
88348514
88348423
88348613
88348622
88348702
88348833
88348852
88348822
88348810
88348507
88348670
88345677
88345744
88345521
88341785
88345543
88340224
88349156
88341824
88340620
88348565
88340329
88345806
88341583
88341179
88341709
88341816
88340149
88340212
88348849
88341003
88348520
88340275
88340311
88340383
88340425
88341000
88340434
88341001
88345753
88340284
88341500
88341139
88341580
88341780
88341192
88348243
88348598
88345018
88341027
88345653
88345665
88345045
88348601
88345584
88340467
88348198
88340736
88340209
88345042
88340173
88345581
88345662
88341043
88348018
88348021
88348012
88340608
88340335
88340215
88340167
88341787
88340479
88340398
88345512
88345146
88348370
88348074
88345243
88348699
88345173
88348234
88348610
88348240
88348249
88348246
88340251
88340221
88345223
88345802
88349154
88341260
88341252
88345674
88340606
88341586
88341176
88343245
88340140
88340452
88341528
88343103
88343690
88343834
88343400
88340456
88343445
88343433
88343425
88343597
88343447
88343118
88343588
88343440
88343406
88343402
88343874
88343127
88343806
88343121
88343455
88343804
88343452
88343814
88343401
88343802
88343774
88343591
88343106
88343462
88343858
88345048
88345164
88343465
88343446
88343449
88343102
88343443
88343568
88343427
88343706
88343772
88341022
88345051
88345161
88343580
88343698
88341536
88343742
88343862
88343473
88343437
88343104
88343718
88343467
88343415
88343470
88343722
88343840
88343460
88343869
88343694
88343468
88343583
88343854
88343867
88343702
88343726
88343458
88343730
88343099
88343734
88343714
88343809
88343857
88343710
88343738
88340455
88343124
88343576
88343586
88343241
88343405
88343409
88343830
88343609
88343573
88343846
88343838
88343850
88343109
88343570
88343578
88343464
88343475
88343105
88343339
88343442
88343581
88343436
88343421
88343859
88343740
88343115
88343842
88340458
88343466
88343870
88343112
88343872
88343403
88343812
88343469
88343800
88343584
88343807
88343818
88343866
88343811
88343851
88343101
88340774
88348145
88348150
88348168
88348556
88341706
88345536
88345557
88345608
88341025
88340764
88348846
88341826
88340444
88341061
88349899
88345027
88348559
88345756
88345735
88345720
88345671
88348252
88348258
88341070
88340780
88340257
88345179
88348201
88341215
88345524
88348273
88348264
88340461
88340374
88340488
88340449
88341142
88348110
88345814
88345820
88345787
88349162
88348177
88340164
88348255
88345732
88348122
88348171
88340724
88340302
88349157
88345063
88345149
88345545
88345075
88341248
88348183
88341009
88349170
88345251
88343240
88345239
88341206
88340161
88345726
88341801
88340158
88345575
88345110
88345578
88340380
88348604
88340152
88340446
88341130
88345070
88340344
88348385
88340437
88343243
88340287
88340431
88340079
88340266
88340278
88340025
88340536
88340407
88340272
