89460622
89465095
89466430
89462352
89462130
89460661
89466546
89466880
89466210
89460130
89462094
89462196
89466895
89462264
89460104
89462000
89460244
89460070
89460012
89460042
89460056
89466172
89462210
89464026
89462370
89462276
89460637
89464270
89466034
89466248
89466310
89466146
89466252
89466424
89462342
89464242
89466220
89460601
89460076
89460110
89462018
89462240
89462250
89462340
89464044
89466142
89466250
89466428
89464296
89466675
89460224
89466883
89466080
89462528
89460586
89460030
89460595
89462100
89466672
89460094
89466816
89464056
89466819
89466770
89462180
89462190
89462398
89462498
89466226
89466332
89460394
89466228
89462132
89465199
89462016
89462524
89462092
89464108
89466342
89460074
89462198
89462620
89464064
89466162
89460320
89464306
89466150
89462206
89462270
89464022
89460150
89460172
89460232
89466244
89462510
89462062
89465214
89460004
89464284
89464012
89464274
89464256
89465060
89465065
89465132
89465258
89466543
89460134
89462434
89466500
89466456
89466218
89466580
89466583
89460250
89460266
89460396
89462020
89460480
89460485
89460540
89460098
89462396
89466892
89465217
89466148
89466320
89466420
89466670
89462492
89460613
89460102
89462052
89465252
89462482
89462046
89460406
89466212
89460018
89460146
89460236
89462050
89462006
89460248
89460162
89460182
89460204
89464272
89466666
89460658
89466346
89466813
89466678
89466714
89464268
89460198
89465080
89464252
89460589
89465220
89466688
89465100
89462194
89460072
89462262
89464010
89466684
89464290
89466230
89464298
89464262
89464050
89464034
89464300
89460118
89462024
89464246
89466336
89462060
89462028
89460032
89465090
89460061
89462426
89464258
89465196
89460200
89466076
89466072
89466312
89466314
89466434
89466459
89466240
89466242
89466238
89466254
89460050
89460090
89460140
89466040
89466284
89464018
89464282
89464058
89462605
89464106
89460324
89462090
89460124
89460166
89460188
89462044
89460490
89462610
89466236
89466234
89466453
89460404
89462640
89462480
89460184
89462230
89462344
89460048
89460092
89460120
89462008
89460398
89464046
89460194
89462595
89466082
89460132
89466143
89462532
89462346
89462394
89466208
89466318
89466432
89464112
89460580
89466328
89464248
89460144
89460238
89465085
89460046
89460136
89460128
89460168
89460234
89462348
89464240
89464190
89464254
89460619
89466000
89462026
89466036
89464276
89464278
89464062
89464066
89464264
89460252
89460612
89460640
89460646
89462496
89462534
89460186
89460583
89460616
89465105
89462512
89464036
89464132
89464130
89466078
89466070
89464308
89462422
89460002
89464000
89464002
89464016
89466708
89460500
89462490
89466662
89460158
89466668
89464040
89466886
89462486
89464030
89462488
89462630
89462590
89462204
89460505
89466700
89466422
89466712
89464302
89460064
89462272
89462042
89462354
89466160
89466334
89460154
89460228
89462514
89462392
89465264
89465262
89460190
89465254
89462625
89466214
89462022
89460410
89460408
89465134
89465208
89466204
89462004
89460246
89462098
89462200
89462266
89464014
89464280
89464060
89465075
89462530
89462520
89460114
89460230
89460170
89460196
89460254
89466889
89466156
89466324
89466364
89460625
89460180
89460174
89460220
89460226
89462010
89460392
89466810
89460400
89462096
89466822
89460036
89460034
89464288
89466674
89466202
89462645
89466164
89460545
89462502
89464294
89460331
89466288
89466338
89466154
89466322
89466366
89464266
89460106
89460390
89460066
89462256
89460402
89460258
89462040
89460655
89465223
89466702
89466664
89460062
89462258
89462054
89462192
89465193
89464110
89462428
89462506
89460260
89464068
89464070
89466680
89466676
89460328
89462650
89460148
89466690
89462484
89466200
89460068
89465250
89465130
89466698
89466682
89460264
89465070
89460256
89460598
89460592
89460604
89462420
89464304
89460126
89460096
89460242
89462002
89466038
89460610
89465256
89466168
89462058
89460332
89466326
89466158
89466362
89460192
89460495
89466549
89460470
89460475
89466290
89466450
89466710
89466280
89466282
89465202
89466166
89462500
89460160
89460202
89466232
89466348
89466340
89460326
89462436
89460322
89465205
89460607
89462516
89466694
89466350
89466360
89466206
89466152
89466696
89464052
89462202
89462268
89464020
89462600
89460156
89460164
89460415
89462099
89462615
89460222
89460122
89460262
89460634
89466140
89466170
89466330
89462526
89464244
89460628
89466032
89466144
89465211
89462518
89460643
89462350
89466222
89460550
89462430
89462252
89462234
89460100
89460152
89466426
89460010
89464008
89462260
89462056
89464286
89465260
89464048
89460108
89462048
89462390
89466216
89466560
89462232
89460001
89462254
89464004
89469899
89462432
89462280
89462238
89462278
89464028
89464100
89466552
89466600
89466605
89466692
89462635
89466704
89466706
89460038
89466224
89460649
89466344
89466898
89466074
89466686
89460652
89460631
89466286
89466316
89462504
89460060
89460058
89460014
89460016
89464292
89460142
89460330
89464102
89464054
89460044
89460054
89460052
89460112
89460116
89462012
89462014
89460006
89464038
89466030
89462522
89466540
89464260
89466246
89464032
89464104
89464310
89465001
89465190
89464250
89466660
89462208
89462236
89462274
89464024
89462424
89460040
89462508
89460008
89464006
89464042
89462494
89460138
89460240
