89711500
89701076
89712114
89712210
89711016
89705220
89700101
89703886
89708359
89703861
89709079
89712240
89711896
89701822
89711549
89711542
89711520
89711525
89708143
89713078
89703297
89700210
89700204
89703181
89703279
89703432
89701462
89711064
89710111
89710064
89709132
89712122
89701138
89700246
89700164
89703030
89700393
89700319
89701064
89701242
89711488
89703868
89700218
89709336
89705540
89712226
89707018
89707079
89703512
89709899
89708188
89711196
89700069
89710128
89710061
89713118
89705260
89712218
89712062
89705068
89709074
89700153
89700310
89701000
89709033
89707393
89705113
89701414
89703012
89708234
89701883
89711226
89711246
89711572
89711490
89703151
89703472
89703482
89703484
89705084
89703294
89710131
89700521
89708317
89703016
89703246
89710314
89703882
89701066
89703504
89712232
89703133
89709160
89711840
89700244
89711292
89700194
89711068
89710242
89711212
89701297
89700462
89711166
89710222
89711890
89709156
89708012
89707091
89711204
89701160
89709144
89711403
89711594
89711596
89701491
89708272
89710324
89700128
89700126
89700124
89701054
89703002
89701090
89701129
89701091
89701130
89709136
89701877
89711080
89707434
89701236
89711120
89700240
89709138
89701362
89711660
89709054
89708286
89700166
89703781
89711046
89705119
89703653
89710196
89711052
89711058
89705442
89705128
89710190
89710119
89707230
89711618
89711462
89711810
89709318
89711740
89713070
89711198
89701873
89700331
89701318
89703440
89711090
89701008
89709339
89708411
89703860
89709262
89701048
89710073
89708420
89708070
89708084
89710052
89703650
89700057
89708892
89708268
89709083
89712050
89701378
89713190
89703705
89701058
89711240
89705473
89701400
89707402
89708898
89710198
89705272
89705143
89707112
89700007
89700005
89710890
89711244
89712060
89700120
89703000
89705000
89700061
89700097
89703145
89703148
89703210
89703213
89703360
89703350
89703550
89703580
89705486
89703670
89705515
89703710
89708308
89709174
89701006
89705056
89705116
89705208
89705480
89700366
89705082
89701046
89709112
89700260
89708204
89701142
89711234
89703448
89707180
89711262
89703022
89700450
89708415
89703655
89703490
89701078
89712214
89712074
89711018
89703786
89703894
89708356
89711478
89712118
89703863
89703883
89709078
89708092
89701127
89711897
89701820
89711544
89711536
89711521
89711526
89709155
89713080
89703864
89703434
89703169
89710070
89705044
89705050
89705454
89713005
89700640
89711002
89708242
89703068
89710122
89708371
89701292
89700456
89701062
89705064
89701885
89711238
89703312
89708050
89708077
89701040
89708419
89708184
89711042
89709348
89708066
89705568
89705210
89708144
89703364
89710332
89703072
89712270
89713120
89713160
89703324
89701060
89712076
89707168
89711778
89703892
89708362
89711474
89708164
89701826
89711550
89711535
89711522
89711527
89709153
89713081
89712160
89703866
89707343
89701600
89700489
89703200
89711700
89713000
89703370
89703506
89707094
89700480
89700477
89703172
89709312
89708196
89703090
89711578
89709342
89709072
89708276
89712234
89703243
89707021
89712243
89707052
89708400
89707058
89700465
89703784
89700130
89701042
89701086
89701087
89701110
89709152
89701545
89701034
89700150
89709268
89703222
89700228
89701382
89711830
89710016
89700047
89707024
89707040
89703154
89709130
89708330
89705214
89705402
89703359
89703376
89710031
89708332
89708304
89711350
89708118
89709164
89709896
89700027
89711260
89701298
89700471
89705048
89700522
89708062
89707056
89708182
89710328
89708298
89707364
89701315
89711470
89701396
89708302
89701398
89707361
89703142
89712230
89708134
89700085
89700083
89700089
89700087
89700178
89712236
89703006
89703010
89705520
89710312
89703249
89711346
89708422
89708266
89701140
89708198
89708380
89701120
89701074
89703660
89701082
89703890
89708365
89711480
89712163
89701125
89712245
89701824
89711552
89711537
89711523
89711528
89709157
89713082
89707090
89710322
89711503
89710300
89712084
89705459
89709234
89711774
89712216
89701018
89703880
89708053
89700459
89700174
89700172
89700003
89700001
89700055
89700053
89707015
89711492
89711286
89711658
89709357
89708280
89707164
89700160
89703071
89703134
89703496
89703590
89712092
89703820
89701366
89701450
89700023
89700025
89700075
89700073
89711060
89701406
89711782
89711468
89705471
89712166
89712080
89711208
89705280
89703888
89708353
89701828
89711554
89711538
89711529
89709159
89701879
89703770
89711082
89712082
89708284
89705467
89700262
89708300
89701248
89705122
89703175
89705470
89700190
89711078
89700224
89705528
89703028
89701454
89703862
89705556
89708250
89701004
89707390
89711334
89703086
89708318
89711220
89703774
89711595
89703884
89703288
89708054
89705226
89703185
89708315
89709070
89708262
89703372
89708258
89703183
89710019
89712130
89710116
89709080
89709039
89713050
89700043
89709110
89700325
89703018
89711076
89700188
89703870
89712228
89712172
89711164
89705282
89701889
89709161
89705264
89713155
89713040
89700635
89713030
89700630
89709010
89700029
89709893
89711786
89708052
89703160
89708410
89709366
89709360
89710025
89701080
89701239
89701810
89701550
89709166
89705450
89711190
89708896
89708018
89708145
89705457
89710043
89710320
89710310
89703052
89710316
89711482
89709330
89701098
89701230
89703219
89708254
89710197
89712010
89711870
89700390
89703876
89701233
89708246
89709148
89707358
89705234
89701887
89701865
89708186
89708010
89705074
89711086
89711074
89708232
89712175
89705276
89701881
89709163
89711122
89707399
89712224
89701050
89703442
89711484
89700148
89701036
89701126
89700486
89705268
89700364
89703695
89703100
89710306
89701245
89705262
89701254
89701012
89700079
89700077
89700017
89700019
89710034
89710896
89710110
89710046
89712058
89701299
89708078
89700242
89703034
89709012
89709236
89703309
89703494
89709351
89709134
89703600
89712220
89708200
89711600
89708405
89703255
89707076
89703261
89701416
89707046
89705270
89710194
89711222
89709042
89705469
89709154
89711012
89710159
89700138
89700051
89705218
89707012
89712169
89712088
89711236
89705448
89709165
89708240
89700524
89700252
89703014
89709314
89700472
89708009
89709230
89701070
89700180
89711224
89707003
89700526
89700254
89711602
89710318
89709308
89701410
89708236
89703665
89711295
89711214
89703074
89708114
89708192
89712178
89703797
89705476
89703704
89700411
89707346
89703795
89705532
89711680
89711770
89712042
89711780
89710040
89708015
89705236
89700202
89709076
89708290
89707340
89708140
89703273
89709150
89708162
89708136
89700198
89709316
89707298
89713194
89708190
89708260
89701132
89712244
89701888
89710010
89710067
89709048
89712126
89700031
89709891
89700037
89709002
89712090
89703252
89703306
89710028
89707006
89701869
89700500
89701321
89705142
89705080
89705475
89701392
89711604
89708138
89701251
89708326
89711466
89703076
89701167
89701412
89707294
89711597
89705478
89703444
89707292
89710150
89705066
89705238
89700013
89711000
89709158
89701370
89701134
89700192
89701144
89701072
89711504
89701380
89711506
89705060
89701056
89705062
89711502
89700021
89705042
89705145
89705150
89705086
89705222
89705054
89708055
89700280
89701290
89711072
89708110
89711056
89700396
89709045
89708383
89707156
89705076
89709151
89700146
89708292
89709095
89703874
89700142
89710037
89703872
89707302
89707070
89709146
89700214
89700091
89711210
89701092
89701033
89700152
89700256
89711192
89709051
89703216
89711006
89711772
89707000
89705040
89707007
89703163
89707144
89700099
89703620
89705052
89700059
89703680
89711420
89700385
89700154
89703878
89711289
89703092
89708003
89708209
89705130
89708390
89707103
89712056
89711720
89705212
89712086
89707106
89709372
89708194
89712068
89711194
89707225
89705536
89705465
89700093
89703267
89711874
89700009
89710898
89711008
89700184
89711040
89712064
89700402
89711464
89711249
89711476
89713198
89700177
89700176
89711043
89711015
89711014
89710153
89710154
89709184
89710380
89709092
89700122
89703024
89701360
89712054
89711820
89705284
89701016
89711283
89700011
89708056
89711472
89701014
89708208
89701404
89701540
89703315
89703276
89711206
89707235
89710304
89703790
89707086
89700334
89701860
89703179
89705140
89707009
89711232
89700328
89707290
89711574
89708238
89705474
89703438
89701305
89700049
89711070
89711050
89710165
89707405
89711298
89703026
89703070
89709266
89705232
89711730
89711228
89701402
89709232
89711124
89700405
89705072
89711218
89701131
89703291
89707082
89711750
89713075
89710326
89708288
89703240
89703264
89708057
89708060
89708072
89700226
89703080
89703510
89709006
89709008
89709019
89709028
89709030
89701032
89712078
89711606
89700035
89700033
89709890
89710113
89705446
89705548
89701493
89710330
89701368
89700284
89711004
89703368
89701313
89703004
89701094
89705444
89705125
89700081
89705468
89701871
89712134
89707220
89710162
89708274
89711498
89701044
89710125
89701257
89708426
89712124
89707396
89710076
89709036
89708252
89709004
89709162
89700063
89700065
89700170
89700168
89700158
89700156
89700266
89700267
89701420
89705544
89703500
89703436
89703514
89705462
89711508
89701002
89700313
89700182
89709345
89705552
89708282
89711010
89701068
89703050
89701293
89703362
89708324
89713175
89711354
89701490
89708278
89701260
89701364
89707355
89701386
89701084
89700144
89710058
89700399
89705464
89708210
89712052
89707042
89711202
89705230
89708051
89701291
89709300
89709270
89701388
89708248
89700045
89707027
89711876
89707160
89703300
89703374
89708206
89711582
89711586
89703380
89705105
89700453
89701408
89709114
89711044
89711496
89705046
89712212
89705456
89710226
89700071
89700362
89710156
89711048
89711066
89710302
89708336
89701030
89711850
89703082
89709310
89700136
89700322
89705070
89703386
89700134
89703064
89705560
89710013
89709005
89703032
89703430
89708264
89703366
89703486
89708368
89708338
89707085
89711580
89703480
89707087
89707033
89700132
89700133
89701053
89701052
89701302
89709000
89703885
89705058
89707432
89709264
89700248
89711510
89711088
89711872
89712128
89700230
89711084
89703088
89710195
89711494
89703782
89710214
89700250
89707215
89707148
89703258
89703508
89710049
89708322
89703318
89703492
89700559
89700553
89700550
89700562
89700556
89711248
89700282
89711610
89703285
89710022
89708350
89709068
89708270
89703321
89710308
89703020
89708158
89707073
89710218
89709142
89707408
89701296
89709369
89700222
89703130
89700220
89713200
89710193
89711230
89705466
89707240
89703008
89705228
89701422
89701390
89703470
89703498
89703488
89711576
89711062
89710206
89710894
89700483
89700474
89701165
89707089
89711200
89701088
89700067
89700095
89703078
89701128
89708256
89707152
89703476
89703474
89712040
89711652
89710210
89708329
89700335
89711342
89711654
89711216
89708116
89703096
89703783
89708387
89703058
89705440
89711242
89709238
89715899
89703382
89708413
89709240
89707300
89703446
89712072
89709304
89703166
89709333
89703881
89701418
89700408
89711160
89703780
89703720
89703610
89708894
89708006
89708230
89700162
89701875
89701136
89703516
89703270
89709172
89710202
89703389
89711612
89711162
89703139
89711710
89701038
89712013
89711878
89705224
89705110
89703700
89700316
89705266
89701494
89708244
89705524
89708334
89708335
89708132
89707218
89711584
89708160
89708202
89707050
89701394
89707109
89707048
89700264
89700258
89711280
89711279
89711460
89711570
89711650
89711690
89711880
89711760
89708068
89707054
89701492
89708082
89700212
89701886
89703896
89711486
89703718
89703502
89707352
89707349
89703136
89705472
89705482
89705452
89703715
89700468
89701372
89708417
89703282
89703478
89709242
89708296
89705278
89703690
89703054
89708385
89709363
89708080
89708076
89708074
89708088
89708086
89708310
89703094
89707097
89708064
89708320
89712222
89705458
89708180
89703773
89711338
89703585
89703177
89700519
89703157
89705564
89703384
89707176
89708294
89703066
89703056
89708130
89709089
89711250
89703062
89703060
89712066
89711440
89711330
89707172
89712110
89705078
89710055
89707430
89703303
89701458
89703098
89701010
89701096
89709170
89705274
89700140
89700196
89708328
89708306
89709168
89700200
89703495
89709306
89711054
89707036
89701384
89712016
89708112
89707100
89709140
89707088
89707296
89709354
89708142
89700360
89705400
89709086
89707178
89711608
89705484
89700216
89710230
89712070
89700623
89700620
89700039
89700041
89708890
89708000
89707030
89708061
89707044
89707140
89707141
89707211
89707210
89707270
89707310
89705216
89700626
89703084
89700015
89710892
