88813758
88805455
88808530
88817370
88816825
88806130
88806380
88802060
88809030
88818628
88803510
88812318
88811825
88811270
88815365
88816152
88803340
88801160
88811350
88813340
88811115
88817552
88816842
88803088
88811360
88817376
88810280
88815154
88804560
88816749
88816715
88819688
88807272
88806592
88816272
88805763
88805248
88813664
88815015
88812363
88818140
88813321
88805465
88812874
88819469
88815164
88816765
88804410
88813346
88812498
88818346
88818066
88818090
88802195
88808052
88816743
88816705
88803060
88803337
88802206
88803061
88804420
88804190
88802325
88816122
88816018
88818215
88807643
88807094
88806783
88811811
88817675
88817125
88816108
88815349
88802310
88813395
88815695
88811432
88813566
88818695
88816128
88813020
88812430
88819206
88818342
88810823
88819763
88819515
88819137
88809038
88818645
88812852
88804576
88805784
88819720
88819140
88812352
88814515
88818030
88811242
88807215
88807167
88807610
88814592
88819030
88816262
88816735
88807065
88807085
88811813
88807450
88816500
88818455
88818620
88811816
88817650
88811140
88806370
88805777
88817060
88806053
88807092
88816844
88818825
88810579
88810543
88819027
88801630
88817623
88812855
88813676
88812495
88817643
88816739
88810472
88805110
88806630
88816719
88815609
88815050
88804250
88805555
88804200
88809160
88809050
88810255
88801605
88810407
88819142
88819103
88819290
88819025
88802375
88802015
88806669
88807170
88812643
88804657
88804766
88816217
88819108
88817490
88809300
88807274
88818580
88811212
88806810
88807641
88811246
88817043
88813300
88819203
88815362
88806278
88803155
88813113
88818277
88817505
88811817
88804768
88812853
88807420
88809346
88818311
88803601
88816015
88807209
88817108
88807093
88813363
88803640
88811216
88812769
88810485
88806582
88803495
88805710
88816223
88817480
88815333
88816301
88810542
88806594
88817123
88806326
88818312
88806634
88816455
88805541
88804661
88808105
88810612
88817305
88807204
88817515
88817460
88818635
88818622
88801660
88810710
88813220
88805246
88810404
88818340
88818795
88811725
88811670
88810495
88806303
88807414
88812460
88815220
88817620
88803583
88804020
88817315
88818220
88818690
88812420
88810652
88810154
88805750
88813679
88804145
88804360
88810825
88807621
88815188
88818804
88812630
88801020
88810210
88812771
88804535
88809250
88816519
88812767
88817465
88817582
88811306
88805510
88816505
88806345
88801440
88811040
88815350
88817220
88816260
88806302
88808230
88801018
88801470
88811765
88805228
88813548
88813099
88813115
88818551
88815425
88815380
88810402
88813013
88817310
88817405
88810575
88805797
88808320
88813715
88813630
88816733
88812470
88813620
88813610
88813292
88813585
88812496
88816350
88816060
88816352
88816195
88816870
88816295
88813549
88808350
88805610
88811503
88816210
88817300
88815516
88815550
88806046
88813118
88807208
88816120
88811810
88806425
88806796
88804160
88812765
88802500
88811130
88815045
88802620
88809466
88812869
88812875
88808120
88818572
88812865
88806494
88813581
88803158
88807080
88814594
88806005
88807460
88817116
88816005
88812003
88818170
88806124
88806833
88813686
88819775
88818815
88819021
88817451
88817450
88818060
88818345
88810016
88815260
88813592
88812845
88815531
88815515
88815514
88805577
88818467
88805538
88806405
88810039
88816216
88804730
88804510
88815324
88819486
88810602
88817020
88815152
88817072
88816242
88819472
88813710
88818520
88817140
88819650
88810470
88816450
88818650
88818646
88818271
88819001
88810436
88810530
88812861
88819100
88818184
88818116
88815367
88809260
88809400
88804220
88809070
88806097
88810541
88809344
88812867
88812735
88808046
88812715
88813160
88810230
88816515
88816225
88801600
88815400
88809115
88816830
88811455
88819130
88811830
88805470
88805532
88805808
88806330
88810560
88819450
88810499
88813584
88815007
88802570
88810322
88817402
88804100
88801460
88807087
88802220
88818570
88815208
88806231
88813136
88816254
88813625
88812785
88816100
88816003
88810201
88811145
88810547
88810105
88810598
88810035
88804830
88807625
88808275
88811720
88818296
88811528
88810010
88819471
88808014
88816238
88815196
88818704
88806803
88804820
88804155
88816373
88804655
88811170
88803250
88803342
88804349
88804496
88805150
88813233
88818696
88804030
88802410
88807163
88819476
88818273
88816280
88817362
88818314
88811075
88811630
88806300
88807224
88806785
88805804
88813366
88812637
88813360
88811520
88809405
88810405
88817240
88806813
88809210
88809287
88801016
88808540
88816751
88813178
88803143
88816458
88810490
88810526
88816513
88815358
88809025
88802670
88812787
88811560
88817491
88812492
88806603
88819265
88810590
88802550
88819073
88818830
88817330
88812641
88812790
88807620
88806133
88813583
88813225
88804512
88804630
88806596
88804280
88805680
88802250
88802249
88809140
88810265
88816502
88818630
88818284
88818627
88804727
88816274
88817695
88817693
88817698
88817680
88817690
88817685
88817683
88815412
88814050
88802560
88811436
88813120
88808330
88813190
88809275
88811434
88815414
88805120
88809283
88807631
88809472
88812878
88803040
88815175
88819481
88818679
88806095
88807090
88818743
88810422
88815600
88809386
88811110
88818440
88818243
88803353
88804583
88815369
88807431
88809482
88815343
88815605
88810810
88810489
88809333
88813652
88805075
88801260
88806312
88806774
88812877
88802650
88805764
88805230
88804596
88803310
88806608
88805443
88805325
88815056
88802170
88802360
88805355
88805245
88811426
88805620
88813343
88807270
88809090
88807165
88816834
88806140
88816746
88816710
88804729
88815640
88812600
88812651
88812550
88812740
88802270
88803130
88811450
88819138
88807110
88818680
88812751
88805775
88806350
88813569
88804320
88816523
88805713
88814583
88816828
88810140
88813810
88815670
88813808
88803320
88804598
88803326
88803080
88803081
88816234
88815406
88812729
88815231
88807175
88801650
88805730
88813280
88815120
88807613
88810240
88810415
88808142
88818341
88818010
88818810
88819070
88819259
88813370
88804702
88807436
88813410
88804586
88803270
88808070
88818555
88805125
88809035
88807650
88817506
88805080
88811010
88813765
88812804
88812851
88813681
88811745
88808392
88816360
88802100
88817540
88811247
88811770
88802225
88816256
88802260
88807202
88819280
88810510
88806610
88806311
88806800
88807218
88809220
88802302
88802180
88813230
88813234
88802400
88816236
88806688
88813650
88805778
88817425
88818135
88808382
88811424
88811425
88818368
88818682
88802210
88810268
88801610
88818167
88818108
88805793
88816290
88817051
88805640
88805000
88809000
88809301
88813095
88811701
88811501
88816215
88813325
88801001
88801000
88804000
88815001
88815000
88815202
88802000
88802405
88804001
88802502
88818112
88806685
88818111
88802150
88816252
88808375
88816103
88808083
88807105
88818691
88807043
88810400
88806440
88803352
88817056
88818553
88807276
88806450
88807271
88812323
88810532
88812458
88802252
88818670
88808010
88812423
88801035
88806822
88803425
88809320
88806801
88810570
88806500
88806290
88806581
88811518
88815140
88813055
88802380
88809358
88812381
88808370
88816145
88816768
88805630
88802243
88816836
88815580
88812812
88812720
88813830
88813860
88812752
88811550
88811713
88814610
88813177
88813500
88816229
88813530
88815630
88805787
88810650
88810130
88806632
88803145
88819090
88819013
88808260
88816110
88815329
88808082
88807045
88805135
88805783
88810083
88810075
88805010
88813378
88809273
88819114
88801003
88816248
88818684
88813755
88802471
88802600
88810455
88818557
88817503
88806837
88805055
88801110
88804515
88803602
88810205
88806063
88812810
88810831
88816300
88817113
88808265
88818363
88810203
88805813
88815570
88817150
88815076
88814563
88805270
88815510
88815237
88814012
88817625
88818015
88804153
88813315
88818473
88807422
88806175
88810658
88810565
88816305
88802080
88804050
88805370
88819110
88802010
88801210
88813425
88813730
88818274
88803630
88802480
88803343
88803440
88810539
88810326
88814010
88812410
88812401
88815320
88819227
88813313
88806795
88803156
88803135
88819245
88817047
88808110
88806599
88818678
88816477
88803150
88804337
88804495
88811320
88814565
88817085
88813692
88811214
88815323
88818164
88812360
88808550
88819135
88810202
88813050
88812856
88809289
88809230
88818158
88809476
88818470
88811218
88819263
88810583
88802462
88815372
88812639
88812371
88811762
88812670
88818832
88807246
88818286
88812505
88809255
88818166
88810030
88819483
88812409
88817493
88804719
88803585
88813430
88817057
88804776
88803618
88806588
88807070
88818295
88818275
88817630
88810070
88809028
88801635
88810260
88808065
88804120
88809215
88816202
88819026
88807273
88803260
88804338
88803332
88813551
88806266
88803430
88818647
88804579
88807446
88815030
88806693
88802660
88804480
88804032
88819620
88805565
88816213
88813452
88813250
88815065
88815340
88819510
88810830
88810520
88815055
88815180
88811135
88811264
88819007
88816820
88805445
88811420
88818133
88818689
88806791
88817270
88815163
88801640
88810220
88812755
88817117
88808041
88804460
88812795
88806640
88813740
88805819
88808222
88810050
88812640
88811211
88811506
88810172
88819820
88811845
88806639
88806056
88816237
88817677
88805236
88815517
88815593
88817120
88817320
88817218
88811504
88801240
88812365
88804570
88818136
88809330
88818300
88813334
88818325
88802590
88804790
88810215
88801670
88804700
88808388
88807476
88803520
88819210
88817610
88808045
88807648
88817755
88804590
88810645
88806818
88807230
88801400
88810549
88810150
88818542
88809343
88815363
88816186
88804390
88816284
88819479
88816192
88817107
88801040
88813195
88818279
88803605
88813547
88813135
88807235
88812395
88810453
88804774
88812415
88811050
88818160
88818820
88818355
88813670
88806825
88818075
88818100
88818102
88817358
88818560
88805700
88805515
88817050
88817560
88807644
88807619
88810500
88801420
88803324
88804545
88803420
88811850
88807472
88811640
88818250
88817380
88813815
88803133
88807210
88809105
88818625
88818569
88810801
88817111
88817205
88806687
88806695
88807145
88814005
88812885
88811055
88801320
88813672
88811835
88818626
88803588
88813510
88815060
88815075
88802603
88807442
88806020
88815410
88811730
88815072
88804534
88809345
88805605
88809040
88810315
88818188
88809468
88809460
88806615
88808278
88817354
88818080
88810085
88810475
88807609
88811225
88803612
88813323
88818288
88808240
88802090
88817055
88816138
88812385
88809387
88819273
88806050
88801500
88805320
88805217
88805752
88805210
88801014
88804440
88804680
88808135
88815160
88812632
88815300
88815318
88812803
88805523
88810538
88805542
88816348
88810496
88816154
88816511
88811428
88811429
88813185
88813210
88807140
88811530
88812759
88802120
88811575
88814593
88808080
88805570
88818698
88807474
88813082
88813560
88811422
88811423
88805660
88811243
88810725
88806617
88811755
88811660
88818185
88804533
88804670
88813240
88809430
88818677
88815250
88805789
88810219
88804130
88806575
88805180
88805755
88805238
88816013
88806789
88811193
88813350
88817510
88812862
88813675
88811470
88818561
88807470
88815198
88808056
88802040
88804272
88818410
88814013
88802390
88802490
88815590
88815513
88818282
88811820
88801010
88809052
88804010
88801025
88819260
88808030
88816730
88818285
88812314
88808007
88816800
88815073
88815010
88819112
88818692
88805247
88801300
88811092
88801315
88810160
88806318
88818230
88819085
88819060
88806284
88804330
88806601
88809280
88812428
88810040
88815070
88808016
88811233
88816212
88810340
88810204
88810206
88818540
88805208
88805260
88810068
88801468
88816148
88815330
88816462
88805413
88811570
88815690
88814512
88809481
88819243
88812883
88818050
88813700
88818668
88819127
88819123
88807185
88813285
88817615
88817600
88803480
88815167
88803157
88803335
88810168
88811740
88815232
88815650
88811245
88811710
88815526
88817646
88819124
88819146
88805025
88803660
88808380
88816355
88806460
88819121
88819133
88817058
88815370
88810655
88818454
88811473
88817485
88816750
88803362
88818602
88805810
88815354
88817118
88816246
88801130
88805754
88815356
88815620
88801150
88819478
88812005
88805400
88805505
88805323
88805216
88807206
88804656
88819079
88804517
88804650
88802503
88804717
88806049
88818366
88818180
88817255
88817074
88815342
88805536
88808019
88818262
88809032
88814507
88808009
88818643
88816363
88813420
88803020
88809274
88819680
88810360
88807083
88801540
88817280
88811210
88817504
88810162
88806410
88811433
88813572
88810235
88819116
88817041
88803587
88817331
88812320
88813545
88805600
88808017
88808132
88804340
88812490
88818465
88806415
88818746
88816240
88814606
88810484
88817420
88809350
88806773
88806700
88808333
88818485
88805806
88806340
88805205
88804592
88803290
88815502
88810561
88818653
88819080
88807617
88805365
88811412
88807095
88808073
88817044
88803590
88818110
88806715
88806100
88810372
88816474
88803680
88806072
88818618
88817002
88815566
88806631
88804582
88803220
88818740
88810156
88801305
88811500
88812425
88807640
88816755
88817340
88819200
88812757
88806496
88816221
88808122
88806471
88810715
88819015
88808310
88817110
88806313
88807478
88806328
88810477
88807242
88818276
88812368
88810432
88807244
88810585
88817332
88819119
88806605
88802354
88806792
88806307
88818835
88818430
88804720
88804511
88807645
88815564
88818663
88817129
88808245
88819485
88805190
88808270
88815210
88804710
88802320
88818293
88803665
88816783
88815565
88818460
88806103
88816258
88805440
88806790
88819033
88809474
88815371
88805102
88812727
88801530
88810020
88809029
88817040
88806306
88810090
88808225
88817053
88817400
88812398
88816219
88818535
88812873
88803625
88807219
88806120
88806799
88816211
88809510
88815190
88811133
88805760
88805258
88805220
88812868
88817350
88817492
88810120
88802540
88813684
88801050
88809034
88814560
88819518
88803454
88801230
88806830
88802200
88803000
88803355
88803607
88803001
88813305
88805816
88809190
88809303
88809484
88817160
88807623
88806710
88813450
88803010
88802202
88813390
88811300
88812404
88819670
88806473
88818114
88814551
88807401
88814201
88807601
88805350
88814202
88814552
88807400
88807600
88806075
88801520
88811070
88806286
88804840
88808210
88806082
88808520
88806613
88809062
88818020
88804034
88818640
88816010
88819244
88817495
88802140
88806633
88806815
88813310
88810239
88813558
88818623
88818450
88819250
88816745
88810492
88807604
88808500
88805040
88812631
88806562
88804170
88811263
88802240
88810527
88819144
88819120
88801680
88809478
88818344
88818062
88818414
88811250
88806068
88818840
88802145
88812858
88808315
88811515
88811120
88818681
88813666
88817640
88814205
88812305
88812504
88812794
88817124
88812780
88815048
88810038
88818305
88802355
88806558
88809420
88813520
88809130
88812876
88806289
88812863
88805060
88818290
88812857
88810720
88813415
88817378
88818168
88807150
88817030
88802520
88810218
88817290
88817656
88806577
88817520
88816218
88813655
88819102
88819029
88819292
88811244
88818629
88819690
88818550
88812680
88818292
88819795
88806273
88804230
88812507
88817422
88817670
88816220
88812475
88816232
88803359
88806066
88804772
88808060
88815280
88810305
88811090
88808358
88817010
88812511
88812844
88805550
88818693
88812400
88812480
88817497
88809370
88809100
88810080
88807155
88817180
88818530
88811060
88808012
88818610
88806665
88819232
88819129
88802340
88818118
88809455
88808075
88806309
88816716
88808054
88810450
88813556
88806080
88806776
88810434
88819111
88819143
88815177
88815270
88817230
88817190
88813025
88815338
88807444
88811760
88812493
88808570
88809425
88806135
88813813
88818320
88817250
88816470
88801013
88818700
88804588
88803280
88801304
88811235
88811022
88811000
88807416
88807178
88806590
88813435
88819118
88810200
88810421
88810005
88810062
88812361
88809415
88817374
88816031
88816135
88806718
88811221
88811540
88811290
88809360
88811410
88809410
88811430
88811431
88803550
88810403
88818654
88819040
88809485
88819686
88813440
88807062
88801430
88801311
88811030
88811048
88806555
88808250
88802330
88808133
88816460
88807147
88808090
88807060
88813312
88806034
88805802
88811578
88811223
88811600
88802315
88809221
88812860
88813580
88812872
88808130
88813236
88802280
88806667
88805782
88818120
88810159
88818676
88818742
88806620
88807158
88806705
88806115
88816525
88808078
88808129
88807138
88819014
88816803
88803560
88814540
88810837
88815235
88805219
88805762
88805223
88805170
88805138
88806048
88806240
88810467
88806480
88805585
88818240
88803570
88815265
88815693
88803594
88815335
88816205
88812472
88816200
88807603
88816190
88816846
88818480
88806024
88806070
88807430
88813335
88813320
88819230
88816105
88809483
88804803
88818330
88808220
88810060
88817048
88809470
88805815
88806782
88805545
88807418
88813392
88808395
88808100
88804600
88819258
88805779
88802020
88804005
88818559
88817408
88811807
88804577
88809353
88818600
88815611
88812501
88805520
88803330
88806165
88805530
88813075
88803530
88815047
88809047
88817507
88817530
88805414
88817115
88807008
88809390
88805203
88805280
88804575
88810332
88814014
88810208
88819695
88806294
88809257
88809310
88810165
88811198
88818270
88818283
88817383
88810374
88812753
88810808
88811833
88810790
88803323
88804541
88816275
88814015
88806365
88817000
88810350
88817345
88809395
88817299
88817603
88817045
88809015
88809385
88817404
88813470
88805786
88811310
88808123
88808600
88803610
88808040
88818130
88819660
88819050
88818070
88810540
88811495
88804370
88806637
88817655
88816000
88803471
88816775
88816701
88816351
88812351
88812001
88803595
88812350
88816700
88812000
88803615
88816510
88803365
88816776
88803470
88812407
88808580
88806642
88816752
88816720
88817119
88817103
88812761
88804530
88804531
88804537
88803597
88813105
88813110
88813125
88804310
88811087
88817325
88816019
88808050
88813100
88816517
88805410
88807197
88807236
88806598
88805526
88810312
88819730
88819201
88812503
88817516
88811445
88812763
88819035
88819600
88807480
88808263
88811502
88813400
88806804
88813705
88807646
88801155
88812859
88816230
88815005
88818335
88804040
88817550
88810802
88813688
88819790
88818280
88819000
88819275
88819145
88818235
88816214
88819031
88801005
88805791
88806771
88818040
88813640
88806090
88810620
88807166
88805544
88819117
88816208
88812750
88815096
88815312
88815040
88806271
88803455
88808325
88818500
88804260
88812499
88803325
88817012
88811610
88812342
88801510
88806641
88816113
88812393
88813522
88805450
88806045
88811196
88806635
88815505
88804536
88817545
88811532
88801100
88816270
88815327
88806712
88810158
88816286
88804715
88810152
88813128
88812509
88813338
88812477
88805244
88808124
88807173
88817105
88813622
88818350
88810833
88817225
88813674
88810568
88806779
88812466
88803153
88806244
88818104
88807098
88811220
88818687
88815373
88813552
88807267
88818063
88809340
88816503
88811457
88809027
88815328
88810564
88817210
88810803
88817211
88816725
88818556
88819122
88819128
88818289
88819017
88806025
88807193
88806482
88807269
88806035
88810401
88811266
88818726
88815233
88815610
88810700
88817389
88809407
88816228
88817200
88810270
88815344
88817364
88818683
88809063
88812402
88812866
88805535
88818644
88810164
88816265
88810250
88811510
88813690
88811200
88811201
88807615
88818106
88804240
88804690
88808018
88815314
88810551
88812494
88817494
88806022
88807216
88810537
88818200
88819299
88819018
88805547
88813376
88808139
88806074
88816140
88813646
88806054
88804574
88809281
88809200
88805107
88805070
88805360
88805415
88801220
88806600
88804470
88809060
88818525
88805552
88815205
88817130
88815540
88802530
88803628
88805546
88807133
88810534
88815364
88818619
88803422
88817641
88815518
88816257
88810245
88805300
88805085
88805357
88802230
88803160
88804347
88804499
88815234
88806400
88815334
88815345
88810460
88815100
88815532
88815203
88801030
88818169
88817500
88817658
88817585
88817467
88815200
88815385
88816118
88816020
88803478
88815165
88815415
88806173
88804620
88806078
88805020
88815326
88813040
88813030
88815063
88804581
88811715
88808575
88805776
88806360
88805575
88802505
88802475
88814589
88807211
88806845
88806808
88815336
88801307
88811020
88811021
88810378
88811650
88808390
88804400
88802214
88818702
88814506
88811085
88810522
88812653
88812650
88818833
88816222
88818722
88812417
88813165
88811224
88811620
88811721
88811545
88819106
88805799
88814604
88805083
88808011
88809412
88804725
88811809
88810835
88818281
88809285
88801505
88807194
88805785
88805249
88808502
88819131
88805030
88803620
88817070
88813557
88810569
88804740
88803613
88803361
88805715
88804721
88812792
88803050
88803051
88804333
88803334
88818287
88813290
88805753
88810525
88805578
88805602
88813175
88816512
88817328
88810110
88810545
88810064
88806287
88817590
88816723
88812310
88807050
88810412
88812725
88807055
88810330
88818621
88818648
88802673
88810438
88811460
88810308
88818073
88817375
88805265
88810420
88816247
88812382
88811080
88805548
88805533
88812854
88812316
88806470
88819755
88819071
88818585
88816150
88815215
88816498
88818558
88809500
88804723
88816550
88819770
88802460
88819010
88803589
88819105
88809150
88801620
88819008
88804758
88807241
88810310
88812846
88813582
88815530
88818708
88815355
88805781
88805615
88807006
88802507
88810546
88810355
88812391
88804110
88807010
88802130
88804580
88811190
88807198
88805540
88812476
88811219
88811590
88819475
88811699
88813355
88811700
88813000
88813235
88804060
88804806
88808081
88807100
88810342
88815074
88816748
88803148
88811405
88812700
88811855
88813762
88813800
88812850
88805780
88810320
88806824
88812786
88804665
88807192
88817059
88810166
88808020
88818675
88808510
88818225
88808015
88811719
88811655
88806018
88804780
88811280
88802510
88806725
88806683
88812730
88802110
88803170
88814581
88816832
88816370
88808384
88811095
88801350
88804750
88815170
88806052
88818824
88811750
88813065
88813045
88814740
88814553
88807635
88805380
88817430
88807012
88816276
88806619
88806047
88804585
88811240
88813015
88810267
88809045
88810640
88818210
88812485
88812633
88804070
88803090
88806692
88809036
88812403
88801060
88816188
88804610
88804430
88804332
88803120
88806170
88805086
88806040
88813643
88806684
88806680
88811780
88819075
88809240
88817170
88816115
88810410
88805670
88801045
88807433
88801250
88801302
88811508
88802070
88806304
88819132
88818347
88816763
88806235
88811260
88819270
88816728
88806828
88806032
88810610
88816760
88817498
88817102
88816224
88807253
88819473
88811232
88819735
88812367
88818205
88813683
88812405
88806794
88812450
88802190
88802160
88811188
88819022
88809486
88813123
88816255
88818272
88810478
88812625
88810237
88810440
88803540
88804350
88808565
88810465
88812321
88812870
88813820
88806798
88817352
88819798
88802335
88807220
88810445
88814210
88818706
88806242
88802465
88811735
88802265
88802186
88803100
88802300
88807630
88807245
88807164
88805812
88805580
88813010
88809080
88813035
88816231
88804513
88804640
88808042
88811238
88805090
88819470
88816840
88806283
88803230
88804587
88804498
88803329
88809170
88806079
88807275
88805720
88812390
88808355
88809110
88813087
88813200
88803300
88804594
88813533
88813180
88813586
88812710
88813085
88807180
88819765
88806301
88806503
88806650
88806787
88806730
88806092
88803603
88809487
88804584
88803210
88811415
88802665
88815020
88805473
88813372
88804760
88806315
88811839
88810800
88813660
88817662
88804210
88812784
88802580
88801140
88814579
88805811
88807152
88811160
88815080
88815332
88816520
88810226
88812312
88810544
88818831
88817401
88815110
88813336
88809450
88804445
88803357
88803410
88803604
88803609
88807243
88813140
88809388
88816475
88806638
88816133
88806042
88806836
88817496
88806784
88802420
88808386
88813720
88802430
88819016
88810065
88801450
88805330
88813330
88805340
88805430
88813060
88813080
88806390
88817440
88818800
88817501
88817586
88817602
88818390
88815209
88815680
88813535
88813805
88815092
88806430
88806832
88803426
88818310
88817127
88803070
88802204
88803071
88805310
88814575
88810563
88816249
88810336
88817387
88802350
88813322
88805795
88807112
88804180
88819745
88813324
88817112
88818688
88818323
88818590
88818161
88815357
88807190
88806697
88807143
88817588
88817260
88813457
88808200
88806420
88806498
88804325
88806243
88814587
88812379
88819262
88817456
88804800
88812302
88812010
88814220
88814655
88815402
88813574
88816130
88816226
88818420
88806820
88807212
88819899
88801120
88815420
88810376
88802485
88815079
88802470
88808394
88808115
88813150
88805113
88803592
88812413
88816740
88804270
88813553
88817601
88817453
88806275
88815520
88809010
88809327
88818247
88805327
88804522
88804660
88807255
88813091
88811275
88816770
88816365
88813575
88806781
88819213
88811230
88804500
88804490
88804342
88803002
88804578
88803200
88811231
88804572
88817077
88818201
88818378
88819268
88818490
88811227
88808058
88814570
88807452
88810222
88805148
88811237
88811400
88813600
88813271
88813747
88813850
88813825
88812754
88813476
88813090
88806490
88818190
88813138
88806786
88816204
88809180
88809325
88817366
88807277
88818333
88816292
88807238
88804573
88810300
88810406
88810805
88819799
88818685
88810580
88815353
88801055
88807135
88807048
88816288
88818298
88803358
88803558
88805792
88804520
88813680
88805240
88813070
88813722
88801170
88817371
88805186
88803650
88808013
88816540
88809262
88809290
88815094
88812705
88816368
88810536
88806077
88815376
88817373
88811467
88804355
88804380
88810468
88801019
88804080
88810100
88810098
88810535
88816454
88805242
88803380
88805168
88805100
88805705
88805095
88813460
88803535
88816459
88813648
88806016
88805801
88808044
88805115
88805130
88806586
88815346
88803670
88817660
88810380
88810480
88812805
88812806
88804290
88813564
88819004
88805500
88813525
88818823
88813550
88814608
88813555
88815316
88815310
88818748
88812327
88813682
88801310
88810217
88810014
88808415
88813130
88806076
88808053
88806612
88817086
88807168
88809480
88806805
88815207
88803030
88818785
88810430
88807011
88814509
88816514
88810408
88806584
88804540
88805139
88808336
88812881
88809356
88817372
88811805
88809445
88805050
88804335
88803140
88803345
88808008
88816227
88802440
88813283
88815660
88801410
88801080
88811150
88808420
88813540
88810630
88807622
88813750
88814505
88806624
88815240
88810345
88807183
88802290
88816233
88810370
88815422
88802450
88813014
88816282
88816838
88813562
88813570
88806793
88806310
88808001
88807261
88806000
88806001
88807260
88805405
88808000
88807000
88808505
88808506
88817360
88819205
88810216
88801535
88810000
88819234
88810815
88818163
88817215
88812399
88811843
88819023
88805412
88809471
88805560
88813554
88813133
88805460
88813637
88818655
88812369
88810550
88815603
88815194
88806636
88813238
88817114
88809315
88809270
88818475
88804528
88818510
88816243
88812887
88806398
88818660
88819246
88812814
88818162
88815500
88810829
88819012
88818720
88805821
88807443
88812491
88814555
88817335
88808560
88817513
88802365
88806580
88804450
88810428
88810531
88816472
88807196
88807240
88818686
88818294
88809125
88811815
88813745
88805525
88819665
88806030
88806038
88807268
88805756
88805200
88818061
88807432
88806288
88819640
88805345
88815322
88804675
88807250
88812871
88815374
88809120
88803370
88803110
88806305
88804090
88819006
88812889
88804150
88815230
88806073
88819810
88815325
88803608
88802370
88811525
88806778
88815130
88810170
88813577
88805796
88810242
88810426
88806279
88818343
88818064
88806690
88817333
88813588
88804140
88818000
88818195
88818338
88818365
88818025
88817052
88809490
88812796
88816268
88815560
88811840
88811042
88816235
88809440
88802050
88804300
88813155
88816278
88810827
88807108
88801012
88806802
88802212
88812723
88816273
88805183
88817334
88817054
88811180
88805420
88804770
88819024
88807225
88804497
88803240
88803327
88809020
88808254
88817508
88806308
88811213
88813559
88812879
88805475
88809380
88815150
88813568
88805650
88813170
88818541
88818543
88818544
88818545
88805160
88807195
88805175
88805140
88818834
88810615
88812864
88812724
88801442
88815563
88812383
88803600
88810600
88819074
88812340
88805794
88819082
88817410
88803350
88808256
88803348
88818012
88817580
88816296
88807161
88808043
88805104
88805106
88805108
88816023
88816025
88816028
88816030
88816033
88816035
88816038
88810033
88806230
88807169
88805163
88805625
88805166
88813331
88816731
88806452
88807172
88804754
88804756
88815614
88809429
88809427
88803617
88806071
88812452
88812462
88812461
88804550
88804555
88804565
88817581
88814591
88817583
88818367
88815360
88819482
88805142
88813573
88815607
88813673
88805144
88813333
88807131
88818256
88818254
88818673
88818264
88818260
88818261
88818252
88810424
88814585
88810324
88810328
88810334
88815347
88807278
88817633
88804810
88803580
88803598
88803596
88803593
88803586
88803584
88803582
88810443
88810482
88804778
88816303
88815085
88815382
88815384
88815386
88804752
88804762
88804764
88817046
88817049
88802635
88816717
88818291
88810755
88810750
88810745
88810740
88810735
88810730
88810705
88807162
88817084
88817088
88817080
88817106
88817109
88818067
88805143
88816736
88816848
88816802
88806099
