88020273
88063165
88048364
88032655
88045108
88058580
88080250
88080251
88010240
88032092
88075542
88058323
88095135
88067100
88058746
88085595
88061110
88048002
88032025
88037150
88015520
88058130
88036240
88058133
88048033
88090525
88040560
88053100
88062600
88090750
88052750
88063543
88053427
88053524
88035440
88054400
88025140
88053682
88060335
88037408
88034040
88047260
88034620
88058069
88056215
88061170
88049100
88049101
88063462
88058417
88090528
88070215
88056525
88058625
88051438
88048137
88066115
88047138
88025125
88052415
88037080
88034260
88045340
88049490
88045290
88030630
88080810
88036635
88064759
88037220
88060381
88058466
88061160
88030420
88061075
88045505
88058522
88047632
88040132
88065097
88045260
88050517
88034000
88034001
88062001
88030030
88010140
88010245
88054240
88015090
88040470
88047290
88034270
88054050
88070560
88062000
88066370
88062040
88070650
88075580
88067409
88058757
88032687
88066033
88036015
88047122
88062067
88062453
88050320
88064034
88070228
88061450
88090320
88032648
88064737
88030175
88035320
88049480
88080820
88025542
88032178
88058204
88048366
88032090
88067350
88049445
88063038
88048381
88063086
88053472
88062235
88021023
88060238
88040583
88057020
88049070
88095280
88060330
88036020
88050522
88075570
88058240
88025345
88040365
88015210
88085580
88064670
88048374
88090400
88090401
88047678
88030625
88040360
88056720
88054639
88050460
88048345
88056640
88064435
88045600
88020202
88037015
88060211
88037500
88058039
88085570
88045598
88050340
88047750
88032400
88063537
88054262
88056140
88049277
88095410
88045375
88050410
88045450
88058645
88058641
88034135
88050020
88049510
88047095
88048462
88063535
88010110
88048139
88095260
88062220
88064420
88063387
88066242
88040415
88015185
88053505
88049115
88040180
88066578
88030510
88025100
88047051
88032570
88020219
88045110
88058727
88032300
88052125
88058489
88060310
88060382
88061300
88061308
88015510
88064756
88064678
88085497
88062160
88034340
88060402
88020290
88064735
88058452
88045445
88064752
88070250
88010040
88040206
88020180
88036030
88085530
88090280
88080170
88015440
88030640
88015380
88067550
88047035
88060460
88048428
88058076
88090630
88063546
88047022
88048308
88058770
88060380
88090175
88020465
88067060
88048413
88020332
88034150
88047025
88058505
88075510
88061455
88034101
88034102
88061090
88051050
88080620
88058814
88052622
88025028
88025006
88035300
88064270
88020475
88040142
88053430
88063284
88066250
88058316
88095020
88058251
88062290
88080115
88037060
88020252
88045230
88047710
88067498
88056601
88052109
88064785
88045540
88056150
88058350
88047113
88040557
88053403
88058220
88064410
88047030
88060360
88061420
88061452
88065381
88063640
88063013
88066515
88037020
88045425
88058776
88063540
88025224
88020570
88048387
88070211
88095385
88056590
88058065
88020187
88070020
88053354
88058575
88062256
88058692
88058732
88063189
88045397
88052807
88056645
88075620
88045160
88047740
88025160
88080800
88075575
88090390
88040535
88040610
88075142
88060195
88053385
88066554
88040449
88062305
88049465
88058738
88049492
88061150
88032660
88064610
88037270
88020600
88048331
88066126
88058626
88056685
88056545
88021015
88058324
88067135
88036210
88047110
88010500
88020120
88080330
88037305
88036127
88056612
88025212
88060236
88063246
88060325
88010282
88047170
88025150
88025163
88056557
88056765
88063081
88054070
88036520
88060220
88056380
88015150
88085340
88058555
88085390
88067410
88060284
88090145
88070700
88051420
88032683
88025228
88090580
88049485
88047458
88047580
88070660
88061445
88056694
88066400
88058699
88054510
88025210
88025211
88063234
88034280
88025550
88050008
88034070
88062155
88052100
88015110
88047585
88047057
88058477
88040000
88040001
88040002
88040245
88025380
88051030
88085355
88058208
88040160
88075290
88047730
88080018
88070155
88054160
88037600
88061295
88062132
88080275
88058638
88034200
88056804
88048382
88080120
88063610
88036646
88048300
88048301
88056756
88010410
88058752
88047360
88095140
88060250
88032004
88075260
88025317
88066243
88066396
88035070
88010280
88054220
88035150
88051435
88070110
88054502
88010225
88095515
88060320
88061406
88040586
88058089
88095705
88064203
88040170
88064230
88049550
88065500
88048327
88037620
88032020
88045632
88080154
88045102
88054100
88054101
88090380
88060191
88060389
88066045
88049495
88062292
88070750
88090260
88040310
88062273
88020477
88060232
88064745
88047505
88063431
88020750
88062075
88015660
88032405
88085448
88066072
88010520
88057019
88010530
88066582
88047640
88049166
88067450
88058307
88049300
88053462
88060205
88080355
88036385
88032720
88037250
88056807
88061630
88034358
88056320
88060192
88065170
88063205
88060270
88063508
88025510
88048435
88061330
88049515
88021025
88066508
88040015
88047581
88062191
88034685
88037260
88020780
88058000
88056618
88058001
88095242
88061190
88025120
88056758
88056616
88015250
88063032
88095340
88032210
88067101
88066071
88050415
88058087
88020782
88015620
88036630
88070710
88066465
88040432
88047032
88020552
88025190
88032420
88064068
88048644
88066280
88063094
88080290
88064739
88056595
88080370
88058257
88063203
88085660
88085680
88058380
88064031
88036605
88048403
88047061
88066030
88053376
88063120
88049455
88058446
88058242
88070115
88025018
88050305
88025225
88010150
88045462
88025213
88095570
88095555
88090170
88032120
88032290
88047053
88095700
88095701
88063060
88058711
88053356
88048358
88025070
88036550
88045680
88063006
88047108
88048409
88070160
88051103
88062192
88062310
88047675
88047045
88058491
88063200
88063201
88060184
88052627
88050009
88063250
88047680
88034050
88058327
88065427
88060132
88040580
88067307
88020271
88034580
88053480
88065367
88053336
88053351
88053405
88062270
88095562
88064000
88064001
88064002
88064710
88064764
88053515
88056070
88061081
88034570
88048526
88064029
88063523
88063514
88061359
88090063
88020188
88049060
88095045
88063089
88020221
88034450
88049133
88032301
88060450
88070350
88040145
88030460
88047520
88037252
88058628
88075600
88075525
88015340
88048310
88048311
88053407
88067490
88085025
88080300
88053307
88058317
88062490
88032179
88061517
88034430
88062253
88063079
88052690
88058713
88049617
88049416
88048280
88061413
88060223
88049155
88085060
88036140
88058132
88090532
88045220
88075145
88032270
88025565
88063257
88062263
88058657
88048394
88090593
88052107
88070340
88015630
88053765
88058617
88015390
88049522
88063235
88064447
88040260
88034250
88020440
88090725
88036410
88061320
88020260
88062207
88080150
88010080
88052300
88085403
88040340
88030003
88062045
88036500
88035000
88035001
88056677
88053522
88058838
88037325
88020550
88037030
88064027
88049205
88049145
88058254
88075090
88036570
88056340
88049228
88058014
88061140
88020680
88015270
88020520
88056100
88049255
88095650
88061425
88032035
88061210
88066105
88085480
88070420
88050150
88063162
88090120
88070630
88053414
88053468
88034490
88020060
88048307
88020100
88052808
88020224
88090464
88090470
88049015
88056604
88049169
88040447
88056615
88052495
88015530
88064450
88048032
88085220
88025095
88053770
88090150
88090650
88090151
88090247
88090273
88095200
88062445
88062105
88053469
88053473
88065396
88062540
88048402
88056460
88063230
88063440
88063525
88030440
88058073
88053471
88053474
88050013
88054634
88095563
88060448
88063515
88058010
88048393
88065360
88061250
88062206
88075545
88052770
88060331
88066106
88063105
88032440
88034403
88037295
88067426
88066462
88058570
88032160
88080050
88080140
88090700
88056025
88020160
88034500
88030358
88053470
88090071
88062432
88063030
88053300
88053301
88035235
88020282
88063075
88032143
88047047
88048147
88032182
88032180
88053475
88053476
88053180
88050205
88090435
88090340
88061530
88064755
88049157
88037315
88075045
88075020
88075537
88058832
88048432
88040008
88047600
88053425
88067337
88058081
88056361
88060110
88095065
88040605
88063005
88060186
88058190
88070240
88065361
88032460
88053383
88049190
88049050
88053525
88064094
88040530
88070191
88045115
88090200
88062370
88052330
88032650
88053303
88060283
88058473
88065465
88058440
88058009
88058808
88065177
88061376
88090513
88063259
88060280
88056725
88064020
88032663
88050511
88060258
88053190
88067169
88034300
88051482
88060345
88058635
88067615
88062607
88034257
88056492
88058481
88058410
88058191
88050300
88052445
88060287
88066660
88047366
88065422
88063184
88063300
88063301
88066571
88062527
88049135
88085110
88085155
88045650
88063199
88053408
88048468
88060120
88064200
88061315
88058075
88048440
88058695
88049440
88052801
88061329
88047353
88052102
88063467
88058834
88063093
88060300
88090800
88056683
88025000
88025053
88064092
88037083
88066012
88032470
88053334
88065187
88066523
88061380
88063680
88070530
88030330
88058097
88060391
88049508
88056714
88062518
88062479
88060239
88058652
88048656
88065378
88063076
88058585
88067607
88063251
88062535
88049165
88063084
88062281
88063256
88066075
88062271
88058560
88052678
88063400
88066150
88058420
88060200
88066140
88060350
88053523
88032410
88054644
88061635
88053417
88053484
88053381
88053379
88053411
88025523
88058305
88051143
88032040
88037740
88048305
88066310
88053308
88047050
88040460
88064150
88061293
88085720
88035230
88047760
88025250
88056810
88025350
88062212
88062196
88037700
88032668
88060367
88032337
88066025
88037460
88062108
88063202
88047530
88048388
88049425
88045515
88080430
88040003
88063395
88053415
88058726
88015540
88040446
88047435
88036032
88032177
88053375
88075230
88056367
88058486
88062284
88053401
88035095
88075190
88070740
88075500
88045640
88052475
88032677
88034375
88063430
88025092
88066502
88032450
88051160
88052658
88066137
88045250
88045251
88040450
88048422
88032430
88090519
88025215
88064066
88067551
88047349
88058243
88037310
88095750
88070610
88062546
88054515
88047575
88047660
88030357
88025005
88060189
88070224
88058798
88040020
88040510
88047440
88053500
88040500
88048355
88065037
88063288
88061435
88053545
88063161
88025204
88032765
88052617
88062462
88066279
88090070
88020320
88095540
88060396
88035345
88090560
88061200
88054638
88058703
88049475
88060425
88054635
88066132
88056687
88060340
88058170
88061338
88037045
88058301
88032675
88058430
88021059
88025223
88058656
88066051
88061255
88060449
88036045
88025221
88010135
88075015
88065034
88054520
88049443
88062601
88015350
88020340
88070150
88015670
88045543
88035012
88061245
88056020
88095530
88047578
88030355
88063513
88056488
88052608
88032295
88065036
88058590
88064035
88060414
88015680
88066579
88062543
88037335
88060199
88095666
88062505
88062015
88080260
88066110
88058792
88045544
88075544
88058542
88061324
88061323
88061312
88058538
88058708
88032315
88064443
88049163
88025002
88060183
88047676
88053080
88048026
88056505
88062209
88053440
88063078
88020650
88063465
88040100
88061600
88064748
88063450
88063091
88056368
88063160
88063025
88066035
88058056
88061237
88063082
88053452
88090583
88036644
88048360
88020400
88020365
88067600
88060215
88064699
88095561
88056585
88058723
88061525
88054301
88015230
88015231
88063522
88060268
88053030
88064023
88090521
88047160
88049370
88095560
88090502
88048318
88040025
88064455
88085020
88057014
88053000
88062110
88063590
88020470
88020540
88067318
88090360
88090438
88040405
88080320
88080321
88047129
88063558
88052600
88052601
88010120
88049275
88053309
88048433
88020710
88060185
88053464
88020229
88058706
88020342
88048396
88060170
88090720
88045300
88067605
88061265
88035090
88063565
88090223
88053070
88030660
88062507
88032681
88058244
88063350
88090066
88090585
88025216
88095634
88090330
88052150
88085490
88047365
88058092
88058510
88066665
88058812
88060383
88053760
88067143
88058400
88065285
88060275
88047210
88064422
88032184
88058827
88040370
88045460
88025500
88048406
88066068
88020700
88010020
88045440
88034370
88058461
88067380
88049486
88010095
88047420
88062080
88062187
88025540
88067435
88020535
88025356
88090000
88090001
88030022
88020437
88040685
88037320
88060379
88015290
88052620
88047400
88047401
88047402
88070615
88034310
88063315
88048090
88067020
88020670
88060281
88065188
88048430
88058800
88058654
88045399
88064233
88020435
88060217
88052210
88040427
88032275
88030470
88052616
88058745
88060210
88058675
88058463
88085255
88063435
88060224
88058047
88045330
88035115
88058806
88085165
88060371
88054649
88058318
88020242
88050418
88037415
88064622
88032050
88054643
88062123
88020422
88052638
88037410
88015070
88025544
88061100
88030530
88062277
88047100
88040410
88053410
88062215
88030620
88090515
88066365
88034730
88015640
88058154
88090074
88067130
88058610
88048424
88058715
88060213
88051150
88063549
88058334
88095710
88020565
88025172
88036070
88090270
88080055
88056600
88054608
88036340
88025050
88064070
88063003
88015490
88095800
88034496
88095580
88034710
88037420
88037210
88058458
88058474
88058480
88058478
88085350
88025530
88056060
88075320
88090588
88085380
88090699
88090500
88060227
88032060
88095500
88090503
88061360
88034395
88095550
88056588
88048390
88052252
88058077
88032735
88020510
88050155
88080825
88060135
88045132
88061260
88036040
88034386
88036300
88032105
88048398
88054270
88061335
88058322
88025025
88090255
88070715
88036590
88048155
88066040
88064084
88025170
88090205
88085270
88048377
88050490
88034385
88020010
88025080
88080210
88020050
88020430
88062506
88034140
88058691
88048565
88058416
88063026
88049310
88032665
88058031
88066386
88056820
88036280
88056455
88025430
88056780
88054340
88058007
88095310
88060400
88062480
88060305
88025130
88052111
88025175
88062170
88060365
88035080
88020313
88056363
88067367
88049180
88058140
88049220
88063283
88051405
88060352
88060387
88056570
88048420
88025180
88025240
88034255
88066521
88060160
88049435
88058043
88058023
88030120
88015130
88015605
88080760
88047128
88050030
88061357
88050035
88049329
88052115
88048469
88058347
88061350
88049320
88061416
88015408
88040350
88054150
88040110
88085420
88080010
88066292
88030110
88058066
88070720
88060149
88051040
88034080
88045365
88040130
88037280
88063255
88095151
88049460
88025217
88070000
88075100
88070001
88035400
88048372
88036135
88040367
88063015
88034345
88095350
88095351
88049615
88032243
88067330
88015410
88062605
88054647
88020225
88051480
88090590
88090490
88060233
88062556
88058020
88010050
88049410
88058705
88060323
88052120
88020250
88020735
88063340
88052610
88058138
88058472
88020530
88048156
88065184
88056347
88066020
88070600
88052631
88058345
88090534
88015425
88049153
88034130
88015220
88045398
88066525
88061355
88025326
88070760
88090415
88090421
88090420
88090422
88010000
88010001
88010002
88035330
88047772
88050025
88064630
88080420
88085030
88047612
88058702
88058442
88054653
88058408
88066450
88085290
88037230
88085260
88051200
88056617
88064280
88010405
88010510
88020130
88025152
88056130
88056730
88063020
88020262
88058058
88080230
88015420
88053315
88066050
88064033
88037547
88062286
88020275
88064140
88025410
88032140
88040550
88056128
88058074
88080014
88085710
88058490
88056592
88056727
88032186
88058716
88020432
88066160
88052626
88058422
88066584
88064130
88051430
88063390
88064260
88061035
88037632
88054300
88061322
88052619
88063135
88070460
88049350
88058643
88075030
88070005
88066297
88054405
88037520
88049130
88051020
88095586
88067320
88066240
88037540
88080360
88020346
88056205
88064201
88057012
88052635
88015720
88049330
88090510
88056330
88010235
88065382
88045535
88058772
88030400
88048411
88062140
88056513
88048436
88058485
88058315
88056552
88063113
88054611
88015140
88036370
88056587
88053200
88070550
88064783
88066027
88063360
88056508
88064062
88010299
88045530
88095600
88052810
88061340
88030315
88054606
88052760
88036600
88053645
88064603
88047126
88047465
88064232
88034210
88047506
88070010
88063700
88065000
88048000
88065005
88085620
88015415
88045550
88080116
88056540
88054613
88056437
88064405
88064722
88067700
88066000
88066260
88067000
88010200
88030140
88066010
88037370
88056690
88025310
88085455
88035340
88080770
88020245
88065357
88010210
88040200
88080720
88037630
88040485
88058135
88075001
88075000
88065365
88056310
88090578
88063277
88056509
88062260
88058500
88020228
88067405
88047615
88036260
88063095
88066018
88063085
88049271
88047464
88052640
88058118
88053360
88095665
88058419
88051210
88048340
88040683
88060198
88045135
88037027
88080780
88058155
88048421
88037345
88048332
88040670
88075085
88095565
88060470
88061419
88053020
88065464
88040555
88060257
88067080
88045305
88075560
88058355
88063388
88015460
88020675
88053695
88066569
88025040
88045303
88030353
88047483
88056515
88058457
88020030
88050450
88054525
88037625
88070450
88070348
88035420
88050185
88015179
88040218
88066024
88049436
88063650
88051000
88061220
88053120
88032185
88036595
88045507
88090730
88052800
88090065
88058660
88020226
88075240
88036110
88058790
88070620
88056697
88058200
88025360
88067360
88060405
88063097
88061358
88052691
88063080
88063100
88090262
88067445
88063530
88060219
88056250
88065362
88052470
88066131
88053373
88063012
88058456
88053442
88051410
88095390
88066127
88062296
88048385
88032560
88062294
88053320
88053416
88032480
88049270
88047052
88058187
88037483
88025055
88062320
88035130
88063254
88015000
88058006
88075536
88037340
88047036
88058359
88058644
88020426
88062188
88054630
88090810
88070490
88037730
88010290
88010291
88056613
88037380
88045106
88085540
88030170
88066385
88037365
88015550
88053600
88050005
88015615
88047475
88037390
88053680
88054450
88075110
88070300
88015500
88064605
88067107
88049357
88061415
88036160
88063520
88054060
88047774
88054350
88060392
88058620
88047020
88030115
88034388
88066066
88067310
88075060
88015650
88036700
88062439
88060315
88010220
88062020
88015645
88040210
88052116
88085470
88048220
88050515
88010145
88020000
88020001
88066295
88060197
88015170
88020020
88075160
88066300
88015180
88056230
88070470
88085320
88060317
88064650
88040652
88063289
88047628
88063287
88062545
88057018
88054420
88056345
88053610
88048368
88060265
88050215
88050480
88045410
88070572
88062210
88010130
88058785
88070370
88034387
88066095
88060259
88030020
88058662
88056495
88048590
88053040
88090558
88065030
88032273
88070730
88036420
88090740
88062330
88054210
88032520
88066022
88032500
88053390
88062202
88052660
88062193
88020630
88058184
88025260
88058319
88047595
88063182
88048434
88062275
88045610
88047490
88070230
88049250
88056594
88063544
88052160
88063132
88058581
88056593
88051316
88056599
88056596
88056597
88056598
88052162
88058736
88063555
88065290
88058085
88058840
88010560
88049303
88032490
88066123
88058418
88058651
88065168
88037065
88063310
88015330
88030365
88058707
88061280
88067500
88040064
88056583
88058045
88058018
88056611
88064082
88032510
88056760
88058470
88090518
88064086
88056366
88058826
88060416
88047626
88062298
88060328
88060445
88062282
88040575
88063170
88036085
88095120
88064660
88058623
88047357
88052417
88063480
88025200
88025201
88025202
88047270
88064770
88062325
88064746
88064749
88049363
88062194
88045660
88048416
88090130
88048333
88051010
88051011
88048444
88062315
88049317
88062223
88052205
88066373
88034560
88034460
88034550
88034540
88034400
88034530
88034420
88034520
88034480
88034510
88034470
88034440
88080600
88030010
88062050
88061290
88065380
88061241
88085600
88075005
88070040
88085000
88085001
88085002
88045120
88025218
88051431
88058314
88025521
88034166
88066520
88065035
88037542
88064076
88034353
88053005
88063385
88066590
88063009
88066343
88066580
88040521
88064110
88058352
88053520
88066335
88020720
88066135
88058467
88067440
88015120
88056750
88075225
88058819
88066011
88095670
88020715
88020760
88065363
88066023
88067385
88056555
88051157
88053008
88034351
88058448
88063140
88063142
88085430
88063270
88063271
88066440
88063433
88063192
88047665
88056440
88056608
88063143
88063144
88063145
88063147
88063148
88063150
88063151
88063153
88063155
88063156
88063158
88063159
88052628
88066245
88058469
88070213
88090517
88062283
88037145
88066130
88058114
88053380
88080080
88053402
88047123
88070225
88070223
88056360
88035050
88010030
88045100
88063660
88045510
88090595
88045627
88056680
88070545
88048356
88060339
88048426
88085486
88064250
88080100
88063405
88090576
88070565
88060230
88062150
88062062
88032215
88056520
88054650
88064032
88025230
88080145
88020243
88051123
88063260
88048315
88058600
88067200
88047055
88010250
88025097
88047367
88040300
88047010
88047011
88085630
88052675
88037120
88063330
88035350
88040623
88036235
88025010
88036060
88063542
88056578
88054415
88080850
88047125
88070260
88036115
88060428
88062157
88054620
88063087
88047140
88047150
88036510
88054120
88054121
88056672
88058744
88090243
88085090
88035260
88047330
88032007
88025405
88066425
88090300
88090301
88090305
88070652
88045380
88047370
88058731
88045170
88062550
88040483
88047605
88048309
88032010
88095320
88058300
88060000
88061500
88058709
88062300
88021010
88052200
88061120
88066320
88066308
88047510
88037388
88075535
88034357
88062615
88058737
88064643
88037465
88020007
88062070
88058067
88032615
88061343
88049107
88054440
88060443
88058424
88052110
88066014
88025316
88058750
88058325
88066347
88067040
88058120
88052650
88052195
88058733
88036620
88034356
88034125
88037075
88045470
88085435
88085342
88085200
88085201
88090192
88037710
88058086
88065383
88054615
88020344
88045400
88045401
88040455
88045634
88032659
88058100
88015195
88052607
88062100
88058435
88030300
88030415
88080310
88080311
88056395
88085560
88010420
88030370
88037000
88037001
88080090
88063490
88095254
88021031
88047668
88090203
88090820
88054370
88035355
88058030
88048313
88058755
88066380
88070221
88025370
88063509
88058308
88075315
88070210
88064100
88085700
88015310
88020620
88020740
88085120
88085157
88045150
88025400
88030490
88085170
88066524
88063709
88065160
88070440
88090265
88066470
88037495
88020640
88025195
88090061
88090060
88090062
88067120
88020441
88030410
88034240
88047310
88056605
88037010
88035200
88025408
88054460
88060252
88049020
88035010
88070535
88034382
88085275
88015320
88034378
88062185
88052420
88053620
88036615
88032689
88061235
88063470
88047000
88047001
88047002
88047003
88095382
88020185
88054140
88051045
88050482
88058724
88075310
88070810
88067408
88048142
88085225
88034230
88090210
88090025
88058671
88020140
88054500
88036150
88095122
88040030
88048401
88061410
88090598
88037200
88020560
88070770
88036530
88045520
88032200
88075250
88053306
88030000
88032005
88050000
88050001
88052000
88052401
88052840
88058291
88030650
88047550
88064520
88067370
88049400
88058110
88020170
88040430
88054250
88080180
88075547
88037255
88061422
88035310
88070540
88070400
88080240
88058441
88095370
88037406
88085690
88036205
88095137
88066060
88060393
88048359
88052156
88040660
88062430
88040140
88090040
88063239
88036120
88061167
88053751
88047240
88047350
88066445
88047450
88045548
88085715
88062030
88060398
88061130
88020080
88050011
88045180
88058704
88047601
88040420
88063074
88085115
88060386
88047155
88061440
88070780
88085365
88085300
88085670
88095380
88090653
88090240
88061407
88058249
88061650
88034365
88058116
88062156
88064810
88056160
88040129
88021000
88025058
88040443
88040125
88034165
88036320
88010155
88090410
88030465
88090345
88058082
88049500
88054618
88066506
88035015
88025030
88030112
88049407
88058255
88070220
88095070
88056609
88052138
88054200
88054480
88056614
88061370
88032621
88052114
88036642
88036640
88064804
88047460
88032305
88095720
88095721
88030322
88051432
88047207
88045210
88080362
88066275
88062570
88021005
88048392
88061423
88020315
88045200
88048320
88030312
88061063
88063551
88054310
88067415
88025315
88090450
88056675
88052118
88047616
88040520
88095050
88085015
88080060
88061375
88020150
88058476
88030310
88053382
88048303
88058321
88062216
88053750
88070120
88070121
88095300
88060455
88048376
88025450
88032088
88067465
88035040
88070330
88058335
88036270
88080710
88058734
88062510
88054130
88052621
88030035
88085575
88049470
88020450
88048460
88070190
88015030
88030354
88036310
88062233
88058697
88040423
88049005
88049170
88067395
88048408
88063195
88048400
88048395
88048410
88053350
88049010
88034605
88053372
88058210
88015600
88015601
88054610
88063016
88058763
88048650
88066067
88085010
88049140
88054410
88020480
88025335
88021019
88048070
88067430
88047043
88021038
88020310
88065175
88032260
88021027
88065040
88058311
88058310
88045396
88048367
88058248
88062145
88062200
88062201
88062213
88061400
88066090
88061603
88090110
88058773
88045675
88085590
88036750
88047430
88036000
88036001
88036003
88036002
88067510
88015505
88032653
88025155
88058573
88056850
88040452
88090073
88060444
88047486
88060216
88060218
88058775
88034750
88085520
88015080
88067220
88021056
88058468
88066605
88030350
88058730
88085210
88052630
88052170
88056575
88056300
88056500
88047579
88040240
88045430
88040065
88056537
88052482
88025035
88062065
88051058
88052477
88047007
88067055
88070800
88075400
88062205
88063210
88070280
88095420
88060194
88036170
88060145
88032657
88060306
88052813
88056378
88058526
88058741
88036335
88060188
88048638
88062183
88058649
88053448
88063286
88052624
88052135
88058084
88060187
88032175
88058425
88090516
88050542
88062227
88066350
88063198
88066291
88020227
88015260
88058525
88067225
88032100
88025220
88025338
88053697
88047280
88063010
88050400
88032530
88060240
88066290
88062475
88049168
88058464
88058450
88058451
88049120
88049230
88045625
88070310
88040128
88058815
88037470
88066375
88052476
88067105
88063559
88058037
88034170
88035060
88064043
88054700
88056000
88056682
88056701
88034110
88060378
88095695
88090495
88090248
88090250
88047205
88067420
88034688
88085500
88095330
88015360
88060338
88058512
88067495
88058493
88054540
88025060
88032027
88066460
88063528
88085495
88090462
88090220
88090221
88070360
88062226
88060399
88062436
88050597
88020272
88066585
88036400
88036100
88058748
88045104
88045620
88053684
88050536
88058495
88015160
88056762
88062558
88062523
88040169
88020270
88070570
88060150
88048304
88058329
88060435
88056719
88034625
88047335
88051460
88056696
88063266
88063541
88063248
88058462
88058454
88036540
88090589
88032540
88020660
88051300
88048399
88075050
88063011
88062204
88056695
88015190
88015370
88061607
88054603
88010100
88010101
88010102
88050420
88053690
88049328
88020429
88062509
88067377
88066170
88032550
88058222
88060342
88064800
88067124
88021017
88061333
88040570
88062424
88095620
88053404
88058108
88032600
88025110
88058245
88060262
88040165
88062280
88053422
88048404
88058195
88080118
88049225
88032253
88032250
88052250
88066507
88047103
88056005
88066393
88067108
88080830
88032230
88056723
88062482
88030383
88052208
88049512
88058714
88070430
88060421
88056752
88047355
88056716
88064060
88061230
88062508
88053780
88058693
88063040
88048010
88049525
88061700
88061701
88075120
88075121
88056511
88053555
88049431
88061332
88058632
88058810
88052820
88025547
88058008
88080410
88054280
88034265
88085250
88034355
88058710
88066576
88056751
88061080
88061098
88067470
88034098
88052655
88048580
88047405
88045130
88037650
88067141
88048100
88040330
88048446
88062130
88066390
88066556
88058701
88061390
88050600
88066230
88063258
88061424
88064085
88085405
88050412
88048383
88063720
88047135
88058831
88064720
88058445
88051433
88021062
88052400
88030040
88061326
88034180
88062415
88047362
88060225
88054030
88061640
88056755
88058017
88052625
88034060
88054633
88037085
88056681
88052614
88058241
88058072
88058349
88061270
88030393
88067079
88060336
88066100
88035430
88060100
88063290
88095360
88050015
88058019
88063172
88058180
88095220
88061605
88037430
88045310
88060245
88056622
88048472
88040120
88045630
88062120
88021039
88047596
88056759
88060180
88052615
88030520
88067140
88049505
88053519
88049215
88063173
88048640
88058828
88048414
88063279
88066301
88052629
88064237
88034120
88058040
88048005
88095430
88045315
88032679
88067145
88056580
88070030
88047230
88058777
88095155
88095150
88060418
88040690
88032640
88037040
88066543
88045240
88040440
88065182
88058252
88067620
88095142
88032320
88049503
88061601
88053130
88049478
88025165
88058807
88061515
88034650
88067138
88047080
88047467
88048412
88048365
88047255
88090599
88085610
88064758
88058562
88056602
88066082
88062225
88067603
88075150
88060368
88090275
88090230
88058465
88064761
88048575
88063460
88054651
88037450
88025020
88058739
88052122
88047105
88056394
88058829
88048448
88047059
88070186
88048312
88058721
88070607
88061336
88058025
88040230
88020355
88030367
88040250
88051100
88061060
88058728
88020655
88058771
88048335
88045670
88050014
88062195
88036800
88066581
88064747
88037660
88058022
88067139
88049514
88047620
88090423
88080441
88060244
88058423
88090550
88090363
88048588
88095569
88064754
88047480
88064730
88047343
88020280
88090020
88090021
88090022
88037490
88067104
88048035
88060125
88034160
88058068
88058078
88070226
88058332
88048584
88036360
88060231
88025535
88065280
88037070
88070320
88048338
88056407
88063703
88060316
88052623
88063280
88058742
88064045
88054631
88058091
88054616
88062537
88067102
88056234
88040425
88090575
88056200
88058265
88060130
88054642
88056705
88058193
88063072
88062624
88054000
88054001
88066299
88064239
88095660
88095690
88053692
88053436
88047130
88064728
88047776
88065185
88060327
88058260
88063281
88062190
88085475
88063273
88056586
88020133
88095230
88058578
88061115
88070662
88054260
88056110
88020360
88025325
88066505
88060397
88058090
88052636
88061412
88040060
88067460
88054355
88080200
88056589
88052220
88064680
88063516
88048302
88062603
88020215
88015040
88058540
88052130
88040050
88045608
88060235
88051440
88066545
88064676
88052804
88062625
88040622
88049354
88090535
88056712
88032370
88062268
88066583
88032115
88060376
88058537
88032249
88067335
88056490
88053700
88053701
88035110
88035111
88054080
88058351
88056830
88060260
88066337
88048389
88058016
88090600
88030045
88020301
88020300
88020303
88020302
88020305
88020304
88080000
88095001
88095000
88020178
88047085
88037610
88064615
88064607
88066655
88015060
88052141
88095400
88067520
88020210
88066360
88052108
88058405
88058197
88060430
88053370
88053454
88053446
88032101
88066241
88030320
88034760
88040630
88080220
88048378
88085240
88037160
88090570
88010550
88090555
88080110
88034360
88054230
88066078
88036080
88040620
88060141
88070227
88030308
88070200
88053338
88064763
88064762
88054645
88040624
88020025
88064040
88062025
88060415
88066124
88064600
88060318
88048369
88035005
88060157
88060148
88034352
88058083
88037330
88052637
88048306
88063193
88058036
88058026
88063274
88020331
88053535
88075040
88020348
88058583
88066220
88020220
88063548
88075550
88040155
88060246
88037360
88037385
88034497
88054170
88062460
88061225
88066125
88048325
88054010
88095564
88040640
88090100
88058341
88056514
88050513
88070485
88015570
88053310
88095630
88020016
88030500
88045360
88060329
88045406
88030361
88050010
88090160
88058261
88054380
88064757
88058719
88063545
88052435
88066550
88075157
88075170
88053305
88058762
88037602
88063110
88047348
88020292
88080070
88061165
88058094
88063083
88045673
88048423
88052680
88061288
88020770
88048006
88056710
88040040
88030505
88015010
88064425
88035100
88060266
88020460
88056450
88058340
88035265
88015395
88020174
88067595
88035215
88040475
88095572
88056698
88037404
88063600
88090620
88047570
88035245
88025440
88056840
88021064
88058718
88047356
88058320
88040650
88050545
88036130
88095590
88065032
88047028
88058160
88063220
88058735
88095256
88060326
88066079
88034653
88058688
88058250
88063670
88066383
88032710
88062240
88032003
88030380
88052634
88065420
88036220
88034610
88095583
88020425
88058344
88090068
88063037
88060208
88049353
88063630
88058038
88049482
88010460
88060221
88021035
88056481
88037290
88056379
88061382
88048030
88061215
88036250
88070480
88063008
88036610
88063463
88066640
88058459
88070820
88061065
88065165
88090090
88090278
88056435
88032103
88032335
88062562
88066455
88058650
88090080
88062232
88054640
88066298
88047670
88058336
88052679
88020095
88025219
88066028
88058005
88056398
88061247
88063197
88090579
88020090
88061005
88040220
88062265
88045404
88054660
88056403
88020753
88070555
88070763
88058700
88067475
88056591
88060255
88067305
88060196
88090430
88036345
88070695
88058698
88063090
88070410
88062035
88061050
88025318
88051424
88090370
88095152
88032700
88056735
88058694
88025353
88040540
88090524
88052113
88030480
88064640
88030321
88048425
88036645
88054530
88045107
88015100
88045402
88085460
88010470
88040150
88040080
88036598
88050452
88064407
88058112
88075590
88062450
88062451
88067375
88066575
88045523
88020135
88058181
88051310
88025032
88058471
88063240
88047700
88015345
88030540
88053602
88058670
88075270
88051145
88070180
88035450
88067390
88066510
88095610
88065255
88070372
88090075
88048407
88020110
88058238
88058753
88015710
88058535
88037720
88080440
88090076
88056050
88045280
88054470
88056040
88036380
88063620
88085375
88030425
88015240
88085245
88095080
88054617
88066340
88058415
88020040
88056560
88058497
88056480
88037640
88050541
88064072
88053060
88065041
88070222
88090531
88052806
88085400
88053010
88034380
88085252
88054641
88062010
88063282
88090605
88065095
88080445
88053424
88053330
88095571
88095567
88063519
88045420
88063190
88065038
88067001
88047461
88052805
88060410
88053150
88075130
88095576
88095578
88063570
88056260
88051110
88058093
88090067
88090085
88090207
88056607
88032228
88053358
88049395
88053345
88049150
88025255
88080350
88048322
88066552
88032272
88056390
88064760
88020164
88020442
88054632
88036330
88085175
88085174
88085149
88085150
88034132
88047540
88049450
88090556
88048330
88063505
88070015
88080400
88080401
88058328
88032654
88056753
88058460
88058259
88070765
88060438
88052605
88064765
88064590
88040070
88020335
88045345
88010230
88010272
88010278
88058342
88065085
88032505
88058357
88064646
88053580
88035240
88070192
88048427
88070505
88063553
88025340
88060190
88056120
88048397
88049326
88032225
88032110
88067466
88056581
88048419
88052106
88075520
88090568
88058642
88056240
88052218
88090254
88047090
88066588
88064725
88010270
88036230
88064037
88070500
88070501
88085483
88095440
88050170
88075301
88075300
88052105
88045370
88048379
88047624
88015245
88090830
88090840
88010070
88056510
88025570
88062502
88064790
88058825
88035020
88067210
88049520
88058479
88060273
88062440
88064041
88058820
88095680
88061243
88056582
88090069
88058475
88080700
88080701
88047340
88020070
88040010
88058615
88053340
88053314
88053312
88053318
88053317
88058816
88063000
88066120
88049305
88052670
88036200
88049415
88010540
88090520
88066128
88049315
88053438
88053478
88063174
88058520
88056405
88058012
88090533
88063253
88034359
88058374
88063049
88063276
88058722
88049430
88053110
88049456
88052803
88052480
88060242
88058290
88063278
88090577
88090512
88048317
88053466
88064768
88080030
88010055
88062051
88053521
88053420
88053426
88053517
88053409
88053518
88053418
88037615
88063191
88063320
88058760
88053050
88090077
88032730
88040688
88085330
88032195
88063043
88045320
88065090
88049610
88062426
88065039
88053565
88047344
88047127
88030360
88060142
88040687
88049355
88062519
88063017
88056757
88058348
88066247
88049313
88062503
88061348
88062512
88048560
88056482
88095566
88062422
88048373
88015706
88058496
88066366
88062211
88052657
88049200
88061233
88053001
88061240
88037140
88056625
88056606
88020222
88032325
88034595
88085230
88036090
88056392
88064740
88040320
88035120
88067400
88058134
88058455
88048450
88056362
88053090
88067378
88066577
88047655
88075010
88090710
88062530
88020427
88021065
88063285
88034330
88056740
88066021
88047250
88075220
88010400
88050470
88020343
88015450
88061602
88051001
88053400
88085370
88075200
88064612
88050135
88047622
88052254
88058079
88058382
88064180
88034495
88054430
88045270
88010472
88052112
88064751
88020610
88058830
88032762
88051220
88051370
88061048
88034401
88063088
88052769
88048660
88056610
88056254
88056535
88066248
88061418
88058339
88062520
88048438
88061430
88058060
88066372
88053075
88063178
88048652
88062055
88053135
88053015
88053155
88053045
88048658
88058105
88063710
88063252
88063458
88063547
88060115
88060423
88048654
88060290
88058577
88062622
88064753
88053035
88053025
88047618
88053140
88057010
88060394
88060355
88034389
88060292
88060308
88061378
88095375
88058343
88037100
88075615
88080435
88062446
88053640
88085695
88075280
88062400
88047535
88034350
88054072
88062483
88047604
88085280
88063464
88063265
88064750
88063077
88062560
88025420
88095210
88066560
88058088
88035250
88054320
88052633
88062135
88015201
88015200
88015202
88015203
88015204
88015205
88064025
88095387
88060385
88060285
88060165
88090511
88090350
88090351
88090352
88062060
88058338
88053482
88053503
88053352
88049332
88067068
88040380
88063130
88048455
88056689
88064235
88090440
88095060
88054040
88040490
88030390
88034220
88095040
88040632
88032645
88040635
88034367
88048405
88066573
88095130
88050510
88051400
88050402
88010090
88065260
88040600
88037110
88058011
88040270
88095035
88032647
88058246
88058202
88066511
88058774
88058780
88063432
88036325
88064245
88058759
88066503
88060390
88095250
88070195
88085410
88070229
88058346
88020420
88085160
88056530
88034740
88025332
88090526
88066600
88095510
88015700
88015701
88015702
88067480
88015610
88058717
88025300
88025301
88058217
88030160
88099899
88062131
88058640
88067365
88058225
88062250
88052639
88065033
88064673
88063215
88058095
88060193
88066070
88058313
88058498
88063180
88058729
88010450
88067325
88032360
88053365
88056620
88036650
88062478
88049125
88034600
88080020
88030635
88049347
88051215
88058253
88034587
88053665
88062203
88090190
88030359
88070270
88058337
88070170
88047220
88036655
88047347
88064210
88066509
88056603
88061231
88020347
88015020
88036680
88049000
88080270
88061365
88070101
88070100
88063047
88036005
88058015
88053526
88015280
88052145
88052215
88032350
88053434
88053432
88032340
88048362
88048470
88025214
88036010
88040448
88056391
88047614
88047630
88075610
88085450
88049420
88034090
88025090
88010310
88015560
88032685
88025245
88053790
88080840
88063028
88037400
88064430
88090640
88058743
88075080
88056692
88058117
88067323
88048384
88063007
88048004
88066401
88048007
88060395
88054360
88065093
88047560
88075340
88036430
88035210
88066134
88090527
88050440
88062002
88064452
88064064
88063560
88015705
88010060
88067608
88066103
88066073
88064400
88045325
88047070
88095575
88060222
88056364
88025222
88025320
88020223
88020199
88020200
88020281
88015050
88010300
88010301
88034335
88058646
88020410
88020364
88045480
88064095
88054652
88066345
88064120
88048391
88085190
88036580
88020285
88056805
88067170
88063705
88020240
88090530
88056630
88090010
88054385
88052410
88048570
88085040
88047577
88063245
88066076
88049110
88030050
88049360
88056670
88058494
88062485
88085050
88085012
88053384
88056350
88058013
88061615
88048417
88064672
88020345
88070605
88070493
88058765
88070305
88075180
88058539
88015470
88034720
88037375
88066129
88054637
88064460
88062620
88063185
88053516
88056693
88020183
88053412
88045109
88056105
88053450
88053655
88080160
88080161
88062547
88090310
88053374
88053331
88053413
88020175
88053460
88025460
88067425
88040582
88045304
88053421
88058613
88032330
88058331
88058183
88025520
88085360
88058223
88048380
88062317
88066586
88020008
88060229
88020443
88070510
88048491
88037530
88063050
88050540
88054646
88034384
88025135
88075330
88070790
88090081
88052258
88064030
88066065
88045350
88054600
88054601
88053630
88085310
88020350
88052403
88034410
88085100
88047587
88066355
88035030
88060140
88062230
88047175
88021053
88053479
88053477
88067106
88066650
88058720
88058453
88075540
88053348
88063163
88032740
88032310
88064074
88036670
88061000
88063511
88048371
88010430
88063092
88066296
88040480
88075210
88048465
88065425
88064036
88075530
88032760
88056800
88030363
88058421
88036560
88054614
88060158
88020730
88060427
88061310
88040355
88090523
88020500
88052809
88053428
88010010
88061045
88058686
88061030
88036050
88052117
88056210
88060264
88060274
88065183
88034585
88054636
88058185
88058648
88058070
88058071
88065462
88090514
88058696
88015300
88065398
88060234
88053332
88047679
88049025
88058690
88037525
88058712
88066139
88053378
88066303
88053055
88060256
88015480
88065042
88049345
88095010
88075572
88067319
88067485
88090030
88053325
88066133
88049160
88052632
88049335
88085021
88015430
88037050
88070290
88049080
88048386
88048375
88062365
88049105
88047009
88064087
88052405
88061385
88032037
88047005
88060440
88063035
88047470
88058483
88065400
88062008
88052618
88095285
88060254
88058326
88058330
88075070
88050007
88090610
88058523
88061321
88063004
88067050
88056684
88058550
88058080
88054110
88062272
88048370
88065186
88058740
88058689
88037480
88048342
88049405
88095573
88095568
88075140
88040167
88066029
88063070
88060248
88032150
88037395
88034700
88047040
88090562
88049325
88064240
88064028
88058205
88058333
88032030
88030680
88070185
88035410
88090475
88034680
88047346
88025330
88058293
88095240
88061285
88048550
88010440
88063048
88020445
88063046
88095030
88020287
88010320
88054020
88085180
88062118
88062115
88034655
88062308
88060453
88058206
88060377
88063500
88025560
88030100
88047320
88035125
88048415
88030364
88037240
88047408
88085440
88053341
88053160
88034354
88090064
88054605
88032001
88032000
88047115
88045137
88036125
88056708
88058370
88065466
88047041
88047720
88054648
88053650
88060237
88063550
88058042
88015400
88040400
88040401
88058725
88090072
88034390
88080280
88025525
88058021
88037130
88090522
88090529
88063039
88064736
88066026
88063510
88067610
88047500
88037245
88047200
88090460
88067340
88030150
88064525
88054550
88047770
88054655
88095685
88090050
88090051
88062218
88045500
88045501
88036350
88035140
88054330
88064738
88020330
88025045
88064445
88048350
88056770
88010260
88037300
88050500
88050501
88064080
88010295
88035160
88047300
88021050
88090540
88025015
88058672
88037416
88034100
88030130
88062208
88037440
88063073
88080085
88062504
88053361
88075185
88065025
88035220
88045140
88047525
88036225
88063370
88062214
88047372
88037750
88067406
88095153
88058647
88066077
88052127
88020015
88025235
88090561
88058115
88020231
88020230
88066405
88058256
88040445
88048418
88066407
88066420
88066410
88066408
88015455
88066409
88066413
