89117385
89110506
89116570
89110004
89113470
89110146
89114202
89112890
89117655
89110516
89115015
89116572
89111009
89112130
89117092
89115095
89115020
89114274
89116610
89116805
89114321
89112852
89110553
89114238
89117730
89112898
89114785
89117550
89110019
89110552
89113346
89116753
89112425
89114048
89114467
89110468
89110188
89118018
89117865
89110076
89115053
89116745
89115475
89112160
89112036
89117715
89110215
89111405
89110131
89117785
89117830
89114250
89113548
89116714
89114340
89111138
89114349
89117400
89113460
89110558
89110790
89116656
89110798
89115476
89115166
89114162
89114170
89110466
89112260
89112620
89110814
89117390
89110350
89110352
89110608
89110605
89110640
89110645
89111081
89111090
89110706
89114330
89114805
89114874
89113170
89114228
89114884
89114448
89114444
89111626
89114252
89115046
89115456
89114039
89117380
89112465
89113210
89110167
89110376
89114076
89116688
89117460
89113200
89114446
89110049
89110088
89116671
89111330
89117110
89110388
89117635
89112775
89110694
89110162
89117399
89113425
89110007
89117557
89114850
89118060
89112868
89111130
89112316
89116566
89113093
89112258
89116752
89110705
89111066
89114450
89114164
89114176
89114295
89112646
89110738
89110064
89110067
89110094
89112672
89114762
89117122
89110550
89110766
89110250
89115220
89110770
89118012
89112140
89110097
89116535
89118035
89110711
89115055
89111623
89117645
89114355
89114160
89116672
89110070
89114830
89110031
89114194
89112313
89111416
89111434
89114248
89111455
89114454
89116758
89110794
89110713
89114456
89113271
89110456
89110603
89114264
89114268
89116754
89114834
89114305
89114846
89112255
89110504
89115490
89114442
89112770
89115385
89111118
89115480
89117875
89110234
89117397
89115160
89116692
89117780
89114812
89113310
89114888
89118132
89114530
89110810
89115025
89111033
89110750
89116772
89111142
89111419
89117370
89117680
89117870
89117770
89117545
89116790
89113251
89113241
89114292
89114154
89110818
89113430
89113342
89111000
89115445
89114298
89114323
89111021
89114278
89110454
89114244
89114214
89114296
89110185
89114882
89114280
89114290
89110560
89114816
89117373
89115460
89117450
89116740
89114380
89110079
89113233
89113326
89110709
89110703
89114291
89114208
89110714
89110100
89112686
89110052
89110822
89114286
89118050
89114880
89110379
89110708
89110720
89116810
89110176
89118075
89110514
89112615
89114361
89116664
89110742
89112678
89116577
89114780
89116576
89110774
89116571
89114222
89110530
89116619
89114055
89114033
89110085
89115280
89110650
89110602
89116780
89114276
89116666
89112066
89111048
89111285
89110476
89114188
89115500
89110158
89114484
89117098
89110438
89114260
89112880
89114085
89116706
89110512
89114300
89112063
89112200
89117885
89117890
89112550
89110013
89110091
89111338
89110262
89114057
89114752
89110236
89110441
89111629
89114842
89111460
89110259
89114136
89110599
89115200
89118055
89110022
89114744
89112324
89114079
89112085
89116715
89110549
89113318
89114570
89113485
89114620
89110730
89110286
89112033
89110830
89117810
89111406
89116796
89113085
89114458
89115060
89110061
89116567
89114042
89115390
89110528
89112480
89111425
89112562
89117394
89110271
89111615
89112148
89114750
89110037
89112610
89112275
89113160
89115010
89114301
89117090
89116683
89113221
89116530
89114828
89110472
89112565
89114283
89114302
89111042
89114043
89113465
89114272
89113380
89113095
89116662
89116763
89116590
89110212
89112270
89110265
89112828
89112325
89114054
89110385
89112328
89110206
89115411
89110034
89116700
89113218
89114073
89115090
89114732
89112780
89114364
89110197
89112350
89112730
89114385
89110446
89115152
89110218
89110718
89115035
89110590
89117690
89114367
89117756
89112042
89112567
89114375
89111122
89114395
89110526
89111415
89111620
89111420
89111430
89115290
89115380
89115395
89115450
89115485
89111288
89116616
89117825
89110460
89117365
89117800
89113542
89118025
89112635
89116654
89114748
89110434
89116774
89114200
89114475
89110161
89114070
89114130
89114310
89114294
89114440
89111030
89110786
89114400
89112561
89116762
89110230
89111622
89114288
89114210
89112135
89110734
89110520
89116563
89112331
89110164
89112566
89112420
89110256
89117710
89110450
89114746
89110710
89116696
89114740
89110277
89112812
89110593
89110502
89110690
89112210
89114254
89115156
89112190
89116650
89110522
89117775
89110016
89111334
89114186
89111624
89115074
89114463
89114756
89110221
89110453
89110462
89116682
89111006
89110330
89116667
89112375
89114462
89114854
89110339
89116786
89110342
89110716
89114168
89110333
89110336
89116660
89115330
89117360
89116755
89117540
89117395
89116622
89117080
89110712
89112158
89111054
89114322
89110510
89116788
89110055
89115001
89115040
89112820
89114240
89114848
89115030
89113370
89113040
89114452
89112830
89113250
89113150
89114190
89112644
89110707
89114820
89114485
89114198
89114390
89110283
89112075
89116760
89114234
89114309
89110478
89110028
89114236
89110038
89112145
89113375
89111342
89113334
89116674
89112319
89118020
89110140
89112844
89114478
89113253
89114822
89111110
89114872
89112322
89114520
89112739
89111417
89110554
89116712
89117500
89110826
89110152
89115455
89112310
89115205
89112800
89117405
89112832
89116686
89112370
89111075
89118010
89113540
89113490
89114460
89114810
89115245
89116568
89118120
89118070
89112842
89114320
89112785
89113217
89114315
89115415
89115410
89110722
89114148
89110289
89113330
89110128
89115285
89115100
89110010
89116820
89111273
89117555
89111134
89114495
89113410
89110001
89110043
89113420
89115070
89110370
89114490
89116574
89113050
89111432
89110182
89114868
89112365
89116800
89110802
89112051
89110170
89113236
89111012
89110500
89118030
89112535
89113209
89115465
89117086
89118040
89114878
89115295
89110191
89111630
89113045
89117104
89114870
89113338
89110538
89117620
89114220
89114036
89112840
89113215
89115400
89117860
89114886
89114464
89118128
89113546
89110046
89114258
89117625
89110173
89112674
89110280
89114738
89112150
89110209
89110203
89111098
89113259
89110068
89116784
89114890
89116580
89114242
89117750
89112684
89117819
89116584
89114216
89114270
89111146
89112475
89115230
89114480
89112045
89112039
89110518
89114218
89116525
89110153
89114742
89110119
89111270
89114088
89117820
89110073
89110556
89113314
89110458
89112568
89112405
89114293
89116532
89115164
89114262
89114212
89113239
89116652
89113098
89111015
89111106
89117505
89114343
89115405
89111027
89113486
89114585
89114281
89114232
89110470
89111072
89110430
89114758
89112400
89113265
89117116
89116782
89114133
89112682
89110508
89114246
89112155
89114580
89112621
89114832
89114151
89117725
89112195
89111102
89112563
89116703
89111003
89117372
89111094
89112650
89118016
89117815
89111418
89110194
89113055
89113203
89115162
89112540
89117720
89111291
89112525
89118014
89114864
89110532
89117740
89113262
89116718
89114325
89114184
89114307
89111057
89116795
89115072
89114466
89110103
89115240
89112836
89112430
89112530
89117695
89111060
89110200
89114266
89114860
89114826
89116588
89114299
89116684
89114838
89110762
89111395
89112215
89116690
89112080
89114824
89113212
89110040
89111069
89114836
89114803
89112680
89115050
89110110
89112205
89111400
89116560
89111126
89111024
89115305
89116680
89110261
89116668
89118126
89112060
89110134
89112642
89112648
89117705
89114174
89110260
89114352
89110382
89115225
89110442
89114736
89115530
89115495
89114284
89112345
89114800
89110137
89111084
89114363
89114045
89112623
89111618
89112630
89116689
89118045
89115158
89114575
89113230
89111631
89115005
89110106
89117735
89111410
89110224
89114304
89116770
89113100
89114876
89110754
89110806
89114311
89110655
89110778
89114306
89110719
89114346
89112090
89117745
89115065
89110253
89111045
89110179
89112856
89113480
89110373
89110025
89114206
89113080
89110122
89113256
89110274
89110268
89112676
89114470
89113090
89114192
89116569
89110082
89112265
89111078
89113165
89116658
89114518
89114204
89113544
89114734
89117094
89117880
89116721
89114145
89112848
89110125
89110149
89117805
89114468
89111279
89117128
89115215
89117685
89117088
89115210
89116520
89115300
89115440
89115045
89116592
89110183
89111107
89110474
89110542
89114297
89110717
89112625
89111346
89110544
89112048
89112390
89111051
89114256
89110546
89111039
89116759
89116776
89114182
89112574
89116815
89117375
89112054
89116709
89111282
89111632
89114754
89115150
89116582
89114730
89114030
89114139
89114230
89111036
89116676
89110548
89110536
89113155
89116670
89116750
89112670
89114051
89112520
89114142
89114285
89111276
89114358
89110116
89112790
89117665
89112688
89111350
89112640
89117876
89114166
89119899
89112560
89117560
89112526
89116678
89110238
89112736
89112460
89116594
89113224
89111007
89112395
89110782
89116778
89113227
89112795
89112360
89115154
89112745
89110562
89115151
89114308
89112030
89112250
89112070
89112340
89112470
89112804
89112808
89114226
89114760
89110715
89110143
89114282
89115470
89110758
89113268
89112355
89110540
89116779
89111018
89112786
89114443
89115235
89117758
89110524
89110702
89110726
89110596
89117795
89112570
89112467
89114303
89110698
89110464
89118065
89117457
89114082
89116586
89110058
89116613
89114224
89117565
89114287
89110746
89114289
89113322
89117700
89117455
89110704
89112872
89115105
89111114
89114370
89111390
89111063
89110534
89113475
89113140
89113206
89113415
89116765
89112860
89112057
89112846
89116694
89111120
89114844
89111386
89114196
89114852
89114818
89112876
89117790
89112742
89114862
89114178
89114858
89112733
89114180
89117762
89114866
89110155
89114461
89114856
89114814
89112326
89110113
89114840
89114172
89117096
