89082370
89085600
89087499
89086116
89086763
89081285
89087653
89087566
89087110
89087690
89081450
89083669
89083058
89086131
89080556
89086832
89086793
89080245
89085104
89087626
89084465
89085132
89082118
89081122
89087340
89087156
89080765
89087024
89080081
89082065
89083440
89087700
89086620
89080033
89087003
89087298
89086740
89083012
89080694
89080559
89085111
89080266
89087347
89087662
89086585
89080778
89082200
89086015
89082550
89080630
89080745
89081470
89087635
89087350
89086330
89085164
89083192
89084806
89080785
89087760
89084798
89084478
89086600
89083135
89082780
89087641
89085510
89080338
89082560
89085176
89087015
89082151
89081325
89086826
89087460
89086515
89086610
89081300
89080750
89087254
89081529
89086545
89086066
89081275
89087030
89086033
89080635
89084450
89087629
89081520
89081530
89082302
89085535
89080359
89080283
89080021
89080257
89086119
89084508
89084440
89084504
89083710
89083715
89083720
89083725
89083730
89087567
89082226
89082021
89086042
89085065
89085070
89085270
89085350
89085410
89080015
89086690
89082240
89084608
89083027
89080072
89080320
89080293
89080311
89083060
89080199
89083033
89087498
89083655
89086270
89086030
89085050
89084810
89082241
89080003
89086020
89086005
89086085
89086080
89086180
89086260
89086305
89086280
89086520
89086535
89086555
89086550
89086570
89086560
89086635
89086630
89084790
89080281
89080263
89082148
89086290
89082420
89086295
89084644
89083140
89085128
89082311
89082169
89082290
89082172
89082296
89082410
89082535
89082630
89080350
89080347
89083024
89087355
89084500
89082450
89085490
89085420
89085475
89085480
89085116
89085160
89085100
89085144
89084680
89085060
89084320
89084397
89084560
89084400
89082080
89084405
89082212
89082223
89083000
89083120
89082374
89083270
89082545
89083285
89082610
89082660
89082665
89082750
89082760
89082755
89082765
89082790
89082785
89080326
89084656
89087647
89084648
89082770
89080368
89080365
89086778
89082366
89084468
89084512
89080172
89085630
89084860
89082142
89085440
89085625
89080362
89082425
89080036
89080770
89080773
89081330
89082033
89086838
89086750
89085180
89080051
89085610
89081213
89086705
89081467
89085450
89086766
89083280
89083275
89081472
89082317
89086355
89081110
89082157
89082075
89083057
89086113
89082136
89085148
89082358
89084660
89084616
89080565
89080278
89082540
89080553
89083125
89085455
89080190
89080290
89080688
89082000
89086054
89086134
89083186
89080305
89080060
89080057
89080120
89080126
89080299
89080296
89080430
89080550
89080670
89080740
89081131
89081134
89081270
89081295
89081610
89081600
89081650
89081660
89081670
89081680
89081770
89081780
89080485
89084624
89083370
89083062
89087292
89087345
89087480
89084890
89087563
89084804
89086128
89086595
89082006
89086605
89087659
89082121
89085460
89087248
89084460
89086057
89086505
89083667
89080435
89082024
89086784
89087080
89087090
89081540
89084802
89087286
89086325
89083189
89086854
89087230
89083650
89087168
89087560
89081290
89085465
89080063
89080066
89086693
89086787
89087100
89087153
89087186
89087578
89087490
89087520
89087450
89087440
89087410
89087395
89080890
89080880
89081410
89081420
89080175
89086760
89084632
89080323
89080187
89083360
89085172
89082018
89080069
89085500
89087593
89083210
89087523
89080018
89087177
89086105
89080045
89083183
89084445
89080160
89083207
89085365
89082460
89082495
89080371
89083003
89086063
89087289
89080024
89081535
89080568
89080178
89086711
89083015
89085435
89080420
89082060
89087572
89085120
89080042
89082830
89084640
89085502
89085152
89087650
89086420
89082003
89081310
89086122
89086110
89087162
89081273
89086490
89086829
89080335
89087021
89084455
89083222
89084475
89086350
89080075
89087485
89086625
89087644
89081116
89083359
89080048
89087587
89086565
89080574
89084796
89082012
89086495
89086530
89081464
89087027
89086250
89083663
89086366
89087459
89082362
89082250
89085112
89081790
89084870
89084880
89086285
89080284
89084085
89084520
89084750
89080169
89084760
89082530
89083450
89083735
89085168
89087400
89086320
89086275
89087590
89087620
89086060
89084479
89087174
89087491
89087315
89085355
89082490
89082314
89086300
89082154
89086835
89083652
89087332
89085156
89085525
89080692
89080774
89081615
89082415
89082030
89082229
89084470
89084469
89087251
89080356
89087012
89080500
89085136
89083061
89082166
89082259
89084516
89083225
89081070
89087009
89087581
89084668
89087239
89087280
89082009
89087159
89080760
89087195
89087638
89080314
89086577
89086100
89086048
89086380
89082247
89086090
89082627
89081545
89083021
89087180
89081125
89081461
89080675
89087405
89087165
89087171
89083006
89086580
89080054
89083051
89086540
89087183
89082100
89082036
89087584
89080260
89082320
89085430
89085470
89085485
89087233
89080039
89083048
89087192
89080166
89085075
89080566
89086315
89087445
89080272
89080415
89085505
89082378
89086485
89086480
89086425
89086430
89087033
89080254
89083059
89087458
89087189
89083219
89082485
89087198
89081335
89087454
89087201
89086039
89086510
89083198
89083295
89083290
89083350
89083368
89083500
89083430
89083505
89080302
89080184
89086069
89081075
89082085
89081219
89086769
89082235
89087257
89081123
89083115
89084483
89083700
89087006
89087455
89083665
89082115
89083355
89081415
89084620
89085615
89087256
89087236
89083216
89082480
89086575
89086702
89087589
89087070
89081320
89085540
89083662
89084000
89084109
89084180
89082145
89086360
89086823
89080239
89087000
89087295
89080317
89080196
89081458
89083030
89086841
89081216
89084652
89080353
89085515
89080251
89080202
89082133
89082130
89082220
89082209
89080332
89080123
89082238
89080680
89082615
89086844
89083054
89087632
89086484
89082015
89080129
89080775
89081274
89085445
89082565
89086850
89085360
89084794
89083357
89081210
89080132
89080562
89083018
89080564
89081280
89087245
89087596
89080078
89082626
89080776
89086210
89086265
89086045
89086730
89084473
89084612
89080410
89085310
89085495
89082124
89086772
89082160
89086775
89082496
89080374
89086696
89085520
89085635
89083042
89087656
89083180
89081128
89080308
89086255
89087493
89082262
89083213
89081119
89087452
89081605
89085415
89086853
89080495
89082139
89087368
89086820
89082572
89080012
89086708
89082253
89085113
89082350
89085530
89080193
89082232
89080163
89082027
89082620
89082570
89086500
89087283
89080329
89081315
89080287
89086345
89086340
89086375
89086370
89081528
89086036
89081222
89084664
89080377
89080440
89087360
89080870
89087390
89086745
89086590
89080242
89081525
89086000
89080001
89086720
89086723
89082555
89082625
89082256
89080009
89086717
89080006
89086714
89085620
89083201
89082293
89084812
89080230
89086735
89083039
89080571
89087338
89080860
89080490
89087623
89087334
89080771
89081305
89087575
89086335
89089899
89080777
89080480
89083195
89080275
89087018
89082103
89083110
89080344
89082106
89080027
89087242
89083130
89086790
89080637
89084636
89087633
89084472
89082112
89082109
89083204
89085425
89082203
89082206
89082299
89086615
89087495
89087500
89080269
89083045
89084476
89086847
89080577
89086385
89086525
89082305
89086095
89080030
89086781
89085605
89083036
89080583
89085108
89086699
89084565
89084600
89084672
89085140
89085114
89082308
89082244
89080236
89080580
89084770
89084740
89084800
89084780
89084628
89081113
89085545
89082163
89085124
89082700
89080233
89082127
89087569
89083009
89084410
89084604
89087330
89086051
89082070
89082265
89080248
89086125
89086310
89084477
89080181
89080690
89087456
89086365
89086010
89087336
89082042
89081281
89080779
89080755
89080772
89080780
89081282
89082775
89082354
89084076
89084009
89084291
89084343
89084106
89084094
89084103
89084370
89084376
89084115
89084018
89084036
89084015
89084282
89084088
89084006
89084355
89084140
89084273
89084270
89084030
89084149
89084031
89084146
89084364
89084352
89084297
89084385
89084210
89084100
89084303
89084285
89084012
89084340
89084358
89084306
89084073
89084091
89084367
89084346
89084309
89084379
89084070
89084143
89084027
89084380
89084294
89084373
89084382
89084097
89084300
89084032
89084033
89084024
89084388
89084276
89084279
89084079
89084391
89084361
89084082
89084003
89084394
89084021
89084288
89084112
89084349
