88303440
88306020
88303255
88309010
88307620
88302050
88311230
88311235
88307390
88302580
88302101
88302100
88302102
88307301
88307300
88307302
88307303
88308130
88312140
88307120
88309640
88308365
88304550
88311325
88307040
88310020
88302277
88313035
88316484
88308700
88317170
88301220
88308181
88309040
88303530
88307360
88304020
88310150
88311046
88308001
88308000
88308003
88308002
88308005
88308004
88306839
88306030
88317578
88317210
88309765
88308150
88308151
88308663
88310200
88310060
88310061
88310062
88301650
88311085
88309560
88303455
88309230
88311060
88302360
88310450
88304432
88306832
88311290
88317540
88309320
88310434
88304053
88303160
88303161
88305229
88305230
88318455
88308675
88310635
88308648
88309124
88306210
88309745
88308470
88302275
88307350
88308220
88305360
88311070
88307420
88311315
88303030
88313050
88318499
88305280
88305301
88305300
88305610
88310370
88308510
88307292
88309285
88307400
88318430
88308395
88303140
88303222
88312230
88309214
88305510
88318090
88307140
88311355
88316180
88311350
88305150
88307740
88309607
88303574
88306235
88303104
88310500
88317015
88302510
88304345
88310510
88316710
88317576
88318547
88311250
88311252
88310285
88311562
88308425
88318600
88316060
88312295
88309025
88308570
88306050
88307150
88302605
88308492
88303176
88318470
88306817
88308622
88317195
88313010
88303580
88303145
88303510
88310170
88303020
88305170
88316488
88318155
88311075
88311341
88318528
88316450
88305107
88312265
88307130
88306840
88313040
88308692
88311328
88303310
88303430
88302460
88309410
88309411
88309412
88306505
88316630
88301380
88318346
88306330
88301265
88302380
88304331
88317572
88309450
88309130
88305450
88304380
88310415
88307270
88301325
88302430
88309140
88318290
88318335
88316001
88316000
88316002
88316003
88318111
88318112
88318251
88318401
88318481
88318482
88308705
88317615
88305612
88308227
88305550
88317129
88318330
88301140
88303550
88301640
88302270
88310220
88317160
88309170
88307645
88304450
88306320
88306725
88311332
88306245
88311549
88311534
88310195
88304255
88308586
88318387
88310540
88308569
88309465
88309665
88318140
88311044
88311287
88306692
88316430
88306780
88307393
88307030
88316600
88309654
88318453
88301590
88311543
88316080
88308623
88310330
88312297
88302120
88304132
88311705
88302300
88308585
88301515
88308180
88318315
88305570
88306545
88317223
88308305
88312246
88316158
88316220
88306155
88316385
88316395
88309194
88307635
88317017
88310645
88317140
88317375
88305599
88306795
88318360
88316455
88317519
88318144
88305588
88308555
88306410
88302273
88311343
88310623
88318352
88306482
88304290
88305040
88305660
88316355
88308140
88310443
88303040
88316615
88306315
88304065
88306695
88310556
88306726
88302160
88306500
88316100
88304069
88304070
88302550
88312243
88318200
88308706
88311121
88305340
88301468
88307298
88316708
88311015
88303485
88309054
88303090
88312150
88305575
88304140
88311547
88304104
88309470
88305101
88305100
88305102
88305103
88305105
88305104
88310130
88305380
88309610
88309052
88309046
88310480
88318181
88306730
88306744
88305520
88317020
88302000
88303000
88303001
88302001
88303163
88303391
88311600
88311601
88311765
88317000
88317670
88312501
88312500
88308620
88308605
88307710
88316050
88313001
88313000
88305415
88308195
88309030
88303023
88307770
88318170
88305680
88301450
88301451
88308165
88310553
88309663
88309661
88309650
88310470
88316360
88306789
88306784
88309064
88309265
88305580
88306835
88316723
88317675
88307220
88309210
88306830
88301445
88302370
88305586
88301585
88311104
88317150
88308022
88308560
88305260
88306460
88316490
88303060
88309260
88303200
88307240
88316476
88318199
88306828
88303410
88305120
88311470
88310423
88309725
88303230
88310466
88309080
88302340
88309110
88306781
88303462
88311402
88306783
88307330
88311590
88311575
88311558
88311535
88311528
88311525
88311500
88304315
88311150
88302350
88309660
88316086
88311152
88307113
88318625
88309677
88308190
88303250
88316065
88303437
88316410
88311301
88317193
88304390
88306821
88303420
88306110
88304220
88306040
88309645
88308199
88305620
88304040
88303270
88311220
88311223
88311440
88318598
88303130
88308170
88311530
88310160
88310161
88301540
88310560
88310453
88309044
88305500
88316347
88317230
88301060
88317539
88309715
88307291
88306415
88304130
88311303
88305400
88318390
88304145
88306806
88306813
88306842
88306814
88307365
88317502
88304510
88310260
88318145
88308183
88306750
88309005
88302204
88316489
88306826
88312210
88311340
88317278
88317510
88301260
88301553
88304410
88317270
88317505
88317600
88311565
88306220
88317677
88311283
88316070
88306829
88308332
88302265
88301070
88308530
88302470
88318265
88316380
88302320
88310626
88318549
88307315
88311205
88317040
88307322
88303465
88307430
88318342
88301015
88311010
88305270
88306816
88306540
88312275
88306485
88308660
88316500
88308315
88307660
88302586
88316083
88304350
88303174
88311390
88302260
88317127
88305210
88310690
88310691
88311415
88305355
88307210
88310630
88310631
88316420
88309500
88316485
88310090
88307720
88306200
88304460
88303590
88306310
88309601
88309602
88309603
88318392
88310240
88302310
88302346
88303575
88310433
88301484
88309201
88309200
88309202
88309203
88308010
88308567
88303070
88318185
88317555
88308515
88309625
88317274
88307165
88317035
88305140
88301120
88311000
88311045
88311095
88306793
88302006
88301016
88311110
88311111
88301480
88308460
88303490
88310400
88310140
88305050
88305630
88309211
88304360
88301040
88301041
88301090
88309330
88317200
88311540
88310110
88310620
88303240
88306838
88306430
88301670
88312170
88304340
88310503
88318022
88317123
88311225
88311227
88309146
88306785
88303595
88316076
88305145
88316073
88303435
88318551
88308325
88303390
88308665
88309090
88306403
88306404
88306405
88303412
88317380
88311561
88318520
88311333
88308650
88308625
88310120
88304405
88316330
88311548
88301662
88311710
88311735
88311750
88307600
88317190
88302020
88303024
88304270
88301668
88310360
88301676
88303320
88309275
88311302
88309305
88318092
88308545
88304435
88309705
88306472
88301625
88312280
88317390
88316850
88311256
88311257
88316496
88306420
88311030
88316090
88318433
88316701
88318120
88303540
88309350
88304075
88316625
88303275
88312120
88312160
88303520
88303220
88316164
88301210
88308710
88302545
88308060
88316494
88311580
88318168
88310506
88310520
88307180
88302505
88302400
88310440
88306021
88307020
88309213
88316481
88306350
88310550
88310551
88302095
88311215
88305200
88303100
88304100
88304101
88303101
88305130
88307110
88316487
88301464
88311240
88311245
88310380
88318160
88305540
88301130
88301050
88308430
88318190
88311715
88305589
88306254
88305555
88303620
88311021
88317513
88301000
88301001
88311522
88308712
88301580
88308500
88303155
88308030
88310673
88311582
88306549
88306797
88301250
88305645
88309042
88312255
88308185
88302295
88303005
88306422
88306819
88304200
88305310
88317050
88311258
88311259
88308080
88306221
88301587
88312220
88317118
88309510
88318567
88309150
88317260
88303470
88303570
88302208
88306707
88303301
88303300
88303302
88303303
88304300
88304301
88310420
88306255
88306787
88302500
88310340
88306786
88307395
88306445
88303010
88303026
88305000
88305001
88304000
88317180
88307372
88311310
88317370
88312050
88312000
88316300
88316301
88311289
88309075
88307280
88309550
88308624
88302425
88318333
88301390
88309240
88308182
88304050
88304110
88302070
88317124
88309270
88302274
88301370
88307000
88302135
88309770
88312125
88309340
88310693
88318680
88304125
88309609
88313042
88309657
88307490
88309700
88308050
88305220
88309735
88309670
88302315
88309720
88302604
88309850
88309800
88301230
88305127
88306230
88317550
88317515
88308535
88311495
88307115
88301330
88301680
88301500
88306480
88305425
88302097
88311555
88309115
88308630
88302610
88306525
88307700
88311107
88318353
88302600
88302535
88318317
88308482
88303210
88318340
88317365
88307200
88318033
88318640
88306160
88305240
88308196
88306120
88305064
88305594
88306767
88305030
88308312
88318585
88306212
88301486
88301496
88317279
88310080
88306470
88301655
88308040
88305330
88305470
88302330
88302004
88304560
88305560
88310484
88309125
88305350
88305505
88307160
88302240
88318425
88307650
88301365
88305490
88317554
88316170
88313045
88318590
88304470
88309730
88316721
88311505
88302582
88309000
88317240
88301530
88303380
88304365
88317010
88304120
88303110
88306345
88301440
88301441
88303500
88306760
88316157
88301410
88306691
88306130
88308175
88311605
88317100
88302130
88301664
88307170
88301600
88309475
88317220
88306170
88307385
88317266
88317119
88317368
88301350
88303164
88318359
88305070
88306024
88316620
88316479
88311105
88307580
88309120
88306195
88307345
88303057
88308610
88317680
88307324
88309245
88311730
88308360
88308480
88306060
88304056
88303170
88303171
88318603
88311123
88301335
88304047
88317280
88311254
88311255
88317527
88307101
88307100
88307102
88309155
88302420
88317400
88307640
88316477
88309620
88309114
88317506
88302030
88302575
88318630
88310650
88310651
88310115
88311300
88311334
88311370
88303418
88306810
88302220
88318332
88304530
88307260
88306798
88306800
88306815
88306843
88306510
88318595
88311553
88312600
88305135
88301610
88302345
88302110
88302115
88306483
88305390
88304401
88304400
88303400
88303401
88312135
88304240
88305060
88302060
88310030
88302560
88310640
88310641
88303150
88318437
88301657
88309365
88317514
88308390
88307310
88307311
88303370
88307098
88306740
88308467
88304116
88316495
88318450
88311305
88309295
88306693
88310100
88310101
88308575
88304500
88306827
88306742
88302410
88318535
88305690
88304060
88317570
88301498
88302570
88317289
88306823
88302210
88305365
88302040
88318183
88306400
88318648
88303028
88303162
88304030
88305598
88301475
88301460
88306253
88304280
88310300
88304235
88312130
88308193
88306705
88317115
88306257
88317516
88301400
88301401
88306820
88310320
88318440
88316383
88302230
88305600
88316460
88306140
88317350
88306710
88303560
88309652
88318130
88316493
88312300
88304260
88306335
88305315
88307440
88316720
88317508
88307010
88311285
88317574
88306023
88305165
88308171
88308385
88305460
88311050
88301473
88317676
88306700
88306824
88303450
88302520
88318660
88316610
88304048
88310490
88318135
88318195
88317529
88306190
88308440
88302010
88304320
88310642
88309760
88317521
88311190
88302290
88311090
88316240
88311048
88308600
88308601
88318445
88317340
88305530
88311120
88311130
88309420
88309421
88317690
88302150
88309048
88305112
88318512
88308414
88302584
88318460
88312245
88302075
88303573
88310558
88310546
88309066
88310570
88306035
88307070
88309145
88316400
88302515
88307005
88308550
88309087
88302080
88316093
88318524
88301462
88301690
88303125
88309280
88309281
88305640
88305480
88307090
88305565
88309445
88305080
88305587
88308655
88311042
88317360
88302092
88301425
88305160
88310483
88309015
88308588
88309215
88317358
88302530
88301560
88306782
88317504
88317545
88305410
88307655
88301300
88306492
88301301
88301303
88301302
88317120
88306402
88306745
88311570
88302403
88308645
88316478
88308225
88308484
88302332
88304330
88318198
88306822
88318310
88316605
88316473
88318550
88318545
88317275
88305596
88306495
88302383
88306664
88317367
88309608
88303055
88317245
88318580
88308486
88318180
88303109
88318495
88312180
88301495
88317518
88308621
88302250
88317356
88317512
88312250
88309740
88312270
88305614
88317025
88306180
88308115
88318605
88318526
88308310
88302098
88302405
88317531
88306660
88310680
88310681
88310710
88310648
88308565
88304370
88306791
88310230
88310697
88310696
88311740
88318034
88301620
88304355
88306836
88301570
88316405
88311532
88303260
88303003
88305320
88310516
88317290
88311156
88303415
88305615
88312260
88302081
88316155
88306765
88308602
88305020
88308025
88310350
88318514
88318175
88317110
88311260
88309070
88306833
88307060
88317371
88302325
88308540
88306025
88310523
88308670
88318500
88303396
88318275
88308691
88309020
88302008
88302206
88318530
88306666
88317543
88308608
88305595
88317272
88308580
88308197
88310543
88318025
88309062
88304108
88308635
88318348
88305590
88311583
88306265
88308590
88309335
88304225
88302540
88301215
88311400
88311465
88310670
88310671
88317650
88305591
88306662
88305430
88312400
88312100
88305075
88308375
88308400
88308525
88309400
88309401
88318536
88308679
88311342
88317121
88307326
88309460
88312650
88318370
88305155
88310180
88310181
88307297
88306729
88309755
88309440
88308450
88304045
88313043
88310210
88302009
88307630
88307050
88318650
88309290
88306792
88301080
88306100
88304230
88308617
88308355
88311545
88307460
88311725
88310270
88309425
88301660
88311335
88317547
88309190
88309605
88308120
88308320
88302215
88308612
88312285
88308520
88304520
88312240
88309160
88306150
88318158
88305597
88309050
88306018
88318642
88302455
88310600
88308687
88306001
88306000
88306002
88306003
88306600
88306601
88306772
88306773
88307375
88317125
88308552
88306250
88306845
88309122
88309300
88309301
88309302
88309303
88318166
88307610
88317590
88308380
88311560
88308100
88305065
88306440
88309480
88308330
88308335
88309085
88308070
88310486
88305370
88310460
88310426
88316470
88318197
88303330
88310190
88308640
88311080
88306825
88301020
88317500
88317501
88317528
88317526
88301240
88309360
88316510
88304375
88305420
88306520
88307290
88306550
88309380
88317013
88305440
88318345
88311065
88310355
88308420
88306796
88318510
88301340
88305010
88303008
88309235
88309424
88301666
88310050
88306831
88304102
88309430
88309431
88301030
88316480
88301482
88308604
88311330
88317535
88302094
88313047
88303460
88302090
88306055
88317363
88307670
88317192
88317117
88307320
88304430
88301490
88317130
88305593
88306080
88317197
88318156
88305670
88307363
88318645
88316350
88316320
88308689
88306834
88302082
88305405
88303120
88310456
88306763
88318522
88308681
88308350
88308160
88310472
88317537
88310445
88309060
88310045
88306841
88303172
88307450
88316370
88306450
88301420
88310015
88311760
88311755
88307295
88306818
88309606
88318570
88308340
88304160
88318350
88308370
88301535
88310576
88303080
88307230
88310000
88310001
88310002
88310004
88310003
88311480
88311481
88318380
88306802
88307250
88311542
88318030
88307410
88302002
88306812
88304420
88301110
88310508
88310430
88303340
88309485
88310463
88310410
88305312
88309455
88308618
88316159
88308490
88306610
88310010
88309250
88304440
88318331
88305585
88311103
88310610
88310513
88309710
88308311
88303002
88311720
88318040
88316475
88306794
88318565
88304250
88305495
88303360
88308616
88301510
88310250
88309310
88309220
88319899
88309195
88310580
88308683
88301320
88306490
88302440
88311360
88309630
88309390
88316633
88304540
88301653
88307386
88306340
88303480
88307296
88311140
88311141
88308678
88318462
88310660
88310661
88310070
88318260
88305265
88310446
88311055
88301201
88301200
88301203
88301202
88301204
88301205
88308020
88301310
88311100
88318036
88303025
88308465
88317095
88309675
88318560
88310040
88305110
88306790
88316497
88309530
88301430
88316435
88311200
88301630
88304150
88311460
88310573
88306481
88306479
88307340
88318384
88310455
88306770
88311320
88311345
88304333
88301100
88303015
88305250
88301360
88301361
88309775
88306788
88309520
88311410
88310280
88301550
88301470
88303013
88310290
88303394
88308194
88303050
88309540
88302201
88302200
88302203
88302202
88311337
88318088
88308416
88317155
88316491
88307370
88317194
88316713
88306775
88318037
88318355
88304445
88311040
88308685
88308606
88306694
88311224
88316390
88303102
88316413
88309750
88306240
88316161
88310495
88306837
88309100
88309101
88317610
88304310
88318435
88311550
88301700
88301701
88310700
88301010
88302450
88312200
88308677
88310432
88318035
88308110
88305375
88307080
88310578
88304210
88317525
88312290
88318665
88309653
88306668
88303280
88303350
88302096
88305592
88309655
88306318
88310310
88309175
88302385
88305650
88304135
88301556
88310295
88303011
88311020
