89161518
89165008
89160131
89160202
89163726
89163344
89167308
89167102
89165208
89163654
89160272
89163336
89161194
89163476
89160011
89167087
89163116
89161096
89160065
89163216
89164099
89165317
89167162
89161380
89165690
89160325
89165071
89165002
89162294
89164015
89167200
89161072
89165424
89165030
89162314
89163578
89160505
89160762
89165182
89160665
89160322
89160765
89162318
89163044
89162718
89162750
89162780
89163316
89165418
89167108
89164510
89160330
89167072
89160536
89167612
89165094
89162500
89160039
89165370
89160304
89163086
89161360
89161375
89163458
89163560
89165454
89160287
89164190
89165216
89160111
89160228
89162516
89161152
89165090
89162032
89164518
89167614
89161373
89167030
89162416
89160714
89162574
89162412
89163149
89165750
89165373
89162536
89165255
89160428
89160099
89160252
89164084
89162330
89160400
89162572
89160312
89162588
89163646
89165714
89160116
89160232
89164214
89164087
89160153
89167426
89167336
89163682
89160488
89161006
89167293
89162190
89167226
89161206
89165543
89160604
89162095
89163413
89163131
89163662
89163664
89165184
89165746
89162346
89162089
89165096
89167214
89167418
89164208
89165619
89165706
89165012
89160326
89161138
89160280
89160149
89160141
89160129
89160113
89160240
89160320
89165334
89163666
89162028
89160334
89167595
89161319
89161420
89163524
89165332
89165427
89165336
89165469
89167196
89167039
89165406
89160651
89162350
89163572
89163470
89163527
89163530
89161372
89165105
89164200
89167066
89163119
89165481
89164078
89160172
89160216
89165222
89167166
89163650
89163656
89163760
89160143
89165397
89161331
89165442
89163568
89167590
89161074
89160332
89161260
89161000
89160350
89163610
89163443
89163506
89163554
89165625
89160288
89167458
89167534
89163059
89165549
89160286
89165337
89160137
89160135
89160121
89160117
89160234
89165335
89161432
89165613
89165634
89167354
89165730
89161070
89162020
89162120
89162450
89162290
89162528
89162400
89162556
89162710
89162560
89162870
89162596
89162875
89163020
89163244
89163300
89164000
89163658
89164141
89163720
89164182
89164300
89164330
89160226
89160001
89167320
89160315
89161264
89160256
89160119
89164196
89162086
89160218
89165646
89160687
89164186
89164212
89160298
89164218
89163252
89165180
89163304
89163549
89165525
89160051
89163482
89165314
89160775
89167546
89167570
89167650
89167660
89167665
89165044
89163561
89162592
89160708
89167069
89167224
89160123
89160220
89167006
89164204
89163753
89165388
89160768
89165534
89167236
89164216
89162366
89167208
89165637
89161365
89165016
89162730
89164520
89167340
89165694
89164380
89164420
89163700
89165546
89163642
89160155
89160688
89165218
89165640
89162338
89162512
89165069
89165718
89160479
89164132
89167348
89160041
89160238
89160087
89163781
89161282
89167218
89165152
89165379
89161119
89161116
89165516
89163690
89165032
89161328
89160021
89165072
89163032
89160058
89165022
89163240
89167170
89160358
89160420
89163083
89160424
89165010
89163648
89164111
89164048
89164553
89162332
89167578
89160770
89165440
89165580
89167356
89165004
89163551
89163035
89163757
89160544
89161118
89165430
89163704
89167502
89164630
89163228
89167160
89163029
89164123
89162576
89163212
89167180
89160503
89165484
89165592
89160432
89161144
89160057
89160548
89160600
89167490
89167114
89162083
89161464
89160198
89162548
89160667
89163068
89162532
89167174
89160316
89162230
89161190
89167002
89160274
89162310
89162334
89163539
89167018
89163548
89162540
89167480
89160657
89160278
89160722
89163756
89165426
89165302
89165247
89163256
89161094
89164342
89164036
89163678
89167042
89167585
89163092
89167075
89165149
89163416
89163660
89163164
89165376
89163533
89163451
89163709
89164057
89160236
89162092
89163095
89163557
89164051
89163071
89161268
89160270
89164559
89165024
89167498
89161082
89160506
89167178
89163724
89163613
89160324
89165220
89160592
89160699
89164188
89165108
89167152
89167478
89160127
89160210
89162508
89167655
89162580
89161377
89160636
89165528
89167605
89160608
89162524
89165188
89160009
89165489
89163107
89165754
89161376
89163128
89167206
89167210
89167081
89164346
89160262
89164639
89164012
89165102
89167150
89167172
89167290
89167300
89163324
89161502
89163467
89160188
89163692
89163452
89167438
89165710
89162126
89160254
89167542
89160404
89161385
89161395
89165522
89167186
89160336
89163065
89165649
89163569
89163565
89161370
89163503
89164023
89163360
89160140
89160308
89167344
89163534
89165014
89165583
89160222
89163542
89164303
89163491
89167021
89167414
89161150
89161504
89160588
89161149
89160133
89167538
89165478
89161080
89167093
89161374
89163464
89161120
89163684
89165796
89163453
89167000
89167222
89167242
89167246
89165555
89163208
89161084
89160260
89167518
89160497
89161151
89164135
89167168
89163566
89164198
89165267
89160696
89162362
89164030
89164054
89165385
89165092
89164641
89165084
89165006
89165382
89163320
89163080
89162584
89163784
89161060
89164096
89165793
89163567
89163053
89167099
89163728
89162722
89163101
89163089
89163041
89165342
89165552
89163674
89165463
89162322
89164126
89165726
89165738
89165060
89160174
89160147
89162726
89160294
89160584
89165510
89165436
89163766
89167105
89162783
89167580
89160416
89160412
89163440
89163410
89164117
89162172
89160470
89160580
89160690
89160760
89162178
89161218
89162358
89163268
89163515
89163113
89164184
89160276
89162820
89160596
89163721
89163787
89163509
89167430
89164504
89163230
89160025
89163348
89160035
89165400
89164063
89165020
89165457
89164072
89165589
89160328
89167422
89164069
89167182
89160444
89164500
89160109
89167316
89167486
89160719
89165598
89160302
89165196
89163167
89162714
89163236
89160485
89163479
89165200
89165421
89162404
89160055
89163521
89162408
89160645
89160192
89167510
89162724
89165258
89161030
89160196
89161424
89161436
89165329
89160266
89165075
89160139
89160190
89162728
89167015
89167117
89167442
89167454
89163352
89167360
89165212
89160648
89165451
89162810
89161122
89167084
89160176
89160509
89164516
89160289
89165143
89167424
89160716
89167192
89165540
89165320
89163706
89164090
89160212
89161090
89161198
89161078
89165026
89165722
89161128
89162056
89162040
89162036
89160306
89160290
89160077
89164060
89165269
89163176
89167653
89164114
89162454
89167434
89163545
89167238
89165734
89167506
89160125
89163143
89163750
89167450
89165460
89164206
89160702
89161325
89165391
89163056
89160061
89160718
89164421
89163447
89165415
89167228
89162160
89162184
89162220
89162240
89163134
89161134
89160666
89163461
89161506
89162727
89160473
89163581
89160165
89160107
89163038
89165028
89167198
89160159
89165290
89165140
89165063
89165000
89165018
89163644
89164033
89164202
89160500
89163050
89167033
89165013
89160633
89160284
89160101
89160079
89167024
89160206
89161136
89167652
89167332
89162302
89160186
89167194
89165475
89165078
89165243
89167051
89160059
89163122
89160091
89162568
89161003
89165252
89165263
89165799
89160081
89165531
89162326
89167120
89160538
89160178
89165448
89160532
89164108
89163790
89163260
89165087
89160083
89160103
89160003
89163224
89165698
89165445
89165643
89167312
89167003
89167154
89163161
89163778
89162052
89160630
89160494
89164603
89165095
89160097
89160157
89164046
89164181
89160089
89167524
89163485
89162552
89162504
89162462
89162458
89160693
89167610
89160720
89167213
89161214
89163752
89162306
89160043
89163668
89164093
89160047
89161210
89162048
89160660
89167156
89160711
89160075
89161476
89160242
89165183
89163438
89167063
89163686
89165368
89163204
89162860
89160037
89160282
89165412
89164070
89161514
89162370
89165604
89164024
89167304
89160005
89167078
89163688
89160071
89163047
89162298
89163027
89163450
89164009
89160476
89160027
89160314
89163488
89160049
89164120
89163575
89163584
89161117
89160151
89160115
89160224
89165519
89167244
89167190
89160019
89161140
89165586
89163473
89167616
89167324
89163332
89162129
89161390
89165293
89165240
89163563
89162354
89165099
89163730
89163775
89164636
89167526
89167036
89167202
89165622
89167012
89167220
89165338
89164550
89164600
89163340
89167600
89167164
89165155
89167446
89165601
89160244
89165433
89164428
89162544
89165403
89165311
89161313
89161316
89164102
89164138
89165261
89160310
89160214
89160017
89162753
89160013
89167090
89167111
89163272
89167176
89162080
89160067
89164192
89160639
89165628
89160264
89167212
89160073
89161076
89160063
89164633
89167470
89167240
89160408
89160663
89163220
89167216
89167045
89167482
89164045
89167234
89165093
89164432
89160482
89163722
89161132
89161148
89163512
89161202
89163158
89167163
89167462
89160194
89160184
89160095
89167530
89160069
89163312
89163356
89163264
89161371
89167184
89167618
89161468
89160534
89167514
89162336
89163696
89164006
89165472
89161512
89167096
89164384
89161510
89167048
89164039
89163640
89161508
89161516
89164042
89163680
89167575
89164180
89167158
89165537
89165439
89161434
89167364
89167009
89165409
89161092
89163652
89163494
89163137
89163500
89160296
89163146
89163698
89160182
89167230
89164388
89163449
89161112
89163104
89163497
89165250
89165742
89164502
89160053
89160029
89169899
89165246
89163616
89163248
89165487
89165513
89165610
89165702
89165790
89160685
89163073
89160686
89165323
89167522
89165111
89163518
89164556
89165091
89165113
89167057
89160145
89163694
89164210
89160204
89165141
89160093
89160258
89162342
89164508
89161135
89160540
89160642
89160668
89163308
89167474
89163200
89162123
89161472
89163763
89163676
89165204
89164066
89163023
89162564
89165066
89163672
89165326
89164081
89164018
89165192
89164194
89162044
89163536
89160440
89160436
89160300
89164129
89160085
89161086
89167027
89162854
89164334
89165308
89160292
89167352
89160045
89163769
89164021
89163772
89165595
89165616
89164506
89163155
89163670
89165265
89167188
89163232
89165081
89163125
89165631
89164512
89164514
89163077
89162850
89162840
89162830
89160612
89160654
89160318
89167204
89167060
89160031
89164075
89165394
89165466
89165146
89163328
89160208
89160200
89164027
89164338
89164350
89161034
89167494
89165042
89165299
89165296
89165249
89160268
89160180
89160491
89160705
89161124
89160362
89164105
89161428
89161114
89163710
89163446
89161322
89160023
89167038
89167466
89161110
89161098
89163074
89162053
89160250
89164003
89163152
89163110
89163062
89163026
89163708
89163448
89163218
89162024
89163170
89161310
89161460
89163173
89162166
89163140
89165607
89164642
89164424
89160033
89160015
89167328
89167410
89161088
89163455
89165305
89165251
89160230
89163098
89167054
89162520
89160161
89167232
89160164
89160163
89160170
