89297873
89296862
89299065
89295632
89295564
89295327
89299512
89295055
89298333
89296882
89296868
89296870
89297234
89297236
89295648
89296551
89296554
89296370
89296366
89295600
89295886
89297745
89295552
89295586
89296776
89297302
89295536
89296566
89295878
89297190
89295588
89295500
89297018
89295810
89296090
89296282
89295224
89295381
89299522
89295333
89295608
89295071
89295393
89296880
89297748
89299516
89297703
89297530
89296354
89295170
89295133
89296572
89295248
89297503
89296846
89297506
89297879
89296593
89298339
89296560
89295534
89295246
89295033
89296602
89297280
89297204
89297206
89298148
89297715
89297276
89296575
89298357
89296294
89297679
89296530
89296632
89295354
89296898
89295330
89295566
89297527
89297849
89297676
89297685
89298142
89296254
89295228
89297282
89298202
89299015
89296569
89296298
89295131
89297721
89295053
89295230
89295396
89295630
89295746
89297733
89295884
89295079
89297288
89296290
89297536
89295530
89295390
89298520
89298378
89295640
89295194
89297008
89295111
89299075
89297888
89295546
89296246
89295172
89298406
89297694
89297834
89297188
89295506
89298181
89297545
89297867
89299055
89296512
89298184
89299035
89298530
89295065
89296104
89295638
89295348
89297200
89296350
89295003
89297578
89297670
89295242
89297810
89295502
89295748
89298330
89295634
89295256
89297560
89298366
89297244
89296894
89298342
89297212
89296748
89297210
89295192
89296886
89295240
89295001
89295300
89295590
89295220
89295724
89297274
89295087
89297709
89295206
89295184
89295049
89295178
89297548
89295099
89295363
89296850
89298348
89297894
89296596
89295013
89296792
89295882
89295345
89296302
89297575
89298403
89296590
89295260
89295097
89295880
89299520
89295372
89295554
89296626
89296780
89296629
89297831
89295544
89298190
89299010
89298195
89296338
89299030
89296322
89299526
89297539
89296318
89296106
89298390
89296772
89295624
89295504
89296326
89298404
89297524
89296314
89296884
89297739
89297861
89297828
89296009
89295109
89299518
89298027
89295399
89297186
89295614
89298009
89295321
89297822
89295324
89298387
89296890
89295312
89295560
89295604
89299508
89299005
89296584
89296587
89298211
89297566
89296518
89298130
89298336
89298223
89297730
89295726
89299095
89295021
89298015
89297192
89297882
89298193
89296521
89295009
89296250
89295592
89297278
89297296
89297682
89298351
89295578
89297180
89296860
89295218
89296542
89297238
89296740
89297239
89297241
89298396
89295303
89298175
89297864
89295119
89296238
89295339
89295075
89295596
89297290
89295258
89297581
89295039
89297286
89295644
89295037
89297220
89297891
89296539
89297230
89295210
89295244
89297700
89296342
89297264
89297554
89297557
89296270
89295017
89295306
89297256
89297014
89295190
89298384
89297870
89295063
89298208
89297673
89298133
89296346
89298187
89297388
89298505
89297294
89295636
89295574
89297512
89295250
89297214
89297742
89295375
89295129
89296230
89295214
89295073
89296764
89295015
89299514
89298139
89297852
89296641
89298024
89297020
89297258
89297022
89297813
89295556
89296888
89299070
89298360
89297218
89298154
89297380
89298510
89295606
89297855
89297846
89297298
89296578
89295232
89296358
89297284
89296848
89298012
89295814
89297202
89297208
89296744
89297272
89298199
89297248
89297004
89295570
89295315
89298151
89297691
89299060
89295007
89298393
89296503
89296858
89297194
89296506
89297837
89295085
89297246
89297002
89298172
89296844
89297858
89298000
89295351
89295027
89295051
89295057
89295180
89295182
89295728
89295628
89295516
89296262
89295730
89297198
89299528
89299090
89297010
89297718
89298372
89295538
89295742
89295342
89297816
89297266
89295734
89295616
89296094
89296756
89297515
89297706
89297232
89297724
89296098
89299100
89295309
89296623
89297754
89295101
89297518
89296842
89297500
89296509
89295252
89295526
89297584
89295532
89296866
89297184
89295558
89295752
89295750
89296003
89297819
89295011
89296310
89297300
89297712
89295378
89295510
89295043
89297542
89295512
89295387
89296790
89295522
89299020
89295508
89296096
89296563
89295238
89297224
89295188
89295047
89295186
89295542
89295720
89295216
89295528
89295620
89296524
89298375
89295091
89295200
89299050
89299502
89297270
89297697
89295089
89298006
89298345
89297885
89296896
89295384
89298196
89295208
89297262
89296635
89298200
89295093
89295736
89295744
89295369
89298003
89299506
89298018
89298540
89296608
89298163
89295610
89299510
89297551
89295262
89295524
89295113
89296266
89296278
89296006
89295818
89296000
89295198
89295236
89295722
89299045
89295594
89298157
89295514
89297016
89295061
89296614
89298410
89296557
89297012
89296864
89298205
89296605
89295117
89296258
89298217
89295562
89297254
89296878
89295069
89296536
89297006
89297252
89298136
89298381
89295618
89295732
89298145
89298363
89295176
89299524
89295568
89295548
89298166
89295642
89295612
89297222
89295095
89295572
89296647
89296515
89296533
89297569
89296306
89295550
89295264
89296611
89297196
89296548
89295646
89299504
89299000
89297825
89297000
89297727
89297384
89295820
89295204
89296527
89296316
89297563
89297182
89295081
89297216
89297292
89298399
89296362
89296874
89297509
89296234
89295127
89295125
89297751
89299025
89295336
89299080
89298220
89295540
89296650
89295105
89296840
89295582
89295602
89295123
89295019
89295059
89295234
89295888
89296545
89296500
89295107
89296852
89297572
89297533
89296092
89297240
89297250
89297070
89296638
89298178
89298169
89296108
89296102
89296644
89295576
89295196
89295077
89295226
89298369
89296599
89296286
89295360
89295045
89295067
89296110
89296617
89295212
89296872
89298402
89295738
89297736
89296856
89295626
89295254
89296876
89298405
89296768
89295202
89296752
89297242
89297260
89299899
89295584
89297843
89295740
89295318
89296581
89295121
89296242
89295115
89295518
89296274
89297521
89295083
89296100
89295103
89296620
89295366
89297268
89298214
89297876
89295520
89296760
89297688
89295580
89295357
89295598
89295622
89296892
89298354
89299085
89297226
89297897
89297228
89299040
89295174
89296854
89296330
89298021
89295041
89297840
89296334
89295222
89295025
89295005
89298160
89295023
