88122042
88110055
88108390
88122007
88115390
88119350
88113503
88102404
88103237
88103790
88101175
88107377
88115793
88107614
88119478
88104820
88113260
88117260
88117261
88117132
88115218
88122028
88106120
88123150
88101080
88123022
88104470
88106511
88107563
88104790
88106633
88101090
88101091
88107601
88122170
88104010
88103450
88101400
88108176
88106740
88106715
88106792
88115190
88123102
88106518
88104430
88111610
88115550
88104610
88119369
88113155
88110503
88110505
88110510
88110515
88110520
88107332
88110480
88106705
88107504
88107286
88106405
88122026
88102190
88122060
88123070
88115551
88107803
88107047
88103100
88107802
88104210
88110648
88104720
88113243
88104260
88122023
88110128
88103350
88115630
88113490
88115546
88117423
88123052
88103320
88103465
88122079
88107735
88103700
88115251
88122450
88106787
88104560
88110060
88107352
88111355
88107490
88104455
88110655
88110664
88110644
88110530
88107365
88103217
88119434
88110085
88104665
88106758
88117333
88113487
88119329
88123025
88107562
88101150
88102210
88101004
88107818
88111530
88113310
88113600
88113601
88113510
88117467
88101240
88111240
88106797
88106460
88123345
88123055
88119075
88122464
88113855
88107591
88104670
88106280
88106135
88106145
88106060
88117751
88117310
88117311
88117134
88122409
88106435
88115783
88104540
88111507
88103210
88122053
88111515
88113218
88106765
88111483
88106303
88122022
88122479
88110525
88113010
88107322
88106400
88104546
88119347
88104555
88123068
88119440
88119188
88110150
88119255
88113710
88117370
88104231
88110132
88123010
88107486
88110545
88107501
88103120
88107245
88104258
88106610
88111340
88117011
88103280
88104420
88108263
88117350
88117351
88104500
88107820
88106514
88110400
88110601
88110401
88110661
88110476
88113786
88110535
88107275
88104013
88107466
88106230
88106308
88107810
88106160
88103010
88113655
88117385
88119252
88115174
88115375
88107288
88106655
88110667
88123026
88115276
88103440
88122013
88123012
88104490
88107100
88106696
88110030
88107832
88117140
88123220
88122425
88111510
88122014
88103205
88101230
88106565
88111185
88115274
88122466
88102090
88103515
88106143
88117020
88117021
88117022
88113245
88107630
88119482
88110657
88122006
88110140
88122008
88119486
88110540
88119424
88106270
88122050
88119484
88111617
88119293
88113820
88122270
88122202
88104710
88107680
88111683
88103530
88106616
88107220
88119215
88110775
88106844
88107469
88113442
88110165
88115045
88103215
88106635
88108113
88111489
88103005
88111495
88111370
88104740
88106519
88119179
88117720
88110134
88106500
88106501
88119000
88106796
88119480
88103230
88106250
88101007
88110560
88104200
88107520
88106676
88110556
88108220
88106694
88117045
88115172
88113823
88101085
88115233
88115265
88107270
88113455
88110553
88104438
88104082
88107422
88119470
88104236
88111506
88107758
88108400
88113650
88107317
88122044
88104165
88107870
88106480
88107386
88113625
88110160
88110672
88107240
88115485
88107374
88107560
88107423
88104215
88119114
88111390
88110410
88107616
88123062
88115661
88115270
88115160
88103604
88110700
88106782
88104400
88110645
88110130
88117252
88107441
88122460
88101110
88107475
88123357
88107235
88113810
88110695
88123460
88115730
88111552
88107334
88107648
88107324
88110550
88110710
88103263
88110760
88117220
88111520
88111516
88111400
88103080
88106485
88110435
88110575
88110175
88107401
88107392
88110501
88110500
88106205
88110405
88110450
88102300
88115070
88107809
88107457
88115767
88106527
88104004
88110170
88115100
88113100
88111001
88111000
88110200
88110201
88117500
88110600
88102700
88108000
88103800
88103480
88106100
88103481
88106101
88104800
88104801
88106323
88115810
88107387
88104365
88110155
88110633
88104567
88113790
88102280
88108450
88110136
88107854
88115566
88110070
88119372
88110570
88119185
88102480
88108380
88122550
88107828
88108250
88117735
88110768
88106851
88119152
88110725
88110585
88113556
88106557
88110597
88117248
88115495
88107320
88110764
88110808
88111110
88111633
88111541
88110580
88110590
88110595
88104596
88108410
88107033
88103054
88108267
88115678
88113479
88107493
88107468
88119170
88106848
88111648
88113450
88104240
88104785
88122403
88110830
88104755
88107405
88106240
88119422
88115150
88115548
88107371
88102340
88101020
88107425
88101160
88110306
88110300
88117710
88113270
88119378
88119430
88119432
88115600
88111470
88111472
88106146
88107638
88123090
88107860
88107280
88113133
88123130
88115368
88111320
88111458
88111321
88102420
88110627
88117037
88122040
88122135
88115662
88104510
88110022
88107479
88107642
88115210
88110210
88106632
88102050
88117235
88107445
88107492
88102403
88111608
88113200
88106530
88107545
88108320
88103760
88107788
88115240
88106202
88107729
88106774
88106725
88104575
88106803
88107356
88107338
88117225
88107574
88119305
88106290
88110750
88103600
88110740
88106731
88119146
88107323
88110309
88115722
88115790
88110307
88113550
88107450
88115765
88103130
88106638
88122110
88106606
88106513
88111652
88113420
88117420
88113814
88101040
88121814
88103200
88115500
88110415
88110317
88106340
88103115
88106660
88119129
88123341
88115787
88107050
88122034
88110730
88103435
88103225
88103255
88107453
88115720
88113735
88107205
88104030
88102010
88102101
88102100
88115710
88122016
88104310
88101190
88122408
88104426
88103755
88101070
88111315
88110214
88115602
88107824
88106800
88119090
88106623
88106547
88117200
88107590
88113780
88103430
88108235
88104600
88113485
88107766
88111330
88111337
88117430
88111310
88110621
88107436
88107042
88106325
88107804
88111460
88111462
88117040
88107540
88117452
88103095
88107130
88104340
88115220
88108195
88106335
88115616
88107461
88107062
88117005
88117013
88115559
88111485
88107502
88107525
88110794
88110797
88101430
88115814
88117033
88104545
88110840
88111567
88111140
88111175
88108110
88119261
88113770
88117470
88101050
88123082
88115750
88115330
88123330
88119367
88101335
88104530
88107858
88103212
88104561
88102060
88111563
88111560
88123185
88111420
88110218
88115820
88123300
88113838
88107813
88107834
88119324
88107880
88110651
88119442
88117015
88102260
88122486
88103090
88119308
88106450
88107792
88107784
88122250
88107318
88104535
88107413
88107459
88119120
88107842
88119258
88107284
88117010
88101060
88106845
88103540
88123060
88107310
88104565
88103630
88113135
88122043
88111487
88107060
88115403
88103510
88113800
88107045
88117110
88111643
88103690
88106810
88115140
88113850
88113125
88115155
88108130
88106282
88119123
88101005
88103176
88115527
88103125
88107628
88117620
88103765
88110666
88113220
88110806
88115777
88115776
88110803
88115780
88104480
88107281
88110310
88110692
88110320
88108190
88110125
88106050
88104367
88123080
88113459
88113415
88113461
88110669
88119218
88122010
88106515
88119299
88106600
88111125
88107497
88113730
88106040
88111466
88107500
88106537
88113300
88115237
88115252
88106670
88108173
88111600
88108140
88117402
88123028
88115740
88104760
88106505
88106652
88119290
88115279
88106690
88111647
88113410
88103245
88104205
88104000
88122456
88111160
88117750
88103216
88115505
88107576
88107451
88110220
88115663
88110225
88103250
88107333
88107046
88122484
88103650
88123189
88117050
88106502
88111356
88113160
88103060
88106683
88104668
88117290
88117291
88117292
88110675
88111565
88106010
88104440
88107780
88115255
88106630
88103260
88103400
88110833
88107799
88107589
88110820
88110110
88110111
88107449
88107806
88113787
88115553
88113775
88119100
88103257
88119353
88106260
88110235
88117490
88106506
88108270
88106781
88113130
88104070
88119374
88110230
88119410
88119418
88104305
88117240
88111225
88107230
88107462
88107368
88106558
88107213
88119321
88106512
88113832
88104770
88103003
88113467
88106508
88111626
88113460
88111627
88113464
88113040
88119368
88113830
88111102
88104235
88115142
88107498
88107725
88119108
88115355
88103052
88110010
88111100
88113000
88115000
88104160
88117650
88117655
88110050
88122476
88122155
88115374
88110624
88111130
88108360
88101310
88115640
88103235
88119220
88119217
88110685
88106682
88103000
88113478
88110816
88106509
88123350
88117850
88110603
88110662
88110330
88110340
88103655
88111480
88115707
88104065
88104237
88104238
88103603
88110240
88110350
88110360
88106823
88104020
88113750
88119438
88110315
88113280
88115285
88113520
88110785
88115510
88104620
88119416
88119426
88119428
88108440
88117615
88113295
88123064
88107727
88111233
88101300
88103050
88106105
88123078
88107210
88106815
88115655
88107225
88115535
88107448
88113462
88117460
88106225
88106730
88107572
88110065
88119348
88110720
88110790
88115664
88115360
88107827
88113417
88107306
88106790
88122468
88123340
88123040
88110618
88122045
88107790
88107110
88119355
88107491
88119338
88115223
88106608
88119126
88119191
88119414
88103370
88104058
88103482
88115700
88119345
88107304
88106525
88107705
88104422
88113285
88107435
88106825
88102020
88102035
88113827
88107594
88106575
88102180
88108310
88111522
88106180
88104060
88113812
88113630
88115768
88110823
88108445
88119176
88107044
88119420
88107726
88115665
88111629
88111642
88103180
88104630
88123160
88115225
88104495
88103475
88111550
88117019
88117703
88102270
88108115
88115153
88111135
88103460
88119056
88107039
88122024
88106300
88102470
88108178
88115620
88115515
88107753
88119358
88108145
88119375
88119042
88107305
88102600
88108100
88108167
88106535
88117473
88111450
88122462
88107750
88115660
88119337
88115715
88106695
88113365
88119344
88117210
88117211
88115362
88106157
88106710
88106504
88104580
88103265
88117440
88113760
88123015
88106140
88102160
88108165
88110687
88104320
88107795
88107793
88122458
88111670
88111671
88113311
88111684
88104557
88104463
88111350
88101350
88110100
88119050
88119370
88113826
88108300
88106582
88104424
88115373
88101365
88101340
88103780
88101210
88115563
88106285
88107550
88106550
88102440
88102650
88113480
88110780
88111625
88121820
88107808
88113720
88113815
88110308
88102320
88103150
88122440
88103380
88110606
88111435
88110663
88122033
88107762
88122030
88101420
88106628
88102405
88113620
88107282
88110304
88113317
88107470
88108210
88106680
88113894
88119122
88122160
88111490
88113477
88119273
88110647
88110470
88122482
88102450
88107388
88122046
88102054
88106070
88104750
88106760
88107052
88122020
88107029
88115558
88111631
88107064
88106777
88103605
88107488
88115278
88111555
88113740
88107785
88110040
88117336
88107755
88115690
88110684
88122500
88102080
88107452
88122039
88104275
88101450
88107300
88108120
88103608
88111477
88119376
88115556
88102250
88115239
88107066
88103220
88111570
88115406
88115650
88115401
88113430
88111651
88108170
88103715
88103160
88119357
88107439
88122056
88115164
88107043
88103310
88106510
88106030
88107825
88101330
88119446
88106657
88119270
88111561
88107495
88107801
88122435
88122200
88119222
88107633
88107610
88110688
88107816
88115145
88103720
88113165
88107054
88107740
88108125
88119366
88113518
88113865
88117603
88108340
88115135
88122410
88106775
88117405
88119356
88111615
88106517
88113857
88115253
88115760
88115275
88107447
88101200
88101201
88117100
88115547
88107484
88102220
88107578
88117360
88104765
88107024
88111540
88108180
88107682
88117605
88107646
88117453
88110250
88110479
88107487
88107312
88122077
88122420
88106793
88103240
88110517
88110639
88110090
88110770
88119192
88107650
88117125
88113015
88111150
88106155
88123344
88108330
88107483
88102140
88115377
88101001
88102401
88102400
88101000
88119008
88119362
88111338
88102310
88113623
88113448
88104730
88106153
88115666
88110735
88115667
88106190
88107890
88108370
88102350
88106685
88113863
88117338
88108205
88123003
88111492
88103110
88123343
88111484
88107303
88122220
88107805
88117451
88123188
88107588
88122041
88107473
88113877
88107786
88102000
88101100
88101101
88102001
88107353
88110080
88115350
88103610
88113880
88117001
88117000
88110001
88110000
88113837
88103660
88107772
88104022
88106700
88107885
88107442
88107866
88111395
88113315
88123355
88106818
88102052
88115369
88104732
88106305
88113475
88110131
88119444
88115370
88107807
88107307
88107849
88102460
88107855
88107556
88104585
88108200
88122075
88122130
88106798
88115775
88107350
88107830
88107859
88123050
88113110
88106490
88108260
88122120
88117337
88113845
88107822
88106618
88103030
88113783
88117270
88117136
88111430
88106773
88123095
88119096
88107875
88123020
88106634
88103500
88106000
88115020
88104006
88122018
88119311
88119323
88110678
88111180
88122090
88110665
88103020
88110420
88103740
88117730
88107404
88115668
88107443
88115260
88119317
88108375
88115158
88110477
88113705
88117222
88117425
88104485
88115175
88106728
88110792
88110799
88119060
88115060
88106650
88104563
88106755
88122520
88103415
88107546
88106548
88106645
88108280
88106545
88111343
88119140
88104559
88106791
88122505
88117330
88117331
88110045
88115180
88113840
88115380
88106840
88106620
88115048
88113835
88106805
88106602
88103190
88115675
88104403
88122474
88113825
88117410
88113255
88115549
88107259
88107782
88107797
88107592
88115005
88115490
88106786
88106612
88101180
88115770
88103360
88119264
88107454
88119040
88107833
88106604
88107845
88108185
88106232
88122019
88113451
88123096
88110654
88106560
88102045
88122246
88104515
88107847
88106812
88106826
88107836
88108293
88122100
88104605
88115631
88107566
88113844
88107480
88107783
88113875
88115277
88101360
88111680
88113885
88113618
88104548
88107476
88122031
88110630
88107478
88110473
88103670
88119055
88108112
88115003
88104677
88123030
88111300
88113805
88104066
88107456
88107841
88122047
88102500
88103140
88122242
88115163
88107794
88107499
88119173
88107846
88106287
88107789
88101083
88113828
88101460
88106555
88111645
88113440
88101280
88104230
88107049
88107533
88115498
88117760
88107090
88106440
88104035
88106110
88107489
88106757
88106420
88122400
88117450
88107370
88115560
88107831
88110025
88113515
88117230
88119004
88117280
88107458
88106130
88106780
88107431
88106529
88122488
88115669
88106200
88115671
88107700
88113890
88104660
88115405
88115822
88115818
88117250
88117860
88107438
88107503
88110425
88107437
88103622
88115165
88106789
88115400
88115672
88107028
88119012
88115371
88117607
88119093
88115235
88117640
88117612
88104574
88101410
88103470
88106771
88106125
88103445
88104460
88113215
88107640
88115544
88122478
88106783
88113030
88108230
88107555
88111380
88107787
88104415
88113472
88111685
88107031
88103174
88107564
88110681
88119472
88107255
88119352
88107587
88119332
88104233
88110020
88115795
88115280
88107265
88106687
88119326
88107881
88108290
88123175
88106102
88108240
88115673
88107731
88110800
88104250
88103710
88113150
88111235
88101002
88122472
88102321
88123170
88104256
88123101
88106829
88104450
88104566
88107815
88104405
88104350
88103620
88107624
88101270
88106788
88103034
88104517
88106697
88107022
88122055
88108273
88110636
88106735
88106546
88107467
88103214
88106639
88111665
88113335
88113848
88110680
88110798
88111223
88115800
88107733
88104300
88108175
88103640
88110612
88110646
88119341
88108177
88106330
88104270
88111500
88111513
88115171
88115674
88115825
88108430
88102445
88113320
88106148
88110745
88115520
88110810
88117465
88107325
88107369
88117320
88107558
88119476
88106220
88113118
88111590
88102430
88110693
88110694
88110455
88123035
88122051
88113290
88106614
88115653
88113700
88122140
88111503
88117855
88123140
88104410
88115816
88119149
88115812
88113250
88122380
88106750
88110475
88110660
88115480
88113870
88111120
88101220
88106802
88102150
88108143
88107535
88107530
88115680
88103410
88117335
88101320
88104780
88106540
88113685
88107865
88115615
88119354
88110057
88110478
88106674
88108194
88117600
88123192
88107444
88122515
88104650
88115250
88103228
88117017
88106785
88113319
88117115
88106668
88122490
88122411
88117035
88117215
88115676
88106045
88113400
88115561
88106402
88122003
88119474
88111475
88103270
88103036
88113553
88119302
88104072
88107398
88107380
88107389
88110440
88107383
88115677
88117060
88104745
88115808
88113020
88113210
88111335
88106819
88107340
88119320
88106430
88101440
88107856
88106824
88111336
88111328
88119346
88107565
88122029
88108295
88107290
88110755
88115378
88107568
88103300
88106664
88113120
88107618
88107580
88110430
88113140
88103170
88107570
88122422
88119365
88110015
88106631
88107798
88106562
88106265
88106345
88104245
88115273
88107408
88101003
88107800
88103006
88106662
88111580
88115410
88122049
88106820
88117390
88106580
88104492
88123120
88104005
88110640
88107120
88117030
88107850
88122080
88103127
88119314
88115376
88104435
88111660
88104667
88117255
88110642
88107853
88115774
88108460
88122048
88122413
88110609
88107745
88123899
88107848
88115525
88107326
88107644
88122021
88122415
88119098
88107362
88107336
88107636
88117340
88110460
88101260
88106692
88107613
88103247
88103770
88107622
88115372
88106035
88107419
88104595
88122454
88123180
88115613
88104028
88108275
88103207
88119187
88103645
88106150
88106438
88106115
88122001
88123001
88113240
88104550
88106827
88117400
88103750
88110795
88119182
88115679
88117610
88102030
88107410
88106821
88101250
88104663
88101195
88102130
88115050
88107455
88106585
88119297
88119343
88119230
88121824
88106817
88115681
88104253
88107626
88119400
88115010
88107482
88117120
88108278
88107481
88113463
88110465
88103420
88113230
88104547
88103182
88107620
88106522
88122244
88115530
88107328
88115682
88102040
88106310
88117630
88107250
88107612
88115211
88119267
88108350
88106470
88110035
88113560
88107330
88117706
88115683
88107315
88107485
88107460
88110813
88122405
88122407
88107494
88113313
88107477
88123110
88107471
88115684
88119194
88115685
88119436
88111220
88111345
88102370
88111650
88107020
88106520
88119058
88119240
88106669
88107510
88119057
88107796
88119351
88104743
88119117
88119143
88115555
88103653
88111170
88106640
88107465
88111360
88111410
88110120
88122150
88111673
88122004
88113235
88107496
88106320
88122470
88115170
88115379
88115827
88106666
88106784
88107395
88107416
88103040
88115670
88115523
88101170
88104526
88107070
88107215
88104810
88103043
88121810
88107001
88101290
88115805
88107428
88111635
88111640
88107826
88115610
88110643
88106020
88101238
88110690
88104525
88102410
88103017
88104675
88107446
88110826
88117700
88103070
88104003
88107359
88107567
88111535
88111532
88107010
88115230
88115785
88106516
88123470
88104553
88107464
88104680
88122480
88104735
88103213
88110615
88122430
88111518
88123190
88101030
88101370
88122035
88101010
88115200
88106770
88107791
88117130
88102070
88106744
88117345
88115686
88103015
88115687
88111230
88113470
88107200
88102200
88107012
88113842
88122459
88113500
88123100
88115055
88115173
88106432
