89291681
89281117
89280463
89292150
89284678
89285030
89288560
89286706
89282324
89285772
89287780
89284420
89287155
89280385
89286262
89288320
89291010
89280811
89287250
89280184
89281006
89288275
89285380
89281096
89280592
89286065
89287300
89291775
89291835
89288200
89291890
89287637
89285130
89287298
89290036
89290277
89280481
89291440
89287030
89285230
89289610
89289613
89289620
89291662
89285353
89280005
89288170
89286300
89286298
89284640
89285119
89284540
89286030
89285420
89292375
89281150
89281186
89281189
89283141
89283156
89283183
89283180
89283184
89283185
89292840
89280795
89285500
89291800
89283378
89285055
89287335
89287340
89281051
89288365
89282593
89288400
89280493
89280732
89282627
89287115
89285140
89287050
89285046
89290335
89285635
89281297
89287290
89292872
89290039
89285300
89290111
89285645
89280199
89289015
89284490
89284492
89280472
89287025
89283174
89291795
89280334
89289410
89287352
89280145
89291045
89287850
89291465
89284470
89292255
89292055
89288663
89287870
89286350
89285695
89280442
89291710
89285777
89291085
89288260
89292015
89286400
89285310
89291090
89280643
89291260
89288160
89291660
89282263
89286685
89283126
89287200
89282325
89287715
89286330
89286328
89280783
89280183
89281252
89285211
89291620
89280505
89280870
89292175
89283256
89283311
89285771
89288345
89287635
89291720
89290159
89292136
89291850
89285175
89285215
89283051
89283096
89291340
89280151
89287880
89290021
89280599
89292080
89285043
89286435
89291670
89285780
89281160
89292135
89290357
89283024
89280433
89285190
89282395
89282376
89286225
89283177
89280693
89280600
89281587
89283326
89286733
89287120
89285167
89291640
89285702
89283087
89288395
89280400
89291384
89283165
89280313
89287410
89287270
89282535
89292570
89292560
89286265
89280868
89283075
89285133
89285747
89286150
89286170
89286515
89286600
89280049
89287585
89285095
89287470
89287580
89287465
89287600
89287615
89288070
89287650
89288045
89288005
89287655
89285590
89282624
89282288
89289170
89290081
89283018
89285774
89283319
89286715
89280439
89283246
89291530
89283099
89288240
89288295
89281171
89280103
89280064
89280061
89280043
89280040
89280010
89280013
89287455
89280653
89287710
89292160
89288690
89292120
89284465
89290132
89289038
89287840
89286508
89286190
89284560
89288028
89291310
89290260
89287000
89287005
89286192
89282616
89280349
89280301
89280280
89290051
89286310
89286308
89282370
89281060
89280520
89281000
89280580
89283000
89282000
89283045
89282055
89283192
89282575
89282650
89283236
89282615
89283346
89283386
89282610
89283406
89282613
89283416
89283417
89284010
89280616
89280728
89282470
89287690
89285400
89291682
89286340
89286337
89292500
89286080
89287415
89280031
89282110
89281267
89288235
89292060
89292020
89288230
89288666
89291110
89280482
89280484
89287360
89287365
89287355
89287370
89287350
89287435
89288090
89288095
89288105
89288100
89283154
89287845
89283003
89287220
89291655
89292140
89291053
89288115
89285708
89291460
89289230
89285492
89283356
89282165
89282428
89282429
89291630
89280100
89280001
89287404
89287403
89282392
89282085
89289392
89286821
89291390
89291683
89281156
89282125
89282420
89282195
89285699
89286295
89286293
89286290
89292740
89291783
89281066
89281515
89283189
89288648
89288155
89290156
89280142
89290003
89290397
89291699
89291697
89291701
89282475
89292005
89291880
89286395
89289510
89292680
89280046
89291130
89280806
89292070
89291410
89285678
89292504
89292499
89292505
89292510
89292530
89280839
89292850
89292860
89292870
89292880
89292890
89291590
89286020
89286613
89282619
89289250
89288025
89283150
89291105
89291070
89290337
89291055
89286766
89286786
89286620
89288120
89288190
89283033
89280205
89281138
89280816
89288075
89284643
89285117
89280094
89289490
89289550
89289570
89289630
89289640
89289660
89289670
89289680
89291380
89291330
89291360
89291370
89287180
89287049
89282245
89286512
89288325
89288330
89280535
89291565
89280007
89283120
89286315
89291730
89285723
89290093
89290087
89287625
89280106
89290099
89282280
89282285
89280436
89285170
89292710
89283072
89291676
89285330
89287680
89280841
89280418
89291845
89291140
89291150
89291170
89291160
89291180
89291200
89291210
89291220
89287730
89282215
89288335
89281129
89291811
89285650
89286370
89286275
89286120
89286060
89286040
89281165
89280223
89292265
89291684
89292540
89288642
89281159
89287345
89285696
89287160
89288060
89280133
89280130
89286721
89286691
89286670
89290367
89292810
89285115
89285746
89281462
89281048
89292195
89283039
89285789
89284690
89285210
89282450
89282455
89282460
89285255
89280633
89280454
89287725
89286215
89280826
89287748
89285538
89280828
89280319
89292345
89281312
89291875
89287165
89286260
89287815
89291080
89291455
89291598
89280779
89280421
89280403
89290024
89280427
89280451
89280028
89287210
89280523
89281594
89288580
89291755
89291505
89287750
89291533
89285200
89282432
89287295
89281111
89291042
89286200
89281093
89292045
89288651
89285756
89280295
89290120
89291125
89281144
89291784
89285540
89280622
89291230
89287610
89287130
89291060
89286235
89281081
89292600
89292610
89292620
89280076
89291535
89280831
89283132
89285325
89291595
89288624
89288627
89292830
89286830
89289005
89286505
89285717
89288185
89289470
89287170
89281105
89285110
89288040
89280382
89292695
89285462
89285534
89285150
89287700
89280214
89287083
89287092
89285440
89285445
89284518
89288300
89283011
89286312
89288340
89282612
89281402
89287020
89280487
89290018
89280538
89292800
89289110
89286070
89280361
89280388
89280409
89281145
89280532
89289252
89285136
89280244
89280256
89280758
89286718
89287305
89288085
89292065
89286140
89291490
89291695
89286345
89281282
89280469
89285442
89286180
89282235
89282255
89292155
89292509
89280763
89288165
89280260
89290207
89290075
89280784
89290045
89280799
89280827
89290027
89290001
89280852
89284550
89280097
89283135
89287685
89283276
89283168
89280502
89288360
89280448
89285539
89287048
89280079
89285536
89290033
89292115
89281036
89280792
89292275
89287301
89291813
89291300
89281039
89291740
89280178
89280177
89280325
89280698
89280798
89291452
89287090
89282380
89282626
89280628
89280625
89291715
89292590
89280430
89282435
89282440
89290182
89280342
89280343
89291510
89285315
89284715
89284650
89284620
89284590
89284500
89284440
89284450
89284150
89284130
89284090
89284060
89284020
89285460
89285783
89285015
89288020
89291065
89280814
89285120
89285273
89285290
89287060
89288050
89292285
89282065
89287395
89289000
89289010
89289050
89289075
89280322
89280022
89292365
89281018
89284520
89288140
89283042
89283084
89280801
89281009
89286355
89285679
89292700
89282625
89292105
89283123
89285675
89286385
89285633
89286390
89286425
89285600
89289040
89286724
89282620
89284070
89285605
89289450
89289451
89292550
89291100
89283213
89283162
89280034
89286375
89283186
89284100
89284095
89290387
89283069
89280148
89281218
89280718
89291400
89281069
89287430
89281114
89285060
89292730
89280586
89286205
89287620
89280673
89285753
89281022
89285320
89285340
89285360
89285365
89285430
89291336
89288000
89285630
89288210
89286415
89288215
89286445
89288612
89286455
89288615
89286465
89288618
89288672
89288675
89289190
89286746
89289210
89286736
89286756
89289270
89286796
89286816
89289390
89285470
89287875
89284665
89287855
89284630
89281477
89281492
89284600
89284510
89281507
89284410
89284120
89282580
89282585
89284080
89282590
89284050
89282595
89282600
89284030
89284000
89281357
89287240
89292690
89292750
89281590
89280412
89280708
89284710
89290307
89282630
89283048
89285632
89286405
89281019
89289085
89291040
89284725
89287695
89286250
89280774
89288639
89283027
89280226
89281168
89288035
89291515
89285235
89280780
89280193
89292100
89288175
89287640
89282538
89280070
89280073
89287745
89287740
89281342
89280681
89280268
89280265
89280785
89280238
89291735
89290317
89288684
89283105
89285570
89281003
89281024
89280058
89287390
89285240
89283216
89280413
89286776
89280562
89280358
89288180
89288633
89280424
89286210
89287175
89282540
89282335
89280574
89285374
89290247
89291615
89286727
89286700
89281033
89280376
89280375
89286679
89280118
89280115
89287095
89286245
89288669
89287820
89292660
89285250
89280406
89283006
89280786
89284647
89287865
89287741
89291760
89285693
89280529
89282430
89280364
89284645
89285118
89286674
89281327
89280703
89285070
89287265
89280269
89290105
89281582
89282720
89281567
89282705
89281552
89282690
89281537
89282685
89281522
89282670
89290187
89282375
89282105
89282009
89287302
89290167
89286320
89286318
89289350
89287348
89292815
89288080
89290295
89286365
89282155
89283078
89280475
89282004
89285205
89280589
89281596
89288055
89291815
89281175
89282345
89282566
89287810
89280088
89288225
89280607
89291270
89282390
89285245
89281120
89288520
89280004
89292362
89290069
89289020
89288660
89291420
89282075
89291810
89282400
89288380
89280127
89291555
89292235
89285350
89291605
89283066
89280568
89292507
89287065
89282410
89283057
89289256
89280121
89282500
89292640
89281141
89287080
89290257
89291753
89285786
89287460
89288087
89280037
89287010
89280229
89283226
89290141
89280160
89292820
89292027
89287760
89285705
89290227
89286682
89282560
89282530
89283138
89291050
89287285
89292198
89292197
89282265
89292090
89288130
89288145
89288315
89288723
89291095
89283144
89283001
89280604
89291765
89281222
89287380
89289080
89288195
89287440
89280713
89282006
89282012
89282145
89291812
89281126
89281021
89287405
89288255
89287450
89285580
89280821
89291745
89280175
89280174
89284430
89290297
89285768
89291816
89280050
89280016
89287402
89291625
89291855
89286703
89284680
89280490
89280492
89280730
89280499
89288500
89282025
89291545
89286410
89285631
89292225
89283090
89280391
89281090
89292670
89291098
89280771
89280768
89282555
89281099
89286255
89288390
89288654
89287297
89281180
89281063
89287375
89287245
89287230
89291600
89287735
89286712
89287125
89283129
89292205
89280583
89288693
89291770
89284635
89290147
89280663
89280601
89280598
89285620
89284480
89285042
89280544
89291540
89291250
89280851
89289370
89286240
89291780
89280781
89288015
89292095
89287770
89283215
89291690
89286208
89280235
89291685
89280619
89291240
89285744
89288410
89288420
89288430
89287630
89288110
89285745
89280352
89291190
89288657
89292145
89281177
89283307
89280571
89289065
89282465
89285773
89285465
89281078
89281072
89285265
89282617
89282618
89292110
89282045
89280658
89282614
89282185
89291218
89289650
89282135
89289615
89283318
89286730
89280610
89280310
89285738
89285125
89288220
89285537
89283009
89292580
89284700
89280277
89284165
89287135
89292848
89283104
89287185
89286650
89283286
89280445
89282225
89285640
89285180
89287805
89285410
89287472
89280328
89285260
89285765
89283164
89285195
89286212
89290135
89292190
89281045
89281042
89290048
89291115
89290012
89286647
89280869
89280789
89289036
89285225
89287105
89286520
89285220
89288125
89282405
89281012
89281027
89288245
89283030
89285665
89291520
89290241
89280253
89280250
89280211
89287047
89280208
89280466
89290057
89289612
89280541
89281135
89287385
89283081
89280187
89280202
89288355
89280556
89280283
89280124
89288375
89288370
89280240
89280866
89289310
89283012
89280753
89287145
89282525
89286325
89282621
89282505
89280559
89280166
89287605
89289118
89289530
89287205
89282495
89282365
89286130
89289055
89285370
89281087
89280547
89282355
89285667
89292650
89283304
89280723
89291860
89287260
89282515
89291820
89284705
89285165
89291575
89292520
89291163
89291015
89282077
89280292
89288645
89288674
89292050
89281588
89285025
89291705
89285732
89287720
89288089
89287354
89280163
89285100
89287445
89287015
89283366
89281102
89288250
89285298
89285367
89286270
89287670
89291790
89291805
89292085
89292215
89292305
89292355
89288630
89285726
89292165
89287035
89285085
89284400
89284160
89286230
89288603
89289290
89282480
89282635
89280271
89284685
89291852
89288270
89288326
89282605
89285065
89280565
89280156
89287590
89287595
89289580
89289130
89289150
89280085
89285720
89285792
89286335
89286283
89282622
89286285
89286333
89288350
89285480
89284695
89284720
89285510
89284730
89285530
89285160
89285145
89285275
89285090
89285050
89285285
89285045
89285305
89290138
89288065
89291162
89287235
89288550
89280336
89280337
89280220
89288687
89280232
89280247
89290287
89290327
89290347
89291000
89282275
89288135
89286090
89286100
89288405
89290289
89285655
89281147
89288385
89291550
89290126
89288606
89281598
89282415
89290237
89288298
89281015
89281030
89290180
89285035
89283065
89291025
89291870
89289060
89285520
89287055
89287299
89281417
89282425
89282426
89282427
89282490
89285560
89289330
89290217
89285637
89287660
89292245
89280289
89280553
89280217
89287255
89283187
89287110
89291700
89290202
89285681
89291673
89291725
89290129
89283093
89291470
89291665
89287665
89285750
89280331
89288010
89281372
89286510
89287645
89282570
89291485
89290377
89292515
89285450
89280307
89287400
89284702
89286305
89283108
89286640
89286485
89286495
89286630
89286610
89292315
89281183
89284580
89280379
89285770
89283063
89283064
89290117
89281108
89286773
89283015
89284675
89280836
89289077
89292035
89284595
89280274
89285610
89282545
89281447
89280370
89287075
89280394
89280393
89291030
89285759
89280688
89282645
89285490
89287190
89286160
89285075
89292667
89280340
89291280
89288265
89286826
89285729
89285741
89290407
89280025
89285135
89280139
89280136
89290123
89292130
89285788
89287275
89291135
89288150
89288305
89280109
89288681
89284530
89284570
89285000
89285010
89283309
89286360
89290162
89290177
89280648
89286676
89282089
89282115
89285661
89280748
89283021
89280055
89287401
89280595
89280765
89285714
89280067
89287705
89290006
89290042
89286660
89285711
89280678
89288678
89283036
89291645
89280846
89288205
89291680
89291120
89292295
89281387
89292025
89280397
89283316
89288310
89280415
89288609
89287835
89280286
89281432
89285185
89280190
89280052
89280355
89280478
89282205
89280112
89287045
89287070
89287100
89287215
89287225
89288440
89288450
89288470
89288490
89288530
89288540
89289115
89288703
89284460
89284140
89282485
89281585
89291750
89291578
89290063
89289070
89291005
89291500
89287790
89287280
89280298
89288102
89280373
89283376
89292325
89288621
89280777
89286110
89287303
89285670
89286688
89290015
89289022
89280304
89282035
89284610
89284615
89287243
89287150
89287085
89290197
89281174
89280514
89281084
89289090
89292040
89282445
89280262
89286673
89280738
89288713
89283147
89282640
89280613
89288361
89280346
89293899
89280526
89283296
89280457
89283315
89292092
89287425
89292335
89280680
89280683
89280856
89280861
89280871
89280872
89285735
89285040
89292075
89291103
89283336
89291320
89284660
89292200
89283153
89285550
89281054
89287195
89283060
89290144
89287432
89282623
89291495
89291560
89291585
89291580
89291570
89283102
89290172
89280172
89280171
89285105
89280873
89291075
89286475
89282047
89285660
89285155
89285790
89291566
89282175
89285345
89289643
89285687
89287242
89280668
89288510
89280154
89280743
89280181
89291675
89284040
89285779
89285684
89290192
89287675
89287040
89280537
89280508
89281153
89281151
89282095
89280496
89290153
89283111
89292067
89291525
89283171
89290030
89281132
89289505
89283010
89280460
89282520
89286709
89286010
89288600
89288590
89288570
89281123
89291785
89283302
89284495
89292185
89282258
89282431
89286050
89283159
89290150
89282107
89286694
89284636
89283266
89283054
89291480
89280550
89281075
89282087
89280367
89291650
89280196
89283306
89282003
89280316
89284110
89290009
89292030
89288480
89289045
89289430
89290267
89280267
89285020
89287860
89291450
89284717
89289254
89287830
89285295
89281237
89286420
89285690
89286280
89291035
89286054
89285080
89284655
89291020
89292720
89286380
89280157
89288030
89291635
89290114
89280511
89285677
89289590
89284670
89285280
89288636
89291290
89284506
89280638
89292125
89286430
89283300
89286440
89280169
89283114
89285762
89280577
89288123
89290222
89280259
