83511210
83507150
83505767
83505122
83508444
83505133
83508492
83504210
83505002
83505716
83512065
83513490
83513012
83505445
83511090
83505730
83506430
83507090
83514542
83508585
83512260
83504130
83508550
83504643
83514418
83504060
83507679
83508500
83505127
83504595
83506360
83514520
83513455
83505660
83501485
83507160
83514533
83514548
83502370
83513030
83511422
83514545
83507075
83504220
83513170
83504000
83502120
83504449
83504300
83507100
83504500
83503190
83514268
83507151
83507130
83506320
83503390
83508497
83502520
83501240
83508502
83506080
83503270
83508040
83502210
83507630
83504690
83514180
83506220
83512400
83506050
83514170
83504485
83514382
83502090
83514120
83508180
83514546
83507253
83501515
83506063
83505170
83508090
83507680
83504240
83511562
83506112
83511480
83504260
83514570
83512380
83505715
83503410
83501450
83503250
83513516
83505760
83501090
83507010
83513460
83514140
83503440
83514292
83512170
83514270
83514100
83514620
83506010
83501640
83505126
83513160
83513510
83508470
83504213
83513450
83511145
83513166
83503000
83508560
83504310
83506440
83508534
83507062
83511524
83506384
83506000
83505216
83514070
83511522
83504685
83511010
83503320
83507120
83507678
83508495
83505776
83505720
83507640
83508160
83504070
83501530
83513530
83514240
83508430
83502350
83511546
83513520
83506100
83504510
83508171
83501110
83505006
83508566
83514380
83501030
83503130
83512160
83507492
83504520
83505300
83512410
83508575
83504160
83504415
83511220
83511440
83504120
83506180
83508100
83503272
83503020
83505062
83503100
83505725
83502380
83501320
83514610
83514616
83514250
83508170
83505410
83506304
83504410
83507600
83511579
83501510
83504600
83504680
83507550
83501670
83501360
83505140
83503400
83501230
83513050
83506200
83507030
83502175
83501150
83513470
83505458
83504050
83501550
83502470
83514200
83505740
83505463
83506332
83505200
83508504
83513300
83505485
83514510
83505115
83513539
83504706
83511230
83507152
83505105
83503090
83505138
83513282
83505756
83504696
83504040
83505380
83504010
83505370
83501564
83501270
83508150
83503290
83506312
83508440
83508480
83502310
83513070
83501400
83501415
83508384
83506292
83514072
83506130
83505135
83506306
83503060
83504330
83506150
83508416
83511450
83514030
83503010
83514272
83508320
83514458
83508446
83506333
83506336
83508570
83514263
83505755
83504140
83508520
83501520
83505640
83513350
83511120
83504480
83514547
83508578
83502190
83512250
83505453
83514360
83501540
83507410
83501590
83501100
83513200
83502340
83511510
83508120
83511518
83504080
83505769
83507210
83507420
83504420
83513175
83511240
83513165
83513536
83505168
83508110
83503265
83507180
83513290
83513400
83508580
83505490
83501070
83506297
83512360
83502400
83512205
83505777
83505690
83502010
83513320
83511063
83512052
83513511
83508420
83503205
83506170
83501020
83501388
83513020
83513420
83512190
83511115
83514222
83504290
83511250
83507154
83505765
83508240
83508250
83505432
83505742
83513080
83514452
83505280
83505580
83508410
83506105
83508510
83505120
83511574
83514555
83507170
83501000
83513162
83502540
83514390
83505230
83508503
83505650
83501570
83508557
83512210
83507654
83513010
83505746
83514046
83514430
83502390
83501710
83512252
83504470
83514350
83507155
83501580
83503300
83501350
83505570
83501340
83503350
83505260
83502250
83511080
83507200
83504390
83504689
83505250
83501650
83507645
83511290
83513180
83514265
83514626
83513167
83513260
83512270
83514080
83507513
83504490
83514190
83504292
83505040
83511308
83501397
83506120
83508230
83514150
83501615
83501040
83508000
83511270
83514456
83501330
83503210
83514454
83505117
83507672
83506308
83504530
83506300
83508508
83502020
83513150
83501190
83514560
83507250
83513480
83507676
83504676
83508501
83504645
83507650
83503030
83508190
83508505
83502430
83505330
83505008
83514411
83508260
83506352
83506250
83514440
83511280
83507165
83504618
83513500
83502410
83514233
83507260
83504697
83508574
83507230
83503340
83506450
83506380
83505190
83511560
83505726
83505745
83505100
83505290
83507560
83513005
83504535
83512120
83513518
83514235
83511322
83505727
83505240
83505510
83505728
83508558
83514130
83502080
83503420
83513270
83514267
83511300
83512420
83514544
83505131
83512430
83505747
83511520
83514300
83507500
83511302
83511150
83502490
83513192
83508402
83502260
83504360
83501480
83505610
83503370
83508078
83514480
83504698
83505749
83507520
83508412
83505080
83505465
83501390
83514290
83502220
83504190
83506318
83504630
83501060
83506070
83501610
83504688
83505160
83507110
83504005
83514410
83512042
83513522
83501010
83502030
83507674
83508210
83514450
83515020
83502420
83514320
83505180
83506410
83514215
83507140
83511020
83504370
83514590
83511130
83504640
83511555
83508076
83504123
83506298
83514415
83502150
83506330
83503160
83501385
83506190
83508556
83502130
83507670
83513032
83513512
83502440
83504447
83507240
83501500
83503200
83508295
83504182
83506270
83507220
83506280
83508586
83511576
83501160
83506334
83503180
83501380
83506400
83504554
83502140
83501310
83503170
83514266
83511292
83506235
83502160
83506310
83508070
83513090
83501140
83514490
83514500
83505710
83507040
83505215
83504100
83514621
83512150
83514455
83511540
83513528
83504540
83505431
83505375
83511140
83512130
83504275
83504523
83508530
83511100
83508293
83504552
83507070
83503330
83508400
83505000
83501387
83508453
83508532
83508506
83506302
83501470
83502125
83506030
83507648
83508323
83512330
83508270
83502330
83512110
83505460
83508012
83514622
83507182
83505139
83505121
83505759
83501170
83503260
83508451
83506090
83502570
83508290
83508275
83503393
83508536
83508185
83502450
83513130
83501700
83506295
83508540
83507510
83508702
83507060
83501120
83502270
83506350
83512140
83508567
83514412
83501250
83508568
83512370
83514370
83508340
83505780
83507080
83508576
83505110
83504441
83505129
83503310
83501080
83514562
83501200
83513168
83511009
83514558
83507159
83507245
83501260
83507590
83506314
83513540
83514252
83511578
83508565
83514460
83508300
83506260
83502170
83506290
83511260
83503430
83512054
83505192
83505302
83503050
83513250
83508310
83514614
83504550
83507652
83504020
83501300
83503150
83508415
83502110
83504542
83511070
83512152
83504448
83506340
83514482
83508360
83514010
83507530
83503280
83511110
83503412
83507470
83511321
83501280
83503140
83504225
83513542
83504700
83504170
83511380
83503040
83506020
83503405
83506140
83506370
83504270
83514090
83513220
83511050
83513040
83514770
83506062
83513524
83504450
83514160
83507690
83505768
83505205
83502480
83512100
83511040
83514306
83514043
83504544
83505128
83508350
83511572
83511535
83505320
83512350
83508531
83503220
83501490
83507242
83505010
83508491
83507190
83505092
83504440
83501050
83508220
83504230
83505630
83501560
83501290
83503230
83513178
83511304
83514060
83512220
83514540
83502460
83501012
83501600
83502352
83505455
83508498
83505520
83507000
83511530
83512000
83513000
83514000
83514505
83504180
83514420
83505480
83505540
83508330
83505400
83511030
83501395
83514470
83511005
83504560
83502200
83504570
83508555
83508072
83506060
83512300
83512340
83501521
83507095
83514210
83511577
83508442
83513280
83504616
83508130
83505470
83511340
83505430
83513390
83505440
83505700
83504003
83504686
83513380
83508380
83505500
83505766
83513410
83503110
83504001
83508280
83502100
83504200
83503202
83505770
83506293
83514050
83504525
83513195
83508074
83505468
83506210
83503245
83504004
83501690
83514230
83505550
83505495
83514550
83504679
83508700
83512280
83511460
83505450
83505680
83508494
83507460
83506040
83508140
83505420
83507480
83501430
83501630
83511435
83503360
83508182
83503192
83508535
83505475
83506324
83501440
83503240
83503072
83504620
83513182
83513515
83511545
83505360
83511306
83508020
83507267
83513120
83511420
83514400
83508187
83504650
83511550
83505060
83502070
83512090
83505132
83513190
83514472
83504460
83514040
83505758
83514020
83508060
83507580
83511419
83512255
83504110
83507540
83507050
83514295
83505600
83505270
83505136
83505020
83505590
83504430
83505530
83505090
83505220
83502240
83505390
83505030
83507020
83512310
83512290
83505748
83513440
83513340
83513230
83504030
83504670
83511490
83501130
83501180
83512206
83512030
83507620
83514565
83511424
83514612
83508080
83511360
83511390
83507430
83507390
83507265
83504090
83512020
83501620
83512060
83507330
83511370
83512040
83504400
83508493
83507290
83507340
83507320
83507380
83507350
83512050
83507400
83512010
83511410
83507280
83511400
83507310
83512070
83507370
83507300
83507360
83511060
83508010
83503070
83502060
83507252
83514260
83502530
83501420
83504517
83514632
83508496
83504002
83508705
83504215
83507595
83501680
83502320
83514628
83506305
83514634
83505116
83504597
83508200
83507570
83508030
83529899
83505670
83507610
83511570
83505130
83504380
83504320
83501660
83511350
83513140
83507254
83501365
83505134
83507440
83506230
83501410
83506160
83514624
83507673
83506102
83505560
83513360
83505165
83513240
83508448
83511465
83511430
83506296
83513370
83506315
83514330
83513532
83511418
83513014
83511320
83502550
83514618
83513495
83511543
83502560
83501512
83512390
83508317
83504515
83505310
83505350
83506240
83507450
83507266
83504250
83514310
83511330
83511310
83506390
83504642
83515010
83513173
83508587
83507490
83506316
83504580
83504675
83514580
83505125
83502050
83502290
83512080
83513538
83511516
83503080
83503120
83507268
83507153
83508499
83503380
83501370
83511500
83513330
83505137
83505775
83512200
83513430
83511470
83504677
83504705
83514530
83504150
83513310
83502180
83502510
83501220
83505620
83511526
83504472
83513100
83514543
83512320
83514636
83505503
83508362
83514305
83505055
83514567
83514110
83514416
83507656
83513513
83502280
83505123
83502500
83514220
83501210
83504678
83513060
83502040
83505004
83508188
83506110
83508450
83508370
83504695
83502300
83508460
83507270
83511000
83512440
83508414
83513110
83504687
83502360
83504350
83513172
83514630
83505150
83511328
83511327
83511326
83511324
83511323
