83608240
83602650
83604400
83607025
83603010
83604210
83606530
83604540
83601390
83606000
83604434
83601765
83608080
83606599
83601355
83601615
83605350
83609060
83607015
83606310
83607052
83606120
83603050
83609370
83609150
83605720
83604280
83602726
83607192
83601725
83605355
83609490
83601720
83602635
83602290
83606425
83602210
83601305
83602520
83601770
83607312
83607285
83608400
83602740
83601015
83604740
83604583
83608442
83602540
83608362
83601200
83602190
83602027
83604330
83602490
83604230
83607010
83609540
83605700
83602760
83607348
83605500
83608654
83602452
83602590
83602800
83604712
83606152
83606140
83601580
83604395
83606477
83606181
83606484
83604380
83607270
83602394
83607437
83605090
83602315
83608237
83607054
83604560
83608296
83602048
83602075
83602035
83607260
83606534
83602200
83602530
83602585
83602662
83601582
83602506
83606212
83602782
83602609
83607150
83604714
83602230
83604460
83602252
83602610
83609520
83601510
83602624
83602092
83606594
83601420
83601777
83602510
83602392
83601280
83602100
83602562
83601767
83602614
83606154
83602560
83608040
83602140
83608180
83602601
83605580
83604646
83609130
83609020
83608297
83608323
83603090
83607445
83602706
83605080
83601070
83602254
83607300
83604574
83604694
83605233
83602440
83601330
83607056
83601680
83604680
83602050
83607305
83604550
83606320
83606580
83607316
83604488
83605100
83602744
83606390
83608245
83604080
83606160
83604140
83605280
83606596
83601242
83608380
83605244
83605740
83602195
83603100
83605450
83604640
83604650
83609050
83606485
83601787
83604563
83604760
83609322
83601275
83605344
83601040
83605030
83602570
83604748
83604365
83606601
83606483
83606410
83608661
83607020
83606370
83602572
83605756
83602714
83604390
83605540
83605310
83609230
83608320
83604086
83601362
83606146
83608000
83607000
83606040
83605420
83607105
83601361
83604175
83606192
83602656
83608246
83602090
83607440
83607432
83606260
83606471
83605530
83608450
83605410
83604094
83606170
83609232
83608145
83608034
83602700
83607080
83605490
83602692
83607340
83609389
83605752
83605670
83602270
83608664
83609300
83609236
83607214
83608236
83606246
83601205
83607230
83602393
83608050
83602665
83601620
83604260
83607330
83605390
83604240
83609260
83601690
83608420
83602036
83602627
83601000
83608370
83606460
83606475
83601310
83602722
83609396
83608092
83608094
83603310
83609560
83609080
83606615
83607380
83605510
83602644
83602636
83605342
83605010
83601320
83604582
83605480
83602710
83601750
83605630
83609040
83601672
83605352
83606190
83605590
83605239
83604555
83608330
83602340
83607385
83608190
83602696
83602718
83604652
83609170
83608295
83606620
83607332
83602057
83608247
83604672
83606178
83605234
83602612
83602370
83606100
83605348
83601020
83603360
83608294
83601405
83602630
83606497
83602330
83604082
83603280
83604155
83606345
83606110
83602592
83602088
83605400
83602586
83601115
83601120
83602360
83607451
83608090
83608652
83606150
83608300
83603380
83609510
83607212
83602065
83607030
83602689
83605060
83602220
83602094
83602687
83602732
83605160
83606194
83606252
83602046
83604716
83606122
83604520
83606360
83605680
83602616
83605710
83601220
83606550
83604430
83602060
83601430
83605190
83602712
83604530
83604568
83609470
83609400
83602615
83601152
83604148
83602734
83604040
83606070
83607060
83608360
83604564
83602410
83608310
83607390
83606096
83609610
83608035
83609382
83604360
83603070
83609160
83601540
83607444
83608352
83606020
83602240
83601590
83609242
83609225
83605231
83604415
83609690
83602460
83606290
83604185
83601705
83604642
83602750
83601730
83604622
83604658
83604435
83602480
83601364
83602396
83601290
83604742
83607110
83607449
83602780
83602637
83601752
83602602
83605150
83604212
83602037
83602512
83608322
83602503
83605754
83601230
83601600
83601525
83604220
83604706
83604690
83609140
83609398
83609345
83608138
83602645
83601050
83602688
83608635
83609530
83601768
83601025
83608032
83607430
83602618
83602646
83606080
83606142
83604644
83604010
83601130
83602170
83602678
83609120
83602608
83608455
83607313
83609356
83608680
83609354
83609760
83602724
83604500
83605235
83602134
83604224
83601297
83602603
83604420
83602398
83605130
83609244
83601535
83602420
83601295
83606481
83608010
83601125
83602625
83609770
83602690
83605320
83602056
83608390
83602746
83602748
83602640
83607120
83601785
83608137
83601786
83604676
83602736
83609780
83601380
83608140
83604746
83607453
83606280
83609235
83607317
83608470
83602754
83602072
83602716
83609340
83606220
83607350
83609523
83601460
83604620
83604686
83606249
83605744
83601340
83606500
83602310
83607090
83602080
83601250
83604575
83607100
83601110
83602390
83606355
83608628
83606323
83605750
83605120
83604751
83602762
83602040
83608357
83605110
83605365
83603040
83605238
83604345
83609692
83607130
83610000
83608220
83609410
83605743
83639000
83601500
83601550
83601377
83606248
83606200
83607435
83604566
83604410
83609395
83608660
83602400
83605690
83601775
83601260
83601755
83606510
83606175
83609155
83607290
83609630
83601470
83604122
83609440
83604392
83604146
83601060
83607062
83606605
83601240
83602628
83602300
83609790
83606489
83608170
83607040
83602110
83602566
83601760
83602067
83601270
83605460
83609190
83607360
83606525
83601766
83604120
83602135
83607442
83602337
83609670
83601100
83609310
83605170
83609535
83606176
83602096
83609352
83604624
83604670
83602670
83607190
83604723
83606470
83602045
83607443
83609570
83602430
83601530
83606270
83601660
83609391
83605360
83602160
83606210
83605210
83601252
83606060
83602620
83601692
83607058
83602115
83607446
83606610
83608674
83602685
83606520
83602605
83601670
83604487
83606590
83606592
83602500
83603130
83608620
83601570
83607160
83602136
83608480
83608672
83605760
83601400
83602070
83601520
83606440
83602130
83602580
83601756
83605035
83604692
83601574
83607314
83607319
83606251
83606032
83606312
83604749
83608671
83605195
83608630
83604440
83602055
83604000
83604691
83605300
83602738
83602677
83607370
83601595
83602020
83606144
83607346
83608290
83609580
83602761
83602470
83609420
83604626
83604570
83608335
83608235
83607441
83604718
83602320
83604580
83606495
83606420
83602455
83607431
83607065
83605230
83601710
83602565
83604648
83605370
83604741
83609358
83604110
83608662
83602236
83601682
83609450
83605346
83602600
83607320
83601440
83602502
83601410
83602150
83604320
83602260
83608666
83605340
83606177
83606400
83608366
83607311
83607387
83607321
83607334
83606469
83602655
83605180
83604581
83604562
83608037
83604702
83605232
83602647
83601572
83608020
83606250
83605520
83608210
83602660
83601740
83604514
83606330
83604363
83604688
83604512
83604342
83608640
83609800
83609254
83608670
83602626
83606180
83606245
83601490
83609360
83605550
83602730
83609320
83604704
83602165
83607447
83605070
83603030
83601228
83604290
83604362
83609241
83601576
83608325
83609660
83606380
83604693
83609680
83604084
83607315
83601630
83607240
83607280
83602338
83602323
83604522
83602728
83606247
83605610
83609394
83606494
83603350
83609480
83607095
83604623
83609698
83604744
83602112
83606322
83603340
83602380
83606130
83602138
83608656
83602575
83603370
83609500
83605270
83605523
83602676
83604516
83601352
83605440
83602321
83607448
83609472
83606598
83608441
83605200
83601150
83605753
83606090
83602576
83602450
83606240
83607194
83607200
83602335
83603080
83603085
83608410
83609000
83604310
83609250
83609228
83602704
83604300
83609252
83604020
83609290
83609200
83608690
83602066
83604090
83609280
83604682
83606480
83602120
83608135
83609010
83606415
83609330
83604628
83604684
83601075
83602550
83602047
83608070
83602604
83606422
83605020
83602091
83607400
83602030
83601160
83602607
83603127
83605220
83606490
83605165
83604525
83601026
83605237
83602606
83604720
83601360
83609392
83601375
83601610
83609090
83609100
83604250
83602720
83605570
83604170
83609265
83607344
83608430
83609180
83606262
83609393
83605620
83605295
83607436
83601225
83604200
83604654
83602742
83607454
83606148
83631000
83632000
83604141
83605282
83608030
83605430
83604142
83603000
83603400
83603300
83608160
83609070
83609430
83602026
83602350
83604157
83606115
83601210
83604708
83604340
83602686
83606482
83601778
83606492
83604656
83604651
83603123
83601722
83601640
83607336
83607309
83603200
83603250
83601180
83606300
83603190
83603210
83603240
83604050
83604180
83604030
83603160
83603180
83603150
83603230
83603220
83603260
83603140
83603170
83601560
83608650
83604485
83606430
83601350
83608136
83602329
83601080
83605145
83602783
83601187
83601370
83604190
83604710
83604100
83601300
83605290
83604695
83602675
83601140
83640899
83602752
83609246
83605470
83601325
83605040
83608031
83603265
83604060
83608668
83606145
83609030
83604431
83609650
83601090
83609220
83606498
83601584
83606124
83607318
83605050
83605770
83605236
83607250
83606499
83608658
83604572
83606487
83603320
83608100
83606185
83605572
83606030
83607310
83604270
83609270
83603330
83608110
83609460
83606186
83601170
83607410
83608238
83609390
83604678
83605560
83602132
83604364
83606570
83606472
83601450
83602756
83609359
83605600
83608440
83606230
83602680
83602180
83608625
83604225
83608150
83608200
83604576
83604432
83601780
83604700
83608350
83604092
83607342
83606050
83607140
83601190
83603290
83604156
83606350
83609248
83603390
83609210
83609380
83602764
83609110
83605768
83606445
83607035
83602010
83604150
83603270
83608230
83606340
83602591
83605640
83606035
83601715
83601480
83602702
83605730
83602765
83606560
83605140
83602098
83607050
83602708
83607170
83603020
83604486
83602280
83602415
83608355
83632010
83609325
83601578
83607220
83603125
83607456
83607452
83605380
83609640
83609350
83605240
83605330
83604480
83606600
83606450
83609092
83602000
83606010
83602250
83602025
83608332
83601776
83608368
83607420
83601010
83601030
83604674
83607210
83604770
83602694
83607450
83604772
83604774
83604776
83604778
83604780
83604782
83604784
83604786
