84182060
84165300
84174040
84181280
84181246
84181226
84174580
84168220
84182042
84174640
84173580
84182268
84165560
84182280
84174390
84168037
84178610
84181292
84182298
84172430
84173330
84168067
84178010
84172250
84165423
84174615
84165030
84172380
84181210
84177040
84172410
84177034
84165590
84174616
84177036
84172545
84178210
84165665
84181224
84181276
84174445
84178626
84165410
84178390
84165660
84174092
84165200
84177202
84178000
84173500
84182070
84168306
84168039
84168190
84174525
84168160
84172150
84174350
84172390
84181244
84168276
84181204
84174617
84165022
84165580
84165670
84168045
84168130
84182142
84172234
84168308
84178285
84181202
84172460
84173360
84168042
84181294
84174618
84168085
84181220
84177016
84168068
84165160
84165625
84178450
84172335
84165370
84182080
84181308
84165240
84165220
84165260
84165170
84178590
84165600
84172140
84172350
84168026
84168036
84168110
84181026
84177010
84182296
84174395
84174520
84165190
84174396
84172480
84173370
84172370
84173310
84168294
84174240
84165650
84165480
84174020
84181240
84172504
84174200
84165420
84165440
84172030
84181266
84165090
84181264
84172275
84172265
84168060
84178650
84178675
84178230
84174310
84168314
84165120
84168316
84165710
84178680
84168282
84177048
84181296
84165445
84165100
84174030
84168140
84174300
84172080
84174420
84168075
84174285
84178440
84182046
84174130
84165210
84182030
84168180
84174470
84181306
84165422
84165431
84168034
84177031
84172540
84173420
84168291
84165400
84181310
84172105
84182260
84178660
84172155
84178270
84165419
84182282
84174230
84182215
84181232
84178160
84168292
84174000
84168087
84182130
84181222
84172220
84168098
84182044
84182294
84181268
84174480
84178400
84181304
84165330
84174296
84177018
84174090
84181256
84172570
84178570
84174550
84177012
84174170
84174050
84182010
84178370
84178300
84181290
84172485
84182050
84177014
84172550
84168284
84172290
84172040
84172170
84178020
84172400
84173320
84181302
84178320
84174220
84172320
84181270
84168125
84165530
84178170
84174110
84181314
84165320
84181218
84181300
84178560
84177033
84172090
84165060
84168261
84178150
84178640
84168076
84174639
84165415
84172280
84181230
84182150
84174370
84168260
84178420
84182110
84174290
84165635
84172240
84181022
84174320
84172420
84174100
84177028
84178620
84168079
84174260
84174074
84173540
84172352
84181260
84168170
84168066
84168230
84181262
84165450
84165425
84173510
84178060
84165412
84173599
84174280
84173590
84168200
84172145
84174060
84182058
84174210
84165390
84172060
84174410
84172100
84174430
84168293
84172260
84178360
84174460
84178460
84173570
84165417
84165520
84181288
84165070
84165610
84182054
84168108
84178670
84168027
84172310
84165426
84178050
84181206
84165416
84174140
84181318
84165250
84182292
84172020
84165000
84178122
84174620
84174360
84181278
84168035
84172450
84173350
84174295
84174600
84181250
84178510
84178260
84181228
84168025
84168279
84178480
84165322
84165340
84178430
84172230
84168302
84165332
84174080
84182274
84181214
84168310
84177046
84168290
84182190
84165360
84168150
84168289
84174190
84178275
84181208
84165110
84168088
84177029
84181284
84178180
84182140
84174282
84181254
84181286
84168280
84178080
84178200
84165035
84172388
84172236
84168277
84174610
84178490
84168120
84181014
84181212
84168069
84174172
84181242
84182210
84181274
84168065
84182205
84165280
84172575
84182250
84168100
84182056
84182100
84182040
84165432
84173352
84165295
84178600
84172052
84168038
84178130
84178070
84174625
84172050
84178140
84165510
84172232
84172238
84174250
84165418
84172125
84181298
84182304
84182227
84172130
84174450
84172405
84165640
84172200
84182300
84172340
84178220
84172180
84178310
84168278
84168028
84181320
84168240
84178110
84172300
84178580
84178410
84174626
84174627
84174120
84165421
84168287
84172590
84177023
84174638
84174510
84168281
84181282
84177042
84182270
84181016
84174330
84174072
84172442
84165460
84168210
84182170
84165570
84174530
84174115
84177050
84174400
84172580
84181316
84178250
84178630
84165690
84177024
84173550
84178280
84168312
84174570
84173530
84174560
84168050
84182264
84182160
84165433
84165180
84182278
84172502
84182284
84172120
84165230
84165648
84174270
84172530
84173410
84165080
84178120
84177044
84165500
84165150
84168070
84181216
84177026
84165350
84173560
84181024
84172210
84178065
84182072
84174010
84168040
84173520
84178470
84165335
84181010
84165545
84182090
84165020
84165540
84182000
84168078
84174628
84182230
84174275
84172190
84165050
84177038
84172160
84165232
84177030
84172330
84165700
84174150
84165720
84172490
84165680
84181312
84172560
84178100
84182272
84172110
84174440
84172600
84181248
84177032
84165470
84174070
84174490
84174605
84168020
84174540
84165565
84182052
84172565
84172495
84181020
84172270
84165695
84165010
84178090
84174105
84168077
84174629
84172010
84165130
84181258
84178628
84174630
84172440
84173340
84184899
84178030
84174380
84172360
84173300
84165490
84172510
84173390
84178540
84182144
84182225
84168304
84174635
84172520
84173400
84165427
84165305
84174160
84174590
84168030
84182074
84165550
84172070
84168283
84165290
84165270
84174500
84174180
84168215
84165630
84168010
84178040
84165040
84177020
84168288
84181252
84165140
84168080
84181272
84182200
84174636
84168086
84181018
84174340
84182020
84178330
84182220
84172555
84172000
84165380
84172470
84165310
84178190
84178550
84182180
84174637
84172500
84173380
84182120
84165434
84168090
84181012
84182302
84177022
