83407450
83408280
83402745
83402386
83406240
83407601
83405390
83401280
83404280
83403230
83403250
83407170
83405570
83410680
83409050
83413480
83415260
83411202
83401490
83412440
83407730
83402215
83404310
83404710
83413057
83413540
83407165
83403465
83413462
83411100
83403280
83406020
83413602
83413495
83411682
83402300
83411600
83415250
83413550
83402630
83406280
83403060
83409260
83404645
83402570
83403290
83405185
83402340
83402190
83405150
83414180
83407150
83413020
83405350
83407330
83413684
83413160
83412130
83408090
83414320
83414414
83414024
83407800
83410160
83410420
83405630
83410440
83412540
83406270
83414330
83413560
83404330
83404400
83407670
83407430
83410020
83405070
83407350
83402640
83412250
83413544
83405750
83413570
83406480
83411119
83406380
83413580
83407770
83410030
83401070
83403300
83407758
83404720
83404096
83414070
83401550
83407690
83411280
83408496
83408477
83407839
83406100
83407420
83406310
83404100
83407130
83412310
83405770
83413430
83406220
83412630
83414230
83410576
83412200
83414590
83405590
83402610
83409360
83413590
83407140
83402330
83415080
83413651
83410050
83414465
83413600
83413610
83414220
83405600
83408520
83406250
83407425
83413050
83401640
83404480
83414140
83413620
83403515
83402370
83413440
83411090
83402747
83406190
83412640
83408420
83412280
83409530
83406050
83407740
83414520
83415070
83415126
83415390
83415077
83415229
83415068
83412030
83402380
83407596
83411040
83408325
83415075
83408650
83408525
83414310
83414200
83402590
83408810
83411502
83414575
83403055
83410660
83407207
83413646
83412500
83409135
83411200
83415610
83407087
83410040
83407580
83404492
83401340
83410060
83410070
83401150
83409540
83407608
83410080
83403523
83405490
83415362
83405420
83409040
83413148
83413652
83407380
83415230
83408050
83406090
83413542
83402120
83412490
83411010
83408270
83414400
83412600
83409440
83406120
83404520
83410090
83410100
83414065
83409460
83405520
83407405
83411115
83415042
83413688
83415115
83411390
83401360
83411412
83402010
83401460
83404350
83410110
83407470
83410120
83403540
83408602
83407790
83409410
83407606
83408796
83404210
83401220
83407206
83406410
83405510
83404602
83406440
83401190
83402020
83401510
83405189
83405188
83406015
83406200
83407105
83404150
83412195
83404460
83408497
83413546
83411180
83405001
83401370
83402510
83411260
83408160
83405400
83413350
83411340
83410130
83401420
83415000
83408780
83405430
83404670
83413135
83402490
83413575
83411610
83413000
83412000
83412316
83413663
83413497
83412034
83405540
83405470
83406000
83407490
83411480
83412610
83404750
83415045
83407599
83407570
83411482
83410140
83409150
83404070
83410150
83410685
83404496
83411300
83405580
83413115
83415254
83410230
83410010
83410280
83409590
83404630
83414650
83401060
83410800
83409240
83410015
83404200
83407480
83404610
83412375
83407605
83401140
83413066
83407390
83406014
83406013
83406009
83406030
83407370
83406370
83402680
83407095
83412190
83412670
83407030
83414700
83412430
83415110
83411700
83404030
83410270
83409070
83409510
83407540
83412580
83410250
83406630
83412110
83403165
83409560
83404220
83409270
83414680
83402225
83405210
83407550
83410500
83413053
83405192
83408215
83405330
83412520
83414600
83401260
83412450
83404097
83408335
83413158
83413687
83413052
83414560
83412370
83408640
83401450
83401180
83405310
83408800
83407205
83409680
83413054
83401230
83408064
83408080
83405200
83412400
83402335
83405500
83408060
83412380
83408550
83410700
83401435
83408442
83409300
83409090
83404690
83401170
83411450
83411620
83411330
83409650
83409280
83404604
83403200
83401040
83406530
83406055
83411400
83411060
83412712
83413330
83407435
83411560
83413300
83408210
83411150
83408479
83406110
83413648
83412560
83408070
83409750
83408490
83402100
83412340
83412260
83409500
83414500
83413703
83412300
83407210
83405030
83406040
83409710
83406140
83407375
83413180
83407135
83405060
83408040
83413155
83414130
83402748
83413682
83411664
83407106
83414577
83413644
83414550
83402749
83405370
83409670
83408290
83415400
83410200
83408350
83404040
83411352
83405620
83413630
83413210
83410170
83415170
83404570
83408500
83408410
83408336
83404620
83402750
83401590
83402755
83405282
83404470
83415010
83405530
83402270
83408485
83409290
83402500
83407680
83412570
83402040
83402690
83407100
83405670
83408217
83402192
83405160
83413665
83409480
83401400
83401470
83408220
83415030
83405710
83411050
83408710
83412420
83408540
83414110
83402230
83413090
83406210
83409140
83403242
83402385
83409340
83407530
83404600
83412510
83414640
83401350
83411290
83411255
83413290
83403526
83408216
83411370
83414270
83412240
83412620
83408300
83410290
83404395
83413640
83403640
83410240
83405187
83413315
83407098
83411520
83408526
83407625
83408495
83412040
83410190
83412660
83414170
83414290
83411510
83414010
83404095
83406300
83409315
83407340
83406070
83403225
83402160
83402396
83415180
83414080
83408527
83409157
83413642
83413668
83413672
83403550
83403600
83403040
83411160
83403045
83403220
83402650
83405250
83414410
83414480
83405610
83402395
83408390
83411420
83407600
83404000
83404642
83404484
83414460
83413420
83412010
83408250
83401410
83409400
83407598
83401320
83415160
83407325
83401090
83408528
83413340
83410000
83415100
83413270
83413534
83413051
83413003
83402470
83411630
83411230
83413532
83413667
83408499
83405100
83413633
83413650
83411410
83411484
83407610
83407780
83410340
83405740
83406390
83409350
83413200
83413506
83412460
83406420
83401290
83403020
83404130
83414632
83404580
83410460
83410360
83408318
83410450
83410410
83410770
83404650
83415200
83409110
83412170
83402670
83405680
83402400
83402200
83408510
83413215
83409200
83406430
83405000
83402710
83405300
83403070
83404540
83402030
83407060
83409080
83408517
83407400
83408317
83414150
83409156
83404020
83402695
83408516
83404760
83404060
83413660
83408507
83411350
83408200
83408180
83410320
83410400
83411252
83408632
83403046
83415320
83414447
83404494
83407720
83406340
83410790
83406080
83414660
83404502
83403592
83404180
83415330
83410490
83403155
83414750
83407602
83409390
83411240
83405660
83415195
83410650
83409760
83407270
83404590
83413164
83406520
83413125
83410220
83405010
83408470
83409136
83407162
83408529
83413538
83412165
83412330
83404498
83407640
83401310
83401265
83414620
83410710
83408330
83402194
83412160
83407835
83414455
83412270
83403090
83409730
83406590
83410300
83407096
83413162
83404740
83407604
83407520
83411640
83411250
83411740
83406570
83413543
83411720
83401000
83408530
83408535
83407310
83415040
83415210
83414030
83402350
83413030
83411070
83405730
83414060
83414324
83414342
83407734
83407000
83408320
83415130
83412680
83415150
83408536
83401580
83406060
83407050
83408570
83413372
83407840
83408218
83413071
83403130
83412060
83402746
83407360
83413670
83412350
83415060
83406510
83408476
83412140
83413689
83413075
83408805
83413676
83403010
83404275
83404205
83407209
83407120
83405690
83406160
83414446
83402320
83412530
83402545
83404700
83408798
83402290
83408590
83413085
83415240
83406350
83407240
83415190
83406230
83413470
83411116
83413680
83413370
83401080
83402757
83405220
83409415
83411080
83408610
83411555
83412065
83409130
83408515
83408450
83410820
83414155
83413260
83413137
83409030
83413674
83411590
83415366
83404170
83406320
83402410
83403030
83401500
83402090
83414360
83415340
83414450
83404090
83402310
83413552
83414120
83406170
83402135
83413040
83414430
83407700
83408572
83409010
83402550
83401540
83409640
83402620
83407085
83401542
83413647
83407107
83402280
83407070
83413190
83415380
83408295
83403270
83403170
83414190
83409430
83413170
83409470
83402050
83404490
83413165
83409158
83415072
83407015
83413520
83407200
83406470
83413065
83414340
83406150
83412070
83407290
83413310
83413073
83414690
83413690
83405410
83403047
83402250
83409380
83414090
83409370
83411310
83402060
83406600
83412590
83402360
83406165
83406660
83408030
83405120
83409416
83404530
83415217
83413402
83413396
83413382
83413386
83413388
83413393
83413384
83413377
83413376
83413375
83413392
83413374
83413406
83413405
83413398
83413397
83413404
83413385
83409490
83410750
83407660
83413005
83408340
83408505
83408230
83408548
83415370
83404500
83410760
83413636
83413700
83407280
83407830
83408440
83415050
83405170
83402660
83404532
83407590
83411545
83401630
83411430
83405450
83410620
83408360
83405110
83412360
83411460
83415185
83414710
83409077
83402480
83415350
83411170
83413649
83406610
83404660
83409720
83414050
83405260
83411140
83408316
83413240
83407190
83412050
83407080
83407040
83404780
83407235
83409155
83402070
83413510
83408475
83415187
83407097
83403150
83408478
83413490
83402450
83408506
83411570
83408519
83407810
83412455
83412290
83408730
83415355
83409600
83407460
83405090
83405080
83405460
83408630
83410527
83411440
83407620
83408329
83410430
83412390
83407560
83403140
83405700
83409310
83402130
83407838
83403260
83402150
83402600
83409690
83413450
83408790
83413500
83402210
83406290
83412220
83414100
83408537
83413533
83408190
83404390
83407232
83404110
83411190
83402140
83414630
83411220
83408600
83404325
83408010
83405280
83408560
83414040
83402240
83413120
83401382
83412055
83408315
83413136
83408808
83413140
83414350
83406330
83409417
83411118
83408549
83402460
83415145
83408750
83407260
83408508
83410530
83414315
83408538
83410730
83410670
83406180
83414515
83414452
83414237
83414370
83407090
83409180
83412020
83415256
83407500
83405050
83413705
83411650
83410640
83410630
83404380
83413530
83409630
83415270
83409570
83408150
83404640
83408100
83408460
83407250
83401620
83411120
83413320
83402420
83407510
83404230
83408319
83410810
83410480
83408380
83405130
83414610
83415035
83409320
83408670
83404510
83407607
83410350
83408660
83408546
83413677
83408806
83401650
83413220
83411254
83413010
83412080
83413460
83413058
83409550
83402220
83402452
83414525
83404360
83408240
83404680
83414490
83410165
83404140
83409220
83413130
83403190
83405186
83414670
83401250
83406460
83415165
83402700
83402770
83415233
83404505
83409020
83414225
83411110
83407110
83414740
83409700
83415215
83408539
83408430
83412663
83415300
83402540
83410580
83413654
83414510
83415143
83415235
83415220
83413060
83411360
83402530
83413390
83413537
83408542
83409060
83407750
83411580
83407115
83408547
83401560
83401600
83413710
83411470
83411030
83410830
83404770
83401160
83411660
83406400
83404300
83404260
83410390
83401120
83405440
83413587
83407609
83401110
83405760
83401480
83408020
83401440
83410850
83414720
83408545
83408794
83403210
83402560
83414345
83404270
83402430
83406360
83412230
83412320
83413464
83402180
83403580
83404705
83413070
83413675
83403590
83415257
83401210
83411530
83404010
83405002
83405040
83409740
83405230
83407185
83407216
83412090
83415032
83414780
83402580
83402260
83406260
83405800
83413683
83410380
83413380
83407410
83414445
83415090
83415237
83415079
83411540
83404482
83404450
83405638
83405650
83403520
83403120
83402740
83404080
83407736
83407837
83414210
83414312
83415071
83415120
83408797
83402720
83403560
83413080
83415290
83412585
83413720
83401270
83411730
83406490
83401010
83404250
83411020
83405380
83407440
83401330
83406650
83412100
83401390
83414570
83401300
83401050
83403000
83414512
83414250
83414235
83414522
83414470
83410310
83412362
83412410
83408130
83407650
83408170
83409170
83401200
83413585
83410570
83414530
83407820
83408760
83406550
83406540
83410720
83404730
83408562
83409000
83406560
83414760
83411442
83412470
83411672
83409582
83409230
83410210
83410260
83404160
83414730
83410180
83401240
83406375
83409100
83408518
83409420
83411670
83413730
83407836
83407187
83407222
83409450
83410415
83410560
83408346
83413678
83410696
83410550
83412210
83403050
83414232
83408000
83411000
83408614
83406224
83408424
83415500
83405284
83411066
83415266
83415600
83415136
83412150
83408327
83403330
83403460
83404340
83403490
83404240
83404290
83402644
83403320
83403470
83403420
83403325
83402645
83403594
83403350
83403360
83403310
83403380
83410698
83410540
83403410
83403440
83403620
83403450
83402648
83403430
83403400
83403480
83402646
83403630
83403340
83403370
83403390
83414165
83412700
83413586
83405240
83414380
83403530
83409232
83409580
83406166
83405020
83401002
83401530
83408400
83409076
83408012
83408120
83410112
83410520
83413280
83402440
83407597
83411117
83410840
83409075
83410526
83404320
83407710
83406647
83407352
83407320
83404410
83407760
83408580
83407086
83408807
83402730
83414280
83414240
83411380
83410802
83410780
83408541
83409330
83413673
83407160
83415899
83405560
83401030
83401020
83410330
83411210
83409137
83401100
83409160
83408680
83404550
83403110
83403518
83403500
83410610
83404644
83406640
83414770
83412650
83407752
83406450
83408795
83412162
83404050
83408498
83414540
83413400
83413686
83402080
83413250
83413156
83408770
83403160
83404370
83411490
83410525
83414579
83412550
83415245
83408509
83411130
83408634
83403525
83413740
83413147
83415255
83415238
83415222
83403075
83410690
83408140
83405180
83405274
83413138
83403570
83405480
83405270
83405320
83404120
83412120
83409610
83407630
83409660
83404190
83410510
83403240
83410590
83407300
83408740
83413139
83407230
83408345
83408488
83408260
83408310
83405720
83409250
83410470
83414580
83408337
83401380
83410600
83409272
83409520
83409120
83406580
83406010
83408110
83414420
83411270
83414318
83401130
83411680
83405018
83405190
83408328
83406500
83401430
83407603
83415280
83405340
83402000
83403144
83414300
83401520
83414390
83413536
83408642
83408326
83413110
83403610
83413576
83414782
83415020
83413685
83415310
83405550
83414352
83414020
83405290
83407712
83412480
83406052
83413230
83408720
83415360
83412180
83405640
83402758
83402759
83402110
83402520
83402170
83411500
83414322
83414440
83406130
83413360
83408620
83413055
83409210
83411320
83415140
83403080
83411690
83407215
83412710
83408480
83402390
83413410
83405360
83401570
83403180
83414456
83413643
83414260
83413150
83404560
83403167
83410740
83402125
83411550
83404420
83410370
83401610
83411710
83414000
83404430
83406648
83406620
83408370
83404440
83414160
83403100
83405140
83402780
83407208
83409190
