85601815
85602430
85602280
85603892
85605473
85604210
85601748
85603160
85604585
85601760
85603898
85604304
85605201
85601890
85601841
85604464
85606341
85601400
85601852
85606342
85604512
85602769
85601896
85603531
85601080
85601383
85604530
85605733
85601106
85602260
85606210
85603861
85605462
85603392
85605789
85603870
85606544
85605674
85605691
85601863
85604488
85606394
85604487
85603822
85602550
85601075
85601371
85604285
85605747
85603200
85601341
85603190
85601356
85605352
85601368
85601450
85602222
85606511
85601713
85601654
85601145
85605680
85604360
85601656
85601121
85601711
85605681
85605699
85602826
85605659
85604140
85603295
85604293
85605506
85606514
85604493
85603173
85603532
85606391
85605682
85605660
85603040
85606495
85601230
85601280
85604579
85601165
85601561
85601580
85601857
85602000
85602490
85601360
85602832
85601090
85605056
85603890
85601005
85601270
85601668
85604306
85605210
85605440
85606040
85606550
85605195
85602871
85604581
85601373
85605780
85603897
85602390
85603000
85603530
85604578
85606401
85605783
85603744
85601730
85601811
85603824
85603180
85604537
85603250
85605250
85605457
85604540
85602154
85605520
85602802
85606475
85603285
85603174
85605665
85605666
85601834
85605640
85603702
85605380
85603120
85602506
85601661
85601865
85606513
85604611
85603872
85605723
85605478
85603877
85602165
85602350
85605100
85606405
85604030
85605600
85603862
85605695
85603847
85603025
85604270
85604266
85601885
85601655
85603875
85602730
85605741
85601475
85601590
85605475
85603848
85606310
85605645
85605650
85604300
85601220
85604476
85605270
85606050
85603863
85605290
85602228
85603260
85601176
85603185
85601570
85604543
85603620
85603397
85601268
85604380
85604060
85601867
85605652
85601440
85601152
85604280
85604050
85605697
85603175
85602340
85604522
85601721
85601728
85602166
85605646
85605410
85603797
85606353
85603680
85605310
85603400
85603399
85606518
85606343
85601722
85605580
85603290
85603014
85603370
85603810
85603499
85603126
85604462
85605090
85601610
85601669
85603210
85601107
85601690
85601871
85602330
85601861
85603127
85603832
85605540
85605555
85604477
85601850
85603176
85602240
85603460
85601520
85603340
85603523
85605240
85602250
85604478
85604582
85602220
85601658
85602650
85604594
85601691
85603177
85601884
85602752
85604250
85605777
85605504
85603826
85601175
85605737
85601866
85605180
85602560
85603070
85604532
85601190
85603178
85601821
85604570
85603834
85601734
85601877
85601331
85601366
85605689
85603330
85605260
85606110
85604541
85604479
85604538
85604612
85603152
85606130
85605575
85605729
85604520
85603880
85604583
85602125
85602870
85604610
85604442
85605000
85601680
85606352
85604290
85604480
85605460
85601119
85606320
85603115
85602470
85602424
85606392
85604278
85603165
85603440
85602542
85606356
85602754
85606120
85604410
85603543
85604350
85603746
85603745
85606358
85602010
85603660
85601746
85602680
85604310
85605070
85601630
85604302
85603117
85603865
85601869
85601886
85603570
85603150
85601378
85601117
85605196
85605701
85601375
85606516
85601620
85601888
85605476
85603881
85602380
85601744
85603030
85604463
85606348
85601882
85601379
85605197
85606406
85605145
85604444
85601824
85605703
85601460
85601167
85606030
85605765
85605684
85601151
85601150
85605565
85601565
85602868
85604633
85601476
85602630
85604481
85604618
85605735
85601192
85604626
85602226
85601250
85603841
85604120
85605678
85605400
85606010
85603402
85605472
85603866
85601430
85601749
85601864
85601113
85601470
85604282
85601849
85605420
85604110
85601795
85601477
85604625
85601835
85601847
85605560
85601657
85601338
85601372
85606344
85605647
85601095
85605711
85601376
85605080
85603895
85605474
85601112
85602480
85603838
85606515
85601833
85604542
85604535
85601883
85606080
85601342
85606082
85604544
85601898
85601118
85601820
85605390
85602224
85601663
85605755
85605456
85606280
85604485
85605193
85604448
85601878
85603385
85601717
85601810
85603350
85604577
85602130
85606542
85601560
85605675
85601357
85603170
85605258
85603585
85602410
85604384
85603140
85606060
85602756
85606330
85604180
85605685
85602869
85602760
85603869
85605719
85604265
85603889
85601320
85602525
85601332
85604450
85605550
85601155
85605530
85603763
85602060
85604455
85601899
85602863
85604593
85604575
85603796
85603166
85603153
85603756
85601180
85605055
85602500
85602120
85605330
85603762
85604090
85601070
85604619
85605058
85604080
85602710
85601365
85605218
85603750
85603430
85605648
85601735
85605300
85605025
85605315
85601870
85603630
85601381
85603184
85603836
85603842
85602300
85606250
85601719
85604496
85603171
85602865
85603395
85606480
85606260
85602510
85606519
85601146
85604534
85601160
85604294
85603859
85601384
85606180
85605716
85602140
85603883
85601729
85606200
85601385
85601881
85606390
85605721
85601830
85604295
85602640
85601364
85605792
85601725
85606230
85601726
85605020
85603052
85602310
85601382
85603230
85606300
85603036
85606090
85602822
85604489
85602230
85603286
85605705
85603770
85603062
85601732
85602508
85603798
85601340
85603885
85606020
85604617
85605649
85603462
85603480
85601836
85602800
85603494
85601859
85601540
85605672
85603010
85601738
85602156
85603220
85604605
85605466
85605771
85602821
85604631
85602809
85604440
85606355
85603843
85601846
85606150
85601723
85601731
85603186
85605715
85601860
85601362
85604200
85601855
85605190
85604592
85604150
85601108
85604627
85601666
85606512
85601819
85602160
85602814
85602757
85604632
85604614
85603550
85605340
85603110
85605630
85605566
85602080
85605707
85603831
85602216
85604190
85605194
85602150
85605727
85606240
85602570
85602740
85605669
85601478
85601659
85606360
85602320
85602758
85601897
85603882
85603893
85601333
85604491
85601266
85604580
85604170
85601000
85601274
85601233
85603765
85601875
85603650
85604340
85601848
85601568
85606485
85603154
85605345
85605255
85603387
85603700
85603823
85603113
85601851
85603450
85603815
85603300
85603320
85606524
85605655
85602526
85601343
85605463
85604616
85603820
85601386
85606527
85602700
85603020
85602829
85603757
85603420
85605030
85602442
85603310
85602475
85602520
85602670
85604595
85601344
85601831
85602590
85604586
85606402
85602217
85604588
85601275
85602528
85603896
85601893
85601147
85603864
85606520
85602820
85602759
85603871
85604589
85606340
85605351
85606528
85606649
85603287
85604591
85603535
85602210
85603012
85602580
85604624
85601862
85605686
85604284
85605656
85601200
85605150
85601369
85601420
85602825
85602620
85603884
85606510
85602540
85602030
85601240
85601724
85604298
85601310
85603410
85601359
85604622
85602803
85604160
85602765
85601854
85601894
85601474
85603758
85604000
85603874
85602866
85605759
85601162
85606543
85604571
85601879
85602370
85604587
85603560
85604615
85605745
85603800
85604400
85605140
85605010
85601670
85601377
85604621
85604456
85605694
85605774
85601530
85604533
85602020
85606160
85604457
85601715
85601727
85601720
85604574
85605280
85603060
85606547
85601387
85603080
85603759
85603844
85601374
85603116
85602400
85601770
85602151
85602805
85603345
85606530
85601060
85605130
85604286
85601563
85602232
85601345
85602801
85602610
85605590
85601653
85605429
85604526
85604320
85606070
85603346
85602827
85604443
85605147
85603497
85601109
85601812
85601868
85606399
85601390
85604573
85604484
85601856
85603005
85604576
85603873
85603542
85601837
85605657
85601843
85603760
85601231
85603835
85604514
85602050
85603148
85605198
85605683
85606290
85603790
85602766
85603111
85604572
85601030
85603035
85603172
85603391
85602817
85602806
85601115
85603470
85606396
85606490
85606397
85602828
85605717
85603827
85606349
85604040
85601832
85605535
85604623
85601665
85604486
85601210
85603887
85601367
85603670
85604240
85604483
85601664
85604288
85602507
85603829
85603490
85605725
85603512
85603795
85605060
85601650
85601800
85603360
85603541
85605510
85601290
85605360
85605350
85601111
85605610
85601876
85605500
85604020
85605658
85603492
85601205
85606370
85604510
85601350
85601750
85603592
85601010
85601334
85603720
85604100
85601346
85602101
85605713
85604430
85602529
85601169
85601148
85604010
85601880
85605786
85606398
85603830
85603114
85603540
85603545
85606546
85601347
85601562
85604458
85605768
85601164
85602110
85601892
85604225
85605757
85602360
85602830
85601351
85601370
85604516
85604536
85603280
85601736
85603125
85604531
85605192
85601300
85601733
85606357
85605470
85605200
85603265
85601822
85602685
85604459
85601790
85606190
85603828
85604460
85604330
85604584
85604230
85603504
85604276
85601355
85602420
85603240
85602158
85603016
85603780
85604465
85601550
85601358
85601178
85604473
85603496
85605110
85601600
85601480
85605170
85601177
85601818
85601330
85601388
85602100
85602509
85601842
85606000
85606380
85601195
85602450
85604390
85601873
85606521
85606500
85605120
85602530
85603502
85601479
85605570
85601510
85604528
85603600
85602290
85601662
85605320
85601823
85601050
85601782
85601394
85602180
85601853
85604130
85605464
85601737
85601844
85605753
85604466
85603388
85603508
85601020
85601100
85604070
85601780
85603715
85603899
85606517
85606083
85605477
85603754
85604539
85602440
85602690
85602660
85605371
85605160
85606899
85606532
85604370
85606522
85602867
85603876
85606345
85604260
85606400
85601170
85601490
85601202
85603891
85603740
85601816
85603270
85605230
85603886
85606548
85603390
85603690
85604467
85603730
85603378
85602070
85601114
85605430
85605693
85601352
85604596
85601040
85604420
85603839
85604521
85602040
85602750
85603837
85603386
85601335
85604524
85601336
85604620
85601149
85601651
85603833
85604469
85603380
85602831
85604492
85606393
85603640
85601640
85605536
85605643
85602890
85603845
85602460
85602804
85606140
85601348
85601380
85601567
85605216
85602170
85602152
85605455
85603610
85605739
85602215
85602270
85603112
85603580
85603075
85603742
85603130
85606270
85602163
85604470
85603050
85601361
85601349
85602090
85604518
85602200
85601874
85606347
85603377
85603888
85603498
85601353
85605050
85605214
85604475
85602162
85601740
85604372
85603748
85602190
85603347
85606354
85605095
85606346
85603846
85605220
85605620
85601891
85603544
85601872
85605586
85605040
85601660
85601260
85605370
85604490
85606220
85604292
85602823
85606540
85605641
85605479
85602818
85602815
85603868
85605751
85601569
85606359
85602824
85603375
85605450
85601895
85606350
85601667
85603894
85606084
85604220
85603376
85606170
85601652
85606536
85606523
85604446
85603506
85603860
85601389
85601817
85601363
85606100
85604630
85602768
85603752
85602819
85602812
85603867
85601339
85601500
85601354
85605731
85605468
85605709
85601838
85601839
85605712
85605710
85603590
85604482
85601858
85606551
85605749
85606526
85605714
85603475
85605365
85601337
85601055
85605687
85601889
85605502
85604628
85606351
