84503518
84507066
84502380
84502410
84504460
84503407
84503320
84500368
84502312
84500206
84503377
84503512
84504414
84507198
84507398
84504428
84504586
84504745
84505659
84504652
84504775
84506881
84504434
84502310
84507229
84500317
84500257
84506863
84507006
84500341
84507021
84502147
84507214
84500239
84500158
84500056
84500113
84504420
84507009
84500454
84507358
84506888
84502292
84505370
84507399
84505425
84504426
84500293
84504448
84502233
84500131
84500604
84507232
84504772
84506878
84507226
84500278
84500026
84500347
84505355
84507123
84502277
84504756
84500329
84500014
84507063
84504456
84504462
84505686
84505668
84505358
84507376
84504654
84500266
84500281
84500203
84504429
84500311
84500463
84500374
84500344
84507241
84505467
84502270
84507371
84505498
84503440
84502142
84504766
84500574
84504562
84504525
84505428
84503431
84504436
84503347
84505504
84504583
84500275
84505671
84504432
84500036
84507402
84505413
84505437
84506890
84507294
84507184
84507300
84502240
84507396
84500094
84507072
84507354
84507328
84503434
84502392
84505519
84502383
84504450
84500125
84507217
84500609
84505662
84505650
84502154
84503544
84500433
84505540
84507015
84504699
84507408
84502308
84504776
84502170
84503506
84505548
84507117
84500155
84503365
84502452
84502231
84503534
84502446
84504761
84504755
84502449
84500179
84505500
84504519
84500603
84507370
84505492
84503536
84500096
84502434
84500089
84503443
84505419
84507344
84507172
84503332
84500620
84502290
84503335
84505490
84504742
84503550
84500320
84500554
84504571
84500078
84504751
84500021
84505522
84505510
84500191
84502386
84503502
84507284
84507090
84504438
84503500
84507406
84506889
84502266
84507394
84500377
84502246
84507238
84500091
84500016
84502296
84507187
84507205
84505665
84503368
84500556
84500326
84500598
84500296
84500442
84505343
84500019
84500122
84502149
84500248
84504689
84505341
84507380
84503371
84503548
84500536
84505538
84504656
84503552
84504700
84500445
84504777
84502320
84504444
84500054
84507336
84505512
84500060
84505431
84502304
84507024
84507360
84505516
84500197
84507210
84507114
84507392
84500308
84504424
84507106
84504662
84506899
84507235
84500466
84504748
84500140
84500075
84500436
84500200
84505410
84507212
84500137
84500009
84504452
84500302
84500024
84500254
84500086
84505352
84505670
84503386
84503344
84507288
84507304
84504730
84507096
84504472
84500149
84500116
84502413
84504513
84503422
84502245
84503516
84507412
84504418
84502422
84507166
84500066
84504559
84500469
84503362
84505376
84500530
84503522
84505526
84505494
84507191
84502398
84505530
84505532
84504427
84507078
84507080
84500606
84505416
84503514
84502278
84507308
84504698
84504422
84507033
84505520
84502425
84507192
84504762
84504442
84505455
84505534
84500622
84502461
84502318
84507410
84500167
84500173
84504580
84502282
84502440
84505385
84500185
84500380
84507079
84507018
84505452
84507333
84505440
84500074
84505496
84504753
84500614
84507030
84507120
84507314
84504686
84503410
84504537
84507298
84507324
84502256
84500119
84500269
84503467
84500004
84503425
84503464
84500251
84504556
84500460
84503458
84500177
84500562
84503392
84507280
84502242
84500618
84505674
84505546
84502150
84504548
84500046
84502272
84503413
84504416
84500253
84507093
84504474
84506875
84505656
84503521
84505680
84507190
84504470
84507099
84506866
84507386
84503437
84503395
84506885
84500041
84500006
84503428
84504779
84507084
84507282
84507384
84503473
84505550
84500431
84507037
84507281
84503526
84502168
84502443
84503504
84507378
84500452
84500534
84507003
84502316
84507075
84507404
84507196
84507340
84500061
84500605
84500166
84503508
84507286
84507199
84504466
84504595
84500284
84502230
84500323
84502252
84502244
84500594
84505446
84507400
84504733
84502404
84500552
84507306
84500615
84500049
84504661
84503329
84500001
84503419
84502262
84502416
84504757
84504767
84507069
84504431
84507382
84500607
84500077
84505692
84507379
84505422
84504695
84507326
84506872
84504430
84505364
84507318
84500546
84507194
84507102
84502156
84502160
84502286
84503323
84505373
84500170
84504468
84507163
84505449
84507346
84506896
84500236
84504538
84507352
84507108
84505544
84506883
84502146
84502431
84504677
84504545
84503461
84500290
84502250
84500608
84505552
84502148
84504410
84507322
84505677
84504692
84507195
84500143
84504764
84503554
84500457
84500121
84505542
84507105
84506893
84503555
84502455
84507175
84507342
84507027
84502234
84500544
84507208
84500602
84502152
84507250
84504660
84505514
84507316
84503404
84503380
84500548
84505361
84507169
84500475
84503446
84500051
84507223
84500146
84507332
84506869
84503359
84504464
84506887
84500260
84500287
84505524
84507025
84500233
84503528
84504778
84507087
84503524
84500120
84502395
84500084
84500103
84507390
84503476
84500029
84504577
84507001
84505506
84504589
84507220
84504774
84503449
84502401
84502419
84500164
84503356
84505528
84500335
84505508
84507362
84504565
84504650
84507348
84505443
84503452
84507244
84500044
84507290
84505653
84503416
84507372
84507296
84504412
84500305
84500448
84500188
84500451
84502287
84502285
84503401
84502284
84500294
84507356
84507302
84504754
84505367
84507111
84504550
84505434
84504516
84507350
84502302
84505518
84503326
84500242
84505536
84500472
84505379
84502232
84500059
84507036
84500134
84507012
84504704
84503520
84505515
84505458
84500017
84504541
84505558
84504544
84504539
84504540
84504542
84504543
84504552
84504551
84500182
84504736
84500176
84500601
84503530
84504659
84504674
84500064
84504671
84507160
84504680
84504653
84504665
84504668
84504701
84502162
84500034
84507414
84504759
84500351
84507178
84503540
84500610
84502164
84502428
84500338
84502300
84500031
84508899
84500353
84504574
84502140
84500081
84500359
84502298
84503542
84500128
84502389
84505683
84503546
84502254
84502288
84505346
84500110
84500432
84500439
84503455
84502248
84504651
84507388
84505382
84502458
84502407
84502437
84504547
84507292
84506884
84504655
84500371
84505349
84503383
84500071
84507247
84502280
84505350
84500350
84507338
84500612
84507197
84507081
84504568
84502306
84504592
84504510
84507181
84507060
84500566
84504522
84500161
84503374
84503556
84500616
84504553
84507202
84503341
84505502
84506860
84500299
84505689
84507193
84507207
84504735
84504739
84503338
84507211
84500152
84502144
84502158
84500039
84507320
84503538
84500230
84500532
84503389
84504454
84500011
84500600
84503353
84504440
84500558
84503398
84503532
84504683
84500263
84500590
84500194
84500272
84504533
84504549
84507312
84507310
84504546
84500069
84500245
84504458
84503470
84504658
84500572
84500540
84503510
84504446
84507364
84500356
84503350
84500576
84500362
84500076
84500365
84502236
84502274
84505340
84507366
84500568
84500099
84500564
84500570
84502276
84505461
84507330
84502238
84507334
84502268
84502258
84500430
84502264
84502294
84500079
