85960220
85963112
85960132
85966200
85963526
85966112
85963530
85963582
85966482
85960234
85963102
85960422
85960360
85966008
85960226
85974019
85960004
85963172
85966430
85960072
85960027
85966454
85966402
85966114
85966172
85966444
85966218
85966032
85963022
85960362
85963573
85966196
85971014
85966452
85966400
85966292
85960348
85963524
85963132
85960320
85963256
85963586
85966464
85966284
85966220
85976003
85966424
85966222
85966124
85966166
85966108
85974017
85966484
85963162
85966016
85960021
85973038
85963288
85960546
85966404
85963574
85975009
85971016
85960031
85963522
85960001
85963260
85976021
85963016
85963290
85963026
85966412
85966266
85966014
85960312
85966462
85973028
85960047
85960376
85977015
85963108
85963017
85960002
85963220
85963571
85963326
85963210
85963521
85963552
85974013
85975007
85960420
85960160
85960090
85963242
85963300
85975003
85960037
85963578
85963508
85963506
85963140
85973008
85963024
85972009
85963148
85960025
85960061
85963308
85963312
85966470
85960544
85963566
85960500
85963196
85970000
85960178
85960432
85960045
85960146
85966184
85966436
85963272
85972001
85976015
85960086
85960122
85960049
85960200
85966208
85963152
85971000
85966458
85973024
85966226
85960378
85963238
85960418
85960094
85963304
85960164
85960206
85960051
85963182
85960512
85975001
85960302
85966246
85966282
85960392
85960190
85960059
85963206
85963502
85973016
85963504
85972011
85966278
85963142
85963248
85960007
85963532
85963170
85966216
85966026
85972019
85960396
85960186
85960065
85960112
85960397
85973014
85960204
85960053
85963188
85960510
85966130
85963568
85974011
85963298
85960434
85960342
85966478
85966492
85966120
85966132
85966446
85966254
85966133
85966290
85966118
85966480
85963104
85960526
85960346
85966190
85960424
85966136
85960019
85960033
85966288
85960216
85960088
85974005
85966122
85966428
85974003
85960138
85960250
85966198
85966148
85966242
85966276
85966149
85963282
85963164
85963284
85963542
85963160
85977001
85973036
85960011
85963246
85963274
85973012
85963584
85963564
85960368
85960514
85960504
85974001
85960534
85963322
85973020
85960538
85963510
85976027
85960254
85963120
85960222
85972017
85960536
85966448
85963548
85960308
85977019
85960152
85960334
85966176
85960005
85960306
85960210
85963014
85977005
85963202
85973034
85963178
85966414
85966264
85966030
85966164
85966106
85966422
85960533
85966006
85960506
85973040
85963002
85966138
85966252
85966139
85966224
85966158
85960444
85966000
85960228
85963122
85960136
85966238
85966028
85960524
85966460
85963546
85960528
85966116
85973000
85966476
85963560
85960180
85960106
85963226
85960402
85966245
85966280
85960232
85963168
85963520
85971008
85963296
85960508
85960055
85960202
85963192
85960382
85960390
85960192
85960352
85966420
85975015
85963580
85966194
85966104
85960522
85971006
85963512
85966410
85966270
85966174
85966442
85966406
85963264
85960168
85960098
85963234
85963310
85963010
85970008
85960370
85963114
85966022
85960366
85960172
85960102
85963230
85963320
85966038
85971004
85966456
85960518
85960358
85973030
85963558
85960520
85966466
85960023
85974023
85960009
85960404
85960238
85966140
85966250
85966286
85966141
85966486
85966488
85966510
85971005
85963514
85963154
85966012
85973026
85963572
85960324
85960256
85963118
85963286
85976001
85960406
85975012
85963184
85963258
85960354
85963294
85971002
85960078
85960043
85960316
85963156
85963534
85960350
85960502
85963180
85963174
85960176
85960104
85963228
85963324
85963500
85975011
85966004
85960154
85960426
85960427
85960336
85966170
85976035
85966214
85973018
85960224
85963100
85960134
85960246
85960166
85960096
85963236
85963306
85960150
85966180
85960332
85976030
85960304
85966228
85976013
85963266
85963270
85973006
85960003
85966018
85966100
85966162
85966472
85960356
85963554
85970014
85970006
85960380
85963198
85966493
85963562
85963544
85963186
85963136
85976017
85963292
85963550
85963190
85963158
85960218
85960322
85974007
85960310
85963106
85963556
85975019
85963204
85975005
85973022
85960410
85960074
85960035
85971012
85966262
85960126
85966206
85960144
85966186
85966434
85963012
85960214
85960326
85977009
85963176
85966024
85972005
85963316
85960142
85966188
85966260
85966432
85960318
85960400
85960182
85960108
85963224
85960401
85973010
85966426
85960128
85960242
85966204
85960084
85963200
85963194
85963570
85963150
85963244
85960070
85960017
85963134
85963144
85966520
85976007
85963004
85970016
85970018
85960240
85963262
85966002
85966450
85966126
85966128
85966142
85966248
85966143
85973032
85966144
85966244
85966145
85960414
85963146
85973002
85976009
85960140
85960252
85966192
85960440
85960124
85960236
85960148
85960330
85960258
85960300
85963116
85963000
85966182
85966438
85960438
85960442
85960408
85960412
85966212
85960436
85960344
85976025
85960029
85963130
85963006
85960532
85963540
85960041
85973004
85972899
85974899
85975899
85971899
85973899
85977899
85969899
85976899
85970899
85963008
85977003
85970012
85963252
85963518
85977007
85960248
85960212
85976019
85972007
85960314
85963166
85966146
85977013
85960076
85960015
85960130
85960244
85966202
85960039
85960208
85960230
85974015
85960540
85966272
85966178
85966440
85972015
85966491
85971010
85963278
85963318
85963276
85977017
85977011
85960174
85960416
85972003
85976011
85966110
85960428
85966168
85960338
85960156
85976005
85963516
85963020
85966232
85963528
85970002
85963138
85966268
85974021
85966134
85966160
85966020
85966102
85963280
85970004
85960013
85963576
85966040
85960364
85960516
85960372
85963536
85970010
85963250
85963538
85960542
85960374
85966474
85966010
85966468
85966274
85966408
85975021
85960080
85973048
85960530
85960430
85960340
85975017
85960423
85960162
85960092
85963240
85963302
85960425
85963110
85963018
85960398
85960184
85960110
85960067
85963222
85960399
85972013
85976023
85960082
85973046
85966156
85966230
85966157
85966034
85966150
85966240
85966151
85966210
85960158
85966152
85966236
85966153
85966154
85966234
85966155
85966036
85973042
85960394
85960188
85960063
85963208
85973044
85960170
85960100
85963232
85963314
85976029
85963254
85960057
