83210033
83221260
83221046
83215380
83209130
83210152
83209655
83203305
83203720
83215814
83221042
83221230
83206363
83206142
83221198
83221470
83210006
83215435
83215736
83206287
83221240
83212528
83215722
83221606
83209220
83209629
83221615
83203240
83212410
83206355
83203705
83215742
83218160
83203595
83221655
83212170
83221174
83203330
83206015
83212180
83206065
83215708
83206370
83221070
83212433
83206528
83206040
83221630
83209297
83221049
83209103
83206326
83203795
83221549
83212550
83212100
83206330
83206180
83209652
83221580
83209620
83215716
83221344
83206310
83221320
83210063
83215390
83206353
83206262
83206276
83221290
83221352
83218170
83221040
83206070
83212240
83215749
83215550
83210154
83203530
83210188
83206100
83209192
83221210
83221705
83209657
83212450
83221522
83209211
83212045
83215025
83203130
83212012
83209201
83215750
83212120
83215680
83203600
83209355
83221515
83221500
83209334
83218114
83221150
83215759
83206400
83221055
83221030
83221736
83221608
83206102
83209290
83210039
83209300
83209310
83209010
83218511
83218310
83210160
83221762
83221460
83212490
83209250
83209320
83203695
83215689
83212190
83212555
83212110
83221165
83210047
83206192
83212480
83206110
83221640
83203210
83206210
83221095
83215150
83209600
83218070
83218516
83215058
83209016
83215280
83212250
83209708
83215808
83212242
83210000
83218060
83218512
83210100
83215751
83221562
83218508
83212090
83203800
83215670
83209100
83206660
83206410
83221430
83209638
83206385
83209025
83209590
83215714
83206095
83212010
83215437
83215090
83215747
83215752
83215130
83203190
83209200
83209198
83209375
83209000
83212000
83215000
83221565
83215250
83206340
83215044
83206260
83209430
83215710
83210009
83209668
83206202
83221550
83206540
83206347
83209715
83215330
83210005
83203350
83221270
83206504
83209150
83209110
83212270
83212470
83206054
83209022
83215400
83209020
83221310
83221737
83221340
83209330
83209350
83206369
83210077
83221096
83221755
83212040
83212526
83212345
83203280
83210166
83209030
83209640
83209646
83209026
83210136
83206356
83210183
83210041
83203420
83206225
83206265
83209156
83221048
83215698
83215410
83209024
83221602
83215320
83209159
83210162
83210314
83203140
83210359
83210364
83210361
83210368
83210367
83210363
83210365
83210366
83210362
83210360
83203789
83206510
83218240
83212225
83206538
83209206
83206508
83210045
83221600
83221355
83221171
83215099
83203135
83218430
83203070
83221670
83215734
83218290
83209440
83218190
83218326
83210138
83210150
83210011
83203780
83206280
83203260
83203560
83221682
83203762
83206365
83221720
83218312
83212150
83209450
83215420
83215190
83215732
83206498
83221023
83215430
83209202
83206522
83221520
83215230
83218350
83203040
83206524
83210319
83210328
83221485
83210325
83210326
83210327
83215721
83215704
83206050
83221635
83203735
83218126
83221735
83221332
83206517
83210311
83206358
83206440
83209575
83209265
83209340
83221604
83210028
83210321
83209204
83206345
83206052
83206534
83209207
83215110
83218505
83218090
83218520
83206045
83215744
83206105
83206270
83209205
83218400
83215560
83215748
83206000
83210156
83206430
83212500
83212346
83209209
83209460
83215753
83209210
83203380
83210190
83206315
83221172
83221010
83209580
83215718
83209630
83209470
83209510
83203670
83218518
83218080
83212220
83210037
83209282
83203300
83218510
83218000
83221360
83221605
83206490
83221442
83203760
83221300
83206450
83203555
83218390
83221734
83203000
83203690
83203265
83215642
83221700
83203005
83206500
83209659
83203090
83215712
83210003
83212280
83218210
83215062
83215440
83203715
83212290
83203390
83212420
83209040
83209215
83210058
83215056
83218522
83218118
83212430
83221194
83209230
83206096
83215026
83212130
83221540
83221598
83221699
83221341
83221196
83221738
83206289
83218480
83209656
83209552
83203550
83221685
83203737
83221707
83221586
83203742
83221672
83221554
83203626
83209213
83209664
83218220
83218280
83215395
83221080
83218340
83203520
83206518
83215687
83212260
83212432
83203137
83209662
83206020
83221620
83209345
83210106
83212510
83221170
83215094
83206362
83215450
83206368
83212300
83209626
83203710
83221487
83209360
83221354
83212310
83209346
83212320
83209260
83210007
83209370
83209714
83210010
83209480
83215762
83209490
83206366
83221645
83215760
83215818
83215570
83212527
83221616
83221342
83212140
83206390
83215010
83203250
83221597
83210180
83209050
83221140
83221090
83206090
83221025
83210130
83212330
83209666
83210164
83210096
83203370
83209012
83210070
83203115
83212080
83203200
83221380
83221757
83218134
83209255
83209195
83203110
83209018
83209570
83215095
83210085
83206005
83215057
83210022
83218200
83209160
83218320
83210008
83209060
83210013
83206140
83203750
83206536
83221130
83203510
83212560
83209217
83203160
83209280
83210175
83206170
83221564
83212350
83215460
83210016
83210102
83210015
83212210
83221647
83218460
83209560
83212484
83206075
83206002
83206530
83215580
83210196
83221556
83221692
83221690
83215590
83203020
83218055
83218514
83203400
83209240
83221120
83203462
83212025
83203706
83203545
83221057
83221710
83215140
83203500
83206446
83210083
83215020
83203100
83221280
83209005
83218124
83218524
83203640
83206160
83215683
83215697
83215097
83206286
83203740
83212342
83210104
83221065
83215804
83206546
83221180
83212390
83215600
83203660
83218410
83203455
83206452
83212435
83221346
83203290
83221530
83212525
83215436
83218330
83221587
83221610
83221349
83221191
83206278
83215746
83209658
83212436
83206055
83206114
83221022
83215741
83203610
83212026
83215806
83203136
83206357
83203340
83212160
83215686
83212445
83206240
83209296
83206275
83221732
83221750
83212050
83221015
83215685
83206364
83221100
83203755
83212020
83215064
83221548
83221596
83221200
83203650
83210108
83212348
83218136
83203060
83218140
83215745
83206320
83212415
83218503
83215037
83206361
83206288
83212529
83203490
83210110
83209218
83221145
83215764
83209070
83210020
83206334
83206352
83215640
83206235
83206245
83215120
83206448
83203270
83206520
83215700
83221020
83203716
83210116
83203120
83203628
83203475
83218130
83206442
83206544
83215350
83210031
83218380
83221173
83215470
83215210
83215340
83221192
83203548
83210146
83221110
83212460
83221665
83206190
83206348
83221112
83215719
83215170
83215063
83206285
83203790
83221646
83218440
83218132
83221760
83215040
83221056
83221345
83209554
83218260
83215240
83203095
83209654
83206250
83215731
83221613
83203150
83203410
83206030
83209377
83210075
83221612
83206295
83221350
83212030
83203741
83203739
83206282
83203765
83206338
83206200
83206322
83221560
83206230
83215610
83209647
83203498
83215695
83206466
83209155
83210081
83210043
83206267
83215480
83221585
83209090
83209376
83203440
83212440
83209515
83206542
83215754
83221225
83203775
83212482
83215033
83209216
83221432
83206516
83210114
83215696
83206492
83221135
83206380
83206526
83206465
83221611
83206512
83218150
83209032
83209637
83209500
83221156
83212425
83203480
83206220
83210143
83209157
83221558
83221175
83215690
83210093
83221152
83215085
83215035
83215082
83206325
83209645
83210186
83221136
83215060
83221614
83215270
83218370
83221730
83203180
83221250
83215093
83210192
83221348
83209042
83203453
83212552
83215620
83209283
83212554
83203540
83209380
83215630
83203470
83206349
83206360
83221555
83215050
83215565
83203460
83215080
83210318
83203006
83210399
83221622
83209190
83206080
83221035
83221592
83215160
83210389
83210394
83210391
83210398
83210397
83210393
83210395
83210396
83210390
83210392
83209170
83218110
83210317
83206359
83215820
83215726
83218120
83210320
83215701
83210112
83215490
83209356
83206445
83206502
83215180
83209332
83212562
83203580
83215706
83209397
83210088
83210017
83209625
83212340
83215200
83215500
83209649
83209627
83209270
83215300
83210060
83215100
83209639
83212028
83206392
83221557
83203415
83203700
83203310
83215702
83209550
83209203
83221177
83221179
83209315
83206351
83218250
83210125
83218300
83209650
83215720
83210035
83215510
83209635
83215520
83212385
83212370
83221185
83221570
83221486
83218180
83215816
83215728
83218420
83203230
83212530
83215195
83218860
83210349
83210354
83210351
83210358
83210357
83210353
83210355
83210356
83210352
83210350
83210323
83210313
83210324
83203010
83209390
83206494
83221590
83221650
83218450
83206284
83206204
83215810
83209565
83215688
83221190
83212400
83210140
83221575
83221370
83215740
83212475
83206532
83212200
83203007
83206300
83206150
83203430
83215260
83203725
83221330
83203785
83221595
83221715
83209158
83212230
83221160
83203170
83206130
83215310
83209180
83212070
83209628
83206350
83221000
83209648
83209208
83215370
83215415
83215075
83218152
83203570
83215650
83215730
83218470
83249899
83206506
83218360
83221045
83215738
83203590
83215802
83210132
83209465
83209235
83206060
83221060
83203630
83221675
83221220
83215660
83215360
83221097
83209245
83209014
83218122
83212015
83209219
83218050
83210315
83209636
83206420
83210369
83210374
83210371
83210378
83210377
83210373
83210375
83210376
83210372
83210370
83218100
83210316
83203080
83210379
83210384
83210381
83210388
83210387
83210383
83210385
83210386
83210382
83210380
83209365
83221155
83203680
83215575
83203030
83203770
83206290
83209517
83209400
83212380
83215800
83215812
83203744
83203320
83221400
83203220
83221440
83218230
83221490
83221480
83212027
83209410
83221395
83212060
83203450
83206354
83221525
83206496
83218328
83221390
83209295
83221450
83215220
83209080
83215724
83210312
83210322
83206010
83210339
83210344
83210341
83210348
83210347
83210343
83210345
83210346
83210342
83210340
83218270
83210134
83221636
83206395
83215530
83221510
83221420
83221410
83218335
83209140
83210310
83209120
83209028
83221082
83221434
83206346
83209520
83215030
83203050
83221195
83203133
83210329
83210334
83210331
83210338
83203075
83210337
83210333
83210335
83210336
83210332
83210330
83218154
83221168
83215540
83206112
83215755
83212556
83215070
83212275
83209212
83206519
83215290
83221052
83206332
83203402
83206514
83218020
83218506
83206447
83221591
83209720
83203620
83221680
83209420
83209710
83209372
83209342
83215055
83203435
83203730
83203457
