85170208
85173003
85172404
85172216
85172230
85172006
85174372
85173059
85173240
85174338
85170108
85170110
85170202
85170204
85170019
85174622
85173100
85173018
85170046
85170218
85170015
85170300
85174120
85173220
85174003
85170104
85173027
85170054
85170206
85170106
85173015
85170044
85170013
85170302
85170058
85170112
85170200
85170114
85173024
85170052
85170210
85174036
85173050
85170096
85172228
85174390
85174400
85170214
85174344
85174112
85174024
85174128
85174114
85174314
85174130
85174412
85174033
85174416
85174610
85174030
85170048
85172412
85172224
85172002
85170318
85170086
85174118
85170084
85174009
85174308
85170088
85170226
85170326
85170017
85172040
85174342
85170056
85173021
85174384
85174394
85174376
85174346
85170212
85170322
85174108
85170336
85170021
85172034
85172406
85172218
85170060
85170100
85174132
85174408
85172240
85172208
85170320
85174404
85174398
85170070
85170031
85172400
85172210
85174306
85174418
85174320
85174414
85174634
85172414
85172222
85170072
85174402
85172036
85172232
85172418
85170003
85170314
85172038
85174396
85173053
85174382
85170011
85174378
85174374
85170216
85174102
85174012
85174106
85174018
85172408
85174386
85174340
85174625
85170234
85170332
85174380
85174110
85174628
85170040
85170007
85170308
85173009
85174316
85174388
85172416
85170334
85172234
85174410
85172202
85170306
85170074
85174312
85174370
85170090
85170230
85170328
85174302
85174616
85174122
85174613
85174392
85174006
85174124
85170050
85174104
85174015
85174326
85170062
85170098
85170312
85174406
85172236
85174631
85174334
85170338
85174322
85174045
85174100
85174324
85174330
85174328
85178050
85174332
85174317
85174021
85173006
85174304
85170076
85170029
85172206
85172402
85172212
85172410
85172226
85172227
85172004
85170324
85174336
85174042
85173056
85170068
85173033
85170033
85174039
85172238
85170066
85173030
85173120
85174619
85174000
85174116
85173200
85172214
85170232
85170330
85172204
85172008
85170023
85170082
85170222
85172032
85174027
85172420
85174310
85174300
85174126
85170094
85173080
85172422
85173000
85170001
85172220
85172000
85170316
85170005
85170310
85172242
85170080
85170078
85170220
85170025
85170027
85172030
85172200
