83324538
83325190
83328410
83327156
83328120
83324544
83331030
83327050
83325580
83326550
83330160
83326520
83323320
83325570
83331100
83328130
83328100
83326070
83324530
83328250
83326215
83331290
83326125
83326620
83327170
83324380
83325045
83326135
83324350
83321270
83326030
83325170
83324340
83326140
83326546
83324320
83323310
83323370
83327206
83322110
83331010
83325065
83326460
83321290
83325185
83320330
83323360
83327067
83320615
83321400
83325586
83331150
83321250
83326542
83326731
83331260
83321070
83326300
83330250
83326090
83330320
83330267
83330310
83330210
83326705
83323210
83325564
83324160
83327090
83324450
83325530
83327148
83327118
83327078
83325320
83324330
83328090
83325600
83320110
83327087
83331160
83326160
83330235
83331070
83326120
83327115
83326640
83330080
83326680
83327097
83320302
83325587
83323350
83330330
83331130
83331060
83328440
83326225
83331020
83330266
83323340
83328000
83320070
83320162
83323290
83323092
83328300
83326330
83327180
83326230
83327157
83326228
83325520
83328460
83325440
83324270
83324242
83320570
83327126
83323232
83325450
83320500
83320420
83320490
83320470
83320460
83320430
83320450
83320410
83320480
83320360
83320400
83320440
83322050
83328510
83322070
83328060
83327136
83330030
83320130
83325500
83326370
83328150
83320540
83325350
83325280
83323000
83330120
83328030
83325030
83330230
83324100
83324434
83321300
83321280
83331090
83327100
83327119
83325240
83321210
83321090
83325210
83327117
83331320
83327204
83325230
83324020
83325592
83326255
83326650
83325605
83321110
83327150
83325400
83320320
83325260
83326380
83330010
83320080
83326350
83326320
83326630
83326552
83328180
83324060
83324423
83320530
83325560
83327158
83327089
83326060
83325604
83325545
83321310
83326719
83330100
83331340
83330140
83323260
83323223
83326355
83325575
83325630
83327098
83325635
83328500
83328200
83327069
83327060
83320590
83331220
83323235
83323230
83320010
83326536
83330280
83325382
83326700
83324190
83325579
83330090
83326080
83331140
83325300
83331280
83325588
83325205
83320280
83328070
83321040
83321050
83326170
83325290
83320620
83326130
83324140
83323300
83326280
83323293
83328484
83329360
83329064
83329032
83327460
83321180
83325606
83324300
83321320
83327205
83328400
83327146
83328190
83325380
83328220
83328260
83328360
83328310
83328210
83330000
83328292
83330270
83325070
83325480
83324500
83324505
83324110
83326150
83331270
83327155
83320260
83327149
83330050
83324130
83326548
83320560
83324170
83326020
83330180
83325550
83321020
83326670
83326532
83327000
83327055
83327088
83327154
83328290
83326390
83325370
83320220
83320210
83321220
83323200
83320040
83328420
83320160
83324220
83324325
83326540
83326240
83326610
83321030
83325607
83327030
83326600
83320138
83331230
83320170
83328280
83330200
83327075
83325060
83324460
83322095
83327110
83324080
83324193
83324050
83324225
83324290
83327128
83323380
83328320
83327210
83328240
83321007
83321000
83321008
83321002
83321009
83321004
83328165
83328470
83326200
83324310
83327077
83327202
83325612
83327700
83324540
83327125
83327107
83328110
83327130
83325330
83325342
83323100
83324510
83320352
83320392
83324192
83325582
83325282
83325390
83326000
83326152
83326250
83327076
83320614
83320617
83320520
83324440
83326420
83328160
83327108
83325574
83323090
83331170
83327040
83330240
83331310
83327066
83326132
83330265
83330165
83330300
83331330
83330167
83320005
83320382
83323410
83323125
83324292
83325589
83331050
83324150
83326590
83326100
83331380
83324210
83326470
83326714
83325562
83321120
83326580
83325608
83321130
83326270
83320612
83321230
83330340
83326050
83326706
83330060
83323120
83325609
83326718
83326260
83322090
83326717
83321330
83320502
83326500
83330020
83326530
83325618
83326730
83328350
83323150
83331040
83328490
83331210
83321170
83328480
83321340
83320310
83320020
83326660
83325020
83325160
83326710
83323130
83321140
83321010
83326720
83326560
83331190
83325540
83321190
83327200
83320550
83328170
83327135
83320270
83320086
83327086
83328140
83320350
83324430
83324410
83325015
83330290
83331110
83321200
83326712
83326690
83324120
83327020
83322130
83322100
83331000
83326707
83325620
83331350
83324542
83324287
83320565
83323160
83331410
83326190
83328416
83326543
83321375
83324180
83324197
83320092
83325430
83325055
83324432
83324000
83324442
83325360
83325212
83326010
83326112
83320600
83320060
83325590
83323220
83327099
83320140
83326716
83323180
83324200
83331200
83325220
83320300
83325576
83325615
83323080
83326510
83320190
83326538
83327127
83321260
83325010
83325616
83320240
83326055
83331360
83330040
83320380
83320050
83330170
83328270
83326544
83324400
83325025
83326155
83331120
83321100
83327220
83323050
83326732
83320580
83325340
83321060
83328472
83331400
83325544
83327120
83325140
83328175
83325165
83328330
83326040
83325195
83320370
83328020
83327079
83324030
83324221
83324370
83324390
83325035
83326145
83326410
83324345
83328530
83326310
83321080
83325270
83328380
83325180
83321350
83320610
83328390
83324480
83320510
83324425
83325542
83331180
83327147
83325200
83325120
83325585
83328370
83327140
83327105
83324470
83331080
83326512
83327116
83323330
83325150
83325470
83325194
83325196
83326175
83325460
83323020
83331240
83330130
83324280
83320150
83323250
83323212
83323040
83321160
83331250
83331370
83321360
83324260
83325510
83325625
83326110
83324250
83324334
83328430
83323390
83320180
83326180
83324240
83324332
83322040
83322460
83325110
83326185
83322260
83322154
83322470
83322480
83327065
83322210
83322286
83322360
83322315
83322300
83322343
83322285
83322152
83322430
83322160
83322320
83322270
83322370
83322410
83322500
83322310
83322340
83322350
83322341
83322030
83322345
83322000
83322180
83322400
83322380
83322330
83322240
83322025
83322010
83322140
83322250
83322440
83322020
83322390
83322190
83322150
83322420
83322200
83322230
83322290
83322170
83322280
83322220
83322490
83323070
83325617
83330124
83325626
83325310
83325323
83330220
83325100
83324420
83328340
83326340
83321240
83349899
83325577
83320100
83328493
83330110
83320340
83320332
83320354
83324010
83324252
83327085
83320200
83328010
83330260
83326440
83324230
83324327
83326570
83326721
83326515
83330360
83325578
83320090
83325595
83328080
83324360
83323270
83323172
83322060
83321370
83326713
83326210
83327159
83323280
83320030
83327095
83327109
83325490
83326400
83327145
83323420
83327070
83328414
83321380
83327080
83328418
83324040
83324223
83324090
83324195
83325050
83326490
83325602
83326195
83326450
83327096
83326360
83326480
83322450
83325250
83327160
83325040
83325130
83320390
83323170
83320230
83327106
83320250
83320120
83326430
83327010
83325000
83325175
83324070
83324227
83324490
83324507
83323110
83326045
83324284
83321150
83322120
83323190
83321390
83323010
83323140
83323240
83323205
83323060
83323030
83328230
83325610
83326220
83325104
83324520
83326715
83323400
83323123
83324550
83325420
83330070
83330150
83325597
83328450
83320290
