84070220
84020426
84052350
84050560
84022454
84051660
84032312
84072050
84010800
84061655
84020040
84020542
84062270
84073177
84032576
84063060
84025260
84030475
84025280
84025140
84033125
84061260
84060882
84023020
84073100
84072286
84026415
84025530
84010385
84015505
84062230
84064618
84052361
84030290
84064184
84062679
84037004
84030568
84033101
84060550
84015580
84015310
84025570
84050050
84046567
84043741
84065000
84034032
84026110
84016510
84026220
84020000
84020446
84031140
84032380
84040170
84052495
84063410
84021100
84071447
84033590
84015210
84020777
84059044
84030390
84035565
84021030
84073190
84070070
84062341
84033676
84033812
84020775
84043090
84022420
84060010
84072060
84046410
84032015
84026240
84021580
84070370
84071120
84020433
84064619
84026130
84030525
84030600
84030430
84015520
84064567
84045160
84040190
84060300
84015786
84022412
84051390
84021020
84020440
84072070
84073000
84061626
84030608
84051680
84016539
84020765
84031560
84022488
84050450
84050160
84050010
84037016
84072080
84064164
84020766
84060170
84059022
84036150
84020760
84026488
84031610
84035630
84036060
84061300
84043627
84060310
84037014
84053510
84017314
84062694
84016380
84021110
84060040
84031530
84062742
84036102
84032435
84046248
84015180
84061214
84061615
84071200
84015680
84026570
84060609
84071250
84015820
84051370
84026150
84010095
84072090
84064578
84031351
84063105
84015510
84060600
84015060
84035278
84032473
84062700
84023238
84064154
84020798
84016745
84021050
84036520
84032035
84052490
84050590
84051600
84061205
84060460
84037240
84033008
84053350
84035080
84073450
84060578
84033310
84051540
84016020
84036812
84059046
84060305
84033885
84070500
84035650
84036095
84062748
84046247
84062470
84052400
84034016
84020120
84071260
84030230
84071472
84015220
84046716
84072100
84015810
84016350
84060320
84043020
84022260
84040160
84051430
84021550
84021000
84062687
84033252
84026350
84064280
84021060
84033672
84046474
84026496
84025180
84070295
84072514
84023126
84022442
84032280
84034112
84043616
84072096
84020280
84026000
84025020
84023228
84036025
84072344
84070066
84070320
84037018
84045250
84021010
84064020
84031150
84021070
84071170
84033102
84062630
84035140
84034138
84015080
84026626
84060606
84033010
84072230
84016330
84072306
84050100
84033836
84061252
84050635
84070423
84020290
84073244
84015050
84033846
84060110
84062678
84060272
84033891
84020045
84033826
84043465
84046475
84033620
84060142
84043010
84060500
84073382
84036640
84062520
84046252
84032190
84036410
84064250
84026550
84063310
84071466
84033879
84033175
84016243
84063040
84032451
84022210
84025040
84060577
84031130
84053390
84034234
84033020
84072020
84052140
84064152
84033030
84025236
84031460
84061845
84060175
84026385
84061617
84063020
84050150
84072110
84017324
84061270
84015370
84033881
84016528
84030576
84045210
84023034
84015770
84063370
84050440
84015270
84060864
84033040
84032080
84073270
84022130
84015490
84016320
84045020
84016630
84073170
84071270
84062358
84063220
84050070
84032065
84023004
84033850
84052285
84030570
84015175
84070190
84045090
84062797
84060200
84045010
84046535
84022504
84031115
84062628
84063415
84043746
84071060
84061240
84046110
84026435
84046290
84026624
84017350
84033103
84071280
84059020
84016656
84021080
84032040
84046450
84031286
84064240
84071050
84036460
84037000
84064090
84070424
84036470
84015530
84052450
84050340
84070180
84070408
84046443
84060825
84045016
84017332
84064168
84037210
84035340
84030436
84023002
84035230
84046234
84045630
84062348
84020435
84026270
84061384
84033165
84032300
84033124
84063030
84031353
84033887
84046240
84064617
84060520
84016687
84061150
84043070
84032604
84064156
84016740
84073280
84063419
84050535
84020437
84020370
84031090
84064248
84032390
84035272
84040210
84060540
84021570
84036480
84020767
84060879
84033691
84046080
84060588
84030665
84025210
84046565
84022456
84015380
84053090
84050360
84063417
84022464
84071140
84033005
84072330
84052160
84015115
84046400
84060476
84031352
84060893
84015570
84031450
84043617
84015790
84016520
84071464
84060756
84043618
84015813
84010300
84053355
84070340
84071090
84059010
84072162
84062796
84046712
84023100
84061212
84072300
84060575
84070520
84026395
84062290
84072441
84021090
84060330
84010550
84061400
84046537
84021040
84016710
84020670
84016688
84060560
84032506
84072340
84070062
84070300
84046150
84020100
84040000
84015255
84010050
84051090
84033550
84065010
84070250
84021286
84016300
84033630
84026512
84026450
84045150
84020180
84031490
84046449
84036370
84025310
84073300
84073410
84020030
84020526
84025390
84020170
84061520
84063360
84036570
84035566
84025010
84072120
84043190
84050633
84052280
84064080
84015201
84062500
84073310
84072212
84020768
84036300
84064010
84064580
84043438
84050300
84034030
84061618
84010380
84026420
84045500
84025360
84046618
84062320
84016190
84053360
84070350
84071100
84053070
84021140
84021130
84034014
84073435
84015670
84016170
84031343
84026530
84046250
84015690
84032502
84016677
84046539
84046390
84010290
84053025
84053030
84025490
84046484
84072508
84036290
84043310
84051590
84022240
84051440
84062680
84031002
84030080
84043405
84026482
84022165
84026154
84015460
84010330
84062450
84010780
84051580
84053140
84050250
84020560
84020300
84060735
84060760
84043759
84061450
84030170
84052510
84036010
84015265
84021150
84025270
84064006
84062760
84010450
84015245
84051010
84030270
84051200
84020160
84063110
84033320
84064295
84043450
84061530
84060765
84061130
84061380
84016715
84061540
84046500
84032522
84060840
84016670
84043490
84053210
84046718
84061550
84021282
84016754
84046531
84072500
84026280
84053060
84020690
84061340
84046704
84063180
84030470
84045380
84045240
84031020
84036590
84036450
84062440
84070420
84020210
84030110
84016667
84061512
84064070
84046532
84020808
84020225
84030520
84052040
84032010
84070020
84016370
84010060
84020680
84061420
84046100
84060835
84060785
84070068
84070290
84036250
84031500
84061290
84043320
84052230
84032070
84046430
84050550
84021170
84043619
84060173
84050350
84032230
84063270
84031075
84061382
84021120
84043475
84051460
84046720
84025000
84030000
84016060
84064258
84032090
84035440
84035490
84016245
84016508
84061254
84010480
84071190
84040120
84031570
84032588
84071604
84045070
84053470
84060888
84032607
84010370
84030140
84064596
84032530
84065020
84045400
84061180
84026517
84062420
84020240
84032468
84015140
84053160
84062705
84072343
84043626
84026612
84061112
84061370
84030330
84053270
84020230
84051130
84025470
84046120
84020150
84060715
84033600
84030575
84043228
84045330
84063245
84033530
84010720
84010750
84035170
84033220
84016529
84033460
84061110
84030705
84046491
84060890
84072260
84032454
84043555
84071000
84071008
84061210
84010210
84026125
84015290
84031339
84023024
84062580
84035040
84032055
84043410
84032234
84073175
84016540
84015700
84034134
84016490
84035500
84035510
84043330
84046608
84051480
84046534
84051610
84061220
84050140
84070400
84045076
84060430
84021180
84016570
84030300
84053130
84061320
84053235
84060340
84062790
84033848
84043747
84046320
84021200
84033140
84059052
84059050
84031290
84060400
84010120
84051135
84033078
84036814
84033834
84072288
84017328
84073425
84060082
84051550
84033680
84023008
84064288
84043080
84023006
84016600
84072439
84036230
84043180
84043218
84061020
84026090
84010010
84010520
84064160
84064110
84050020
84046447
84062390
84065030
84043290
84025400
84046440
84063240
84015610
84050280
84072443
84043736
84033166
84022320
84031170
84070510
84065040
84050330
84043735
84021190
84063010
84072506
84043620
84050420
84021210
84045060
84043728
84043390
84050601
84064565
84053330
84063234
84060755
84051380
84064040
84043222
84043210
84051230
84070080
84060210
84021160
84060530
84035250
84025580
84050484
84033660
84022476
84063429
84043758
84015420
84051180
84063232
84016756
84036560
84043270
84035030
84025460
84010510
84070530
84046020
84050091
84033290
84043740
84025300
84016650
84015010
84071180
84073178
84032465
84033104
84046486
84032160
84021220
84032580
84023200
84031342
84060350
84064268
84043480
84032452
84017334
84051640
84033161
84060883
84020769
84061815
84072504
84025130
84026010
84032574
84022505
84072040
84050611
84072200
84053075
84032045
84030540
84020444
84070100
84030530
84064259
84051630
84016244
84046236
84030445
84046726
84065050
84052340
84010030
84060880
84010390
84064277
84064588
84051170
84033163
84021230
84036190
84062030
84060862
84020052
84064256
84072436
84046258
84030730
84060360
84033875
84061810
84034200
84017326
84023128
84030324
84022430
84035060
84062695
84045280
84071160
84032130
84062130
84046740
84023102
84026390
84023014
84061412
84073026
84022060
84064158
84033830
84031190
84046602
84030370
84063375
84051452
84043726
84022050
84010400
84032200
84010280
84063342
84062342
84036650
84062260
84033004
84045440
84052420
84022230
84033105
84053260
84065890
84060895
84064599
84061650
84030440
84035290
84045165
84064608
84053340
84016669
84026610
84015590
84060877
84030455
84034132
84030010
84060172
84073370
84030432
84032608
84062036
84065860
84072305
84025370
84051140
84034110
84022020
84043027
84063320
84015070
84060030
84016657
84016360
84033685
84052475
84050604
84045170
84065060
84064255
84032573
84031024
84043522
84031633
84015473
84071230
84060604
84045590
84016707
84031294
84023206
84032462
84050505
84032455
84032575
84025413
84043060
84064560
84031288
84031298
84071436
84026433
84017203
84035190
84046744
84043250
84046257
84023230
84015065
84072095
84062686
84061490
84031386
84025410
84046600
84063260
84015685
84023134
84060062
84040030
84064247
84025411
84035790
84065070
84065080
84060579
84033002
84061830
84047040
84064267
84064300
84061234
84073210
84035000
84061621
84015150
84070630
84073130
84022410
84046612
84062560
84064246
84062750
84064606
84051110
84010460
84070000
84070484
84061200
84060875
84035470
84043611
84050260
84021240
84046479
84036090
84026494
84070064
84070310
84045245
84032477
84010610
84040110
84043520
84017245
84064579
84046736
84063050
84050603
84031580
84060896
84034140
84020806
84036808
84017230
84061030
84061080
84032232
84050030
84046370
84061170
84046540
84061619
84016400
84020070
84050240
84050628
84061360
84031440
84072065
84070430
84053280
84045000
84026285
84030340
84064245
84036802
84022160
84065880
84035690
84015470
84051530
84050540
84040230
84032000
84051360
84032456
84030465
84064577
84016030
84035110
84047010
84062795
84059058
84071606
84031202
84020770
84032467
84032584
84043742
84063350
84071454
84073220
84071220
84030190
84020010
84020448
84031073
84016050
84061620
84065090
84060705
84063290
84020710
84052180
84025060
84060280
84023018
84073420
84070480
84064589
84071462
84062627
84071456
84030060
84050607
84021250
84031295
84031348
84010135
84053120
84061456
84045130
84035442
84061325
84045065
84047002
84073380
84020442
84016390
84036040
84073390
84030050
84032170
84016410
84043500
84061140
84015782
84046340
84061452
84070460
84072190
84053440
84030680
84022037
84023232
84036600
84025592
84036270
84022458
84010680
84072400
84071240
84021260
84053520
84033167
84045370
84045198
84062400
84036100
84034202
84043625
84060598
84062754
84033108
84031297
84062346
84026560
84035274
84062340
84033060
84016420
84010200
84070240
84015110
84060420
84015660
84062045
84031160
84035050
84073035
84045040
84062675
84016550
84017222
84060607
84031615
84020260
84016460
84035600
84070360
84071110
84016450
84050580
84060569
84073340
84033142
84016515
84043739
84010260
84015000
84073030
84040270
84071430
84045490
84065850
84072435
84026430
84045320
84073400
84043628
84035020
84033838
84010560
84043757
84062480
84043629
84015750
84016560
84016580
84061625
84035700
84033070
84040050
84045430
84010470
84070030
84020610
84046480
84060845
84033006
84059024
84031515
84050430
84063420
84064225
84064120
84046444
84043280
84073346
84020570
84025035
84032514
84025235
84062510
84016340
84016440
84050370
84032342
84046538
84016660
84064625
84033898
84010500
84053010
84062640
84035480
84045196
84025007
84045275
84062600
84033106
84043524
84022428
84022170
84059067
84072342
84070550
84023124
84047004
84062758
84060898
84034244
84016705
84030573
84020685
84022432
84033886
84043630
84022418
84060605
84035430
84061250
84010650
84026290
84035330
84025080
84040070
84035320
84045520
84015540
84060595
84043160
84021270
84016762
84036200
84051250
84016080
84045112
84046300
84021292
84061390
84061570
84026300
84035710
84035520
84061628
84016764
84033500
84062430
84073230
84062370
84053110
84010670
84061590
84035670
84016537
84020060
84030160
84030550
84071622
84016507
84071620
84033148
84030210
84060370
84026190
84043752
84022434
84034238
84010490
84064590
84061580
84016620
84062035
84061232
84025005
84033007
84073150
84016685
84016040
84033095
84072350
84071610
84062677
84020434
84072172
84016675
84020776
84030250
84061637
84016686
84072166
84062650
84063426
84050410
84031280
84020427
84023000
84033180
84032313
84031382
84072310
84046722
84022480
84020809
84062672
84023132
84021280
84015200
84010410
84025050
84046243
84070490
84046241
84051570
84030531
84072360
84045074
84061627
84045620
84015650
84050600
84022036
84026460
84015105
84070200
84063233
84046620
84051070
84063425
84050460
84071468
84016680
84050605
84060897
84033099
84051510
84036804
84010140
84073350
84033897
84051220
84022470
84015340
84062266
84026030
84015720
84016659
84016676
84063120
84025150
84026020
84034038
84034232
84051620
84070230
84046030
84071400
84061256
84022404
84043226
84036430
84063122
84010070
84060790
84060720
84033450
84033560
84026340
84045190
84033098
84060871
84010640
84033670
84043145
84051290
84020310
84026518
84021290
84023146
84043370
84033570
84016758
84025335
84032180
84046470
84070421
84060298
84046730
84062791
84030456
84070425
84033818
84060576
84062696
84062762
84032578
84022400
84015215
84032571
84023106
84073176
84060565
84022422
84036540
84060587
84031296
84053490
84016695
84062800
84053020
84053150
84033828
84035530
84036380
84036110
84050230
84072085
84036400
84025480
84033116
84022472
84032075
84026470
84050390
84071614
84072434
84022200
84064210
84033877
84046415
84015550
84073200
84046254
84072444
84046350
84061162
84061430
84033580
84062674
84073120
84021560
84032450
84050120
84032579
84060146
84062190
84026400
84035300
84016220
84016527
84022490
84032602
84016525
84023220
84073160
84031600
84010820
84032152
84021310
84060770
84071010
84073320
84025200
84026486
84051450
84030434
84015600
84050570
84062305
84061155
84015735
84036440
84026484
84064265
84022466
84031420
84050606
84016502
84060140
84060710
84060090
84072512
84021300
84070570
84061600
84046550
84033840
84030200
84032458
84020590
84062660
84016470
84051330
84032504
84061610
84053220
84043100
84016697
84072370
84073090
84070450
84026511
84043234
84037180
84031126
84063340
84026040
84020441
84015040
84046040
84062105
84015360
84059062
84060072
84025239
84045480
84033074
84064605
84032577
84016719
84060148
84061850
84072000
84031200
84046564
84023028
84063190
84062803
84064269
84073060
84023022
84060878
84020020
84020524
84025008
84043238
84046714
84071215
84033121
84031390
84046748
84035285
84037012
84032175
84025238
84073020
84052150
84064576
84036360
84062804
84062090
84060872
84045180
84022484
84072307
84071320
84022270
84062629
84023224
84050095
84073355
84052290
84045030
84064249
84032475
84046070
84052463
84062018
84034028
84016689
84071452
84030180
84031630
84060302
84020787
84071234
84050482
84073040
84031590
84043750
84060306
84026315
84010045
84020424
84031070
84051410
84053005
84045600
84045540
84020155
84071380
84034204
84023130
84062744
84050608
84010565
84033816
84033164
84071330
84030500
84050354
84032586
84040280
84026210
84063132
84046702
84017228
84026580
84023122
84030510
84033080
84015116
84025234
84046060
84026622
84025472
84071150
84053410
84030020
84034022
84043484
84062802
84064569
84062801
84015815
84061040
84020540
84020807
84022492
84017316
84061392
84052152
84016506
84031110
84035268
84016200
84016140
84052195
84020788
84046560
84062794
84020330
84064150
84017352
84026382
84045295
84020600
84064587
84050000
84060860
84015560
84022010
84036145
84040100
84030533
84032245
84016480
84026170
84052496
84026080
84030410
84033322
84064570
84015781
84010465
84060881
84033162
84022120
84050400
84046561
84023120
84052170
84050632
84072150
84045510
84032472
84072250
84026519
84045340
84043015
84026383
84016430
84030386
84045532
84053310
84063330
84025600
84060020
84020438
84043734
84052430
84020801
84031346
84030656
84020544
84025237
84060597
84015450
84060602
84020796
84034010
84030460
84046580
84051165
84017310
84031240
84043737
84072240
84034242
84030070
84070195
84026480
84023222
84025090
84050083
84026250
84071340
84033130
84016552
84062300
84047006
84072210
84051020
84059066
84040200
84036260
84047020
84016730
84046558
84030574
84020785
84033118
84034116
84030466
84030438
84016536
84070455
84033822
84071360
84073246
84073249
84036160
84035185
84060160
84032466
84033090
84064257
84062120
84045260
84046160
84030670
84031310
84052015
84034230
84062691
84025070
84015250
84070440
84071458
84020282
84037002
84032457
84062793
84070010
84050480
84073010
84071440
84062220
84031320
84033681
84059034
84037026
84017330
84023208
84036108
84022508
84062015
84032340
84072347
84033001
84016112
84062752
84030710
84063106
84043120
84062330
84050470
84023112
84060884
84017344
84022506
84070110
84046710
84071612
84036652
84023226
84064470
84064176
84043236
84062702
84059030
84060177
84016772
84033640
84035010
84052460
84062038
84020090
84021590
84045262
84022507
84070202
84010170
84043205
84016008
84062610
84032095
84064600
84043640
84010220
84035120
84015190
84022030
84016070
84030400
84043486
84035105
84072164
84035590
84043300
84026140
84031645
84072380
84043260
84064266
84025500
84016526
84064275
84046246
84061145
84030572
84061350
84036680
84052465
84043540
84043488
84062016
84050220
84045610
84017348
84033100
84051690
84036806
84051150
84060745
84036111
84036124
84036112
84036113
84036121
84036122
84036125
84036123
84036126
84045014
84036116
84036115
84036114
84045018
84043754
84026516
84046610
84043729
84025030
84025233
84032240
84045450
84016768
84045350
84043025
84062250
84059048
84043214
84015780
84016640
84043437
84061652
84022460
84020795
84016735
84064272
84025002
84072308
84030666
84015710
84015630
84045194
84060892
84016505
84025380
84020792
84015455
84046242
84033244
84046606
84021320
84061410
84051520
84050530
84015640
84060590
84022150
84035410
84043232
84022444
84015485
84064586
84063380
84015170
84033071
84062703
84022426
84016538
84052110
84022190
84062685
84064260
84031388
84030280
84031360
84037120
84030120
84035310
84033109
84043436
84050270
84035460
84037150
84021288
84022436
84043110
84064568
84062626
84072285
84032150
84033210
84017340
84072220
84050610
84022070
84060285
84062160
84060190
84062020
84023140
84053320
84040080
84061310
84025590
84026630
84026492
84063390
84064597
84022474
84033814
84016242
84033144
84036700
84016610
84015835
84059012
84010285
84033150
84037140
84017318
84031345
84046708
84046249
84035150
84035400
84020580
84060422
84063065
84046604
84034148
84063070
84071085
84033683
84020428
84023216
84034240
84062798
84064172
84046742
84045072
84016250
84073080
84020080
84026380
84036510
84045120
84031283
84040250
84060876
84033883
84031080
84064130
84015390
84037006
84050640
84033111
84035295
84045110
84016270
84022482
84023030
84015240
84071470
84072160
84020797
84020779
84046477
84026370
84046734
84032260
84064162
84072140
84063235
84050500
84021284
84053190
84032100
84036610
84025320
84073360
84053420
84072510
84065870
84046460
84021360
84036220
84036390
84032270
84046542
84032538
84050080
84016718
84073250
84050355
84062697
84017346
84046614
84052440
84010660
84015350
84043570
84031289
84020350
84026440
84037160
84043470
84032469
84015330
84017200
84046543
84016668
84046180
84021350
84051240
84023110
84033003
84062740
84065100
84070380
84071130
84072390
84020799
84060480
84033172
84063250
84063102
84033110
84023234
84023136
84062550
84036106
84022300
84021380
84045192
84073070
84050210
84021340
84023144
84031341
84030532
84033820
84022040
84020340
84052500
84025495
84023210
84033117
84017320
84033112
84022440
84051185
84046255
84022502
84061654
84031344
84031285
84060866
84061414
84023116
84064186
84016114
84040320
84022500
84035266
84034144
84061835
84061855
84023242
84043212
84061860
84026628
84071448
84061865
84017338
84022462
84032453
84060869
84020262
84071350
84033113
84062037
84015117
84032140
84035780
84061454
84061394
84062692
84033076
84045080
84026618
84032436
84037008
84071030
84025220
84015030
84016535
84026620
84071040
84063150
84070565
84034018
84025110
84064595
84043030
84030220
84073247
84050290
84022406
84016280
84031410
84043216
84010155
84060874
84064607
84032524
84073022
84033540
84035360
84033230
84031635
84032110
84053400
84026244
84046270
84053370
84033410
84033114
84052080
84052010
84036140
84043565
84062354
84047030
84025350
84040290
84045100
84043000
84033190
84033889
84070330
84071080
84063160
84023236
84030450
84031124
84043650
84035280
84072135
84043751
84065110
84035390
84065120
84021370
84016150
84062690
84046541
84062150
84045220
84051605
84025670
84031640
84060585
84010625
84031022
84062240
84073140
84073285
84033107
84034146
84010015
84060345
84037130
84025330
84070260
84032320
84030535
84031370
84062590
84031525
84023104
84050488
84051340
84033146
84070040
84070482
84043340
84046566
84032512
84010160
84016700
84033844
84063080
84033470
84032581
84021330
84036020
84033240
84035100
84053050
84016010
84033173
84033171
84015480
84016210
84060800
84016717
84065130
84015320
84016290
84022478
84043660
84063416
84040330
84037024
84016706
84031510
84031470
84010620
84034260
84023202
84050357
84032459
84046746
84031347
84062701
84043360
84016698
84022000
84023138
84059042
84073460
84031350
84015784
84072345
84030350
84032460
84026500
84072170
84017235
84032474
84060145
84062070
84030580
84051400
84040310
84040130
84046706
84051030
84043550
84023218
84020790
84023142
84037020
84035560
84033176
84053100
84026616
84043560
84051210
84063300
84062595
84031026
84010700
84031120
84062112
84061000
84025610
84043224
84072180
84040040
84022486
84046015
84031480
84059054
84022512
84073430
84051100
84032314
84040090
84032582
84061060
84071070
84016519
84025474
84061280
84045055
84017250
84022110
84060423
84064030
84052360
84052060
84052190
84045410
84063200
84070540
84015500
84016310
84045200
84033094
84034120
84060885
84060474
84022450
84047025
84032085
84050352
84064174
84022446
84050465
84034118
84034126
84016130
84064182
84026060
84020786
84061636
84070090
84020420
84015812
84022080
84072445
84070280
84043202
84043482
84060450
84030720
84033440
84035750
84020200
84035740
84046483
84072349
84063100
84060867
84021400
84050609
84016625
84021390
84060700
84035210
84030630
84020432
84043556
84035760
84020805
84016530
84023204
84015260
84046245
84034214
84072433
84020436
84060589
84060472
84020802
84060080
84052070
84030690
84053500
84026410
84032470
84022310
84030385
84020789
84053460
84023012
84025136
84046562
84034040
84010080
84050090
84062310
84060270
84025340
84020803
84060894
84023212
84059056
84032471
84031495
84062060
84070410
84015800
84031340
84061635
84072290
84034020
84031028
84061500
84035720
84053550
84046476
84032600
84046520
84026487
84065140
84046478
84010830
84053380
84061275
84060815
84046482
84026310
84010582
84061100
84052090
84046253
84020270
84060873
84050060
84060060
84035200
84052240
84051420
84035160
84052050
84051060
84032250
84050190
84025170
84032540
84046420
84060775
84060805
84060730
84060750
84010600
84032310
84030260
84010540
84064200
84043150
84036620
84033430
84043670
84062170
84035533
84053200
84062792
84010430
84040010
84010270
84034026
84033674
84037190
84035090
84026050
84062343
84062200
84022424
84063280
84025100
84032572
84072346
84063395
84072008
84034212
84015120
84010052
84061630
84030360
84016590
84061560
84036484
84033893
84043680
84015090
84064188
84031029
84064575
84062632
84031060
84034122
84046530
84073110
84046330
84021410
84065150
84051280
84070390
84060440
84035450
84031100
84050180
84031620
84061870
84022501
84060870
84033242
84052210
84064566
84025520
84034012
84015125
84036000
84053000
84033610
84073179
84020429
84062210
84016260
84043040
84037220
84015760
84071210
84032476
84022416
84060092
84062262
84030560
84050356
84016500
84033250
84037500
84010730
84073024
84063231
84032500
84032526
84026614
84046010
84073290
84010240
84022280
84043170
84025135
84022408
84033480
84052470
84046533
84021420
84035240
84033510
84016750
84033260
84016760
84035620
84052390
84063237
84035180
84062100
84033520
84053240
84033490
84025250
84010310
84043727
84064180
84043200
84010740
84061330
84032520
84053290
84036420
84032536
84030310
84062540
84061120
84060290
84043350
84070620
84031270
84020130
84033895
84046446
84065160
84036130
84035660
84046536
84030130
84053250
84070434
84070152
84070120
84036330
84060795
84063427
84031380
84026513
84060637
84060675
84060658
84060629
84060639
84060649
84060646
84060670
84060650
84060676
84060657
84060667
84060628
84060640
84060666
84060636
84060669
84060647
84060630
84060655
84060668
84060635
84060656
84060645
84060660
84060627
84060638
84060665
84060659
84060648
84046445
84047042
84046448
84062040
84070050
84060580
84072502
84065170
84040150
84062360
84072446
84061230
84021430
84062708
84033035
84010100
84026360
84064140
84015430
84034150
84010020
84020050
84046190
84065180
84071410
84036170
84030100
84045360
84031354
84040240
84045140
84064276
84030030
84022290
84015300
84062085
84043690
84020400
84050520
84022414
84035585
84016100
84052320
84020190
84030420
84060810
84063215
84016665
84033200
84046256
84034034
84050040
84051040
84015476
84062746
84073240
84034246
84015410
84051490
84070416
84070158
84070150
84015830
84051470
84051500
84026100
84062490
84026514
84010230
84026320
84053230
84064626
84053530
84031330
84036050
84040140
84017322
84061820
84035220
84016690
84064540
84064460
84036340
84020490
84010710
84035270
84036030
84036320
84062718
84020480
84033330
84020510
84062710
84020450
84020500
84062724
84064550
84010440
84070060
84062720
84062722
84062716
84070418
84070156
84070140
84015020
84020520
84033380
84033390
84062714
84064490
84062728
84020470
84033360
84025190
84064215
84064217
84064450
84064410
84064480
84062730
84020530
84033370
84064430
84033340
84062712
84020460
84064520
84062726
84064530
84064216
84033350
84064420
84064500
84064440
84020550
84016655
84033170
84045230
84030240
84046738
84032516
84043700
84063090
84045502
84046546
84060868
84060510
84015620
84073050
84015275
84016180
84016365
84051350
84016000
84035260
84031128
84031040
84020410
84072270
84033832
84021460
84025160
84030650
84032344
84030040
84015440
84030700
84053080
84023214
84016658
84062670
84061190
84020430
84050510
84046724
84060886
84070650
84063130
84072348
84073245
84043710
84072295
84023010
84016120
84010690
84071602
84033160
84016240
84046570
84022035
84022090
84017312
84060899
84061875
84031384
84010150
84063207
84026510
84020423
84017255
84015415
84060380
84017205
84062180
84021440
84032609
84017305
84015160
84072296
84026405
84021450
84010630
84099899
84021470
84020780
84017202
84060143
84034142
84043720
84071020
84064220
84020730
84025550
84016212
84021480
84022468
84043252
84050170
84035350
84043220
84062110
84015130
84010110
84016752
84023108
84043753
84032508
84032583
84050110
84060837
84060725
84060830
84060740
84046616
84071445
84053502
84053040
84017300
84031400
84025620
84061840
84064050
84010530
84033625
84010320
84036530
84010790
84010360
84052120
84032030
84016766
84016247
84031300
84031650
84043315
84052505
84051320
84010340
84072430
84060470
84035276
84022452
84046568
84060610
84035610
84061010
84030457
84051080
84026387
84035570
84060490
84072320
84045290
84065190
84032315
84062050
84022503
84062460
84016699
84016770
84060144
84023026
84025232
84061160
84020630
84026598
84026588
84026590
84026599
84026587
84026600
84026585
84026595
84026586
84026592
84026596
84026597
84026589
84065210
84052200
84052220
84035586
84020431
84010350
84050602
84015126
84062280
84017342
84016666
84037010
84072130
84040020
84062080
84050130
84072030
84062352
84064609
84046732
84040220
84045470
84031325
84032570
84072432
84026498
84062756
84016696
84016678
84015280
84070432
84070154
84070130
84031030
84033000
84046544
84064060
84047008
84046380
84071450
84062676
84022250
84016509
84010420
84053180
84017336
84071618
84025540
84045420
84031010
84070210
84015102
84016160
84073330
84062000
84063000
84064000
84030380
84045390
84072297
84036550
84020740
84033420
84064170
84023118
84036120
84046280
84032532
84046360
84060568
84025430
84023240
84032518
84046441
84034236
84051160
84026330
84030379
84061460
84030376
84046220
84034124
84030365
84030366
84030368
84052310
84061013
84063210
84061440
84010760
84051000
84052000
84010570
84053430
84026070
84035132
84031000
84040180
84030367
84063418
84022402
84035640
84036070
84017240
84026225
84016090
84053300
84071420
84020439
84033650
84033824
84064166
84033689
84036482
84035262
84034130
84062799
84062410
84052370
84059064
84043230
84036210
84070470
84035130
84051270
84015730
84010180
84046238
84046728
84063400
84025142
84022180
84043430
84022140
84070160
84070414
84050630
84064270
84051260
84046244
84010090
84064190
84030369
84036280
84032534
84030359
84035540
84010190
84030378
84043265
84021500
84062706
84072298
84025230
84046130
84010590
84051120
84060304
84043610
84062380
84026540
84025510
84032210
84050380
84035264
84036105
84021510
84046481
84043557
84062707
84064620
84064616
84064610
84026515
84030377
84043725
84043140
84050634
84032528
84071310
84060050
84030374
84035550
84030375
84052025
84021520
84021490
84022220
84025290
84033687
84064230
84043743
84030322
84036240
84045310
84053170
84031655
84020650
84071390
84063236
84070422
84032510
84010580
84046200
84062350
84061825
84022425
84060570
84071460
84045012
84016110
84061050
84063170
84030320
84022033
84062344
84034210
84070170
84070412
84035370
84033842
84035380
84061565
84031625
84033678
84022034
84033873
84035312
84020620
84063205
84064585
84033115
84043580
84034036
84046251
84071600
84015400
84060820
84071370
84037022
84064390
84033097
84043426
84060390
84010000
84043760
84023148
84033174
84031050
84020360
84071616
84031430
84062356
84051300
84033145
84040060
84032120
84065200
84025120
84033120
84060780
84033072
84062704
84064598
84060180
84073180
84031349
84045114
84046050
84023032
84060070
84033050
84032060
84036310
84060220
84022438
84023114
84030605
84060596
84045050
84033096
84050585
84022448
84059014
84035286
84071300
84065840
84052030
84052380
84022100
84020250
84020380
84021540
84017220
84031378
84045460
84026260
84036350
84020800
84050082
84010250
84030090
84030150
84046442
84072341
84034024
84060586
84032585
84020220
84020425
84071608
84051560
84063428
84064178
84023016
84021530
84037230
84043730
84043600
