83543265
83540409
83540080
83540112
83541452
83541090
83546710
83543706
83540092
83543710
83546890
83540265
83545082
83540060
83540686
83547128
83546680
83543550
83546505
83546525
83540540
83540610
83545492
83543275
83543698
83543255
83540394
83540555
83546700
83541126
83541455
83543054
83546466
83546362
83546720
83546725
83546500
83543556
83545480
83547365
83545218
83547112
83547120
83546760
83546685
83541435
83541015
83541228
83546535
83540488
83546400
83546386
83546730
83541350
83541340
83540682
83541368
83545090
83549010
83541476
83545612
83546424
83546454
83541473
83541461
83540646
83540390
83540485
83540678
83543070
83540674
83540210
83546448
83545210
83545481
83545134
83540108
83543050
83546665
83545568
83540260
83541467
83541000
83540473
83540614
83547266
83540185
83543670
83541458
83540670
83546300
83546745
83541464
83543210
83540007
83541153
83540064
83541482
83540025
83545078
83543230
83540642
83540180
83541096
83540415
83541488
83541470
83543410
83545214
83540305
83540666
83547160
83541485
83540662
83547192
83547200
83540140
83540116
83540270
83540220
83543270
83540406
83540550
83540396
83540546
83545024
83545222
83546374
83546740
83540560
83540543
83545200
83545000
83540013
83543200
83541156
83545350
83547136
83541114
83541479
83546690
83546430
83541410
83541085
83540470
83543235
83540658
83540100
83545130
83545370
83540290
83543680
83545488
83540476
83545303
83540482
83541162
83540654
83540150
83540144
83546350
83546436
83545360
83543004
83540084
83540001
83545390
83547405
83546540
83543000
83541449
83543058
83546305
83546705
83543405
83541236
83545016
83540104
83541443
83547088
83540165
83546412
83545380
83541446
83541440
83540295
83546675
83543082
83540019
83547104
83547272
83547080
83546695
83545238
83546442
83540634
83543066
83545309
83546460
83540195
83540132
83540638
83540205
83546310
83541356
83546750
83540494
83540500
83540088
83540403
83540280
83543702
83541150
83540068
83546715
83540479
83545226
83545032
83546515
83541006
83541362
83540275
83541003
83545306
83545234
83543820
83543250
83547096
83543078
83543205
83540010
83547370
83547184
83547260
83546600
83540076
83546380
83546735
83547360
83541232
83543240
83547144
83540300
83540618
83547168
83545496
83540650
83541102
83543260
83543245
83545600
83545312
83545560
83540160
83546205
83546020
83541132
83541220
83540285
83543225
83543220
83540200
83541425
83541240
83540392
83540622
83541165
83540016
83545008
83541415
83540626
83546670
83545584
83546530
83540155
83540128
83547152
83545618
83540022
83545070
83541120
83541420
83545142
83541430
83543694
83543400
83549000
83543390
83543714
83541080
83546418
83546265
83540497
83546010
83546210
83546406
83541021
83546520
83545300
83546000
83540175
83540096
83545606
83546200
83540170
83543690
83543074
83540630
83541108
83540398
83540400
83547176
83545230
83549899
83548899
83541159
83540004
83540491
83543062
83540190
83546260
83546755
83545576
83546290
83545074
83546295
83541018
83545086
83545138
83543215
83546510
83541024
83540120
83546368
83541009
83541012
83547400
83546660
83546356
83546545
83540215
83540230
83540124
