87114656
87117040
87115050
87116193
87116181
87114222
87111430
87111765
87113000
87114000
87113531
87111767
87113527
87111800
87117076
87114160
87113460
87112770
87118335
87118601
87115082
87112221
87116199
87114166
87114555
87112590
87113480
87113560
87115096
87112565
87112885
87118344
87118587
87115064
87111791
87114071
87112257
87111720
87115000
87111440
87112566
87118348
87118586
87118584
87113160
87113122
87113244
87113330
87111736
87114076
87115084
87113410
87112080
87112192
87112189
87112312
87112302
87112297
87112132
87113270
87114595
87112660
87114700
87116090
87116002
87114350
87111796
87118580
87118610
87116068
87114183
87114640
87112400
87112405
87113440
87112820
87113400
87118536
87111450
87118320
87114483
87117125
87114690
87118576
87111793
87118325
87116156
87116074
87114155
87115074
87114174
87112870
87115053
87114178
87118315
87116192
87112410
87115071
87114463
87112020
87114162
87118352
87116207
87117124
87111010
87111011
87117236
87118332
87116169
87114188
87113814
87118570
87114785
87116134
87116056
87116031
87116182
87114770
87116128
87116050
87116026
87114440
87113199
87112380
87111737
87112620
87112650
87112295
87112258
87115233
87112577
87116170
87116172
87113380
87114164
87114532
87117217
87111738
87116202
87111200
87114170
87111160
87111161
87111798
87116000
87111575
87112789
87114668
87117042
87114031
87112780
87118545
87118560
87118615
87118596
87113230
87118606
87112680
87111739
87112265
87111110
87113240
87113810
87112670
87113532
87117074
87111745
87112150
87112310
87112540
87116205
87112570
87114552
87114535
87115107
87113300
87111746
87113260
87111370
87112530
87112875
87111695
87111747
87114657
87117041
87114420
87117077
87111766
87117119
87111749
87112515
87112370
87112002
87112051
87112031
87112011
87111510
87111394
87111284
87114545
87117215
87112250
87112091
87112041
87112121
87112251
87112081
87112788
87112560
87112720
87112595
87111716
87114320
87112550
87111750
87118582
87117079
87113100
87114110
87114755
87116120
87116044
87116022
87114173
87114194
87118537
87118566
87118553
87118616
87118597
87115100
87114172
87112807
87111360
87111760
87113080
87114090
87114091
87115058
87111755
87113120
87114130
87111730
87111774
87112797
87113812
87112786
87112170
87114310
87112300
87114715
87116100
87116010
87115010
87112105
87115067
87115091
87118539
87113529
87114380
87113520
87113821
87114474
87114390
87112100
87112015
87112055
87112006
87112036
87112320
87111530
87111396
87111286
87114526
87114527
87113180
87114370
87112000
87112191
87112311
87112301
87112296
87112131
87112630
87112160
87117044
87115108
87111480
87111391
87111281
87112848
87112518
87114030
87115089
87116210
87111570
87112844
87112516
87113070
87114080
87114084
87116171
87113823
87114666
87114669
87113825
87112230
87112127
87112044
87112084
87112254
87112094
87116208
87111788
87114590
87114073
87114548
87115008
87112225
87112460
87112043
87112240
87112253
87112093
87112083
87112123
87111784
87115072
87117046
87118592
87118534
87111773
87112256
87114636
87111797
87114184
87116203
87118578
87114128
87114468
87111170
87113420
87115105
87114650
87111769
87111080
87114546
87112567
87114528
87114340
87114544
87114450
87116163
87117118
87111580
87113130
87114140
87113818
87118330
87118530
87117048
87118556
87114622
87114575
87113190
87112815
87112787
87114220
87111740
87117220
87111100
87114129
87112505
87112375
87117210
87112376
87117110
87111650
87114580
87114600
87113370
87114035
87114192
87118619
87113350
87118581
87117078
87112226
87112450
87117050
87114505
87114400
87114538
87114518
87112730
87114745
87116112
87116018
87112800
87113816
87115077
87115057
87114740
87116110
87116016
87114646
87114180
87114820
87111675
87111630
87114621
87111655
87115005
87114577
87111728
87112700
87112809
87111656
87117058
87117060
87111120
87116200
87116152
87116070
87111420
87117052
87113490
87118526
87116185
87114175
87112585
87112881
87112858
87118305
87118340
87118589
87115098
87116116
87116119
87118350
87112140
87116206
87111330
87117054
87114665
87111640
87112010
87112196
87112422
87112306
87112317
87112186
87112190
87114260
87111090
87111300
87112130
87112806
87111005
87114805
87116146
87116064
87116036
87116176
87113030
87114040
87114127
87116178
87112291
87111715
87111060
87112261
87112014
87112330
87112431
87112331
87114270
87111270
87111727
87115094
87111350
87115066
87111115
87114554
87111778
87113815
87117056
87111410
87111140
87112285
87117205
87116201
87114840
87114185
87113198
87111490
87111392
87111282
87111717
87114521
87114522
87114524
87117061
87114523
87114520
87112578
87114149
87114565
87114152
87111792
87114660
87111225
87114081
87112229
87112500
87114144
87115092
87113320
87112810
87113310
87114630
87114485
87112879
87118342
87118588
87112292
87118310
87118312
87114830
87111781
87111782
87111660
87114471
87114072
87115059
87111756
87114800
87116144
87116062
87116034
87117123
87114060
87113050
87114061
87112690
87114670
87118528
87118602
87111190
87113170
87113213
87113243
87116167
87115078
87115115
87115063
87114479
87115076
87112611
87113040
87114050
87118590
87117117
87111785
87112836
87112889
87113150
87113212
87113245
87111230
87115056
87113010
87111560
87111397
87111287
87118524
87114195
87114049
87114026
87114675
87114146
87114710
87116094
87116006
87111678
87111677
87117127
87112610
87111240
87116212
87111768
87111670
87114566
87114730
87116106
87116014
87113522
87111795
87115095
87111070
87113325
87113817
87111764
87111757
87113504
87117126
87112223
87113360
87114065
87114066
87115085
87114585
87111180
87113200
87111250
87114300
87114500
87113210
87114022
87114142
87118538
87112507
87112282
87112480
87112222
87112490
87112350
87112004
87112053
87112033
87112016
87117111
87116173
87118532
87118568
87118555
87118617
87118609
87118598
87114250
87112854
87112525
87114655
87116211
87114186
87114567
87114765
87116124
87116048
87115104
87114191
87118354
87114481
87113820
87112040
87112181
87112197
87112421
87112307
87112318
87112137
87111020
87111520
87111395
87111285
87112579
87118583
87111220
87114010
87112790
87112852
87112475
87115083
87118551
87114182
87116183
87118322
87114725
87116104
87116013
87116209
87112110
87111260
87112874
87112030
87112195
87112187
87112316
87112305
87112289
87112135
87114210
87115236
87115237
87113090
87114100
87117080
87112842
87112425
87111777
87111735
87113195
87113197
87115080
87116162
87114610
87114477
87113390
87114775
87117075
87116180
87112506
87112390
87115079
87114620
87111340
87112899
87112894
87112895
87113819
87114029
87114154
87112830
87115060
87115068
87118549
87115062
87114570
87116168
87114074
87115101
87117115
87112785
87112315
87118300
87114550
87113526
87115081
87113196
87111000
87111001
87113510
87112270
87116177
87111685
87114099
87114179
87115225
87114568
87114470
87116165
87111710
87116175
87115025
87112070
87112193
87112188
87112313
87112303
87112298
87112133
87114624
87116096
87116008
87116161
87116191
87114541
87114480
87116166
87114560
87114525
87112856
87112495
87114177
87116154
87116072
87116196
87113450
87115015
87112224
87112470
87114536
87117114
87112805
87117073
87115235
87117235
87114542
87112580
87113220
87111718
87114290
87112227
87112440
87114537
87111390
87113813
87113535
87116114
87111719
87114181
87112520
87112210
87112048
87112267
87112086
87111780
87112281
87112420
87114472
87114515
87115087
87114430
87117070
87111040
87115226
87112220
87112124
87112045
87112266
87112085
87114623
87116197
87112575
87112280
87118574
87118600
87112600
87118585
87113430
87118356
87116213
87111790
87114854
87114187
87116140
87116198
87111620
87117116
87111725
87111320
87118572
87118599
87118618
87111540
87111600
87115028
87111726
87115030
87112050
87112750
87115227
87112799
87114685
87114551
87117122
87112798
87113500
87113110
87114120
87115075
87111210
87113280
87112840
87117072
87111380
87115020
87117225
87112740
87112808
87114330
87111280
87114510
87112260
87112092
87112082
87112886
87112252
87112042
87112122
87117112
87112887
87114200
87117230
87111050
87111290
87111690
87114533
87112228
87112430
87111015
87114815
87114075
87115122
87114475
87114835
87115121
87111783
87114825
87115120
87115118
87111786
87115116
87114467
87115114
87114466
87114077
87114092
87114041
87114078
87114482
87114093
87114042
87114079
87114094
87114043
87114095
87114044
87114082
87114478
87114096
87114045
87114083
87114097
87114046
87114476
87114098
87111787
87114465
87114464
87114462
87111801
87114047
87112835
87111802
87114048
87111803
87111804
87112888
87116174
87115231
87114530
87111680
87112335
87112846
87112517
87113822
87111707
87115093
87111789
87113340
87114190
87114531
87114240
87114171
87114101
87114484
87114034
87114176
87113640
87113730
87113740
87113700
87112060
87112194
87112185
87112314
87112304
87112299
87112134
87114230
87114025
87113720
87114156
87112360
87112003
87112052
87112032
87112012
87113610
87113660
87113630
87113750
87113670
87113790
87112107
87113540
87113780
87113501
87113250
87113770
87113690
87115035
87113600
87113650
87113800
87112090
87113620
87113710
87113760
87113580
87113550
87113590
87113680
87115230
87113570
87118337
87111794
87111400
87113811
87111676
87114735
87113470
87115097
87114221
87111590
87114680
87112710
87114020
87119899
87112760
87111150
87111151
87114695
87111610
87114543
87115022
87114540
87112576
87112290
87114547
87115042
87113020
87114750
87116118
87116042
87116020
87113290
87118591
87115032
87114410
87114516
87114635
87115073
87118522
87118547
87114795
87116142
87116060
87116184
87116194
87114645
87111706
87118620
87118603
87118520
87115065
87114720
87116102
87116012
87115069
87112795
87111030
87111130
87112850
87112519
87117071
87111776
87112255
87113824
87117113
87114578
87118326
87114460
87116164
87112838
87112415
87114576
87113060
87114070
87115228
87112816
87117200
87116126
87116049
87118562
87118564
87117237
87118607
87118608
87114534
87112200
87112126
87112047
87112268
87112087
87113530
87114790
87116136
87116058
87116032
87114780
87116132
87116054
87116030
87112640
87111748
87111500
87111393
87111283
87114280
87111485
87111460
87114517
87115106
87116005
87116041
87111661
87114125
87114126
87115040
87116204
87114810
87116148
87116066
87116038
87116195
87114158
87114138
87113215
87113144
87113246
87114490
87111310
87114529
87114360
87115088
87113826
87111700
87113828
87114760
87116122
87116046
87116024
87113831
87113829
87113830
87113827
87111705
87111470
87115070
87111550
87114189
87112180
87115061
87114148
87114285
87112340
87112005
87112054
87112034
87112013
87111775
87113322
87118336
87111799
87116004
87114705
87116092
87112890
87112891
87112892
87112893
87114265
87112896
87114850
87114852
87114856
87114858
87114860
87114862
87114864
87114866
87114868
87114870
87114871
87114872
87114873
87114874
87114875
87114876
87114877
87114878
87114879
87114553
87114880
87113534
87113533
87113528
87113525
87113524
87113523
87113521
87113509
87113508
87113507
87113506
87113505
87113503
87113502
87114266
87114023
87112897
87114267
87114024
87112898
87114193
87114027
87114028
87114032
87114033
87115086
87115090
87115099
87115055
87115054
87115102
87115103
87115052
87115051
