85903421
85914070
85904120
85911190
85911240
85902472
85915131
85902428
85903560
85915035
85904882
85915060
85903490
85903640
85906707
85906250
85912030
85905475
85904424
85903727
85905270
85911380
85905640
85920007
85905340
85911109
85906402
85905665
85905415
85908260
85915036
85907210
85903420
85910130
85907240
85900165
85903010
85902410
85909490
85911013
85915212
85906735
85920005
85907436
85901047
85905630
85911230
85904503
85908310
85914030
85904515
85915270
85902210
85915215
85903240
85904863
85902489
85905050
85901245
85901110
85903650
85911106
85910370
85901240
85903423
85908320
85911103
85915120
85903763
85909330
85906280
85915191
85909650
85914148
85907180
85915080
85903540
85901050
85915130
85905580
85905400
85902497
85905100
85907017
85905600
85906509
85910120
85909340
85903748
85911058
85907458
85906010
85905080
85904150
85904540
85904428
85903768
85915237
85905430
85906716
85906714
85912170
85903230
85905480
85906490
85905110
85915210
85902241
85914140
85909590
85903695
85913190
85909745
85905091
85913050
85909180
85909720
85902455
85912060
85915165
85905500
85913112
85903724
85911068
85912120
85905584
85906500
85909610
85905546
85913114
85903090
85903512
85907191
85901095
85907435
85902296
85909345
85911118
85909360
85906508
85906100
85908070
85910328
85910270
85912150
85902445
85906683
85906450
85901020
85905544
85903360
85904650
85909660
85902330
85907170
85904410
85908270
85901030
85911115
85904645
85912140
85911260
85913180
85910500
85901200
85912130
85903150
85915160
85903702
85908300
85905240
85912160
85901100
85900140
85904873
85906600
85903660
85915227
85911250
85907450
85906350
85906240
85908274
85900122
85910200
85900020
85905010
85905140
85907443
85911050
85903210
85902422
85910376
85906160
85909200
85915240
85903753
85908090
85908100
85902000
85902516
85902200
85902414
85909100
85912100
85909140
85914100
85902280
85902317
85902418
85901150
85902080
85914010
85905290
85904230
85902498
85902480
85910090
85907000
85915230
85907060
85906569
85909050
85904867
85911043
85900070
85905150
85902360
85909120
85904390
85908180
85910280
85902460
85905030
85908060
85907296
85906740
85904426
85900150
85904100
85911100
85905094
85904500
85905280
85904210
85904550
85903600
85904080
85908050
85908010
85909600
85902380
85902560
85915000
85911200
85903344
85905562
85903120
85914110
85902270
85904190
85920260
85906726
85904140
85908040
85920263
85913070
85908140
85910070
85906130
85910323
85911053
85901060
85909635
85909625
85903342
85912110
85911083
85906020
85915138
85904300
85906080
85920078
85903060
85903343
85913110
85911112
85910050
85920255
85903260
85901090
85909040
85911070
85902400
85903175
85903590
85904460
85909228
85909193
85902190
85903707
85907452
85907292
85904421
85905330
85910326
85908230
85902590
85903050
85906440
85920253
85902215
85902120
85903290
85910325
85902490
85909570
85909680
85904280
85909440
85910260
85906180
85909150
85906340
85910020
85902496
85904478
85910324
85905320
85904240
85911101
85904070
85907445
85904170
85907021
85904508
85911116
85913200
85903758
85905660
85904485
85902300
85913130
85909300
85904370
85910329
85902420
85908350
85905245
85910322
85905570
85905242
85911073
85910321
85900210
85904880
85903502
85912010
85903350
85908250
85903370
85905182
85909115
85902260
85915170
85909727
85911000
85910320
85915175
85902395
85909260
85907230
85903757
85909325
85907300
85907070
85915234
85904050
85904040
85908000
85906695
85914146
85909747
85905590
85914160
85920073
85901055
85905350
85913113
85906090
85902218
85906540
85904020
85907290
85920083
85912050
85906705
85914190
85912146
85903750
85906520
85915225
85906728
85902493
85914130
85907438
85904530
85903595
85904476
85906205
85900120
85909470
85905485
85913100
85903450
85903365
85906420
85903782
85903000
85906230
85905225
85909195
85905210
85910055
85909741
85901140
85915136
85908340
85909560
85903773
85905582
85912070
85903470
85920250
85907050
85901040
85901230
85900280
85903570
85911030
85906760
85901220
85900275
85900080
85902160
85903030
85909390
85903506
85906718
85906739
85920028
85910265
85906110
85909230
85905540
85909554
85903726
85902230
85915220
85912147
85910110
85904490
85907190
85915155
85912090
85902492
85903410
85902220
85911088
85909640
85901260
85900290
85902310
85907439
85909199
85904482
85911124
85913116
85902499
85911038
85906710
85902314
85909400
85913150
85909110
85911093
85905200
85902430
85904422
85905190
85911097
85904480
85907040
85901250
85909540
85910160
85904130
85920080
85905420
85902192
85902140
85903220
85902580
85903040
85900190
85902030
85902525
85913090
85906701
85909080
85907130
85906610
85915236
85914040
85906732
85908030
85909626
85906550
85911140
85915226
85905390
85903771
85902416
85903355
85915244
85903778
85906480
85910040
85902512
85912200
85902511
85912180
85909740
85906690
85915034
85903755
85902320
85904473
85910290
85910000
85902505
85907022
85914020
85910327
85907440
85911060
85902170
85906703
85909500
85905530
85910386
85911160
85902508
85902550
85906300
85911197
85911102
85909000
85909723
85906722
85906700
85910210
85910180
85901300
85902015
85910330
85903767
85909060
85909250
85903779
85904360
85911048
85911090
85904887
85905090
85906712
85908360
85903735
85907434
85909380
85914080
85903200
85909627
85906738
85905610
85905410
85909020
85909520
85911040
85902415
85906050
85905440
85903680
85902491
85906330
85904570
85903774
85909085
85914158
85903760
85906715
85915235
85911195
85904595
85903356
85907044
85902515
85903762
85906410
85906737
85906750
85909236
85915239
85904320
85904655
85913140
85900050
85905055
85905620
85903425
85901080
85905460
85913170
85906560
85915264
85905650
85903775
85913117
85902390
85910150
85904520
85903716
85906630
85902513
85903550
85903514
85908160
85909685
85911113
85907220
85903754
85902518
85906460
85908280
85910384
85904505
85901031
85910010
85905470
85904855
85920023
85920030
85909370
85904442
85903520
85909160
85902507
85915217
85906727
85903670
85904518
85902523
85905222
85903440
85911210
85911111
85902195
85908120
85914159
85908130
85910060
85902514
85910378
85902517
85903480
85903769
85915140
85911028
85904560
85900260
85906370
85912040
85902350
85911104
85905550
85910105
85904647
85906681
85907442
85910135
85911220
85906390
85915110
85901120
85904420
85915180
85904470
85903580
85904175
85906040
85911033
85902530
85906568
85906310
85907455
85909430
85902506
85913020
85909070
85909415
85903380
85909290
85907192
85907358
85907140
85905360
85904260
85902290
85906400
85903400
85900240
85909190
85910300
85910315
85903777
85915229
85902540
85910318
85904565
85903705
85909726
85909045
85906510
85903270
85915070
85915200
85900130
85911122
85903530
85920013
85913120
85909670
85900090
85913010
85910230
85904487
85915211
85906736
85915134
85920075
85911108
85905092
85902503
85904495
85906270
85904430
85914200
85910372
85909210
85904635
85914210
85903508
85910388
85911180
85914045
85902622
85905220
85903747
85903340
85912190
85912080
85905450
85905520
85906430
85915232
85915145
85901170
85903718
85903765
85903080
85905202
85909130
85909530
85909350
85900100
85920265
85920268
85904330
85909235
85908110
85910215
85900250
85903415
85909550
85914153
85914060
85909580
85903756
85903366
85901045
85902570
85903761
85903780
85914157
85906706
85902448
85903130
85910056
85903430
85910319
85904870
85915037
85911130
85920070
85909630
85902110
85903620
85906684
85914015
85910190
85911110
85903717
85905490
85909446
85905020
85908220
85909220
85901000
85902060
85902495
85904090
85909710
85905160
85907298
85903070
85915260
85915228
85904010
85920025
85906725
85910216
85905370
85909255
85906170
85903160
85903630
85911063
85903764
85904110
85902032
85909270
85909310
85909196
85908020
85909225
85913060
85906719
85909240
85911340
85909707
85910310
85903697
85903332
85902438
85906660
85902316
85903250
85903730
85920020
85910140
85904380
85910250
85903012
85915242
85903781
85903706
85903708
85910380
85904640
85910317
85904060
85911080
85915038
85911120
85907234
85903766
85909628
85911117
85906650
85915132
85903759
85906682
85909090
85903715
85906190
85901070
85910382
85905670
85902465
85904512
85910170
85907448
85908190
85904310
85911010
85920010
85915192
85915040
85903427
85915050
85903710
85903190
85904400
85906717
85902640
85902180
85906220
85909510
85906120
85909480
85913040
85906070
85905380
85904270
85903170
85900060
85913030
85903504
85909655
85906150
85905583
85902509
85909320
85906470
85915195
85909170
85908150
85906680
85909725
85904892
85905586
85903265
85914000
85901270
85902010
85914180
85902425
85903510
85903776
85907010
85901075
85906640
85902413
85905130
85906290
85914090
85920015
85920270
85920018
85911020
85914143
85911205
85902242
85903729
85909030
85905300
85904220
85902240
85903100
85906530
85910080
85913000
85914120
85901280
85909629
85901010
85909410
85909086
85901130
85908170
85906720
85909305
85906000
85906060
85906730
85909724
85902500
85903310
85909420
85904200
85909010
85910220
85909025
85914035
85903709
85905560
85906741
85905325
85904250
85903698
85908200
85902600
85915090
85920258
85902440
85914155
85908210
85900200
85902040
85903275
85914156
85902501
85900110
85903300
85906025
85902370
85904497
85904425
85909445
85902510
85915246
85915010
85909226
85909197
85903696
85908290
85915030
85909746
85905172
85901180
85900005
85905040
85905625
85906140
85904361
85909700
85920003
85914150
85903728
85904030
85900180
85902020
85907030
85903500
85914170
85904484
85907302
85901160
85902090
85905510
85904160
85913115
85904575
85903700
85905244
85902250
85902466
85909198
85911170
85904474
85903690
85903725
85911114
85907232
85901190
85900040
85905060
85906360
85919899
85909708
85909227
85904290
85902520
85909046
85904440
85905260
85902502
85909645
85900010
85905000
85904450
85904890
85909447
85900030
85905180
85905565
85906612
85911119
85910316
85901105
85902196
85902130
85903320
85908240
85915150
85900220
85902050
85906570
85911078
85906580
85904510
85909405
85902435
85907020
85903720
85902458
85904350
85902610
85911023
85900160
85900121
85906210
85906200
85915231
85901210
85900270
85902312
85915224
85909448
85909460
85909095
85913160
85909636
85911105
85911018
85902150
85903020
85906260
85920001
85913080
85902470
85909096
85900230
85910100
85909097
85910240
85909280
85909483
85909285
85913119
85902305
85901046
85904180
85904000
85909637
85910136
85903276
85912020
85902532
85904653
85905170
85905145
85905561
85902295
85902412
85912115
85902433
85903770
85908370
85905120
85903330
85902494
85908080
85910030
85903140
85906620
85906670
85901155
85905230
85902100
85903610
85909416
85900215
85903390
85902453
85906030
85915190
85906590
85906582
85904340
85903110
85902630
85902311
85900170
85909295
85901290
85909475
85902467
85902620
85915233
85909690
85915222
85906708
85904860
85904877
85910374
85905564
85902450
85905250
85915250
85907200
85904895
85915100
85911107
85903145
85902340
85902504
85907294
85903752
85909709
85911150
85912000
85903460
85904555
85915020
85903772
85903280
85902442
85909450
85902070
85904472
85903180
