87509130
87504181
87505035
87508131
87505144
87507135
87505570
87510580
87503750
87503730
87508620
87502460
87511123
87505590
87505622
87503170
87505140
87508631
87511039
87508530
87510004
87510657
87508080
87502385
87509410
87509775
87511262
87506650
87508029
87510752
87507794
87504796
87506100
87504385
87503540
87507797
87511005
87505410
87504120
87506070
87508255
87508661
87504703
87505350
87510733
87508667
87503790
87511104
87502060
87505722
87511225
87508390
87505390
87502035
87511109
87510043
87504578
87504832
87510115
87507801
87507375
87507190
87506682
87509190
87511154
87504605
87510751
87507058
87507743
87504790
87505105
87508016
87508665
87504820
87510630
87506450
87501070
87504280
87508415
87504688
87504575
87508176
87501560
87508360
87508250
87508128
87511200
87506160
87508534
87502462
87504560
87511285
87504689
87504610
87509000
87504588
87505340
87507230
87510711
87511181
87511250
87506430
87510100
87506105
87502046
87506663
87506370
87503030
87504050
87507712
87504290
87503050
87506270
87511141
87510108
87508410
87507683
87507139
87507681
87509160
87511132
87507702
87511232
87505440
87507250
87504300
87508666
87507717
87510696
87506435
87502048
87504595
87509510
87505515
87511229
87504680
87507136
87508405
87501200
87509838
87510730
87510732
87510654
87511243
87501375
87501320
87511070
87504061
87510029
87505517
87508400
87508095
87503776
87501580
87504200
87501230
87503680
87508146
87503370
87508639
87511032
87502180
87504668
87510112
87511221
87511224
87502200
87504645
87506050
87506666
87507790
87504690
87504710
87508180
87506644
87504590
87511074
87502435
87510122
87511122
87502190
87510025
87507782
87501610
87510052
87505370
87501280
87504785
87505220
87510659
87508017
87510560
87502490
87507699
87511071
87507798
87505142
87509771
87509310
87508127
87505320
87508215
87507120
87508132
87508373
87505346
87505552
87508500
87503752
87503772
87503732
87511124
87505592
87505682
87505624
87501430
87509700
87504535
87504170
87503040
87502420
87509630
87501440
87502150
87505420
87510033
87506684
87505530
87506640
87510750
87509625
87501450
87507050
87504615
87502120
87505070
87505055
87502340
87508511
87505310
87511002
87507744
87510695
87507682
87508068
87511254
87507672
87506255
87510048
87504695
87511206
87511207
87503290
87506040
87501055
87504577
87509460
87501340
87507152
87505430
87505380
87506010
87503420
87501000
87503460
87504250
87508280
87509626
87511007
87504792
87510002
87511203
87507590
87507160
87505382
87504706
87508375
87508604
87505554
87510632
87505724
87505594
87505684
87505626
87503060
87505120
87508140
87503440
87501378
87502010
87510110
87502160
87505130
87503670
87508170
87501510
87509170
87510120
87507180
87503150
87504655
87505260
87508217
87504596
87503320
87504420
87510104
87510118
87503806
87506305
87504518
87510009
87504794
87503716
87504150
87504685
87502500
87509770
87510007
87510028
87503500
87503200
87501170
87503330
87502280
87502040
87504676
87504470
87504040
87502050
87507260
87508028
87510102
87509862
87509830
87510631
87501090
87505160
87503360
87506690
87505521
87506225
87510036
87508512
87504370
87511283
87504657
87507320
87508030
87507730
87502225
87504130
87509550
87510652
87504110
87509155
87505360
87505235
87503180
87504616
87509755
87509030
87509705
87508145
87504380
87507056
87504240
87509530
87507600
87509260
87508290
87508050
87510039
87504210
87504667
87504010
87501490
87501350
87507170
87505503
87507137
87505556
87510633
87503756
87505726
87511126
87505596
87505686
87507081
87509470
87508066
87511282
87507641
87508055
87511152
87506721
87511125
87506681
87511248
87501667
87503700
87504597
87508258
87508218
87503480
87510046
87506120
87501590
87507060
87506475
87509863
87504190
87502045
87508663
87511155
87508377
87501470
87501669
87506590
87509250
87504617
87506250
87508380
87505558
87511127
87505598
87505688
87507644
87506662
87510005
87511148
87511102
87505525
87511188
87511226
87511144
87506420
87507694
87508175
87506030
87509781
87509020
87511300
87506122
87505450
87508047
87507660
87506691
87507793
87509150
87508048
87502430
87505330
87510117
87508382
87506740
87510017
87508260
87507580
87504618
87503020
87507376
87507610
87510119
87508230
87505528
87505400
87504028
87506660
87507630
87503714
87502265
87504160
87508077
87509050
87506620
87505511
87509779
87505560
87510570
87503780
87502465
87511128
87505690
87507645
87505527
87510012
87505280
87505100
87501625
87509765
87504527
87508245
87510022
87502260
87510109
87509640
87507420
87507380
87511100
87504570
87509420
87501290
87505200
87509280
87509540
87506170
87504619
87504020
87501220
87507671
87507070
87502300
87507370
87510734
87507330
87510671
87508172
87504700
87504140
87504025
87501656
87504744
87507692
87507703
87508200
87510699
87507746
87506390
87504640
87506636
87511189
87509060
87509320
87507140
87505562
87510572
87502466
87511129
87507646
87504660
87511140
87510113
87504519
87509480
87510754
87501376
87503220
87505335
87501080
87511035
87507079
87510670
87504599
87509791
87507614
87508178
87507077
87502020
87505500
87511182
87509350
87506440
87508040
87503070
87502030
87504390
87510014
87507460
87510023
87507065
87508090
87510020
87506020
87510053
87508096
87501020
87504620
87504490
87505210
87503400
87503380
87504030
87508148
87510101
87508167
87501657
87504678
87510041
87503580
87508019
87510680
87501255
87508440
87507783
87506725
87510692
87509330
87509070
87507141
87505564
87511009
87511037
87502467
87511130
87507647
87510038
87505190
87504625
87505170
87510738
87507761
87510690
87501240
87501190
87504677
87510044
87504697
87506140
87510755
87506260
87505620
87505460
87507792
87508395
87507440
87509490
87504510
87509340
87507142
87508668
87511010
87502468
87511131
87507648
87503520
87508219
87503415
87504400
87505040
87501710
87503210
87504780
87504587
87504630
87507360
87506469
87501160
87503130
87507010
87503510
87506724
87503230
87503240
87501310
87511151
87507415
87505662
87508676
87507425
87504330
87510694
87506215
87503560
87508085
87504006
87511175
87508075
87503620
87508159
87501385
87507377
87508168
87501045
87508130
87505270
87508010
87503590
87504340
87506530
87504183
87511011
87507649
87507143
87504656
87510105
87504270
87508086
87503774
87503713
87504760
87504742
87509834
87511245
87511153
87507078
87507015
87502130
87504045
87501110
87510103
87509290
87510114
87507200
87504521
87505250
87508076
87509812
87508110
87509100
87506648
87507280
87507701
87511143
87511146
87510030
87503505
87507640
87505290
87508156
87510658
87511160
87511222
87506410
87507704
87511033
87510737
87511008
87507074
87508000
87502461
87509861
87507697
87506661
87507716
87507076
87510655
87510031
87506320
87508227
87507642
87508046
87508045
87507747
87511145
87503600
87507340
87508015
87507040
87510042
87508087
87507270
87511185
87506210
87507760
87511247
87506000
87511142
87506280
87507690
87505660
87510003
87506741
87505523
87510011
87507138
87502270
87507691
87506310
87506646
87505180
87503650
87501325
87503570
87504713
87506180
87509850
87502230
87511000
87504029
87507800
87506265
87510037
87502450
87505610
87502482
87507673
87506466
87508591
87506751
87511230
87508158
87511246
87505728
87508513
87511161
87506642
87510693
87506060
87507796
87510047
87508370
87501040
87506150
87511231
87510140
87511103
87505490
87508065
87508088
87508059
87510713
87506400
87511036
87510000
87508531
87505300
87501377
87501010
87511249
87509360
87511012
87511133
87507650
87509370
87508671
87511013
87507651
87509660
87510566
87502410
87509650
87504833
87510001
87511031
87501210
87507791
87506200
87502484
87511280
87510051
87508177
87504607
87504580
87508089
87501460
87510013
87507616
87507057
87502440
87507130
87501640
87509440
87509715
87508129
87502250
87507059
87505159
87503550
87507220
87511038
87510049
87508020
87507300
87504220
87504586
87511223
87504523
87510691
87505158
87510562
87507695
87504810
87507071
87504540
87504654
87502382
87504822
87507310
87507718
87503803
87509380
87507082
87507652
87503390
87504460
87508025
87509090
87511202
87509400
87507560
87501140
87504410
87507700
87501060
87502110
87510016
87507740
87506470
87508157
87503018
87504026
87511183
87506680
87507011
87504720
87507618
87509165
87510650
87507780
87501100
87508350
87501530
87505680
87507771
87509740
87503754
87508532
87507290
87506460
87511210
87509300
87509680
87508185
87509040
87502485
87506700
87501680
87507643
87507072
87511073
87509799
87503717
87506300
87511281
87507713
87504740
87507083
87511121
87506665
87507799
87503719
87507602
87505700
87508669
87502100
87507742
87502290
87504350
87506667
87510698
87502080
87511072
87510010
87506664
87508675
87510054
87504525
87504310
87507763
87503610
87503801
87505501
87510018
87503630
87502210
87504090
87504080
87508147
87501400
87509836
87507350
87506110
87511173
87508533
87510040
87505520
87507795
87508005
87507711
87502240
87504705
87511034
87508125
87510032
87501515
87511228
87505185
87501500
87501410
87504430
87506190
87508226
87503350
87509793
87508060
87507390
87504550
87505060
87502330
87509670
87508120
87508340
87509690
87511004
87501690
87501180
87508026
87510026
87509390
87508673
87507653
87507150
87511105
87503802
87504230
87502481
87508160
87508519
87502464
87511211
87511170
87510021
87501600
87507612
87504798
87501330
87501120
87504005
87507210
87511242
87510735
87501655
87508216
87502386
87509860
87507550
87501666
87505050
87508237
87508235
87508674
87507654
87510697
87509818
87503385
87503712
87510106
87501665
87506610
87506570
87510019
87505628
87505502
87511171
87511003
87505080
87502350
87510651
87501225
87502070
87503778
87508320
87501668
87509270
87509655
87506465
87507110
87501360
87508049
87508190
87506510
87504600
87504674
87508240
87506710
87506750
87510736
87507770
87510035
87507696
87511076
87504675
87510131
87510015
87505150
87508265
87501620
87503160
87504702
87509120
87507655
87504598
87503340
87507100
87501480
87508664
87505020
87502380
87501520
87503430
87501390
87501030
87502000
87505230
87503010
87504516
87503410
87501150
87503800
87508116
87508126
87505480
87503530
87502501
87506461
87501420
87506290
87507693
87506728
87510055
87508670
87504687
87501270
87504670
87505143
87503690
87509760
87508510
87507240
87502220
87506220
87507781
87506468
87503770
87504440
87511184
87502463
87509832
87509010
87507075
87506490
87504666
87503280
87501550
87510121
87501300
87508330
87509500
87501540
87503140
87505240
87509745
87504235
87504260
87502140
87504480
87501050
87508220
87505045
87507020
87508155
87504060
87508150
87504530
87504672
87508270
87507090
87506580
87511149
87509430
87509720
87509450
87509710
87509560
87509570
87509580
87506295
87507014
87507013
87509685
87508210
87506540
87509230
87504517
87506240
87506600
87508677
87509175
87510050
87506654
87509645
87510024
87507085
87509773
87510710
87509777
87503804
87505470
87504585
87508027
87501130
87507510
87501370
87507530
87503000
87504000
87505000
87502400
87507470
87507540
87507480
87507490
87507500
87505145
87507520
87506560
87504576
87511240
87511260
87506635
87503110
87511101
87501056
87510640
87506080
87502170
87502047
87511204
87511001
87503470
87509080
87505030
87502370
87504665
87510008
87511252
87501355
87508300
87503310
87501250
87515899
87504658
87506085
87508058
87508057
87508600
87509520
87508067
87507698
87507400
87509795
87501658
87508165
87501260
87508115
87510111
87502090
87508056
87508630
87511187
87503711
87508100
87509110
87503490
87506467
87510653
87511227
87502262
87501659
87511107
87507601
87503715
87511006
87501380
87508246
87509735
87501660
87510107
87503190
87501630
87502483
87508236
87511147
87510116
87509797
87511241
87503250
87504746
87508602
87507710
87511030
87509814
87504821
87507430
87503710
87506723
87503718
87503100
87503090
87501570
87504520
87506500
87510034
87509750
87509140
87503640
87506683
87510006
87504679
87511150
87502310
87505510
87505090
87504145
87504070
87504100
87503300
87508256
87504715
87505149
87509695
87502360
87501670
87509220
87506340
87504320
87506350
87508117
87508660
87508225
87503080
87503450
87508257
87508310
87507450
87504650
87504686
87501650
87504696
87507055
87509045
87507073
87506090
87504831
87504830
87504606
87507410
87509730
87508118
87507570
87508480
87508672
87503805
87505010
87502390
87509816
87505512
87510056
87506550
87507030
87501065
87502320
87504708
87507670
87511201
87509725
87501700
87510731
87508018
87509240
87509180
87509200
87504500
87506330
87509210
87507125
87504180
87507685
87505110
87506380
87504707
87511174
87503660
87501095
87506360
87510568
87508662
87510712
87510564
87504360
87503120
87503270
87503260
87504450
87506722
87508070
87506230
87510027
87511251
87505550
