84600436
84607151
84607010
84607138
84607695
84605655
84608125
84603170
84603424
84603137
84608092
84603155
84607158
84600404
84600283
84603146
84603380
84607645
84605620
84603078
84607177
84607580
84607675
84607350
84603782
84605730
84603185
84607685
84604100
84600594
84604055
84605775
84604380
84601230
84601051
84600150
84604375
84604225
84600285
84600324
84600185
84600081
84603152
84600554
84605402
84605424
84601215
84605735
84607073
84600733
84601033
84605567
84604400
84600729
84607375
84603176
84601069
84600360
84601239
84608085
84603167
84607086
84600622
84608120
84605680
84602140
84600424
84602005
84601598
84601233
84605346
84605366
84605322
84607520
84601221
84604395
84604095
84604065
84600642
84601254
84600745
84609133
84607585
84602045
84600240
84600356
84605705
84603015
84603412
84607145
84605645
84605398
84605164
84605426
84607305
84600646
84600165
84603018
84608035
84605695
84600586
84605550
84605358
84607710
84605378
84600290
84600328
84600066
84600040
84600245
84600348
84600420
84600530
84607041
84600626
84600685
84600676
84607093
84603099
84605595
84600428
84601057
84608050
84607776
84605300
84608200
84605295
84605543
84606410
84606415
84602450
84608140
84608145
84609000
84608150
84605000
84608000
84605222
84605692
84605250
84603093
84608600
84607303
84604800
84605410
84605160
84605665
84603084
84605354
84603140
84603372
84600130
84600460
84600694
84601060
84601257
84608045
84605800
84604390
84604090
84601227
84600418
84601036
84607500
84605610
84601595
84600654
84603090
84602035
84600270
84600013
84605240
84607385
84600526
84603066
84605318
84604005
84601200
84600260
84600016
84605228
84601575
84603009
84603069
84605750
84600140
84600456
84600075
84600220
84600388
84601565
84600072
84607605
84605382
84600084
84600215
84600392
84607773
84603012
84603149
84603384
84600175
84600440
84608090
84607600
84605670
84605438
84600590
84604755
84607054
84600102
84600180
84607699
84605414
84600120
84600115
84600614
84600736
84601015
84601266
84605350
84600697
84600707
84600574
84604075
84604385
84609142
84602150
84600582
84600730
84609154
84600087
84607782
84605200
84601209
84601012
84601021
84601018
84601251
84602185
84601310
84601003
84603072
84600638
84600317
84600498
84600602
84605785
84609169
84601065
84607365
84608105
84600703
84605725
84600494
84601063
84600410
84608060
84604425
84607345
84608110
84603762
84602145
84601245
84605184
84608055
84601066
84600735
84601030
84607184
84607660
84600160
84606020
84602002
84600506
84600670
84600507
84600708
84607665
84605790
84605362
84603396
84603102
84603750
84601236
84603045
84600155
84600105
84607119
84605338
84601590
84607164
84603766
84607495
84604435
84605685
84600739
84607000
84605220
84605168
84607295
84605180
84607615
84607015
84608130
84603404
84607620
84609175
84600096
84605406
84605386
84609130
84605434
84600712
84600170
84605446
84600518
84600416
84600412
84603122
84603280
84607335
84600650
84604745
84605330
84601600
84600195
84609163
84601560
84607067
84609166
84607610
84604070
84602043
84603125
84603284
84605625
84604765
84605660
84605755
84600372
84605236
84607465
84601007
84600090
84605326
84605605
84605418
84600078
84600275
84605765
84604695
84601263
84607112
84603173
84601054
84607125
84607670
84605196
84605430
84604050
84605334
84600610
84600709
84601315
84601203
84609151
84608100
84609139
84604015
84600046
84605442
84600710
84601067
84604035
84603312
84601218
84609148
84603388
84608093
84603081
84600658
84600688
84600205
84609172
84605675
84602030
84600028
84605795
84600210
84600396
84607034
84607785
84607300
84603416
84607106
84604085
84609145
84602000
84601000
84603039
84602175
84603158
84605770
84600562
84609136
84605212
84607788
84605758
84602040
84608123
84603179
84600031
84607650
84607190
84600113
84605548
84605234
84605545
84600263
84607020
84606000
84607132
84607680
84600510
84600310
84600472
84600376
84603296
84603042
84604790
84601248
84600464
84601255
84604700
84600634
84600682
84607355
84603087
84600679
84603048
84602165
84609141
84604420
84605216
84607470
84607690
84603788
84603428
84603292
84603794
84605640
84605208
84604030
84603021
84607370
84605140
84607475
84603030
84600380
84601570
84601320
84600598
84602010
84603316
84605760
84605204
84608080
84605310
84603758
84602170
84605152
84604405
84600606
84605470
84600550
84600484
84600452
84602135
84605454
84601605
84601062
84603060
84602130
84607028
84603774
84607380
84604105
84600444
84603300
84603143
84603376
84607590
84607325
84605580
84605700
84607060
84600235
84600364
84600280
84600320
84600010
84603105
84603392
84603308
84601046
84605458
84600700
84601224
84607700
84600352
84603096
84605553
84604110
84603188
84603260
84604410
84605144
84600728
84608117
84603770
84605342
84608115
84607360
84607510
84605650
84603116
84603272
84604430
84601009
84600448
84602025
84603364
84607320
84600715
84605745
84600721
84604040
84603027
84603057
84607171
84605422
84600480
84600534
84600135
84604415
84605740
84605176
84604770
84603024
84608040
84607480
84603113
84603268
84600145
84603786
84607505
84607460
84605720
84605148
84602160
84601039
84605244
84604025
84600578
84601027
84603754
84605540
84603036
84603119
84603276
84605172
84607698
84602180
84602155
84605462
84605600
84603054
84605314
84605374
84600300
84600336
84601580
84603006
84603110
84603264
84603580
84604000
84604210
84607310
84602015
84605615
84600034
84604760
84603420
84600522
84600476
84600295
84600332
84604240
84604080
84605635
84608075
84600282
84607595
84607515
84605370
84600315
84600408
84604785
84601610
84606150
84605575
84605466
84600099
84600255
84600250
84600022
84607655
84601048
84608300
84609157
84600724
84600125
84600468
84600490
84600566
84600265
84604045
84600432
84607779
84603003
84600502
84600542
84600546
84607080
84605590
84607770
84603000
84603134
84603368
84605585
84600190
84600400
84607485
84607290
84605156
84601212
84604780
84600037
84600344
84601585
84603400
84605715
84600706
84603778
84605630
84612899
84605394
84601260
84603182
84600049
84600230
84600368
84609160
84608095
84600305
84603033
84600340
84600718
84600043
84600060
84607047
84600019
84600618
84601006
84607630
84607490
84603161
84605232
84600630
84600200
84600093
84608070
84603051
84600025
84605390
84607525
84600691
84600742
84609178
84605555
84603164
84600110
84601024
84605690
84605450
84603131
84607455
84605224
84601242
84600538
84604690
84600558
84600673
84600394
84604775
84604060
84605565
84604740
84600727
84606050
84603128
84603288
84601042
84603075
84603304
84600069
84600225
84600384
84602020
84601045
84605570
84604215
84604220
84604230
84604235
84604245
84604250
84604255
84603790
84604260
84600725
84604265
84604270
84604010
84605710
84608065
84604275
84603793
84604280
84607340
84607330
84607640
84607450
84604020
84605780
84605560
84607099
84607445
84607705
84607625
84607440
84607635
84600063
84604750
84601206
84603063
84605188
84605192
84607315
84603792
