58105733
58105026
58106562
58108539
58108552
58102282
58101466
58100193
58100110
58108639
58106437
58101412
58101385
58105101
58106266
58101096
58102825
58108545
58108208
58100511
58108314
58101582
58101452
58106222
58106082
58100528
58105528
58102828
58100615
58100619
58108232
58106034
58101660
58102823
58106246
58108094
58105521
58103554
58103556
58103372
58100113
58101323
58102655
58103468
58106284
58100617
58101770
58102820
58103706
58105508
58108182
58108174
58102838
58101530
58101536
58103064
58100675
58100178
58108542
58108188
58108646
58109464
58109312
58103514
58102658
58101175
58101630
58103068
58105028
58108546
58105860
58106454
58100722
58101522
58103428
58105231
58100645
58106094
58103126
58103763
58103482
58103775
58108024
58106890
58106234
58106039
58106122
58105514
58102830
58102569
58100185
58100575
58108144
58106024
58106077
58100355
58103374
58101015
58103684
58101632
58100678
58100452
58103662
58101285
58108028
58108168
58106063
58103476
58101338
58100434
58109452
58109342
58101355
58101132
58101120
58101085
58100212
58101383
58102577
58108036
58108254
58105775
58108258
58102366
58101248
58109303
58101595
58101740
58102202
58102542
58102800
58103622
58103692
58105182
58106382
58106402
58108012
58108502
58101330
58102592
58100516
58106212
58101653
58101512
58100515
58100518
58100522
58100195
58108516
58108077
58106086
58101670
58105054
58101502
58101516
58101528
58100563
58101052
58100695
58100424
58100466
58100472
58105066
58100491
58100492
58100655
58101558
58101572
58102630
58106044
58100263
58100580
58100302
58108112
58108513
58108640
58101685
58101518
58106022
58108067
58103701
58108602
58103716
58101295
58100122
58100130
58103290
58103242
58103666
58101288
58102335
58103082
58108357
58101443
58101810
58102380
58105604
58102624
58108568
58108569
58100613
58102665
58108284
58108610
58103405
58102575
58105044
58105527
58105703
58103748
58102765
58102303
58105024
58105579
58108641
58108612
58106017
58101328
58105526
58101115
58101114
58102790
58108282
58101448
58100188
58100140
58103312
58100204
58100460
58100550
58101638
58101640
58100685
58103420
58103414
58100733
58103742
58108272
58100668
58102322
58108322
58103750
58105035
58105728
58100711
58103458
58100161
58108566
58102642
58103766
58102647
58106286
58102835
58103744
58105524
58101465
58103342
58103036
58103344
58105124
58102634
58108286
58105726
58108567
58102750
58102740
58100165
58106440
58101315
58101292
58100314
58100316
58100312
58100265
58108531
58100625
58108578
58109456
58108354
58106548
58106012
58108628
58106097
58100305
58108324
58100261
58100508
58108636
58102337
58106014
58102100
58102171
58102023
58102046
58102028
58102066
58102084
58102062
58102086
58101675
58102105
58101750
58102133
58102154
58102019
58102013
58102014
58102156
58102016
58102032
58102042
58102039
58101700
58102056
58102072
58102082
58102052
58102034
58102036
58102079
58102076
58102092
58102098
58102094
58102096
58102124
58102122
58102131
58102128
58102044
58102058
58102054
58102074
58102138
58103222
58103294
58106184
58102284
58106219
58108222
58101242
58100105
58108206
58101635
58103722
58105071
58100422
58100611
58100174
58101008
58100730
58100534
58105084
58102770
58102660
58108533
58108565
58105680
58106252
58105718
58108102
58106238
58103753
58106557
58106084
58102680
58108096
58105091
58102316
58103376
58103194
58100202
58100233
58103652
58101275
58102650
58106371
58105700
58108563
58100486
58106242
58106546
58100206
58108256
58101017
58103072
58105492
58106052
58105502
58103446
58108526
58108204
58108166
58105727
58103298
58103224
58103226
58100168
58108605
58103382
58108088
58100115
58105780
58103396
58101038
58101370
58100118
58101293
58103060
58103062
58100243
58100244
58103780
58105710
58100100
58105077
58100255
58101342
58100538
58101415
58103642
58103633
58101733
58100683
58103184
58103282
58103286
58100728
58101013
58100725
58103142
58101173
58102573
58108537
58101445
58105736
58105131
58100608
58108511
58108212
58100734
58108176
58108276
58101145
58101150
58101232
58103152
58100724
58100222
58101082
58103402
58101180
58101212
58101686
58103136
58105770
58105715
58102312
58102566
58108108
58103332
58103202
58101203
58101190
58103232
58103236
58103335
58103338
58105025
58106294
58101105
58108148
58100142
58105029
58108186
58108522
58101033
58108064
58103302
58105094
58101435
58103122
58100183
58105086
58102546
58105057
58105121
58103512
58102362
58105712
58105134
58101075
58108562
58105037
58108162
58100172
58101718
58108152
58105015
58100503
58100405
58102833
58108540
58102628
58103689
58100662
58103002
58100158
58103472
58103709
58101025
58108032
58101375
58103171
58103172
58101352
58103655
58101278
58105014
58101532
58101462
58101714
58100120
58105105
58105108
58105825
58108652
58105517
58101650
58105581
58102622
58101656
58101028
58106446
58108062
58101520
58101574
58105510
58101055
58108288
58101658
58106171
58106134
58106131
58106216
58106542
58100531
58100532
58103362
58103366
58106422
58101042
58108370
58103462
58102290
58109324
58108270
58102242
58105578
58102031
58102162
58102010
58101860
58102091
58102151
58102071
58102212
58102141
58102262
58102144
58102146
58102174
58105405
58106282
58102142
58102256
58102051
58102149
58102177
58102120
58102110
58103718
58101298
58106320
58105585
58109328
58108172
58101208
58103322
58103671
58108608
58100214
58108242
58106880
58108650
58105039
58103304
58106328
58101552
58101725
58101111
58106100
58101555
58101442
58101350
58105043
58108551
58108643
58101380
58108301
58102626
58105104
58102620
58105232
58100715
58105522
58106072
58100595
58101472
58101534
58101538
58106057
58100705
58100708
58106106
58106026
58108034
58100513
58106532
58103456
58105587
58100108
58102544
58102552
58101273
58101312
58108038
58106032
58103106
58101463
58103320
58103212
58108311
58101762
58101022
58103350
58105565
58100458
58100552
58103444
58103262
58108252
58101065
58101205
58106232
58103315
58101720
58100713
58100688
58105722
58101002
58100770
58103478
58102286
58100170
58100176
58103676
58102586
58101710
58100592
58103758
58105656
58108156
58103740
58105692
58106059
58103756
58105652
58102252
58101830
58102222
58102236
58101063
58100481
58100432
58105731
58108137
58105012
58103762
58108543
58101760
58108561
58101605
58101585
58106069
58100154
58108535
58105573
58106227
58108042
58105657
58106442
58101680
58101473
58101142
58101160
58108248
58105659
58103132
58103448
58105506
58109482
58100210
58100216
58100218
58100603
58103077
58108633
58100740
58101005
58106028
58108368
58109498
58105074
58100590
58105576
58105820
58106406
58106377
58105400
58105436
58105440
58105402
58105383
58105431
58105445
58105375
58105225
58105406
58105425
58105412
58105443
58105452
58105414
58105396
58105434
58105458
58105394
58105392
58105388
58105416
58105385
58101678
58105428
58105408
58100358
58101514
58105810
58100464
58100475
58100536
58100521
58100495
58105422
58105022
58101432
58108122
58108554
58101545
58101712
58106136
58106162
58106155
58103713
58106166
58106152
58108022
58103772
58105041
58105586
58101543
58100560
58100456
58101245
58101458
58101303
58100163
58100673
58101540
58105714
58105097
58105081
58105089
58109899
58103703
58105738
58105052
58102310
58105126
58103102
58108328
58101140
58105032
58106092
58102364
58106544
58108317
58103466
58103520
58108134
58108372
58103384
58101410
58101072
58102600
58108164
58101135
58108104
58100665
58105116
58103052
58100152
58108304
58103054
58108116
58105706
58103743
58100570
58101068
58101283
58108044
58109084
58103386
58103388
58101170
58105017
58108365
58105069
58105137
58103454
58102621
58101525
58100246
58102582
58108106
58105595
58101418
58105062
58101468
58108086
58102332
58101510
58108359
58100248
58101655
58102562
58103518
58102343
58106006
58106434
58106066
58101255
58101268
58101252
58101262
58101258
58103673
58108609
