58703421
58704493
58705630
58703700
58705833
58704606
58705062
58703170
58705572
58705842
58706463
58703628
58706527
58705150
58701534
58705190
58706580
58703373
58705802
58707230
58706503
58703741
58705195
58702105
58702058
58707174
58707343
58701520
58706452
58703743
58706659
58704240
58706643
58701080
58706630
58706425
58706550
58701560
58704600
58705032
58701398
58701070
58701072
58701381
58704370
58706590
58706595
58704733
58702067
58702080
58703384
58705828
58705831
58706476
58706362
58700470
58706191
58706458
58703663
58704278
58704550
58708022
58707415
58701030
58701392
58701035
58705098
58701492
58701552
58701388
58705818
58704042
58701732
58703342
58703280
58708710
58703343
58703276
58708505
58708370
58701466
58707180
58707210
58704495
58703244
58704109
58704757
58704830
58706537
58705578
58705602
58705115
58706115
58706110
58705315
58706569
58705540
58701063
58700630
58703380
58704412
58707400
58702090
58701461
58707383
58708709
58703072
58700153
58703238
58700158
58703030
58704343
58704620
58704625
58706088
58701420
58707016
58706040
58704055
58704463
58704050
58701710
58701689
58706604
58707435
58705140
58701180
58701350
58701344
58704800
58701720
58701480
58701541
58706548
58708382
58701642
58702085
58707130
58707212
58705575
58708530
58704714
58704040
58704473
58708270
58707178
58701375
58703134
58703715
58707172
58705382
58704760
58701711
58705287
58701389
58703660
58704060
58706230
58701370
58701394
58701050
58701055
58701686
58705640
58705606
58706100
58705010
58707046
58701412
58705794
58705308
58701165
58701330
58701796
58706004
58707182
58706525
58701005
58704030
58700175
58704035
58706392
58704768
58706619
58700360
58708090
58701558
58701414
58700570
58704152
58701644
58705280
58701083
58708208
58707186
58704428
58700085
58700410
58700082
58705832
58704535
58704530
58706325
58706328
58705555
58705760
58702010
58706218
58705235
58705275
58704750
58705367
58703025
58703020
58706479
58701318
58704465
58704090
58700170
58706220
58705050
58704135
58704130
58704718
58708272
58708258
58706418
58705750
58704632
58708000
58705797
58701100
58700200
58705824
58707231
58708262
58703633
58705846
58706055
58704058
58704533
58701455
58701450
58701355
58703424
58706020
58704340
58704405
58704400
58705506
58707187
58704785
58701748
58701516
58701359
58703390
58703410
58703346
58703273
58706560
58708115
58701090
58701092
58700123
58707190
58703720
58706577
58700320
58701600
58705134
58708380
58701570
58700550
58706645
58701045
58703632
58706671
58706588
58707260
58707390
58703393
58703152
58704715
58700008
58706360
58700313
58707380
58706670
58703391
58705040
58700460
58703221
58703283
58706529
58704792
58705020
58705201
58706617
58706195
58701509
58702074
58703075
58706584
58706649
58704774
58701542
58701160
58707120
58701747
58701513
58707227
58701753
58701518
58703370
58705203
58701212
58701305
58701215
58701300
58706555
58707200
58702093
58706646
58702077
58704658
58704713
58703217
58705647
58703407
58706498
58703721
58704255
58703070
58707170
58704360
58700020
58707164
58704754
58704759
58706658
58701311
58703395
58706384
58701068
58705795
58700190
58703398
58704608
58706596
58705332
58706190
58705331
58706174
58706240
58706531
58702060
58708725
58701472
58701323
58706666
58704415
58706589
58700490
58707135
58703224
58703655
58706368
58708743
58703222
58703340
58704200
58706120
58706665
58701065
58700605
58701060
58701640
58704485
58706080
58703042
58700030
58700035
58700340
58705206
58707163
58703382
58703658
58705610
58706480
58705616
58700235
58700300
58705586
58705090
58705163
58705852
58705645
58701515
58706081
58708350
58708220
58708745
58706350
58704133
58705656
58706128
58703386
58703625
58706609
58703035
58704190
58704260
58703272
58703440
58704748
58704378
58706567
58704125
58704120
58704105
58706122
58706579
58703078
58705625
58701540
58703422
58704358
58704710
58703216
58703620
58701694
58701530
58703653
58704720
58703148
58706369
58706674
58702087
58706386
58707232
58706178
58704794
58704655
58700482
58704272
58708748
58706578
58706557
58704275
58703716
58706585
58707222
58707110
58706520
58704477
58704510
58706664
58708515
58704560
58706667
58706640
58704410
58700468
58700480
58707173
58706300
58706599
58705070
58707184
58706464
58700230
58700233
58704755
58706406
58700315
58705801
58702095
58707183
58701366
58705060
58706375
58706305
58701103
58705130
58707048
58700552
58704810
58705205
58706227
58707040
58705165
58704540
58705100
58704425
58705077
58704440
58705193
58704000
58704751
58701751
58705182
58706461
58703623
58704777
58700045
58708210
58701220
58701320
58704270
58706600
58703207
58706642
58703740
58704775
58704822
58701135
58701000
58708360
58708100
58708280
58701554
58704580
58701316
58701555
58705075
58703375
58706465
58703635
58703657
58702063
58700168
58703638
58703252
58703120
58703714
58708070
58703230
58705680
58704435
58704365
58704430
58700090
58703705
58703742
58705380
58705618
58707065
58706593
58708050
58706660
58703664
58704390
58703636
58704797
58706545
58703703
58707108
58707342
58704740
58704772
58700080
58700400
58706494
58704140
58705510
58701548
58703090
58706472
58705080
58705125
58708252
58701445
58701440
58701325
58702088
58701082
58700600
58706210
58706215
58705841
58701670
58706653
58700380
58700185
58704791
58706491
58700590
58704796
58708254
58704290
58708113
58707432
58701506
58705844
58701468
58700318
58706540
58707080
58701744
58701510
58703214
58703250
58703268
58703040
58701620
58707412
58708035
58700110
58700115
58705052
58703233
58703210
58703215
58704362
58701695
58706317
58703095
58707177
58701769
58701805
58708372
58701660
58701120
58703045
58701315
58700015
58706576
58704160
58703670
58704665
58706460
58708721
58705853
58701340
58706559
58704767
58703344
58703275
58701487
58703136
58701384
58703265
58703360
58708733
58705132
58703718
58705587
58708700
58704285
58705381
58705836
58705144
58706222
58707060
58703431
58703277
58703218
58705520
58706574
58708730
58704065
58704602
58706382
58705384
58703415
58705110
58708520
58705207
58700055
58700050
58703258
58703060
58703434
58707300
58700250
58706544
58706048
58703621
58704233
58701346
58708384
58701210
58704795
58706524
58703725
58708727
58703433
58701342
58706185
58705174
58705300
58706102
58703396
58708500
58708502
58701190
58701630
58701687
58706450
58707320
58707175
58708720
58701358
58701426
58704783
58705626
58705035
58708108
58707305
58704818
58707220
58701718
58701367
58707345
58706563
58703438
58701363
58706200
58703061
58705580
58704045
58706083
58706188
58708740
58701493
58705178
58704490
58707340
58705304
58704660
58701712
58703622
58703626
58705803
58704784
58701573
58706562
58700420
58705365
58707440
58706302
58704475
58704470
58704500
58704230
58704235
58703225
58703206
58703745
58701550
58706597
58700385
58700595
58705622
58705650
58704315
58704225
58704220
58705025
58704325
58705594
58703723
58703610
58703220
58700120
58700122
58704041
58703708
58706028
58706310
58706315
58706690
58707188
58700500
58703656
58707185
58706323
58701406
58705635
58706475
58706655
58708738
58704310
58703710
58705854
58708150
58701500
58706565
58706533
58704645
58704640
58701502
58706493
58706044
58706165
58706528
58701726
58701485
58703662
58704505
58704250
58704502
58705552
58707118
58707215
58706582
58701564
58701058
58703200
58705500
58707045
58705306
58705307
58707418
58704536
58706022
58703006
58701883
58706060
58706552
58704722
58706526
58706140
58707280
58707285
58705644
58704736
58706536
58706686
58707346
58705210
58706430
58706435
58707430
58707000
58706680
58701025
58701023
58700430
58706160
58704780
58707360
58708371
58701488
58704743
58704320
58707460
58706082
58707005
58700515
58707100
58701605
58704170
58704175
58707425
58707420
58706420
58706510
58706606
58706388
58705849
58705813
58705843
58703423
58705826
58703650
58706675
58700205
58705368
58706538
58704745
58706556
58701362
58708713
58707125
58701486
58701745
58701511
58707062
58705391
58708723
58704478
58704805
58708256
58706610
58705624
58704604
58706570
58706566
58705643
58706490
58705392
58705204
58706612
58707344
58701110
58703271
58701692
58701354
58703227
58706497
58704786
58706364
58703430
58706652
58701724
58701482
58703392
58703229
58703270
58706046
58703713
58704730
58701608
58702072
58701498
58705390
58705385
58707438
58706474
58702086
58708735
58701424
58703228
58706015
58706601
58706678
58701685
58705160
58701508
58701033
58701490
58706615
58705582
58703242
58706669
58700100
58706453
58702108
58708374
58701653
58705835
58705800
58706547
58703008
58700124
58706492
58708368
58701390
58706090
58700125
58700530
58700484
58706006
58706073
58703388
58705830
58701721
58701481
58701310
58703203
58704330
58704630
58704335
58708717
58708020
58706661
58703404
58701402
58706225
58706228
58703717
58702052
58703290
58703144
58703226
58703285
58702111
58706495
58704280
58701012
58705848
58706050
58701130
58705371
58701750
58703105
58703100
58703254
58706454
58701385
58708260
58706657
58706477
58704824
58705837
58703195
58703190
58706676
58706478
58704555
58704520
58700150
58700165
58700151
58701749
58701517
58700390
58706663
58706400
58705791
58703050
58701313
58701140
58703266
58703363
58705838
58701723
58701483
58705550
58708362
58706416
58705152
58705592
58706602
58701396
58701170
58704570
58706587
58702069
58704075
58704115
58704480
58704110
58705827
58705820
58705799
58701095
58707011
58704080
58708030
58705870
58701404
58705858
58703130
58700240
58708037
58707410
58704020
58707480
58708025
58701880
58703349
58703425
58701566
58706000
58700040
58704752
58705604
58704663
58705142
58707160
58706229
58701770
58708202
58707166
58700070
58700350
58706505
58706440
58703048
58707042
58700180
58704038
58701020
58700183
58700488
58700540
58703208
58703637
58707162
58706522
58701746
58701512
58704373
58704150
58704155
58701730
58703292
58705322
58706170
58705321
58706176
58706070
58701410
58705146
58701416
58701010
58700160
58700418
58700450
58700455
58705809
58701808
58704482
58705825
58706594
58704350
58705857
58701040
58703005
58700010
58703000
58703240
58701418
58701008
58708752
58706554
58705660
58703730
58701754
58701519
58706085
58706651
58706549
58701474
58708390
58703150
58703155
58703630
58704735
58701302
58701631
58705584
58706532
58703744
58701471
58707115
58707218
58706656
58701688
58705030
58700075
58700370
58705865
58705823
58705790
58705815
58705383
58705370
58706470
58705560
58705845
58704010
58700260
58703204
58700440
58703400
58701602
58705850
58705834
58706586
58701422
58705811
58701400
58708215
58704778
58706530
58706568
58706668
58700060
58704770
58704100
58708510
58708899
58707020
58708095
58704782
58701150
58707242
58703010
58701470
58706481
58708010
58706515
58704766
58705136
58705000
58707140
58706025
58701610
58701360
58701365
58705810
58708275
58701632
58704274
58704826
58703429
58705192
58705593
58703132
58705055
58707192
58701368
58708392
58706125
58703445
58705590
58700140
58708707
58707193
58706408
58703295
58700154
58703140
58703432
58704210
58706508
58701683
58702065
58708373
58705170
58704032
58704025
58702000
58706575
58700130
58701504
58706365
58705812
58701650
58703428
58701380
58706539
58704680
58704682
58703274
58703345
58705855
58700004
58700002
58707010
58707225
58706684
58705072
58706455
58705840
58706558
58706086
58701725
58701484
58706572
58706564
58704420
58707411
58703627
58706333
58702100
58700520
58700486
58700510
58704468
58704460
58705796
58708365
58708206
58703358
58705301
58708110
58703378
58706330
58706546
58707165
58701105
58707365
58701475
58706130
58704588
58706553
58701357
58708200
58708190
58701230
58701463
58705576
58706607
58705361
58700245
58700330
58705570
58706221
58701042
58700580
58700585
58701043
58701062
58700610
58703420
58705162
58703269
58703368
58700220
58703267
58703365
58701505
58705653
58703435
58705176
58701473
58705386
58708204
58703256
58703080
58700465
58701648
58705180
58706052
58704070
58706340
58701690
58705128
