79611051
79620022
79630730
79621103
79640567
79602012
79631000
79621160
79640630
79640650
79640190
79610424
79630391
79640620
79610400
79640700
79620369
79620011
79601172
79622008
79640626
79640452
79620321
79630150
79621061
79612610
79642182
79610241
79611190
79610200
79610280
79611212
79612433
79621321
79640442
79610372
79622053
79644120
79640323
79640030
79600042
79640100
79640640
79640702
79620180
79622018
79620166
79600038
79640390
79612820
79620160
79600100
79601110
79602090
79611160
79610004
79610122
79640092
79640510
79610396
79641140
79600012
79621063
79630640
79630570
79621300
79640692
79642358
79621558
79622046
79640686
79602141
79621538
79620112
79621069
79620168
79622024
79640250
79630130
79621273
79641162
79640614
79648518
79641305
79645409
79645034
79645230
79610418
79645237
79621320
79640610
79621446
79622032
79620240
79620376
79603130
79602091
79612500
79630070
79621568
79621190
79621398
79620167
79620173
79620159
79640578
79630300
79642364
79645120
79645142
79645500
79645645
79610310
79611217
79610283
79604211
79630550
79611211
79620396
79630290
79630630
79640690
79622022
79620241
79601000
79601002
79601001
79601003
79645070
79645182
79602082
79630540
79630720
79630395
79622049
79640550
79630322
79640230
79640566
79630235
79610330
79642144
79622056
79620170
79630453
79622059
79621691
79648522
79630788
79630776
79621370
79611213
79610282
79630732
79600180
79601190
79602170
79604230
79610150
79610156
79622010
79642314
79612481
79631162
79644218
79644216
79621350
79610332
79630208
79631010
79620377
79621554
79645080
79645368
79610270
79610266
79641160
79648506
79644210
79640200
79622036
79621330
79621260
79621534
79621322
79620050
79621060
79641161
79645100
79610290
79640095
79640320
79600170
79601180
79602160
79604210
79604224
79610130
79610136
79620200
79603060
79604060
79645340
79612822
79630239
79640360
79642146
79600120
79601130
79602110
79604050
79610030
79610142
79621530
79640097
79611308
79642156
79603051
79620634
79612460
79642362
79612818
79600050
79601060
79602040
79603070
79611050
79611226
79611302
79621050
79630190
79642192
79640634
79631166
79644254
79621450
79611053
79610333
79631020
79612622
79641060
79640435
79645150
79640341
79621301
79622044
79640598
79645410
79645659
79621150
79630170
79630510
79621444
79611310
79630768
79644244
79610430
79640322
79622014
79645033
79621270
79612606
79620311
79611111
79641020
79622058
79621193
79603000
79604000
79645310
79640624
79610428
79648508
79620111
79642302
79645021
79612111
79640081
79645239
79640552
79644232
79642152
79640290
79621536
79613030
79621289
79640130
79641090
79620000
79630000
79621000
79621432
79630001
79630220
79610436
79621532
79642148
79645082
79630770
79645641
79630254
79612554
79630810
79612542
79642068
79612546
79612544
79640451
79610416
79640090
79641050
79641306
79640410
79642194
79640380
79640350
79611316
79630311
79630310
79620630
79631030
79612600
79644260
79622051
79621250
79630790
79640613
79620010
79621020
79621443
79621439
79630506
79600130
79601140
79602120
79604090
79610050
79610116
79640096
79622033
79630035
79612826
79645035
79630806
79644240
79621283
79612838
79612040
79612070
79612060
79612050
79644230
79604070
79640445
79641080
79621125
79620397
79640586
79645406
79641170
79645652
79613040
79612110
79645040
79645376
79610230
79610232
79621104
79612420
79602000
79602002
79602001
79602003
79645130
79622031
79622054
79612612
79640520
79621460
79640140
79611055
79610335
79631040
79621564
79642042
79645504
79610331
79620390
79621423
79630390
79630259
79621441
79642330
79642308
79641307
79640099
79640484
79600150
79601160
79602140
79604170
79610090
79610091
79612803
79620130
79621102
79621100
79630560
79610365
79601020
79601021
79645095
79602020
79602021
79645300
79640652
79645642
79645654
79645502
79645400
79630252
79630792
79612832
79642154
79630784
79630772
79642184
79630015
79611306
79603170
79604220
79604222
79645655
79620280
79621210
79641070
79630296
79600140
79601150
79602130
79604130
79610070
79610096
79610097
79640098
79640482
79642328
79640554
79620041
79620632
79611110
79610120
79610121
79622004
79645242
79640160
79620386
79631050
79601171
79641120
79645180
79645405
79621562
79640612
79648516
79612112
79604260
79602142
79640175
79612480
79620374
79621015
79600003
79600001
79640012
79600004
79641012
79645000
79642179
79610432
79621191
79621192
79630782
79612627
79642180
79645512
79645644
79621324
79621448
79630450
79642304
79630272
79642352
79642354
79640040
79630012
79621442
79630392
79631060
79620379
79612824
79621400
79602010
79602011
79645110
79610356
79622060
79640694
79640480
79640600
79622061
79622030
79622062
79630766
79645135
79620300
79620392
79611020
79610020
79601004
79630080
79613010
79641301
79621436
79620171
79641110
79641130
79642202
79642163
79642160
79642310
79611113
79642140
79630237
79630340
79621437
79630332
79630620
79630440
79631158
79640010
79641180
79630731
79642196
79631080
79630504
79610410
79630814
79630609
79644224
79622039
79648514
79645514
79645657
79620091
79622048
79642200
79604270
79640171
79642040
79640558
79620372
79620070
79621500
79642198
79622041
79621431
79630406
79612624
79631154
79604140
79604141
79645374
79645513
79610363
79631090
79640636
79645160
79644000
79648500
79621101
79630282
79611120
79610000
79610001
79610002
79645658
79620290
79610414
79622047
79640611
79648512
79622050
79648520
79630240
79630481
79630050
79610370
79640572
79601010
79601011
79645050
79645404
79645515
79620165
79621282
79604030
79642300
79612556
79642176
79640173
79620120
79620636
79620350
79612620
79600110
79601120
79602100
79604010
79610010
79610124
79640093
79642360
79630250
79640121
79641304
79645032
79645290
79640070
79641030
79641302
79612629
79621296
79620400
79600010
79600011
79645010
79611170
79611171
79610180
79630600
79630280
79630160
79622020
79612602
79641088
79620030
79621040
79611140
79630232
79645251
79620371
79611080
79610080
79620330
79620395
79620012
79640051
79602042
79641122
79600200
79601220
79602190
79604250
79604252
79610081
79610190
79603150
79604180
79604182
79645610
79645506
79620384
79620262
79612440
79611052
79622037
79610398
79621240
79630211
79621220
79604214
79630321
79642344
79640170
79610366
79620177
79640060
79640050
79604110
79603160
79604200
79604202
79645630
79620270
79620388
79645210
79641167
79645407
79630180
79640080
79641040
79622045
79640562
79640331
79612431
79621090
79630031
79642318
79620140
79620169
79620090
79621510
79645650
79613003
79640300
79640321
79642334
79600160
79601170
79602150
79604190
79610110
79610148
79640530
79640083
79630410
79641310
79645081
79641048
79621212
79610358
79621401
79610320
79610399
79622043
79603040
79604040
79604041
79645330
79604150
79640420
79631160
79621426
79630802
79621217
79612614
79621323
79631100
79602081
79602161
79631110
79622027
79620391
79630256
79621447
79644248
79640178
79611304
79620020
79620015
79642190
79630013
79645413
79640176
79621424
79621438
79621325
79612616
79630350
79620394
79611060
79610060
79620320
79630210
79640310
79630110
79640698
79631120
79621560
79621188
79611130
79610140
79610141
79642332
79621574
79621584
79630610
79621433
79621419
79602151
79611210
79610240
79630331
79630760
79630030
79630002
79642322
79640120
79641123
79600190
79601200
79602180
79604240
79604241
79610082
79610170
79600192
79642048
79645660
79610360
79620100
79620178
79620322
79622040
79641210
79645205
79645036
79645236
79620220
79620382
79642178
79620040
79620172
79620314
79603120
79604120
79645370
79645516
79620230
79622042
79611040
79610040
79620310
79620393
79620380
79603140
79604160
79604162
79645510
79620250
79648002
79621170
79630501
79612626
79620373
79641164
79645122
79640622
79603162
79621010
79620370
79630100
79641163
79645121
79641166
79645124
79622035
79640339
79622057
79620060
79630044
79620042
79642346
79621120
79645250
79645126
79641150
79630255
79630734
79622023
79641165
79645123
79640568
79640440
79612802
79612630
79610350
79610284
79603101
79640616
79640670
79640240
79640570
79644220
79610220
79611318
79645060
79645378
79610176
79610250
79645387
79601030
79645170
79612510
79640588
79630736
79645038
79610336
79645646
79645750
79621182
79644206
79644226
79645238
79630323
79630520
79630808
79610420
79644246
79621067
79620399
79600060
79601070
79602050
79603050
79611070
79611228
79611218
79610412
79630778
79645643
79645656
79645508
79631130
79630230
79631152
79621425
79644250
79622012
79621215
79640632
79640430
79621280
79630690
79621066
79611320
79610392
79622055
79642306
79620025
79612430
79631140
79612840
79642324
79621130
79630034
79621216
79600080
79600081
79601090
79601091
79602071
79602070
79603010
79603011
79611000
79611001
79611206
79611208
79611215
79611216
79640260
79645280
79612836
79600070
79601080
79602060
79603030
79611090
79611230
79611214
79622038
79600020
79600021
79645030
79630400
79631170
79645640
79642162
79620398
79642336
79610334
79630608
79621430
79603080
79604080
79604081
79645350
79620210
79604239
79645518
79648510
79641352
79641354
79641366
79641356
79641362
79641358
79641350
79641368
79641360
79641364
79642142
79611324
79621410
79642168
79600040
79601050
79602030
79603090
79611030
79611224
79630258
79648502
79601005
79622026
79620179
79640574
79640500
79630253
79630370
79630762
79622025
79630710
79604271
79621221
79610422
79642064
79612558
79611314
79642158
79621262
79644256
79644222
79612830
79644228
79631156
79630774
79621445
79630213
79630812
79630780
79642188
79622002
79630786
79630582
79610202
79640072
79645702
79645700
79610352
79610376
79620211
79612560
79640576
79640579
79630090
79612436
79612471
79612474
79612470
79612472
79612473
79612410
79612437
79631164
79612090
79641200
79613120
79630700
79621068
79645241
79620080
79620176
79620318
79645301
79621213
79621065
79621195
79621290
79612828
79611100
79611112
79610100
79610102
79610104
79610106
79613000
79620340
79622100
79621412
79630580
79630260
79611150
79610160
79610161
79610426
79630393
79631150
79630200
79610402
79630804
79642050
79642058
79642056
79642054
79642066
79642046
79642044
79642052
79630233
79640688
79640696
79640680
79640666
79640676
79640684
79640672
79640656
79640654
79612562
79640704
79612548
79640662
79640678
79642062
79642070
79640660
79612552
79640664
79640674
79612550
79642060
79630140
79642320
79642326
79642340
79642342
79642348
79642350
79642312
79642316
79603031
79630470
79621214
79642186
79604100
79645360
79645403
79622052
79640400
79630231
79640443
79600030
79600032
79601042
79601040
79602025
79602027
79603110
79603112
79611009
79611010
79611222
79611223
79611300
79611301
79642356
79630515
79630234
79645140
79645401
79640094
79649899
79645402
79603020
79604020
79604021
79645320
79621180
79640174
79648000
79640325
79630036
79642164
79620378
79644200
79644202
79645412
79644264
79644214
79630120
79630214
79642338
79621031
79621284
79621340
79630420
79630226
79620110
79610281
79613070
79640447
79644262
79611054
79630330
79621380
79612450
79612834
79644208
79640470
79630660
79612618
79621140
79630020
79642170
79630206
79645125
79610438
79604104
79621311
79612020
79641100
79640180
79621272
79612604
79621211
79621440
79610354
79640638
79640270
79640444
79622034
79630212
79610434
79621070
79602162
79641010
79630799
79640220
79640020
79645653
79604272
79640446
79641190
79612490
79641308
79613060
79612100
79612200
79612290
79612260
79612435
79612434
79612280
79612300
79612310
79612270
79612250
79621194
79613020
79630490
79640280
79640453
79640481
79611312
79642150
79644212
79621110
79630032
79630721
79612628
79644266
79611322
79642166
79621310
79640618
79630650
79621064
79612080
79612030
79612150
79612120
79612190
79612180
79612140
79612160
79612170
79612130
79612010
79640441
79640082
79603100
79612608
79610368
79610394
79640682
79630500
79621200
79645408
79621080
79630238
79640582
79645020
79604251
79610210
79610211
79630764
79644258
79644252
79621281
79621202
79613001
79640490
79640450
79620190
79621285
79600090
79601100
79602080
79640091
79640210
79611114
79611116
79620387
79610362
79611118
79611122
79620383
79640556
79645023
79613100
79630222
79620389
79620175
79620315
79644204
79620385
79621421
79645382
79613130
79630224
79621422
79640560
79645022
79613140
79645024
79613110
79640569
79613090
79621434
79621427
79613080
79621435
79621428
79620375
79621429
79620381
