57604597
57608378
57602640
57607050
57605120
57605130
57603110
57600340
57604686
57604112
57604595
57601220
57607020
57608180
57604599
57604593
57603132
57604668
57606298
57607302
57607220
57603070
57604264
57607410
57607683
57607030
57608430
57605015
57602180
57605080
57608080
57607545
57602350
57604662
57607430
57600620
57608520
57608530
57608535
57607374
57602494
57604054
57604110
57606007
57604116
57604810
57600430
57608410
57604044
57606013
57602210
57607230
57608525
57603085
57606065
57606067
57607670
57607450
57606012
57602190
57603130
57600350
57600360
57600370
57600380
57600390
57608505
57600830
57608070
57601020
57604066
57604134
57606110
57601324
57604262
57604678
57606286
57602499
57602000
57602497
57601334
57604601
57600810
57600727
57607530
57601190
57603142
57604272
57604672
57605030
57605035
57601430
57607130
57608380
57607206
57602040
57604052
57608338
57604587
57608450
57605021
57604072
57600645
57607510
57608280
57600055
57600590
57600595
57603282
57607665
57606045
57607485
57607280
57601425
57607010
57600420
57607525
57601440
57607520
57604611
57603140
57600725
57608390
57608405
57608370
57600425
57602492
57602405
57606292
57603128
57604252
57606003
57607550
57607555
57600040
57607080
57604670
57600460
57600150
57607600
57600050
57604074
57605110
57602320
57605002
57607655
57607360
57607420
57600215
57602645
57602010
57605013
57600090
57600130
57601120
57604613
57606282
57606280
57606304
57600060
57600680
57600660
57600665
57604084
57600250
57608112
57607558
57606090
57606095
57606092
57606106
57608515
57600210
57604656
57602170
57607740
57602282
57602160
57608185
57604115
57604615
57604062
57606272
57604652
57602470
57603120
57602480
57600640
57607372
57601328
57604118
57607200
57604684
57608290
57600180
57607140
57606016
57604106
57607260
57607265
57604627
57600820
57603075
57600120
57608010
57606009
57607373
57604589
57604098
57601060
57606290
57600005
57606309
57608518
57601310
57604132
57607460
57607465
57600170
57604800
57601380
57607580
57603112
57601390
57608320
57602740
57602345
57602230
57606102
57603080
57608300
57602491
57607290
57607310
57602450
57604629
57600728
57600800
57604104
57602390
57608344
57602270
57602501
57602290
57602275
57608372
57603010
57600600
57606296
57604603
57603012
57601250
57607055
57607500
57608354
57604514
57604092
57604577
57606300
57604056
57606057
57602495
57607170
57602130
57602195
57604676
57608045
57600105
57600570
57600575
57608346
57604631
57603016
57608490
57600145
57603124
57601300
57602020
57604100
57601280
57602730
57600190
57604635
57600465
57600650
57602400
57604708
57600205
57600010
57604048
57606050
57607480
57600630
57607556
57607250
57607255
57604585
57604710
57606284
57605020
57603008
57604637
57605100
57608358
57607305
57607300
57602325
57602220
57607477
57608420
57602540
57601308
57607565
57606030
57606040
57608540
57608060
57608260
57606025
57602135
57603133
57608362
57604122
57604510
57607658
57602537
57605055
57602200
57608387
57600160
57600270
57604706
57607378
57607371
57607630
57608364
57608342
57606060
57608510
57608336
57608475
57608125
57607375
57607376
57602140
57602315
57602145
57601170
57604579
57607490
57608348
57604105
57608200
57607201
57600704
57600703
57600700
57600705
57604068
57604095
57603060
57604526
57608310
57607659
57605047
57602493
57604591
57604812
57600230
57604664
57606008
57600450
57608150
57608506
57601332
57602150
57602690
57604024
57606070
57608220
57606011
57608230
57604816
57605125
57601240
57602260
57608270
57602460
57607415
57608374
57602110
57608250
57604583
57600030
57604130
57604125
57604680
57608710
57600440
57601340
57601260
57607515
57608040
57601275
57606055
57606056
57608388
57604530
57600310
57603300
57605070
57608240
57608330
57602525
57603020
57603014
57607564
57601180
57604258
57602120
57607205
57608090
57601185
57603100
57604692
57605075
57603294
57604696
57603280
57604704
57608545
57600300
57607562
57607560
57606002
57603270
57605105
57604639
57606294
57604633
57608375
57606274
57600220
57605006
57602410
57604064
57607207
57608376
57600726
57600280
57604694
57604674
57602430
57602300
57608555
57608504
57608460
57608470
57604076
57608110
57608115
57601050
57601130
57603050
57604042
57608383
57608382
57607340
57602530
57602465
57607203
57604127
57604581
57608514
57601230
57603292
57602055
57600200
57603134
57600025
57602498
57603090
57601322
57602710
57601030
57600480
57600140
57603150
57606006
57601160
57604808
57604700
57600240
57600565
57600806
57602370
57606005
57607720
57608352
57602535
57602520
57602050
57604268
57608550
57603123
57601350
57601315
57603122
57603126
57607535
57605050
57607380
57607385
57608360
57607060
57600260
57608440
57608120
57604702
57601210
57604802
57604026
57607440
57604690
57604090
57604256
57604096
57602750
57604094
57603135
57604682
57604254
57602531
57604660
57604097
57601304
57602070
57608190
57601306
57604028
57606073
57608508
57602680
57602685
57601422
57606288
57600395
57601070
57604034
57600720
57608210
57600225
57602650
57604804
57607180
57605060
57601370
57601312
57600710
57600715
57600716
57604032
57608560
57602380
57602030
57600320
57600330
57604698
57601400
57608495
57601320
57602536
57600730
57600100
57600410
57602490
57601123
57603145
57601420
57607350
57602534
57604266
57607240
57607202
57604058
57601290
57608473
57608516
57601410
57600080
57600095
57607495
57607470
57608385
57604108
57604819
57604518
57604088
57602100
57601330
57602334
57605010
57604080
57602550
57607640
57607645
57600070
57607660
57607675
57604010
57604006
57604012
57604008
57604004
57607040
57607100
57604036
57608477
57607680
57606010
57606020
57600290
57600405
57601080
57606104
57602060
57608415
57608350
57602440
57606276
57602420
57604250
57607320
57601010
57608720
57607110
57603152
57607070
57600550
57600560
57600555
57607243
57601090
57608500
57607370
57603298
57602250
57602255
57601040
57603131
57608127
57607150
57607090
57607190
57608123
57603290
57604818
57608130
57604688
57604070
57607685
57608340
57602090
57600470
57605025
57607330
57608400
57603030
57607652
57609899
57604641
57604650
57604654
57601360
57606306
57607160
57604082
57600688
57604806
57607400
57607405
57600610
57604274
57603040
57608050
57605040
57605045
57607690
57602240
57602080
57605004
57602280
57602285
57604522
57602185
57603138
57601200
57600325
57602175
57604040
57607120
57601140
57607620
57604086
57604658
57606302
57607540
57602155
57605008
57604575
57600690
57606100
57604643
57604078
57608356
57604120
57605090
57602340
57608512
57608334
57600020
57607687
57600670
57604645
57602670
57604647
57602532
57602500
57603296
57604050
57601326
57600110
57608485
57608480
57600840
57604046
57601100
57607570
57606085
57602660
57601317
57602533
57601150
57601175
57602496
57603065
57600400
57604651
57604060
57608332
57604260
57608170
57602330
57600580
57607650
57607654
57607656
57604625
57604617
57604649
57604605
57604607
57604609
57604619
57604621
57604623
