57462530
57460113
57462028
57462212
57462008
57462044
57465407
57467068
57466070
57465524
57460464
57462004
57462276
57467014
57467012
57466175
57466115
57465485
57466026
57465452
57460143
57465476
57462200
57462062
57460149
57465527
57462528
57460062
57462074
57462070
57465422
57460146
57460436
57462072
57462514
57462204
57460095
57467038
57467034
57466124
57467368
57465395
57462518
57460020
57466085
57460032
57462060
57460035
57462252
57460029
57462020
57462510
57462064
57460155
57464336
57465449
57466030
57465497
57460152
57460167
57460528
57466088
57460077
57460119
57467026
57467020
57466094
57460047
57465440
57467128
57465437
57466076
57462536
57467086
57465454
57462502
57467140
57465470
57465389
57467358
57467138
57462500
57462052
57467098
57467058
57467054
57467052
57460071
57467370
57462264
57462208
57462532
57462272
57466121
57465461
57465512
57467344
57467360
57460014
57465443
57462032
57465500
57465494
57466109
57466107
57460041
57462048
57460104
57465431
57460073
57460080
57467072
57467062
57467126
57460110
57466091
57466130
57465479
57467060
57462058
57462512
57462240
57467286
57467160
57462018
57460158
57462038
57460107
57467046
57467080
57467066
57467056
57467024
57462054
57466073
57460083
57466139
57464368
57466010
57465434
57467104
57467078
57462524
57462216
57460008
57462268
57465482
57462010
57467050
57465464
57460050
57460038
57462068
57460044
57465473
57460005
57467016
57465488
57467362
57467354
57467070
57467028
57460134
57462026
57460128
57462034
57460164
57465467
57467114
57467092
57460056
57465506
57462248
57462260
57462244
57462228
57462232
57462256
57462236
57462224
57462220
57465491
57467106
57462110
57465503
57465428
57462036
57467899
57465392
57467110
57465446
57462040
57460161
57462006
57462012
57462506
57462056
57462046
57466034
57465509
57462280
57462534
57462108
57465386
57466014
57464372
57462080
57462508
57462504
57467008
57467001
57460067
57462066
57467076
57467074
57466133
57467006
57465458
57460065
57466148
57462050
57460191
57460197
57460182
57460188
57460176
57467044
