57268680
57269036
57267666
57268478
57266630
57268536
57268574
57267085
57266116
57268000
57266680
57268616
57265446
57266176
57265888
57267798
57266565
57265129
57265147
57266254
57266620
57267582
57266398
57265212
57267145
57267486
57266170
57268186
57266146
57269022
57269038
57268550
57267240
57268552
57269104
57266000
57266104
57266272
57268460
57265006
57265878
57265850
57267522
57266038
57268558
57266046
57265642
57268476
57269034
57265033
57268240
57266755
57268246
57268036
57265626
57267804
57268530
57267215
57267612
57268526
57267205
57265884
57268468
57266022
57269012
57267165
57267642
57266690
57268234
57268510
57265818
57265862
57268522
57265738
57268114
57265180
57266026
57269070
57267714
57266006
57267870
57266570
57267648
57267185
57268222
57268180
57267180
57267558
57268500
57268564
57266066
57265084
57266700
57266128
57266338
57267160
57265414
57265890
57267418
57268084
57268484
57267810
57267150
57268012
57265153
57267864
57267858
57267090
57265102
57267762
57266014
57267594
57267130
57267600
57269004
57268592
57268518
57268560
57266665
57267504
57269074
57266002
57268588
57267606
57265536
57269102
57268532
57267410
57266158
57266074
57266260
57268580
57265860
57268096
57266086
57267125
57268462
57266296
57268692
57265228
57267432
57267476
57265854
57265578
57268690
57265132
57268572
57265196
57265594
57267428
57268464
57265048
57268066
57265896
57265690
57267480
57266740
57268466
57268018
57265244
57268626
57269018
57265864
57268204
57268624
57265012
57265650
57265762
57265826
57266212
57266585
57268598
57265114
57265398
57268590
57265284
57265316
57267440
57266008
57267774
57266010
57267876
57268570
57265544
57265422
57269092
57266054
57267406
57267852
57265722
57268540
57268524
57266705
57265126
57267708
57268228
57267444
57268264
57268168
57268072
57268600
57267470
57268192
57265030
57267408
57266194
57266392
57267190
57267684
57268508
57267672
57268210
57267200
57268672
57268498
57265042
57266326
57267095
57266575
57269090
57268486
57267452
57267546
57265870
57265069
57269020
57266600
57268678
57267442
57265746
57266760
57266140
57266164
57268602
57267510
57265552
57265872
57267140
57267454
57267828
57268470
57268506
57265168
57266080
57266030
57268538
57267458
57267456
57267115
57269010
57267750
57265658
57268496
57269028
57265024
57267404
57267696
57268024
57265156
57266750
57265276
57266610
57268494
57268054
57268480
57266200
57265880
57267636
57267630
57268048
57267110
57265108
57265105
57268502
57265520
57265081
57265618
57269106
57267540
57266302
57265087
57267100
57266266
57267416
57265868
57268482
57269002
57265666
57267498
57265066
57268162
57266590
57266555
57266550
57265682
57266182
57267492
57266308
57266134
57266284
57267528
57266595
57267660
57267726
57265634
57266404
57265135
57269024
57269100
57268582
57265794
57267474
57268216
57266410
57268566
57265057
57266278
57267175
57267450
57269014
57267446
57267780
57269026
57267570
57265027
57268610
57265099
57266248
57265778
57268120
57266765
57268156
57268006
57268472
57268126
57267816
57266362
57265706
57266050
57266092
57265150
57268568
57269000
57269094
57267468
57268474
57265093
57265874
57268132
57265406
57265111
57266110
57265188
57265204
57268504
57266344
57266098
57266675
57266770
57266070
57266042
57265714
57266685
57269032
57268542
57268042
57265009
57269098
57265898
57265165
57265674
57265390
57267080
57265236
57267738
57269076
57268534
57268516
57265036
57268492
57265610
57267678
57265001
57265003
57265852
57266236
57265528
57269072
57269040
57266188
57267702
57266224
57269042
57269008
57266605
57268576
57269006
57265051
57267472
57268544
57265120
57266152
57266034
57267460
57265162
57266374
57265138
57265123
57267478
57268562
57268060
57267155
57267448
57268520
57268198
57265159
57266720
57266730
57267466
57267430
57267834
57268078
57268144
57268514
57266314
57268258
57268594
57267135
57267105
57265570
57265560
57266350
57267720
57266386
57268174
57267516
57265039
57267400
57265858
57267552
57268090
57265882
57267576
57267624
57268578
57268138
57266615
57266725
57266650
57267220
57268252
57268270
57265260
57268596
57267588
57268150
57265018
57267756
57265876
57265063
57267434
57268686
57268108
57266230
57266242
57265060
57266380
57266058
57265096
57267464
57266695
57265892
57266645
57267744
57265786
57265754
57265730
57265075
57267732
57268554
57267230
57266775
57266122
57265698
57266715
57266735
57266655
57267786
57266640
57266625
57265586
57268030
57265770
57268899
57265015
57266660
57265308
57265834
57266710
57269096
57268586
57265141
57269030
57265866
57268488
57267225
57267882
57265886
57265021
57267402
57266745
57266332
57268102
57268512
57269016
57267170
57265810
57267618
57265045
57267414
57267840
57267846
57267462
57267768
57265078
57266670
57267534
57268614
57268556
57265268
57266206
57268584
57267792
57265802
57267438
57267690
57267235
57265894
57267564
57266062
57268630
57268654
57268632
57268652
57268634
57268650
57268636
57268646
57266004
57268640
57268604
57268666
57268700
57265144
57268670
57268644
57268658
57268668
57268642
57267195
57268628
57268704
57268638
57266368
57268662
57268708
57268648
57268656
57268712
57268620
57268716
57267822
57268608
57268722
57267654
57268606
57268726
57268730
57267420
57268734
57266356
57268612
57268720
57268736
57266320
57266290
57268710
57268714
57268718
57268724
57265602
57268728
57268732
57268618
57268698
57266580
57265252
57268622
57268694
57268688
57268664
57268684
57268682
57265856
57268676
57268674
57267210
