63094320
63095256
63094348
63090021
63092138
63092236
63095288
63095270
63094486
63090702
63092224
63090039
63090188
63090360
63094000
63095824
63091018
63090242
63092594
63094028
63090724
63094318
63093016
63092580
63094294
63090670
63090720
63090546
63090345
63094508
63095316
63091036
63091096
63092052
63094298
63090708
63090710
63090522
63090520
63090348
63090351
63090384
63094042
63095402
63092204
63092206
63090894
63090250
63091104
63095304
63092212
63092210
63091106
63090674
63094344
63095242
63095280
63094292
63095015
63092408
63091215
63092230
63090224
63090138
63095018
63090540
63094020
63095404
63092216
63090190
63092412
63095480
63094498
63092144
63090144
63094014
63090363
63094338
63095006
63090019
63090140
63094502
63090200
63094250
63094062
63094510
63094518
63091026
63090530
63090676
63090716
63092306
63090316
63092596
63090194
63091014
63092740
63092636
63091102
63091010
63095302
63090226
63091100
63094046
63090033
63090886
63090684
63094300
63092394
63092250
63095268
63094480
63094240
63094514
63095298
63090041
63094245
63094024
63094026
63095296
63090037
63090882
63090204
63095274
63093000
63092634
63090238
63091108
63090202
63094004
63092586
63095318
63090216
63095292
63092760
63092410
63092054
63090069
63093010
63092622
63094044
63094342
63092058
63095130
63090694
63095252
63095306
63092400
63092218
63093078
63094010
63090354
63090706
63090184
63094310
63092416
63091030
63095312
63090518
63090196
63090714
63090198
63090516
63092136
63094522
63095300
63091006
63090027
63090049
63092222
63092606
63090210
63094504
63092316
63090319
63090005
63090206
63094500
63090222
63091008
63094312
63090372
63092618
63090387
63092598
63090009
63091000
63090007
63095314
63090336
63090898
63090136
63092414
63090698
63090218
63094034
63090718
63090126
63090357
63092214
63092588
63092202
63092302
63090254
63094334
63095650
63092234
63091094
63092310
63090313
63092000
63092130
63092602
63092604
63092750
63090130
63090256
63092420
63094482
63094032
63090512
63090001
63090110
63092132
63090369
63092134
63092232
63090132
63094006
63091022
63090342
63090366
63094316
63090208
63094328
63092050
63090146
63092142
63094022
63090134
63090696
63090542
63095284
63094050
63090892
63090053
63090244
63093124
63092324
63092398
63092226
63094496
63094490
63093060
63095009
63090700
63090043
63092422
63095484
63095258
63094346
63090228
63095282
63092208
63092322
63090240
63094494
63094260
63095003
63095000
63094064
63094290
63095486
63094488
63090234
63090118
63095272
63095445
63094030
63094048
63094324
63094008
63092630
63093002
63090045
63094040
63090664
63090339
63094520
63095308
63094255
63090688
63092600
63091032
63090554
63092220
63095021
63094052
63091038
63090003
63091098
63095290
63095286
63094060
63090013
63095250
63094304
63090532
63090660
63090396
63094058
63090399
63090252
63092248
63090544
63091016
63090393
63094012
63094302
63093080
63092254
63090220
63095400
63094130
63095804
63095240
63090722
63090704
63090232
63090192
63090330
63090333
63094512
63090055
63094336
63090017
63092228
63094056
63090692
63090116
63090180
63092632
63093076
63095440
63090122
63090230
63095266
63095740
63095276
63091034
63091090
63094002
63094016
63090061
63090023
63090142
63095500
63090896
63090128
63092170
63092300
63094296
63092590
63090186
63092638
63095254
63093018
63092578
63090212
63092056
63094326
63095260
63094332
63090112
63090528
63090680
63090682
63091020
63090668
63090666
63094018
63090067
63093012
63092584
63094484
63090246
63094036
63090051
63090063
63090880
63090114
63090690
63090182
63090510
63095398
63094524
63092510
63092002
63094536
63090322
63094534
63092176
63092006
63090310
63094532
63092004
63094530
63092528
63094526
63092527
63094528
63092526
63092320
63094538
63092525
63092524
63092314
63092523
63092522
63092308
63092521
63092304
63092520
63092519
63092518
63092517
63092516
63092515
63092514
63092513
63092512
63094354
63095246
63095248
63092511
63095742
63095380
63095744
63095488
63095482
63095382
63095746
63095490
63095384
63095748
63095492
63095386
63095750
63095494
63095388
63095752
63095496
63095390
63092242
63095754
63095498
63095392
63092244
63095756
63095394
63092238
63095758
63095396
63092256
63095760
63092252
63095762
63095764
63092246
63095766
63095768
63092406
63095770
63095772
63092402
63095774
63095776
63092392
63095778
63095780
63095782
63095784
63095786
63095788
63095790
63092418
63095792
63095794
63095796
63095798
63095800
63095802
63095806
63095808
63095810
63095812
63095814
63095816
63095818
63095820
63095822
63093072
63093082
63093084
63093070
63093086
63093068
63093088
63093066
63093090
63093064
63093092
63093062
63093094
63093096
63093098
63093056
63093100
63093054
63093102
63093052
63093104
63093050
63093106
63093048
63093108
63093046
63093110
63093044
63093112
63093042
63093114
63093040
63093038
63093116
63093036
63093118
63093120
63093122
63093130
63093132
63093128
63093134
63093136
63093140
63093142
63093144
63093146
63093148
63093150
63093126
63093152
63093138
63094120
63094054
63090550
63090548
63092404
63095294
63094506
63094322
63091028
63090712
63090524
63092312
63092172
63090236
63094516
63090672
63095278
63093058
63092396
63096899
63090073
63090071
63091210
63090057
63090011
63091002
63091225
63091092
63090538
63090662
63090029
63090884
63090035
63094038
63090890
63095640
63090059
63092318
63092174
63090536
63090065
63094314
63092592
63095012
63092258
63090214
63092560
63093004
63095508
63090047
63090025
63091012
63090075
63091220
63092620
63092608
63092628
63092610
63092626
63093006
63092612
63093008
63092624
63092614
63092616
63093014
63092582
63093020
63092576
63093022
63092574
63093024
63092570
63093026
63092568
63093028
63092566
63090534
63093030
63092564
63093032
63092562
63093034
63090375
63090378
63094306
63090381
63094352
63090248
63092100
63095244
63094308
63095310
63094492
63094330
63092240
63091024
63093074
63090514
63095262
63092390
63090031
63090124
63092200
63092140
63094350
63090120
63091004
63090686
63090526
63090390
63092572
63094340
63095264
63090552
63090015
63090888
