63700380
63702440
63707518
63700260
63704310
63700658
63700590
63703095
63708762
63703030
63702300
63703210
63705467
63707475
63705376
63705846
63707580
63702490
63709650
63705370
63705239
63705090
63703090
63708295
63707490
63705790
63702463
63704175
63700071
63700595
63701462
63708327
63702774
63708023
63701448
63702778
63705435
63707495
63705798
63700649
63700785
63705726
63704515
63700655
63707018
63707020
63704147
63704565
63700007
63702525
63705290
63700610
63705838
63707863
63700295
63700335
63707540
63704060
63701240
63708360
63707513
63702742
63700470
63707570
63702792
63702592
63707866
63701175
63704265
63704700
63704535
63704240
63704065
63700365
63702475
63702794
63704285
63700550
63708345
63705878
63700255
63705238
63700410
63708326
63700435
63702130
63700485
63704170
63703133
63700100
63704130
63708250
63708695
63707818
63701425
63707821
63708235
63700205
63700290
63703040
63703234
63702310
63701484
63707500
63708290
63701450
63703520
63702800
63708220
63707415
63700010
63703075
63709658
63705886
63704180
63700345
63700305
63705415
63702195
63700455
63704190
63702190
63700450
63702090
63702060
63705505
63700046
63704020
63704045
63708720
63700022
63707440
63708465
63705742
63705750
63708705
63703216
63707550
63704165
63703100
63707465
63703280
63704400
63702055
63702125
63701455
63707072
63700805
63704140
63705035
63705040
63708014
63704215
63707076
63702760
63702746
63700150
63700142
63700155
63702097
63702098
63705830
63702237
63700385
63701220
63707824
63707430
63704070
63708450
63702088
63708280
63702845
63704220
63702135
63704203
63702200
63702593
63700390
63702030
63702025
63702244
63701250
63702415
63701440
63702750
63702770
63707422
63702782
63702520
63702515
63707590
63708423
63708435
63701430
63705430
63708330
63708759
63702804
63704272
63707009
63700325
63700605
63702165
63700073
63702305
63703220
63704331
63702890
63702285
63702545
63705694
63702226
63700440
63703123
63701415
63708425
63708430
63707878
63708729
63707435
63700004
63701454
63707595
63707801
63705686
63702235
63707075
63703080
63700025
63700028
63704010
63701433
63701442
63705470
63700115
63702223
63705285
63704333
63703140
63708018
63707079
63703230
63702420
63708823
63707118
63703142
63700580
63701410
63701446
63708710
63708000
63702754
63708016
63707040
63702780
63702005
63700124
63702880
63703125
63703050
63703000
63702500
63709656
63707806
63702180
63702798
63707530
63705245
63707884
63702575
63700097
63704125
63703025
63707575
63707445
63700570
63704160
63708004
63700405
63708819
63708003
63702790
63701478
63701460
63707520
63703226
63705438
63701474
63704327
63708230
63704110
63700118
63702850
63702000
63702250
63707112
63702465
63707565
63708385
63707110
63703065
63705894
63701245
63700019
63702555
63702550
63705240
63700560
63708383
63707630
63708022
63704085
63705255
63702594
63708265
63702860
63702260
63700136
63701210
63705465
63705020
63707056
63700121
63708260
63702140
63708738
63701452
63708405
63707887
63700790
63700315
63705237
63707115
63707854
63702410
63705305
63705100
63705275
63708300
63707420
63700420
63700235
63702120
63700640
63700510
63700775
63705340
63705420
63705025
63707210
63701457
63707833
63707842
63704150
63700320
63700400
63700310
63700285
63708395
63701195
63702375
63702380
63703218
63702175
63702229
63706024
63707525
63707460
63700652
63700540
63702160
63702280
63704145
63701472
63705678
63700031
63700076
63700525
63707869
63702065
63702855
63702255
63700280
63702772
63707000
63707032
63700340
63708415
63700117
63702010
63705235
63704195
63707585
63708012
63700530
63708721
63707470
63705070
63705442
63701466
63702400
63708286
63705445
63705439
63707004
63700490
63700058
63700800
63708355
63703015
63702295
63704040
63704105
63703085
63700049
63700112
63702885
63702265
63705854
63709662
63705397
63705060
63705055
63705050
63704135
63709660
63705774
63701235
63708741
63704703
63704540
63702145
63702275
63703035
63704325
63705862
63705500
63704185
63707893
63701480
63702232
63705455
63702330
63707839
63701190
63701205
63700040
63705734
63700480
63705437
63705440
63701458
63705280
63707485
63708024
63707509
63705425
63705075
63705766
63705806
63704090
63704050
63707803
63700355
63708816
63708822
63704200
63709572
63709372
63701470
63702535
63705045
63705080
63702560
63702455
63708320
63708245
63705355
63705436
63701268
63705300
63702450
63703232
63703233
63702365
63707545
63707433
63708325
63705814
63701265
63705413
63708732
63703070
63700103
63704155
63705453
63707016
63702460
63705315
63706000
63703105
63705510
63704250
63704260
63708008
63705330
63705361
63702580
63702070
63708002
63701453
63707875
63700330
63702155
63700780
63705382
63707030
63701180
63700133
63702040
63702238
63701230
63704570
63709654
63703120
63702117
63700230
63707815
63707809
63702758
63707048
63708365
63708460
63705358
63702210
63702340
63703214
63708370
63705460
63707064
63707008
63700165
63702080
63708305
63707113
63702150
63708475
63700403
63700001
63700061
63707899
63701420
63705310
63708310
63701456
63707836
63709664
63705870
63705320
63704525
63704530
63706032
63707510
63700745
63708756
63707505
63707812
63700052
63704005
63708690
63707800
63708825
63702087
63703012
63702290
63707516
63708005
63700300
63700740
63701170
63700600
63700771
63700661
63704280
63705417
63704255
63701465
63705065
63700215
63702110
63705265
63708726
63708400
63702185
63702385
63705295
63700016
63701444
63700585
63707890
63707443
63709652
63702470
63700795
63704245
63700753
63700770
63707827
63701260
63707410
63707096
63709570
63709370
63700555
63703236
63702320
63703212
63701255
63703144
63701467
63708813
63703530
63708753
63700750
63702570
63702505
63707872
63705364
63705503
63702776
63707860
63708810
63708240
63705250
63707845
63703146
63707848
63704270
63702756
63705388
63707078
63707507
63701492
63705391
63707480
63700760
63707455
63701468
63707515
63707535
63700460
63707508
63707881
63702315
63703222
63700043
63701476
63702495
63700220
63702115
63705670
63705450
63702390
63706016
63700646
63700370
63704520
63705702
63708390
63700445
63704205
63700225
63700085
63702015
63700088
63700620
63702205
63702325
63700240
63700245
63700127
63702035
63700130
63702513
63700430
63708335
63702335
63708315
63700465
63708225
63703110
63700195
63702050
63702865
63704235
63704300
63704290
63704295
63702802
63708764
63701464
63700175
63702095
63701225
63708747
63703060
63700250
63707555
63708375
63708270
63707857
63702075
63702220
63701490
63708744
63703127
63708470
63704450
63700425
63702485
63708285
63705385
63700810
63701482
63701488
63707830
63702748
63700082
63701215
63702752
63708750
63708275
63705782
63701486
63700079
63700139
63700160
63702045
63700615
63701200
63708380
63708255
63705030
63700037
63705710
63708020
63708410
63708700
63703135
63704230
63704225
63707080
63707088
63702744
63707462
63703115
63702510
63708340
63704083
63702870
63704025
63700360
63705718
63705473
63708735
63701217
63708223
63705230
63705085
63702796
63705447
63708350
63704187
63704055
63700515
63702786
63700535
63708010
63704329
63702085
63702270
63702895
63700070
63707487
63702740
63702530
63702480
63700013
63704210
63702425
63705335
63709899
63707425
63700034
63708480
63705758
63703228
63700565
63705325
63703020
63700520
63705373
63700270
63705480
63700415
63700185
63702083
63708440
63700402
63708445
63705270
63705367
63703130
63707560
63700350
63700091
63700275
63700094
63704035
63704100
63704510
63704305
63708715
63707511
63703148
63704080
63704075
63700755
63700265
63700109
63702840
63700200
63702105
63708723
63702784
63705822
63705260
63704115
63707024
63703045
63700793
63700765
63703224
63707896
63704542
63704015
63704560
63707450
63708006
63705394
63708420
63700190
63702100
63702540
63702445
63708455
63707077
63707851
63702788
63703055
63702020
63702875
63705233
63702565
63700064
63700067
63700055
63704030
63706040
63706048
63708328
63700643
63700106
63703005
63703010
63701185
63702405
63704275
63702395
63705485
63705433
63702435
63702430
