61884600
61885260
61880027
61880168
61881386
61884773
61884861
61885542
61885545
61885853
61887470
61888261
61885859
61885491
61881365
61884223
61881287
61881284
61880065
61880216
61887305
61885820
61884274
61885844
61888198
61883005
61880009
61882140
61884705
61881146
61883541
61882506
61880023
61881278
61880059
61887764
61883115
61880261
61887116
61883079
61881101
61882512
61880021
61882780
61880186
61880029
61883562
61880171
61880025
61886140
61882120
61884715
61880883
61887134
61887269
61882705
61882810
61884253
61880165
61887137
61887266
61882775
61884181
61884205
61880183
61880053
61885633
61880057
61884235
61880081
61881389
61880174
61884523
61884770
61885850
61888252
61885856
61887635
61887638
61885639
61880231
61880013
61884289
61884496
61884190
61884286
61888165
61884541
61880255
61883565
61884199
61885642
61882470
61888090
61887260
61880325
61880820
61888267
61881272
61887554
61885370
61884645
61884858
61885847
61888255
61885494
61885645
61885871
61884526
61883133
61884508
61880005
61887446
61888183
61887329
61884400
61882693
61883547
61880189
61885648
61884244
61885651
61887461
61887599
61885654
61882134
61885390
61881149
61887820
61887263
61887602
61884208
61887001
61884283
61887455
61881392
61885624
61887569
61880079
61880085
61884849
61885636
61884424
61885657
61884502
61884271
61880192
61880565
61885660
61884642
61884855
61888246
61885500
61884867
61887815
61887284
61884873
61882702
61885750
61885883
61885609
61887578
61883142
61887563
61887566
61884639
61885503
61882795
61887515
61881116
61882714
61882690
61882160
61882118
61883622
61887479
61881431
61887644
61885745
61880069
61881260
61883151
61883523
61883000
61887179
61884277
61882521
61881012
61882144
61885470
61885153
61881024
61880889
61888192
61887593
61887740
61884247
61884250
61884636
61884852
61885832
61888240
61885506
61885663
61885841
61881407
61888153
61887332
61887443
61887482
61885150
61885740
61887883
61887299
61884710
61884169
61888210
61882116
61882146
61887272
61883648
61887311
61882790
61880083
61882515
61884879
61885497
61883094
61880177
61881350
61880222
61882895
61883538
61883654
61881104
61880063
61881107
61885518
61887500
61887626
61887296
61882136
61884870
61883100
61880258
61881422
61883544
61882479
61883634
61880228
61887748
61884408
61885265
61887485
61887768
61883109
61880045
61882500
61884885
61884633
61884846
61888234
61882491
61884517
61884499
61884700
61883091
61881419
61881416
61880035
61884888
61884876
61884529
61884514
61881353
61884630
61884843
61888162
61881356
61881413
61881089
61880240
61882770
61882533
61880156
61880895
61888195
61884627
61888225
61887506
61883103
61887810
61883658
61885666
61880225
61884226
61880039
61882497
61884538
61880892
61881371
61881377
61888189
61887590
61882527
61883350
61882885
61880162
61883280
61884624
61888219
61887518
61883130
61884262
61887680
61881143
61884229
61880195
61883124
61885395
61886145
61887548
61880810
61880249
61880043
61887176
61887155
61883553
61887131
61881131
61887173
61880049
61883652
61885760
61887488
61882488
61880204
61888094
61882485
61882126
61881095
61884172
61882711
61882122
61882124
61883620
61887752
61885612
61881113
61880207
61887551
61881368
61888186
61887584
61887587
61887671
61883127
61883136
61882476
61884000
61883255
61881128
61887665
61880460
61883290
61887608
61887744
61885385
61884493
61887449
61880075
61884238
61884412
61880077
61880041
61885515
61887632
61883660
61881009
61881401
61881359
61884196
61881086
61880037
61887140
61887278
61885880
61880003
61881000
61881110
61880067
61881290
61880243
61887320
61887509
61882708
61883097
61882015
61881410
61887464
61881395
61884840
61887317
61882760
61887892
61880198
61880150
61880017
61880159
61887623
61887281
61881374
61887167
61881155
61880234
61887629
61883106
61880015
61887886
61883550
61887659
61882130
61885755
61885669
61881425
61888207
61887527
61885823
61884621
61885826
61884618
61882805
61882494
61882524
61881140
61886160
61884211
61880153
61880011
61884256
61880219
61880750
61880252
61883529
61880815
61880320
61880033
61887494
61881281
61887503
61885479
61885485
61885488
61885482
61885476
61888270
61888098
61884544
61883088
61882176
61882164
61888150
61887440
61887335
61887467
61884163
61883559
61880087
61882110
61884404
61883070
61880756
61887164
61883396
61880550
61882696
61887146
61881137
61888159
61888156
61880570
61884547
61888264
61885829
61884615
61884292
61884202
61884178
61884532
61885672
61885675
61883121
61884193
61885678
61885630
61884214
61884420
61880201
61884428
61884241
61883526
61883260
61880071
61881263
61881266
61882005
61884175
61880089
61881383
61881152
61883656
61883535
61887275
61883082
61883650
61881003
61883556
61883532
61882503
61883145
61881440
61887772
61880019
61884217
61882142
61882150
61880073
61882000
61886150
61887323
61882509
61883139
61887512
61882699
61884436
61888053
61887290
61883112
61887596
61880246
61883275
61887662
61880465
61883270
61883393
61881134
61880237
61880753
61880061
61881125
61881119
61881018
61888201
61885835
61884612
61881398
61882785
61885874
61887143
61885877
61887521
61888168
61882530
61887641
61887524
61884220
61888258
61884609
61887557
61885621
61880898
61880180
61882800
61884265
61881275
61883085
61885838
61887314
61888231
61884606
61883352
61885681
61884520
61885865
61886165
61887110
61882890
61884160
61883250
61880560
61887149
61881362
61882128
61882717
61882300
61881122
61883285
61887308
61883520
61887119
61882880
61881380
61884280
61887005
61887653
61887756
61887656
61884882
61887674
61885375
61885606
61882180
61888174
61885473
61882178
61888171
61882168
61888177
61882174
61888180
61882172
61882170
61882166
61882162
61882114
61882112
61888243
61884603
61886170
61887545
61887572
61885618
61887539
61885684
61885521
61888249
61881006
61881434
61880555
61883399
61880210
61880880
61880001
61880886
61887152
61881428
61887611
61883076
61881015
61882765
61881437
61882473
61880213
61887880
61888050
61887889
61880007
61887170
61882518
61887452
61887491
61884166
61883344
61883346
61883348
61883340
61883342
61880055
61887293
61884535
61881269
61883148
61889899
61885527
61888204
61885687
61884505
61884259
61884187
61884864
61884416
61885862
61887122
61887125
61887128
61887895
61887161
61887533
61887530
61885509
61887113
61882132
61882138
61887158
61880660
61882482
61887458
61883118
61887542
61885627
61887536
61885600
61883073
61884511
61882148
61887497
61888222
61885533
61887287
61884184
61887302
61883265
61884432
61887668
61887650
61887647
61887575
61885615
61887560
61887677
61885868
61885380
61884268
61885536
61888237
61887581
61885603
61885539
61888213
61881098
61887617
61880051
61887473
61881404
61883644
61882010
61881080
61880031
61881083
61884490
61887605
61887476
61887326
61883390
61881092
61880047
61887760
61886155
61881021
61888216
61885530
61888228
61885524
61885512
61883646
61883626
61883624
61884232
61883640
61884776
61883642
61884779
61883636
61883638
61884782
61884785
61883632
61887614
61883630
61887620
61883628
