62507415
62500335
62502518
62507080
62501370
62504080
62504545
62502308
62502428
62500215
62500230
62505666
62507025
62505360
62507000
62505410
62508012
62504005
62503190
62508170
62508175
62500040
62500043
62500075
62502120
62502356
62502364
62500320
62502484
62502492
62501040
62508645
62508525
62503390
62504342
62504585
62504035
62503254
62505672
62500835
62500845
62507040
62502348
62504358
62508490
62504645
62503270
62504827
62508545
62503126
62508036
62503420
62508084
62501190
62504182
62503286
62503206
62508705
62504540
62508500
62500004
62503094
62504118
62504060
62503110
62501160
62502196
62500052
62501355
62502340
62502104
62504800
62502324
62502268
62505670
62500095
62503310
62504198
62501155
62508600
62508365
62508200
62508054
62504010
62504630
62508195
62500190
62500510
62502008
62503142
62503370
62504374
62508690
62508700
62500240
62500255
62501150
62500470
62500475
62500465
62508595
62508370
62508205
62508060
62505370
62504015
62504615
62501230
62508180
62500055
62500058
62500085
62502388
62500310
62501365
62508620
62508425
62508280
62507055
62507070
62507095
62507105
62507115
62502180
62503430
62503134
62502016
62501185
62504770
62504678
62500046
62500505
62500515
62504040
62503262
62504110
62504262
62504600
62502652
62501075
62502850
62508635
62508520
62508650
62507015
62502580
62500805
62502596
62500385
62502604
62500825
62505664
62507425
62502420
62502300
62503490
62502436
62508615
62508355
62508495
62500001
62508160
62508000
62503102
62504000
62503460
62504230
62504270
62508042
62503118
62505430
62508745
62507680
62504595
62504880
62508120
62505382
62508080
62504105
62503222
62508260
62507410
62508405
62507030
62503415
62502334
62500455
62504695
62504166
62500525
62505700
62507005
62504765
62508665
62502668
62502540
62504155
62502708
62508078
62502316
62504590
62504660
62504158
62502532
62503278
62508590
62508350
62508510
62500110
62508610
62508530
62508535
62500070
62502088
62508550
62500037
62500100
62500105
62508675
62502276
62500007
62508640
62508505
62503086
62508730
62508720
62508725
62500820
62500200
62500205
62505080
62504580
62501215
62507440
62507090
62502260
62502332
62504366
62504647
62503238
62500460
62504254
62500019
62508090
62502056
62501045
62504350
62508415
62508420
62508330
62504045
62504050
62502396
62500300
62500785
62504550
62504085
62505030
62504065
62504075
62504675
62504680
62508625
62508655
62504238
62508385
62508225
62508096
62500025
62502064
62502236
62502220
62500265
62505668
62500280
62500275
62500270
62508710
62503360
62503158
62507435
62503440
62502212
62503450
62500016
62503030
62508072
62507045
62502040
62502556
62502508
62504775
62504845
62503334
62508605
62508360
62508190
62508048
62505350
62503470
62503480
62501205
62503413
62501385
62504206
62503318
62508630
62508515
62508108
62508215
62504318
62508255
62503435
62502612
62502244
62501405
62507660
62500034
62508540
62502000
62503046
62502032
62500787
62504286
62503294
62503350
62503150
62504278
62500250
62500245
62500235
62501080
62508685
62508210
62504530
62504095
62508375
62508024
62505020
62505640
62507020
62508340
62507050
62507075
62507085
62500325
62500790
62501380
62500500
62500795
62502644
62502292
62505420
62507035
62500815
62500350
62501225
62500345
62504310
62503500
62503174
62502284
62503166
62502572
62503380
62504302
62500860
62502732
62507450
62502404
62500295
62500800
62504174
62504575
62504134
62504570
62504625
62504620
62501390
62501400
62500480
62505675
62500495
62507430
62507420
62501360
62505662
62508270
62502448
62501350
62504760
62508715
62504214
62504535
62504565
62500355
62500049
62501217
62504070
62504555
62504126
62502620
62502716
62500830
62508030
62503182
62503214
62502444
62502228
62501165
62504795
62508230
62508735
62500305
62502636
62500810
62502660
62500022
62502048
62503054
62503062
62504025
62503246
62504294
62504030
62502724
62508695
62502588
62500340
62500220
62508114
62501395
62508325
62508485
62502858
62502874
62501060
62502882
62503000
62500080
62502096
62502112
62503326
62508320
62508185
62500061
62508480
62502500
62504610
62502676
62508066
62500013
62503038
62504690
62501425
62504810
62501430
62504785
62504865
62501410
62501470
62504815
62501435
62501415
62504750
62501440
62501420
62501445
62501450
62501455
62501460
62501465
62504805
62501475
62501480
62501485
62501510
62501490
62501495
62501500
62501505
62508680
62501195
62501200
62503400
62503410
62504820
62508345
62505705
62504100
62503198
62500520
62504334
62500840
62500855
62500850
62500010
62503078
62502628
62501175
62501375
62502684
62507445
62501180
62508250
62508335
62503070
62509899
62507685
62508245
62505065
62500260
62500365
62502252
62504390
62505680
62504670
62505690
62504685
62505380
62505400
62503302
62504190
62508670
62507010
62508275
62505390
62507065
62508740
62500370
62500375
62502372
62504246
62504635
62504560
62504665
62508400
62508410
62508240
62504655
62508220
62505050
62505660
62508395
62508235
62500380
62505060
62505100
62505070
62505140
62502476
62507120
62502468
62502460
62505110
62505120
62505130
62504650
62501170
62502452
62502524
62501055
62503008
62502548
62500195
62500210
62507060
62504222
62508380
62504790
62500390
62500225
62500485
62500490
62502480
62504326
62507665
62507670
62507675
62504780
62508285
62507690
62500031
62502080
62504055
62507110
62505040
62508018
62505650
62502564
62502700
62507100
62502188
62502024
62502204
62504605
62508660
62504755
62500330
62500315
62505090
62508165
62508102
62500028
62502072
62500090
62502380
62500290
62500450
62500780
62504382
62500360
62504150
62502692
62508006
62504090
62504640
62504142
62504020
62503230
62508390
62508265
62502516
62501050
62502866
62501065
62502890
62501085
62501070
62502898
62501090
