61948450
61942280
61945130
61942457
61942120
61946570
61948240
61949030
61940007
61940115
61940090
61940363
61940185
61940630
61940360
61944290
61948810
61942556
61944010
61949250
61942015
61942010
61943060
61944105
61945010
61945005
61940400
61942121
61942020
61942190
61946160
61946150
61942070
61940075
61940005
61940310
61940540
61940760
61948220
61944130
61949230
61944020
61946010
61940009
61946208
61940105
61940510
61940124
61946015
61942310
61949070
61943512
61943515
61942350
61942005
61944180
61943115
61943270
61949235
61944640
61948030
61944213
61948460
61948640
61945090
61940505
61945140
61942425
61944460
61945180
61944090
61944360
61943420
61944120
61940560
61940750
61940055
61943540
61942445
61943559
61945210
61940730
61948470
61940332
61949200
61940721
61948010
61942100
61943550
61948230
61944300
61940135
61940775
61944340
61949140
61941160
61941165
61940020
61944680
61948670
61943120
61943260
61949100
61942173
61946100
61946345
61948815
61946210
61940027
61946347
61946215
61948265
61946105
61942440
61949120
61944242
61940035
61941183
61942481
61942250
61942101
61948480
61946205
61943520
61946075
61945100
61941005
61943160
61940140
61948490
61943567
61942380
61942385
61942395
61944660
61945065
61943500
61946095
61943475
61942370
61940530
61940735
61943503
61943030
61943535
61946040
61948500
61946125
61944730
61944830
61943340
61944500
61943050
61946490
61946470
61946400
61946480
61946420
61946450
61946500
61946530
61946560
61946410
61946430
61946440
61946510
61946520
61948830
61944140
61949130
61949145
61944520
61940731
61942470
61943360
61946073
61943005
61948005
61949160
61949020
61948110
61945040
61940085
61942290
61944232
61940520
61944420
61942150
61944780
61944110
61944590
61948680
61942210
61948700
61942240
61948280
61941120
61944210
61942215
61940014
61942140
61948510
61943552
61943555
61940780
61940785
61940610
61943530
61944840
61946170
61948530
61940175
61943565
61943480
61944065
61942220
61948540
61948520
61948630
61943525
61946060
61948080
61946220
61946130
61942559
61944610
61943460
61942552
61946200
61943440
61946350
61945120
61946230
61949080
61943190
61943350
61944224
61943542
61943400
61945050
61943380
61942545
61945110
61946070
61948070
61942460
61944620
61943510
61943290
61940430
61949005
61940025
61943465
61943320
61946110
61948060
61940125
61940740
61944410
61941150
61945060
61943240
61944160
61948720
61944260
61944720
61948300
61943220
61944650
61945150
61948365
61940420
61944600
61943150
61944690
61940580
61942480
61949240
61948650
61942455
61948805
61949210
61944310
61940160
61941170
61943020
61946155
61944240
61944230
61940711
61941003
61946225
61948360
61948430
61948310
61944170
61944510
61942260
61946320
61944820
61948050
61944390
61942340
61949180
61948620
61942550
61942180
61944790
61943230
61940010
61940320
61943130
61940012
61948380
61946050
61944580
61944330
61944440
61940143
61943140
61942030
61944247
61948090
61942558
61944540
61945030
61944249
61946090
61949010
61942345
61944122
61946203
61944550
61944700
61942500
61942510
61945035
61941130
61945020
61944050
61944070
61943080
61943522
61941015
61940390
61945070
61946140
61948420
61948580
61949150
61942200
61943527
61945032
61943547
61942320
61940008
61944030
61946180
61940016
61946209
61944005
61943330
61944400
61940017
61946204
61943410
61948100
61942415
61943280
61948390
61944745
61940625
61940170
61949060
61943180
61940350
61949050
61940040
61944560
61948340
61940065
61946030
61946340
61944565
61942450
61949110
61943100
61943507
61944270
61946098
61942080
61946097
61940720
61945034
61940337
61944710
61944670
61945012
61942110
61944570
61944150
61946085
61942160
61946206
61948200
61946120
61942430
61940340
61940015
61949040
61944237
61942565
61944530
61948320
61942122
61948330
61948625
61948020
61948210
61946190
61944228
61940335
61942355
61942410
61944735
61944755
61944740
61942050
61941020
61941190
61940018
61946202
61944380
61944060
61944750
61943090
61942021
61943533
61943557
61943562
61943545
61943560
61940155
61940145
61940180
61940590
61944480
61949170
61940620
61944080
61943250
61948550
61949190
61944800
61943370
61944320
61944220
61944245
61942175
61944815
61948590
61946330
61943300
61941007
61949090
61944235
61948370
61940380
61943200
61948440
61948350
61942390
61944350
61945160
61944239
61943505
61943040
61948660
61943110
61943070
61942435
61949220
61942230
61942562
61944190
61948250
61942270
61944450
61942170
61940123
61946080
61940550
61948395
61944370
61945200
61941010
61940165
61944470
61943015
61940130
61948610
61948710
61942060
61944040
61943450
61946115
61943430
61946020
61941100
61940150
61944810
61942420
61944200
61943470
61942040
61944254
61944430
61942560
61942520
61944280
61948270
61942490
61942131
61944215
61943537
61940710
61944226
61940080
61940300
61942300
61948560
61946550
61946540
61946460
61940060
61940745
61948400
61949899
61948570
61943517
61942360
61945165
61945190
61940705
61944252
61948290
61940100
61948285
61943310
61941002
61942554
61943170
61941180
61940120
61945170
61942330
61944123
61940070
61948040
61940330
61948260
61948690
61948225
61943490
61949165
61940050
61943210
61945080
61944126
61940095
61940500
61940030
61943010
61948820
61942130
61941140
61940045
61944490
61942400
61946005
61940370
61940373
61944630
61943390
61940410
61941110
61940122
61944760
61948600
61944250
61940110
61940570
61941012
61946600
61948410
61944770
61940117
61940600
