63900410
63905640
63906000
63908801
63902325
63902350
63903556
63908305
63907087
63907090
63908300
63900235
63908763
63908782
63901015
63901025
63901030
63906125
63908220
63902605
63903504
63902040
63901265
63903552
63909095
63902315
63906040
63905280
63902810
63909070
63902635
63900615
63902270
63905115
63902050
63901055
63905015
63905040
63900181
63902850
63903515
63903510
63902750
63905588
63909226
63901120
63909229
63905460
63903460
63900017
63900021
63900025
63905660
63902295
63909218
63903574
63900355
63900265
63905618
63903562
63902250
63902255
63902294
63909150
63902715
63905048
63905290
63905300
63905495
63900241
63902160
63900580
63900590
63900595
63900033
63900029
63900037
63901175
63905305
63905310
63905315
63905650
63908180
63900105
63900109
63900269
63902845
63900405
63905635
63908879
63909212
63900209
63900211
63903415
63902106
63900213
63900108
63908338
63908703
63908340
63908245
63906065
63907190
63907180
63908290
63906075
63908145
63908148
63907004
63900137
63900141
63908185
63908235
63908345
63908415
63908395
63905573
63902785
63908190
63900445
63900470
63900515
63900520
63900415
63906070
63908881
63905700
63900013
63902735
63901300
63905576
63908090
63908020
63908155
63905045
63902020
63902749
63905145
63905420
63905425
63905210
63902740
63909085
63900173
63900435
63908850
63908855
63908865
63908870
63901315
63901080
63900117
63900101
63902780
63902782
63903520
63908225
63905695
63909130
63905648
63905390
63905550
63905565
63901125
63902865
63905690
63908375
63908005
63908707
63908370
63907000
63907027
63908425
63901110
63901115
63906045
63900261
63908880
63905692
63902005
63901290
63905415
63905570
63905170
63905175
63902135
63908380
63900585
63908085
63908060
63908143
63905150
63905155
63908120
63908055
63903517
63908845
63907125
63908125
63908420
63907130
63902035
63902820
63902130
63905545
63905555
63902060
63900323
63900330
63905190
63903568
63902630
63900065
63900169
63901230
63900145
63908040
63908163
63908168
63908065
63900133
63900535
63900540
63900545
63900550
63900555
63902805
63901140
63900420
63900425
63902055
63901027
63900368
63900530
63900560
63900570
63905450
63900217
63902100
63902115
63903365
63902085
63900224
63902170
63902755
63902290
63902365
63902320
63901130
63902753
63907020
63907025
63905127
63903413
63900002
63902093
63902075
63902065
63902070
63901040
63901090
63909228
63902790
63902280
63908885
63903480
63902125
63901267
63902650
63908068
63908250
63907095
63907110
63907115
63908725
63908730
63908878
63900214
63908750
63909200
63900215
63908735
63908738
63907050
63907105
63908350
63907045
63908195
63901280
63905105
63903390
63902180
63900229
63900237
63900310
63909123
63900061
63900231
63905705
63902762
63902015
63901035
63903572
63902235
63902245
63902855
63908795
63908800
63908810
63908875
63905215
63902610
63900281
63903438
63905095
63902300
63902360
63903530
63906080
63905165
63903470
63900045
63900245
63900587
63902758
63902754
63905160
63908215
63909125
63907160
63907165
63903380
63905295
63905275
63906050
63907030
63900490
63903455
63908130
63905355
63903445
63902120
63901295
63902025
63903375
63905020
63902835
63905129
63907145
63907150
63905360
63908260
63905505
63908830
63908835
63908840
63907170
63909003
63908807
63907008
63909006
63902670
63905142
63905525
63906042
63903355
63902615
63902175
63903420
63906055
63902080
63902748
63902030
63908010
63900340
63907135
63907140
63903566
63905480
63905500
63908135
63908140
63908165
63905594
63901045
63905591
63900450
63902260
63905603
63900455
63900460
63903495
63905010
63903485
63909230
63905430
63905435
63906060
63902830
63903385
63902710
63905548
63901255
63908785
63908860
63908715
63908720
63908718
63901320
63902815
63900053
63900056
63903537
63903540
63906120
63906095
63906115
63906090
63902110
63903440
63902875
63902863
63905222
63905630
63900041
63903475
63900073
63901065
63905035
63900121
63905030
63900157
63902580
63903535
63902132
63900221
63902098
63902247
63901242
63902761
63902140
63905655
63902756
63901075
63907010
63907185
63900077
63900085
63902747
63902275
63902375
63905585
63902665
63902600
63900149
63902277
63901250
63902795
63902660
63903350
63905624
63903345
63902595
63905609
63900345
63905540
63905560
63909005
63907120
63907122
63902265
63902725
63900049
63903450
63903370
63903564
63908255
63905065
63908360
63908035
63908230
63908400
63908405
63908410
63905325
63900257
63901105
63909090
63908075
63908335
63900189
63900197
63903430
63903550
63902760
63905597
63905465
63905260
63902655
63900185
63902784
63903465
63900009
63905520
63908285
63907040
63903558
63908280
63908275
63908270
63901150
63902340
63902759
63907100
63908175
63908390
63900620
63905675
63901085
63901305
63902285
63902370
63908710
63909110
63909120
63902230
63902240
63908705
63905200
63902310
63901275
63901020
63900465
63901005
63900081
63900480
63900485
63905050
63903570
63906035
63900131
63902345
63901050
63902585
63900097
63908805
63908815
63908820
63908825
63908818
63901060
63906020
63909100
63905125
63903560
63902800
63902720
63909050
63903505
63907070
63907075
63907080
63907085
63902680
63905582
63903360
63909220
63900335
63905110
63903554
63902751
63902746
63902675
63902645
63905205
63905230
63905245
63903527
63901145
63909222
63902840
63909216
63905670
63905038
63901240
63900365
63902640
63902590
63908205
63908210
63905606
63902620
63905710
63906085
63905712
63905060
63905090
63900113
63905400
63905405
63905180
63905185
63907055
63907060
63907065
63905615
63905235
63905240
63901100
63901095
63905510
63905515
63901155
63905220
63900089
63905080
63900088
63903435
63909065
63905579
63909040
63900589
63905075
63905533
63905320
63900430
63900475
63900495
63901003
63900440
63900525
63900565
63900600
63900605
63900610
63900625
63900635
63900607
63900575
63907175
63905621
63900153
63903490
63902757
63909045
63909135
63905600
63907035
63905440
63905455
63901010
63908030
63909121
63902150
63902145
63909210
63900093
63909127
63902625
63903500
63905395
63905410
63900165
63909214
63900069
63900076
63900071
63900162
63900375
63908802
63900403
63909060
63908115
63908450
63900404
63900402
63902825
63905255
63902752
63909227
63905195
63909035
63905055
63905085
63908330
63907062
63909055
63905270
63905665
63909080
63905470
63905485
63902225
63902730
63905265
63902010
63900125
63905025
63908042
63908110
63905037
63907155
63901270
63908080
63908372
63905005
63905100
63902695
63900205
63900207
63900193
63900315
63900195
63900320
63909899
63902335
63902330
63908200
63908170
63908385
63903525
63908025
63901070
63902045
63903502
63908053
63908150
63908153
63907015
63908295
63900350
63905475
63909224
63906025
63900129
63908315
63908320
63901135
63900505
63900510
63902305
63909115
63905612
63905285
63905250
63905445
63908755
63909025
63909030
63908882
63901260
63905490
63909105
63909010
63909015
63901285
63902745
63908452
63908454
63908456
63908458
63908460
63908462
63908464
63908466
63908468
63906010
63909160
63908470
63909166
63906083
63908472
63909172
63908474
63909176
63901180
63908476
63909178
63901185
63909184
63901170
63909188
63901190
63906068
63901195
63901160
63906005
63901165
63902685
63901235
63906015
63909164
63902690
63902700
63902705
63909186
63901225
63909182
63901220
63909174
63901215
63906053
63909168
63901210
63909180
63901205
63909170
63901200
63906078
63909162
