62022310
62022272
62044020
62044210
62031310
62033755
62016156
62014215
62030385
62014512
62021222
62042320
62030645
62031080
62030657
62030655
62032020
62010080
62010081
62010460
62010462
62042314
62042312
62041210
62010420
62042210
62040797
62040835
62039725
62030687
62031362
62039190
62053645
62030270
62010660
62010645
62010661
62023040
62023210
62050235
62050164
62016073
62044420
62051165
62051168
62044460
62044190
62031250
62020370
62020367
62039130
62053680
62033560
62016010
62050620
62011000
62010457
62030430
62030240
62030045
62031343
62031090
62051066
62051312
62052100
62010200
62030420
62030735
62040430
62030242
62053725
62010130
62020720
62010550
62033022
62030475
62040820
62030280
62040840
62033370
62020390
62050101
62050107
62010120
62044120
62053060
62030370
62039030
62033535
62010755
62010750
62039233
62030085
62040650
62010160
62044262
62040743
62051042
62051032
62050510
62015063
62015060
62053080
62050100
62040355
62011067
62039238
62033785
62040792
62014540
62051290
62050844
62050440
62050303
62033160
62040340
62030400
62014010
62016210
62015230
62030055
62040425
62030612
62030490
62039715
62010480
62044222
62051030
62016160
62016162
62051062
62010250
62053675
62050841
62050410
62022365
62023020
62031360
62044260
62050243
62044220
62039255
62041350
62040354
62053095
62044040
62033568
62031100
62031012
62050820
62050822
62051223
62038027
62030188
62038026
62033805
62051013
62051035
62051016
62039080
62051024
62044080
62041206
62015170
62041223
62041218
62031315
62010565
62044300
62020340
62020330
62010632
62031037
62040470
62043020
62040400
62031335
62050400
62041216
62030680
62021192
62045104
62044100
62022355
62021206
62045070
62031075
62021194
62050600
62050605
62034130
62052020
62052497
62053105
62014415
62016405
62051402
62016408
62050163
62014410
62055015
62055012
62054000
62055010
62050480
62050845
62050655
62045110
62045107
62051078
62030410
62030012
62045060
62050050
62050102
62050254
62031320
62031043
62053070
62042110
62010440
62010441
62039728
62039740
62030030
62053690
62053685
62051410
62039258
62014160
62052450
62050320
62050310
62051064
62041310
62040353
62010650
62050368
62050847
62041320
62050160
62011300
62040085
62039200
62015250
62051365
62043070
62030179
62038035
62040254
62039010
62032190
62050802
62031182
62021165
62039738
62044035
62044255
62040130
62031085
62050175
62050106
62042155
62016100
62039712
62051172
62050110
62030595
62032205
62030627
62030435
62039243
62014515
62020570
62022475
62020575
62041150
62041254
62010562
62014105
62016410
62016417
62040135
62051088
62040620
62043040
62010400
62042220
62050285
62010271
62033750
62016020
62010745
62051170
62010743
62051179
62010740
62010746
62031345
62033085
62050800
62040585
62011172
62011175
62010310
62016415
62016420
62041385
62030470
62010151
62040610
62043200
62010150
62010153
62050257
62032225
62053715
62051475
62030790
62044110
62053765
62014212
62016150
62015040
62030440
62011140
62043280
62010410
62044160
62053650
62050238
62039746
62032070
62031068
62031072
62016170
62022390
62022356
62032160
62050369
62050833
62040580
62052490
62053792
62034128
62040682
62040653
62031045
62015275
62030070
62032100
62040790
62039743
62044250
62011050
62010110
62010111
62034145
62051200
62010560
62050843
62050430
62043215
62033223
62043290
62042360
62040750
62040751
62051130
62031222
62031223
62051117
62030722
62051300
62050147
62033150
62041230
62051270
62021211
62022443
62023005
62021208
62051340
62030090
62021120
62031210
62053760
62051315
62050025
62052420
62053355
62050382
62020440
62030310
62039730
62020451
62010635
62015260
62014055
62014065
62010330
62051355
62051357
62011270
62011010
62053815
62033800
62033790
62040550
62031020
62021050
62021055
62031015
62015015
62031000
62023200
62045030
62045032
62044205
62010010
62050115
62050117
62042157
62040420
62033135
62039035
62020565
62023245
62022490
62022320
62033245
62034137
62033825
62031260
62051180
62031218
62051185
62039095
62031195
62033090
62022420
62030304
62030678
62030695
62030306
62022275
62023010
62020427
62022400
62021057
62032270
62033770
62030220
62041257
62041530
62041255
62015045
62015175
62053825
62053785
62030095
62030145
62039245
62020622
62022410
62021000
62030725
62033525
62033373
62044280
62053810
62053795
62033500
62033235
62032590
62040677
62050060
62010700
62052060
62033257
62030505
62033353
62040080
62034055
62032520
62032517
62010580
62053754
62031265
62030613
62031225
62051560
62052050
62032580
62042200
62040795
62033365
62052480
62040540
62030682
62051375
62051373
62022290
62033265
62051335
62033180
62053802
62030028
62030015
62040520
62033377
62030425
62030605
62044290
62044060
62040772
62051595
62030185
62030717
62031370
62043285
62042015
62040370
62044235
62051570
62030675
62040802
62033020
62040681
62051045
62051041
62053777
62015029
62015270
62030648
62040825
62010690
62010695
62016120
62033280
62011150
62030020
62030140
62030025
62010350
62033282
62031035
62014529
62010380
62020415
62020355
62031357
62051305
62030340
62031212
62039280
62022330
62039234
62041270
62039150
62041380
62042240
62039653
62030360
62050842
62039050
62030197
62040220
62034124
62033815
62031275
62022360
62023007
62030308
62016130
62033253
62033795
62050862
62041204
62015300
62042030
62043234
62040805
62010305
62010302
62043232
62030291
62051430
62030060
62039666
62030182
62051010
62050230
62050127
62050055
62030050
62010210
62015180
62041600
62033810
62030309
62021204
62022380
62022367
62023030
62053835
62030173
62020395
62022304
62023070
62023085
62010001
62010015
62010012
62011083
62030112
62043262
62011085
62032235
62016105
62055005
62051071
62030210
62041201
62015362
62040530
62050251
62050580
62051072
62041221
62042270
62030510
62031330
62051073
62015280
62015330
62011160
62039748
62053853
62040060
62041202
62030181
62051055
62053820
62051054
62050070
62011070
62030492
62030742
62039709
62053695
62014527
62015010
62015012
62041160
62041253
62051074
62020345
62031350
62031224
62044090
62015025
62051069
62051075
62010390
62030082
62054200
62041232
62032055
62032010
62015210
62021042
62021058
62022447
62010291
62051280
62010450
62010455
62033520
62015020
62015019
62039260
62010190
62033515
62032515
62032510
62032505
62033190
62016080
62051585
62039055
62038040
62053358
62043073
62030183
62043085
62010230
62030480
62020625
62044180
62052460
62052455
62041360
62053740
62040670
62010220
62030515
62040643
62040657
62038110
62030235
62030262
62052040
62050852
62050850
62033510
62053750
62033540
62053700
62050220
62039683
62055017
62015017
62053780
62045100
62045106
62045105
62045109
62031240
62010540
62020555
62023230
62020557
62051220
62031130
62040780
62040391
62053770
62050103
62033015
62041300
62040833
62033550
62010100
62010090
62030103
62015100
62020400
62033570
62010640
62011020
62031074
62031076
62010795
62010793
62011122
62010711
62010713
62053075
62033012
62020305
62030295
62031307
62031305
62030602
62030002
62030362
62052495
62051210
62051025
62051215
62011290
62051090
62015400
62050373
62051193
62041220
62030178
62040785
62051225
62050255
62051022
62040695
62040676
62053799
62030445
62030233
62030632
62030442
62030230
62016155
62042190
62040760
62039220
62010507
62044400
62030555
62034140
62032040
62033275
62041260
62032130
62040100
62041225
62016190
62030380
62040403
62020590
62022465
62020405
62043030
62039230
62044030
62015505
62055000
62020425
62023120
62041020
62031255
62032300
62033350
62032220
62030215
62038050
62031032
62011220
62044440
62033255
62051018
62051043
62040525
62043065
62040050
62039070
62016060
62016030
62050640
62040070
62041215
62015030
62015027
62051310
62051333
62014130
62014140
62014150
62010800
62010790
62030520
62044265
62010820
62033120
62040180
62033130
62053757
62050215
62034160
62040744
62053730
62039685
62032215
62030432
62016140
62010630
62021140
62050210
62053775
62014505
62010714
62053790
62014187
62014045
62010570
62031140
62039700
62040380
62014120
62030180
62050140
62010509
62032240
62016200
62020360
62030390
62032120
62040740
62010260
62031235
62021100
62031202
62051575
62051577
62034150
62032060
62040390
62021072
62050225
62044010
62053797
62050330
62050839
62044270
62011040
62010280
62015360
62040685
62052105
62011130
62011120
62030010
62030712
62015066
62042020
62043230
62010290
62010293
62010295
62016070
62053655
62040775
62016090
62050360
62051083
62030302
62021003
62051076
62014050
62014052
62042150
62030740
62030213
62050420
62051330
62053870
62051134
62031208
62051020
62051086
62031340
62015050
62016180
62051222
62050290
62020350
62052110
62010610
62021093
62010612
62051253
62050218
62033505
62051068
62050380
62043220
62032140
62010730
62014514
62010720
62044170
62050540
62041610
62039060
62042180
62040770
62011030
62030160
62050520
62051011
62021213
62051255
62030190
62040831
62010830
62030245
62050059
62051250
62040450
62050213
62050855
62033045
62032170
62020545
62023220
62015120
62015069
62045085
62031175
62014075
62053865
62053857
62039663
62030460
62040741
62016175
62010585
62014102
62014104
62030040
62050460
62011225
62050252
62010020
62031365
62051160
62040440
62050570
62033010
62040460
62051085
62051077
62021198
62041375
62042159
62010365
62010360
62044070
62050530
62033070
62053779
62050167
62050249
62030285
62022305
62023060
62020392
62023105
62030705
62033563
62053804
62042152
62022425
62050500
62033100
62021095
62042230
62033213
62020535
62023080
62023032
62039110
62039097
62053830
62039228
62053710
62053720
62044240
62032080
62053855
62053863
62050149
62040590
62043079
62043225
62030097
62043074
62014060
62040675
62030585
62034060
62033270
62030100
62043050
62050130
62039680
62043068
62030102
62033230
62053350
62053663
62033170
62016185
62014190
62053805
62039656
62041200
62053670
62050145
62014535
62050150
62053665
62041000
62045095
62039703
62051275
62033357
62031064
62031066
62051350
62020420
62022455
62033055
62050630
62053800
62014200
62033775
62033565
62033575
62039045
62020600
62022445
62022451
62014030
62014115
62033025
62011230
62011235
62030130
62011278
62021216
62033780
62030092
62014520
62050300
62040742
62011207
62053860
62014180
62053345
62053347
62053340
62014110
62051175
62014107
62051177
62030685
62039690
62016077
62010742
62033590
62043190
62052120
62042280
62030653
62030305
62030307
62022281
62045080
62053745
62030225
62041259
62030633
62041262
62030640
62030643
62031216
62021122
62053705
62051150
62031220
62031221
62050241
62053110
62052010
62030674
62051015
62051014
62042310
62042311
62011210
62011215
62030120
62011200
62011205
62030110
62050200
62011190
62011192
62030350
62033555
62043195
62010140
62051087
62030091
62014532
62014542
62010662
62051079
62014390
62011280
62014525
62040490
62050390
62021085
62040830
62040823
62039735
62030500
62030290
62021152
62021150
62031205
62050550
62042350
62030672
62030630
62030320
62039695
62040560
62014210
62014040
62051228
62053755
62051230
62040387
62040357
62038060
62039650
62030670
62050010
62050020
62051125
62051119
62010760
62010770
62010782
62030075
62010600
62033065
62010370
62034122
62033760
62050805
62030186
62043078
62040645
62039673
62053752
62031030
62050170
62010810
62023100
62020495
62041370
62042330
62039688
62011295
62040800
62040810
62045040
62020410
62034126
62039160
62050860
62010665
62039720
62040360
62011250
62040105
62041235
62040270
62039048
62040165
62030300
62039750
62040660
62043275
62023009
62022358
62045115
62014090
62040120
62041010
62014100
62016025
62040822
62050180
62030312
62022285
62023050
62022412
62051320
62033585
62015105
62041560
62044150
62040667
62040665
62039090
62050190
62030665
62015220
62042340
62030545
62040150
62032210
62032230
62031233
62052487
62052440
62030189
62039012
62038015
62050153
62050350
62051080
62015240
62039170
62040075
62040500
62040125
62040115
62039400
62045000
62040093
62051282
62045102
62045108
62020595
62045112
62051392
62051390
62010710
62030351
62040401
62050248
62040352
62011260
62050560
62032110
62040145
62034070
62051195
62031150
62030170
62030732
62053840
62051345
62051348
62053753
62033578
62033260
62015285
62030565
62050125
62050173
62033155
62030575
62039676
62030550
62039660
62030501
62033580
62038030
62030165
62030195
62040020
62040021
62032090
62030495
62030497
62043260
62045050
62033573
62039670
62031110
62031055
62040510
62039235
62033545
62039706
62044224
62044050
62033355
62030405
62030745
62053349
62050371
62050835
62050370
62014080
62042130
62032150
62010465
62010040
62010030
62015350
62052485
62010520
62010505
62010320
62039225
62039221
62016040
62034053
62034095
62031355
62022345
62023045
62011064
62050340
62050345
62051115
62033017
62033035
62041240
62039232
62010445
62044410
62050120
62053660
62050846
62050450
62050455
62050332
62050270
62050271
62050590
62040655
62040654
62044430
62050105
62020375
62099899
62030650
62040570
62031325
62010050
62023090
62020520
62030238
62030078
62050280
62050281
62050282
62030250
62010070
62010060
62030450
62040410
62034120
62010840
62020300
62020310
62010763
62020615
62042120
62053751
62050857
62033400
62010381
62033363
62050610
62051190
62051197
62014020
62030330
62039733
62053850
62033110
62050840
62040170
62031120
62042260
62030150
62015370
62051370
62051368
62051420
62014185
62014217
62014530
62010510
62010500
62015355
62031010
62050849
62030080
62044023
62044025
62015320
62042140
62032180
62033530
62040350
62032500
62051012
62050122
62031005
62039717
62033360
62033240
62010170
62010180
62032050
62051081
62030035
62030138
62031185
62031206
62014400
62014077
62052489
62015290
62020730
62015023
62021062
62051082
62051084
62051100
62051050
62039722
62014070
62053100
62053090
62053087
62053360
62053595
62053585
62053592
62033367
62045090
62045097
62031160
62044200
62040175
62041190
62041180
62044450
62016050
62050415
62043180
62043185
62033250
62050231
62050490
62030175
62030434
62052470
62042250
62021022
62050335
62011063
62011065
62016412
62021196
62033225
62033820
62051565
62040090
62038025
62052430
62030660
62040640
62010270
62050278
62033405
62033765
62034080
62016110
62033215
62050670
62020605
62050672
62021030
62021032
62050760
62050780
62050790
62021020
62021065
62021075
62021045
62050680
62021135
62021010
62021074
62031062
62050690
62050700
62020617
62030770
62050710
62030780
62050720
62050730
62021160
62031204
62021097
62050740
62050750
