96504182
96505852
96505108
96508628
96503207
96501430
96505404
96503306
96503268
96505147
96504063
96503292
96508140
96503450
96505808
96501190
96508580
96501590
96506214
96503390
96505310
96503385
96508625
96508615
96506866
96505370
96505550
96508400
96503200
96503216
96505833
96506090
96506674
96506638
96508044
96508410
96506770
96505300
96505270
96506270
96508470
96505500
96503510
96503195
96503750
96501660
96503860
96505212
96508290
96506430
96506340
96506858
96508630
96504062
96506530
96506262
96506260
96505190
96503690
96505330
96506600
96501022
96503492
96506363
96506590
96503462
96503494
96503768
96503684
96506280
96503800
96508780
96503760
96506220
96503375
96508631
96501602
96501085
96506190
96505242
96505213
96508270
96508690
96503400
96506540
96505446
96503294
96503082
96503087
96505220
96505820
96504178
96505225
96501200
96501097
96505586
96508440
96508226
96506648
96506820
96503840
96505360
96501014
96503752
96501151
96501082
96501601
96508720
96505229
96506350
96501570
96506860
96501395
96508260
96501030
96505150
96501166
96501012
96503759
96503472
96503765
96505442
96503189
96505475
96505572
96506164
96504800
96504050
96503072
96504176
96501270
96505762
96503520
96508252
96508096
96508162
96505246
96505106
96505650
96505460
96505600
96506180
96505100
96508880
96508390
96508711
96508100
96501396
96506070
96508188
96501466
96501536
96501332
96501282
96503322
96506402
96507126
96507775
96507700
96505114
96508730
96506316
96506185
96505835
96506080
96508790
96501400
96501234
96504172
96505223
96503217
96505245
96503387
96501360
96508623
96508250
96506552
96506754
96505740
96503530
96505156
96506704
96508300
96504168
96504400
96508637
96508680
96501111
96501110
96503630
96503631
96503230
96503231
96505610
96503620
96508168
96508638
96505645
96501434
96505576
96501210
96505430
96501074
96503783
96506576
96506764
96508184
96506322
96501246
96506360
96501100
96503640
96503220
96508310
96508050
96505837
96503700
96506840
96504164
96505192
96508040
96503374
96505414
96503182
96503148
96503300
96508550
96508430
96503410
96508266
96508766
96508148
96508350
96503090
96503310
96501095
96508627
96508684
96505153
96506750
96503785
96506760
96501156
96503708
96503790
96503172
96503792
96507260
96508830
96505540
96506510
96508634
96506720
96506710
96501470
96503350
96501380
96505060
96503345
96503430
96505160
96504160
96501310
96506810
96501020
96508240
96508190
96501454
96501526
96506250
96503398
96503393
96505210
96505240
96501140
96503670
96503240
96505807
96501130
96503680
96503250
96504156
96503110
96508360
96506160
96501035
96506520
96501154
96503714
96503782
96505670
96501062
96501006
96501232
96503209
96508882
96501544
96501072
96503274
96501538
96506140
96508540
96501551
96501550
96503140
96505322
96505142
96504480
96503777
96503142
96506100
96508370
96503276
96505790
96505780
96505590
96505560
96506572
96501512
96505420
96501018
96503732
96501148
96506800
96506364
96505700
96506650
96505350
96501260
96503500
96506365
96506700
96503192
96503262
96508590
96506410
96505570
96505050
96505130
96505450
96506550
96501240
96505390
96505020
96508500
96505092
96505205
96505230
96506868
96506230
96505040
96503320
96508340
96506670
96501120
96505640
96508650
96508204
96506176
96508600
96503282
96505145
96508530
96508515
96506470
96501492
96501502
96505260
96508520
96501460
96506400
96506740
96505110
96505710
96506200
96501440
96501104
96501106
96508380
96508130
96505180
96508110
96508640
96503740
96508810
96506580
96505124
96506170
96503810
96501050
96505080
96508510
96505340
96508150
96505010
96508629
96504060
96503130
96508320
96508210
96506130
96501445
96507780
96505055
96508570
96501370
96506490
96503380
96505520
96504064
96501001
96501000
96505155
96508120
96501392
96501516
96501366
96506326
96501093
96508620
96501250
96503360
96508700
96503434
96503486
96503776
96503636
96508740
96506210
96503392
96504402
96501160
96505111
96506420
96505030
96503150
96508639
96503370
96506484
96503588
96503710
96505104
96501560
96505510
96507122
96503160
96503162
96503720
96501080
96505250
96508330
96506460
96505660
96505170
96506690
96505120
96506002
96501214
96501701
96503694
96503689
96503798
96503259
96503168
96501152
96503756
96503772
96503154
96503396
96501320
96501410
96501086
96503590
96503290
96501580
96501595
96508450
96504404
96508820
96505440
96501340
96506030
96503650
96508185
96506730
96501150
96506370
96506678
96506612
96508026
96505244
96506635
96508031
96508030
96508280
96503373
96505227
96505730
96501325
96506010
96505400
96505215
96503832
96503202
96506450
96506040
96506306
96508610
96505292
96507120
96505630
96506304
96506050
96505850
96503286
96503210
96505690
96503377
96501520
96501170
96503285
96503388
96508860
96508562
96505655
96503206
96508512
96508222
96508232
96508084
96508176
96505280
96501480
96506682
96506544
96508014
96506296
96505845
96505090
96505804
96506362
96501505
96503830
96503482
96505416
96506345
96505530
96506788
96505143
96501220
96508480
96508170
96506332
96501242
96508731
96503834
96503440
96506850
96508670
96508146
96508022
96501336
96505490
96501390
96506060
96506666
96506626
96508064
96508186
96508314
96508242
96508804
96508172
96505847
96505766
96505806
96501420
96505380
96503600
96505803
96505760
96505770
96501290
96507610
96508691
96506294
96508751
96508750
96501098
96501108
96501102
96506110
96508534
96506662
96506644
96508072
96508182
96503420
96508840
96508636
96501355
96507600
96506120
96508761
96508760
96508160
96501066
96503552
96506440
96501046
96503536
96503762
96503656
96505320
96501042
96503542
96503704
96503666
96508236
96506606
96503120
96503330
96507280
96506020
96503394
96506500
96510899
96508001
96508000
96503278
96501358
96506336
96501016
96503736
96501122
96506480
96501040
96505805
96505582
96508770
96506312
96505720
96503660
96506308
96508011
96508010
96503610
96506630
96508460
96508178
96501450
96505800
96503284
96506790
96505802
96503205
96508495
96503820
96503215
96503773
96508420
96505810
96508332
96508772
96508144
96505410
96503265
96508660
96506150
96506292
96506706
96503100
96508585
96508344
96508774
96503391
96501432
96501394
96505158
96506702
96503560
96506722
96506566
96508006
96506302
96506290
96505764
96505620
96503414
96503476
96503784
96503272
96503788
96501180
96506380
96501490
96505004
96503326
96503248
96504152
96506622
96506556
96506321
96506320
96506194
96505580
96503267
96505830
96508505
96508850
96505480
96508632
96506465
