96783030
96780024
96785196
96785160
96781008
96784532
96784400
96780208
96783000
96780020
96785240
96785218
96785302
96785128
96780426
96789840
96785322
96781412
96789404
96784084
96784078
96787046
96789032
96789272
96783144
96785172
96785210
96785204
96780052
96784550
96780178
96780402
96781160
96781122
96781054
96785456
96783150
96784564
96784470
96785336
96780410
96785318
96785130
96781110
96780106
96783078
96784562
96789274
96781074
96781416
96785200
96787660
96780044
96785186
96780026
96785192
96780012
96785226
96789234
96781408
96780032
96785194
96781470
96784522
96785344
96784520
96787042
96784546
96780108
96781260
96781216
96781154
96780225
96784406
96784082
96784464
96789100
96785188
96780042
96789278
96785190
96785170
96783152
96789448
96784502
96783066
96783124
96785036
96787044
96787048
96787000
96784474
96784332
96789440
96789442
96789526
96789528
96789560
96785330
96781046
96787280
96784060
96784190
96789152
96785206
96789238
96785032
96783018
96783070
96780050
96789162
96780048
96780030
96780018
96784528
96785034
96780016
96785222
96785258
96783026
96784300
96784274
96783028
96784002
96784022
96785020
96784110
96781422
96781072
96781004
96785310
96784346
96784336
96787800
96787650
96787500
96787450
96787350
96787100
96787200
96787050
96785500
96784114
96785430
96784112
96785350
96785120
96785038
96789072
96789640
96789800
96785018
96781002
96784500
96784430
96783010
96789416
96784404
96789434
96789436
96789522
96789520
96789566
96784408
96784518
96785012
96787668
96783006
96783074
96781356
96783002
96784440
96785326
96785166
96785250
96780068
96785324
96784424
96785248
96785458
96784420
96783142
96781040
96781206
96781112
96780406
96780182
96781118
96784536
96784434
96784354
96780084
96783158
96789857
96781042
96780420
96781410
96781370
96781258
96784432
96780076
96789418
96789512
96789574
96780218
96780154
96783132
96780092
96780086
96789410
96789508
96789580
96785266
96784516
96789276
96785328
96781404
96789412
96781274
96781350
96781272
96784344
96789852
96787040
96785184
96785000
96780038
96781268
96781420
96781358
96780350
96780226
96784184
96789246
96783154
96787225
96787227
96787235
96787240
96784070
96784472
96784182
96785202
96785144
96784080
96781106
96781078
96789584
96784444
96781454
96784514
96783076
96789248
96785152
96781068
96783060
96785252
96780428
96789286
96784426
96780202
96780034
96784548
96780062
96780400
96780200
96780184
96780300
96780230
96785460
96783156
96785332
96784188
96784560
96784004
96784012
96785022
96784526
96784192
96789856
96783128
96783024
96781302
96784438
96780416
96781254
96781406
96781374
96781102
96781372
96784436
96785208
96784446
96780418
96785454
96789424
96789252
96789160
96781044
96784462
96783146
96780028
96789250
96783140
96784418
96784054
96789842
96784506
96781204
96781252
96784510
96784422
96784538
96784050
96789446
96780150
96780450
96781200
96781168
96781300
96780112
96789534
96784052
96784196
96787658
96789044
96781218
96780176
96781156
96781124
96781050
96780180
96780404
96781062
96781116
96781202
96781164
96785244
96780066
96780166
96785316
96785126
96785150
96789230
96789158
96789192
96789280
96780088
96780090
96783134
96781000
96781450
96780056
96789290
96783014
96783072
96785014
96780098
96785304
96785142
96787652
96783032
96787654
96787220
96789588
96789070
96785262
96785320
96785180
96785220
96789589
96783020
96783064
96783012
96784010
96785348
96785122
96785300
96785268
96785146
96785158
96789036
96789288
96784544
96789866
96784000
96785254
96784058
96785346
96784072
96784016
96789270
96784530
96785434
96784554
96785016
96780072
96781056
96785182
96781378
96781400
96781330
96789864
96789530
96789836
96789190
96789034
96784402
96789516
96789572
96781114
96784414
96784090
96780204
96789030
96784092
96780156
96789850
96784338
96789514
96789240
96789156
96787230
96789862
96781354
96780022
96785198
96785148
96785314
96787656
96784186
96781064
96785340
96784524
96781270
96789104
96789150
96789232
96789402
96789502
96789102
96789592
96780080
96780158
96783122
96783082
96780214
96781304
96785178
96780040
96780078
96789282
96784088
96784504
96784270
96783068
96785168
96785156
96785002
96785334
96780220
96784334
96789420
96789854
96789154
96789863
96780213
96784508
96781158
96789236
96789432
96780422
96781414
96781366
96781262
96789422
96781066
96789570
96785308
96785138
96785342
96784534
96780216
96789844
96789860
96785306
96785432
96789746
96789400
96789242
96789310
96789444
96789838
96789166
96784006
96785176
96785216
96785164
96789848
96789450
96784358
96781210
96780070
96780206
96780168
96780014
96785224
96785154
96789000
96784340
96783126
96780036
96785124
96789040
96789834
96780212
96780408
96781214
96781108
96781070
96783062
96784076
96789582
96784466
96781120
96789408
96789564
96789524
96783022
96784020
96784240
96783016
96784014
96784552
96785246
96787662
96789038
96780058
96781417
96781421
96784448
96789414
96789510
96789578
96785006
96787666
96785256
96781212
96789562
96789858
96780414
96781104
96781250
96781376
96781402
96781076
96781222
96789244
96784086
96789506
96784096
96784412
96780054
96784074
96789426
96784468
96785242
96780412
96784442
96784350
96785132
96785214
96785338
96785264
96783008
96784008
96784558
96785004
96789438
96785312
96785134
96785452
96783130
96783148
96780110
96781162
96781208
96781256
96785400
96792899
96784018
96784416
96785162
96785028
96784356
96785026
96780424
96781264
96781362
96781418
96784064
96781166
96784352
96780094
96781128
96781352
96781220
96781266
96781150
96783036
96784540
96789284
96789406
96789504
96789586
96781006
96789430
96789518
96789568
96780224
96789428
96789500
96780060
96783120
96783080
96781058
96785024
96784410
96780160
96780082
96781052
96781360
96785010
96784556
96784348
96780010
96785212
96785136
96780064
96780170
96789576
96780228
96784342
96781060
96780172
96780162
96785008
96780046
96780102
96781100
96781080
96781368
96781364
96785450
96785030
96785174
96783004
96783034
96784428
96784512
96785140
96784180
96784068
96784062
96784094
96780174
96781152
96780104
96781126
96781048
96780100
96783138
96789164
96784330
96785260
96784066
96784542
96780096
96783136
96780222
96780152
96787664
96789042
96784056
96784194
96780074
96780210
96780164
96789532
