95178226
95181486
95170180
95178346
95173292
95181178
95181212
95176296
95176170
95176250
95176234
95175416
95171066
95170798
95181476
95181624
95176306
95175850
95174132
95174202
95177400
95179036
95179088
95173044
95180152
95171140
95181410
95170168
95174210
95174130
95178174
95179030
95179038
95178224
95180408
95180366
95177046
95174042
95176294
95176168
95172078
95170778
95170228
95177390
95181590
95174354
95174128
95171124
95171020
95173280
95178035
95174230
95178158
95178170
95179032
95179090
95178322
95178402
95173296
95171148
95177354
95181311
95175646
95181480
95181620
95179034
95178212
95171030
95176314
95174046
95176216
95178330
95178406
95170492
95172012
95177202
95176298
95176260
95178480
95173316
95180478
95180020
95181014
95172072
95170782
95179148
95179264
95180054
95177116
95178040
95174226
95172033
95176020
95174352
95178206
95170098
95180484
95180394
95181340
95181172
95181214
95179260
95181478
95181622
95181332
95177026
95178380
95181168
95181202
95176106
95176162
95174124
95170460
95170608
95170718
95178326
95178404
95174092
95171006
95179006
95170062
95170110
95180068
95172003
95171144
95172063
95170810
95174325
95177392
95176292
95174200
95174134
95181170
95181066
95179188
95178190
95174232
95175842
95180398
95176024
95175645
95170452
95181378
95177248
95178408
95181180
95181204
95174214
95173022
95174122
95181336
95181370
95181046
95181062
95179186
95174120
95176026
95170156
95180314
95177114
95177036
95171136
95171060
95180162
95176410
95175648
95178144
95178214
95177242
95170113
95178410
95180180
95173042
95177108
95175841
95180488
95174048
95176258
95176176
95178045
95177152
95177104
95170086
95174110
95174224
95178198
95181414
95171022
95171120
95181166
95178146
95179050
95170456
95172069
95170616
95177204
95170101
95180480
95170464
95180250
95172042
95170790
95181338
95179016
95180410
95170218
95173032
95173056
95171063
95177180
95171028
95179082
95170308
95176164
95176232
95170332
95173366
95173314
95173054
95173364
95173050
95173046
95177350
95178112
95174034
95176350
95174090
95173306
95173058
95170104
95180064
95180066
95181184
95181242
95176430
95175650
95179144
95179142
95179080
95176302
95173284
95175641
95181162
95170276
95176018
95170412
95170300
95177038
95176070
95173300
95180056
95170053
95175656
95174030
95176002
95177040
95176304
95176100
95175825
95171075
95174206
95173026
95181596
95178228
95175805
95171128
95181032
95181334
95174218
95174300
95178192
95180332
95172105
95181482
95181602
95173038
95170762
95174272
95170770
95178200
95173430
95173362
95176174
95177028
95176112
95181312
95170068
95170065
95170260
95177130
95177150
95177330
95181530
95178300
95179000
95180010
95181010
95178000
95175420
95176160
95176114
95175822
95176104
95176110
95175840
95180490
95174212
95173424
95180402
95181210
95173422
95175649
95180166
95178204
95173144
95175846
95178194
95180288
95178220
95177042
95178030
95178196
95173428
95179140
95179084
95180284
95170420
95176050
95177000
95179020
95179046
95170758
95173132
95181282
95180316
95175414
95175430
95175412
95175740
95175760
95175890
95175780
95175390
95178412
95178338
95180164
95173052
95179002
95171002
95177356
95171072
95180326
95178344
95181154
95181484
95170116
95180070
95170220
95172030
95174204
95178494
95181160
95174002
95180320
95180390
95174038
95176300
95176166
95177184
95170794
95174032
95180244
95170528
95179040
95178218
95177100
95177062
95178156
95177024
95177398
95173124
95177208
95170348
95180266
95172051
95172144
95170320
95180154
95179004
95174220
95175852
95177352
95171024
95180354
95180334
95172156
95170710
95177056
95178430
95177052
95178142
95170272
95174006
95174040
95178124
95177058
95177112
95176014
95170264
95181560
95170166
95170774
95170436
95178070
95175853
95173030
95172154
95170714
95181244
95173120
95181186
95181246
95177402
95181030
95172006
95170266
95172108
95171132
95170268
95173282
95170858
95177244
95170352
95181174
95181208
95178492
95177034
95170356
95170080
95170766
95172057
95172075
95173342
95180292
95177396
95178230
95180370
95170162
95173420
95173344
95174118
95175410
95178176
95178450
95178434
95170746
95172148
95171004
95181040
95178490
95171012
95179008
95173128
95170520
95176006
95179022
95179018
95176226
95175640
95170532
95170854
95180280
95170866
95180494
95171000
95180184
95180132
95172087
95170312
95174270
95175654
95176030
95177394
95175670
95179184
95170408
95170214
95171069
95178381
95181042
95170328
95170224
95180318
95170726
95170468
95172102
95178340
95178414
95176218
95181474
95181626
95177358
95174208
95170270
95180282
95180392
95180350
95180322
95170722
95172152
95171018
95177206
95173312
95181374
95180160
95170504
95170508
95170480
95170424
95170448
95170364
95172009
95172039
95172084
95177200
95175821
95177050
95175820
95175655
95176222
95180262
95176178
95178154
95181038
95181470
95178172
95177246
95181164
95181070
95175851
95170316
95170786
95180328
95173294
95173310
95181300
95181286
95170730
95172150
95171016
95173024
95173034
95170862
95170612
95172060
95179262
95174228
95174116
95177210
95179146
95170536
95171026
95170814
95173290
95178116
95176108
95180310
95175750
95181380
95181592
95180220
95180294
95175855
95175642
95178110
95178484
95178416
95170092
95178152
95181068
95180260
95176004
95177044
95176102
95181065
95178400
95178114
95172066
95175418
95175658
95181152
95172045
95172146
95181344
95180360
95170056
95174320
95177022
95173304
95180178
95175806
95180358
95178488
95173040
95180176
95181372
95179026
95179096
95174010
95176008
95178148
95180470
95170336
95176308
95175843
95170122
95170500
95170150
95176116
95178336
95175425
95180352
95178202
95180252
95173136
95174012
95176000
95174036
95176312
95173302
95173048
95179048
95173340
95176016
95173308
95170524
95178382
95181376
95174094
95176230
95178334
95176256
95176224
95178120
95170059
95180170
95177054
95180168
95170516
95180240
95180256
95180264
95180406
95173036
95175657
95179110
95181200
95172096
95170540
95180254
95172048
95170600
95177182
95180482
95173250
95173148
95180134
95181158
95180186
95179024
95179042
95180182
95180130
95180072
95180156
95174114
95170119
95180158
95180052
95170089
95176252
95176236
95180412
95180368
95180362
95173298
95173060
95181044
95176010
95178320
95173346
95173426
95173360
95171010
95170806
95170154
95171032
95170850
95170488
95181412
95170432
95175659
95175651
95181064
95170074
95180330
95176254
95176228
95179028
95179094
95174044
95176290
95176172
95178337
95170071
95178482
95178210
95179182
95180174
95170010
95170734
95170416
95170212
95177060
95170262
95180050
95181510
95181176
95181060
95179044
95179086
95170152
95179014
95181156
95177250
95181330
95170476
95170484
95170160
95181280
95179012
95170404
95170158
95172099
95170077
95170360
95172000
95181600
95178324
95181342
95178342
95170344
95173020
95173390
95175680
95174350
95174180
95170496
95178222
95178328
95175652
95180476
95181284
95177106
95177102
95177154
95170274
95170304
95172090
95177020
95174000
95176032
95173000
95180242
95170440
95181899
95170750
95180404
95180364
95175824
95178332
95181216
95179190
95170604
95172054
95181206
95170083
95180286
95177158
95178496
95180312
95176220
95178486
95181440
95181034
95170107
95180062
95180058
95170050
95181150
95180200
95180486
95180472
95173028
95178216
95172036
95180492
95178383
95179150
95180396
95180356
95180172
95178122
95172081
95180248
95170472
95181598
95177240
95180246
95170444
95170226
95178208
95176012
95174008
95177110
95176028
95170216
95170400
95170324
95177048
95170210
95170754
95170428
95170340
95180290
95174216
95177156
95170512
95178418
95178140
95176310
95174004
95175847
95174050
95176370
95176330
95177118
95177030
95176053
95177032
95176056
95179092
95178150
95175823
95176022
95181036
95174274
95174126
95174112
95179010
95181382
95170164
95172093
95172140
95174222
95173286
95173140
95173288
95180474
95180060
95170095
95175644
95180400
95179180
95170738
95172142
95171014
95175800
95175620
95175400
95170802
95171008
95170742
95170222
95180150
95180100
95181182
95181240
95178118
95180258
95181472
95180324
95181594
