94175060
94060336
94135384
94155102
94090204
94240850
94262100
94264159
94155602
94100776
94055290
94230700
94230530
94230130
94035324
94234700
94060120
94080310
94185300
94015090
94232858
94242156
94255350
94260114
94265269
94252804
94243700
94240708
94140010
94080430
94050264
94080360
94180122
94055440
94035060
94070614
94045410
94197150
94035350
94110030
94185410
94250740
94080410
94252861
94190230
94060222
94150483
94015692
94035340
94035280
94180104
94197140
94155514
94252510
94010290
94010200
94035360
94110170
94110550
94240634
94110020
94060520
94085130
94140004
94120000
94080420
94262210
94110070
94135010
94065412
94065414
94155447
94140012
94015690
94120208
94170040
94045294
94240558
94199742
94250342
94252259
94120202
94070130
94100630
94198760
94255600
94110200
94100100
94070040
94170054
94265024
94265003
94265060
94265015
94265018
94265012
94265009
94080330
94150080
94060220
94030280
94267220
94065190
94253750
94045190
94110210
94120390
94195040
94232870
94252867
94240420
94180420
94055070
94197200
94235600
94265610
94015684
94080000
94190170
94197014
94080390
94110140
94170350
94080180
94020100
94035090
94035184
94180210
94180570
94180600
94110480
94110110
94110050
94085110
94110267
94265239
94050272
94243460
94180150
94120274
94110060
94251203
94085120
94110220
94085100
94080370
94020130
94085250
94100816
94020050
94110090
94080190
94199604
94080380
94110240
94180102
94240515
94155400
94045030
94250210
94236700
94254610
94130190
94085150
94080170
94085000
94252500
94110230
94080340
94055210
94080160
94252870
94242174
94198020
94090310
94065342
94085240
94231612
94198748
94150634
94155426
94198243
94185450
94110150
94100230
94065500
94185370
94110622
94190310
94010230
94010064
94100640
94080140
94240700
94140058
94150650
94090010
94150440
94090260
94155070
94155434
94070434
94236750
94180530
94199645
94265227
94100410
94045312
94020340
94090640
94253218
94243830
94110190
94040170
94120170
94010011
94010010
94020220
94090590
94198190
94080200
94155140
94035440
94265242
94080460
94255309
94100010
94060240
94080240
94080150
94010075
94070428
94198712
94155180
94010270
94020040
94090170
94080210
94080320
94264428
94055240
94040040
94055300
94197054
94065404
94110530
94110523
94100590
94075360
94035104
94085190
94015680
94025030
94190190
94010130
94265281
94180590
94170052
94110130
94155094
94090340
94170090
94254110
94020150
94055234
94055230
94015564
94150580
94060210
94030020
94241010
94065120
94045328
94045338
94045336
94045330
94110515
94260250
94253222
94232808
94264404
94015600
94250510
94110040
94025390
94170470
94198823
94198850
94035270
94260289
94080280
94010340
94232130
94015100
94190300
94185520
94065312
94252466
94230230
94100672
94198120
94120201
94080070
94015560
94015141
94252760
94185380
94231616
94267400
94199706
94234750
94070606
94025040
94045230
94080470
94080450
94040082
94040370
94170316
94185360
94155010
94110600
94260040
94230716
94015030
94197420
94070330
94050030
94035450
94265248
94110080
94253828
94254500
94265292
94120213
94030360
94150160
94085170
94231600
94150082
94185280
94150620
94190160
94250130
94180550
94080350
94065220
94120344
94170184
94185190
94253182
94090570
94256450
94055336
94180234
94155290
94135100
94075230
94180232
94230560
94253048
94199721
94020230
94150612
94135070
94264436
94254000
94253020
94198790
94260600
94260010
94252100
94170314
94015166
94253194
94120272
94180390
94010180
94015248
94080400
94015191
94110010
94065346
94025050
94190340
94240704
94180490
94025340
94198065
94030460
94241000
94110180
94150640
94199733
94110460
94030410
94110120
94110100
94265263
94242658
94065400
94265620
94080480
94150410
94020440
94242604
94015686
94015164
94015170
94100440
94170062
94155494
94070600
94080440
94110160
94010380
94060324
94070386
94240853
94264162
94155604
94100779
94140046
94090190
94255315
94100200
94199663
94010220
94010530
94231700
94198183
94150240
94070060
94045110
94060340
94085090
94020190
94130170
94150180
94100470
94100474
94255710
94130270
94265816
94198834
94198830
94198813
94100490
94175000
94025260
94243800
94155491
94185100
94244528
94265293
94260110
94190590
94195350
94199654
94244504
94255358
94250830
94135180
94195200
94025020
94060260
94250500
94010500
94195270
94100700
94244524
94035410
94198846
94150280
94035200
94135060
94055130
94265800
94230400
94235040
94100320
94150020
94080490
94060450
94261300
94050255
94010140
94010291
94190110
94065272
94190000
94100310
94130440
94100330
94199709
94185210
94070426
94035152
94100270
94150660
94050150
94100280
94170190
94015000
94090212
94254700
94264183
94198821
94198826
94198828
94070612
94045355
94240010
94075140
94075050
94090250
94199640
94198845
94135380
94198255
94264008
94242430
94264000
94045170
94045320
94045326
94195110
94130110
94100290
94150210
94060110
94265069
94090330
94155416
94070602
94198860
94065140
94050020
94075220
94198068
94150000
94233562
94190290
94195360
94060224
94231604
94015340
94198010
94260268
94100340
94080260
94252470
94198800
94243450
94070610
94100300
94070620
94170214
94232000
94050380
94120370
94240320
94100390
94198210
94170312
94170330
94180310
94198070
94197018
94240856
94264165
94155610
94100780
94040280
94055390
94090264
94090180
94198193
94190430
94198205
94190320
94198203
94040084
94015060
94090630
94065347
94110513
94155404
94100710
94130500
94120230
94030210
94040060
94050110
94140056
94185110
94070630
94075398
94190390
94150150
94242177
94170030
94150480
94155100
94060480
94230720
94035390
94195020
94045370
94260022
94199745
94185470
94150380
94040030
94090670
94055430
94080050
94260020
94080010
94030340
94264004
94252324
94070360
94265700
94252115
94190420
94055190
94100530
94090270
94035380
94244512
94265254
94254140
94135330
94060020
94120203
94090520
94195100
94180480
94241050
94110250
94155150
94045250
94180180
94035370
94241045
94243366
94253174
94080120
94198170
94197522
94010090
94198054
94025144
94090080
94240614
94175038
94040100
94060270
94100580
94010484
94100890
94232500
94232524
94253036
94252040
94015380
94253800
94264168
94253808
94253812
94045240
94243358
94015390
94190220
94130265
94185480
94010062
94253198
94230724
94010450
94070170
94045280
94195080
94060630
94100130
94170170
94242198
94060580
94155408
94190440
94155280
94180230
94130280
94195340
94050274
94265600
94180380
94040080
94150030
94170080
94260652
94080060
94240310
94100050
94110610
94060330
94035185
94130100
94240521
94231400
94252121
94190180
94055310
94251209
94015586
94241025
94060410
94035240
94010050
94135230
94070608
94253186
94070320
94050250
94195090
94242153
94075080
94231100
94242171
94252256
94050170
94190410
94060440
94260019
94260656
94100476
94070240
94231160
94070618
94110263
94060170
94185090
94260116
94190330
94110410
94265039
94195330
94198072
94140018
94020470
94195130
94085160
94155436
94265096
94265087
94265093
94265090
94265081
94060300
94233558
94170320
94110614
94085260
94050184
94260280
94198110
94195050
94050320
94199748
94190284
94055270
94065380
94198829
94150090
94252303
94120212
94025200
94020460
94025190
94070580
94060044
94060046
94265860
94244500
94060384
94195220
94065242
94060404
94015330
94256350
94240030
94254600
94185140
94198814
94260037
94070210
94170220
94030170
94085220
94085280
94195280
94244532
94231420
94075510
94198030
94110300
94231300
94195112
94195070
94232400
94242600
94190380
94070604
94100380
94065431
94243500
94050060
94155493
94100658
94155446
94190120
94155230
94155235
94090320
94155050
94260628
94170000
94135341
94135370
94195400
94155090
94250050
94085180
94195250
94070120
94180228
94185174
94110612
94010390
94240865
94264171
94155510
94155605
94100781
94025392
94198064
94240818
94252280
94130060
94240036
94199715
94060050
94199606
94085200
94130080
94085020
94055110
94010204
94085050
94035505
94253028
94255362
94253202
94015050
94010100
94060230
94085290
94085070
94170340
94190090
94020390
94150250
94260608
94180280
94252250
94080130
94265054
94075410
94265072
94100500
94075240
94150411
94065470
94241020
94197422
94085270
94085040
94100800
94233600
94232656
94232330
94135310
94025170
94025210
94267200
94264700
94110360
94100332
94020170
94253170
94255324
94198806
94085030
94020260
94240610
94085080
94015260
94060130
94232866
94030001
94030000
94040001
94040000
94050000
94060001
94060000
94070000
94070001
94252462
94197160
94265063
94240618
94250840
94185510
94240859
94264186
94155614
94100770
94030180
94030420
94035140
94190240
94120273
94120380
94155300
94015020
94135400
94045360
94252262
94252300
94250348
94155508
94075474
94060512
94080110
94197016
94120160
94075470
94110618
94025258
94190315
94060010
94198060
94135210
94090600
94250520
94170370
94090050
94110604
94190313
94185452
94185352
94180212
94180452
94180272
94197013
94197012
94197512
94198002
94198312
94198342
94260013
94260046
94261790
94261800
94262000
94020090
94155260
94242608
94045332
94265812
94050355
94070420
94244300
94252852
94180340
94090300
94090420
94232862
94025270
94120340
94150070
94185440
94155412
94110350
94025140
94120130
94180320
94075150
94190200
94010150
94110310
94035180
94130040
94243455
94252750
94130290
94155240
94155430
94065040
94150050
94120332
94110353
94100140
94120095
94040092
94055140
94075170
94130420
94135000
94090290
94242150
94090430
94100460
94100350
94100504
94140000
94110357
94244340
94265260
94155492
94199850
94252700
94252150
94252060
94255321
94254310
94065408
94242168
94250700
94255354
94265203
94253060
94010480
94197524
94010120
94264412
94135030
94015570
94120280
94015070
94253740
94240586
94060334
94120310
94025120
94135320
94198812
94190500
94240868
94250360
94264174
94155606
94100768
94035188
94130030
94255400
94070423
94045060
94090510
94055160
94236500
94250010
94244600
94244000
94255800
94242550
94242050
94255000
94236040
94060190
94060100
94199639
94195010
94040250
94170230
94065000
94170234
94197260
94015584
94175010
94120360
94015110
94075180
94180225
94035186
94255410
94195380
94185200
94040350
94130230
94190260
94130220
94253032
94253234
94130130
94241015
94130200
94130010
94140052
94180450
94085010
94065260
94045316
94070424
94251100
94264177
94262300
94255318
94075070
94262205
94260043
94090020
94015640
94198062
94090620
94035382
94130031
94252846
94255700
94030040
94155450
94251206
94065462
94065456
94065464
94065458
94065454
94040200
94100662
94100656
94065466
94100652
94130020
94100664
94010475
94120050
94050182
94025220
94130430
94100650
94240300
94170260
94195240
94050080
94050270
94140003
94235060
94015290
94242186
94195410
94035330
94010190
94075330
94198803
94020180
94065150
94243150
94120055
94264016
94065340
94198240
94090610
94170140
94100760
94070010
94240570
94240574
94045090
94155060
94100080
94195300
94040140
94040342
94065160
94020020
94110602
94140042
94198090
94199727
94035230
94260025
94232230
94232652
94065240
94015682
94232540
94180060
94045350
94233800
94130422
94240862
94250357
94264180
94155613
94100765
94090380
94155516
94180580
94035510
94265296
94242189
94242195
94242192
94199724
94265233
94252200
94252020
94070616
94090530
94050370
94045010
94020400
94197050
94040210
94190370
94180124
94130510
94020110
94150570
94197430
94240821
94140028
94155482
94070632
94050360
94075200
94100790
94256400
94015610
94120217
94015270
94260668
94100812
94170420
94170310
94120276
94155170
94265200
94185070
94180290
94075530
94140022
94100150
94140026
94025230
94040180
94155200
94020480
94040190
94090350
94198853
94055410
94090490
94180120
94190130
94140030
94242654
94040354
94060470
94060430
94240509
94035150
94080080
94035040
94060250
94135200
94180300
94070150
94060460
94030350
94075202
94075310
94075312
94100660
94197010
94030150
94253064
94190350
94130160
94241040
94254620
94065200
94055150
94150470
94250363
94252318
94262110
94264153
94155607
94100772
94020290
94265284
94199660
94265245
94050295
94035250
94170412
94197080
94185340
94240827
94230827
94010301
94130300
94230824
94015574
94135050
94230010
94232210
94100625
94231000
94155040
94260636
94070180
94035210
94055350
94045324
94232854
94070070
94195254
94070636
94100510
94250600
94040220
94240812
94010478
94190214
94065060
94260262
94260259
94040320
94197070
94055050
94254760
94190040
94015244
94190080
94040344
94260112
94265218
94185120
94065180
94170430
94250366
94264156
94155612
94100782
94025000
94155410
94050210
94230803
94185290
94250336
94065430
94110265
94035030
94070110
94197030
94075290
94075032
94050120
94025100
94050130
94040120
94155160
94015310
94020500
94060140
94198230
94232010
94030200
94180284
94045300
94230821
94070140
94070144
94040390
94070030
94170318
94260102
94252118
94090550
94198856
94264432
94060620
94010452
94180270
94040090
94090040
94110470
94170160
94100720
94065520
94020430
94020434
94198605
94197250
94065210
94260604
94185364
94197120
94010350
94170240
94150012
94150112
94150163
94150168
94150313
94150312
94155222
94155052
94170058
94170248
94170244
94030190
94040290
94025320
94050161
94100540
94050200
94180224
94075040
94030370
94243110
94050220
94198842
94075071
94197040
94015620
94055360
94155422
94015530
94040310
94240110
94065234
94260274
94198807
94260034
94150190
94242250
94252858
94010470
94230815
94040160
94170440
94250369
94262200
94155608
94100766
94045395
94040110
94240512
94075270
94020030
94065330
94197100
94253730
94180500
94075480
94180236
94050300
94090210
94155406
94050050
94264408
94260031
94045140
94110270
94050350
94140040
94110291
94250300
94252000
94030270
94060350
94050010
94110311
94198187
94025010
94253226
94197520
94199603
94256200
94198140
94155498
94155444
94240503
94150060
94195290
94040260
94090100
94135350
94040130
94050180
94230812
94070430
94070400
94150610
94135040
94020011
94020010
94197170
94232100
94190210
94065170
94253158
94035300
94035304
94080145
94197110
94232700
94240200
94100550
94015660
94080292
94150450
94035260
94015510
94065345
94190100
94255306
94100702
94244508
94260118
94265251
94243010
94260283
94243200
94250450
94180000
94060080
94060060
94020070
94198130
94240758
94190140
94254410
94242460
94250140
94199730
94150270
94190060
94236300
94025142
94180460
94267700
94241350
94185170
94197090
94035190
94260256
94055280
94065311
94120214
94170390
94195390
94175074
94195142
94050240
94234500
94240762
94198610
94230200
94045120
94015400
94253044
94135260
94190070
94150220
94240830
94236200
94241300
94055100
94175030
94197510
94050140
94170094
94264028
94170010
94155030
94150140
94100810
94120070
94130310
94080300
94050260
94060510
94030400
94020410
94170068
94185270
94100808
94010490
94252843
94015140
94060425
94060400
94150630
94252876
94253680
94010483
94198080
94195150
94010210
94180470
94260260
94075282
94130090
94015575
94198859
94150170
94198820
94060070
94198600
94055320
94015230
94190054
94025150
94253166
94240815
94035220
94190050
94015171
94190150
94197190
94253008
94010170
94010001
94010000
94030100
94010080
94170300
94110608
94045150
94075190
94198160
94190030
94180520
94025360
94253154
94252855
94180510
94180330
94110260
94015242
94030160
94198022
94185310
94135120
94075110
94120090
94050290
94055030
94040340
94080290
94170280
94185220
94155120
94170380
94175092
94240622
94035515
94240410
94150435
94120020
94252800
94150500
94120204
94135390
94185010
94250372
94100767
94055020
94045160
94185020
94250375
94100777
94265006
94265021
94080220
94195170
94120200
94250354
94264416
94120110
94185540
94055250
94260100
94180350
94120270
94070300
94070230
94070260
94090360
94264150
94035070
94090150
94080090
94040240
94199632
94130530
94055000
94199739
94090370
94252315
94234000
94025130
94120240
94232636
94015585
94130070
94090650
94120207
94235000
94100360
94240578
94080030
94045040
94150490
94090090
94015120
94265155
94120260
94250850
94198535
94035120
94265221
94140054
94190450
94060570
94180540
94060390
94045130
94060180
94070090
94035130
94080230
94150510
94232648
94253040
94010400
94075390
94100450
94197540
94265212
94090710
94070622
94120220
94050230
94265180
94265400
94090540
94232644
94150520
94120320
94232640
94120215
94090000
94265048
94265057
94232570
94050390
94253190
94170110
94090110
94055400
94015500
94265266
94198253
94243258
94180160
94198801
94254300
94197210
94045020
94120250
94015562
94130210
94065522
94243254
94070050
94130400
94065250
94252454
94020080
94197360
94010021
94010020
94243208
94050330
94060290
94015590
94080250
94015240
94015572
94150521
94190280
94110624
94140048
94199633
94060420
94185330
94065280
94065230
94185030
94080224
94100778
94140002
94060040
94267000
94090680
94010410
94232632
94135220
94055080
94242612
94140006
94185460
94055082
94242400
94075430
94075318
94070634
94140008
94155496
94195180
94185430
94242162
94255270
94040360
94241005
94260295
94198730
94015220
94075284
94262215
94254790
94233450
94241200
94235020
94230800
94230140
94232520
94232600
94232420
94130320
94264440
94253530
94100802
94170410
94075440
94070384
94170360
94185250
94010240
94055172
94253206
94055060
94150560
94185240
94243310
94253016
94110606
94199672
94030300
94120216
94045100
94180226
94252306
94035020
94100170
94070020
94085210
94010540
94030050
94232800
94030250
94185530
94080270
94155080
94155270
94231850
94198831
94185150
94265209
94090450
94155220
94060418
94010360
94264400
94010482
94180295
94180560
94197570
94198714
94180010
94035290
94075460
94264800
94197362
94198857
94040050
94090030
94025090
94015320
94240803
94252873
94260286
94065236
94050346
94252450
94197432
94240626
94254130
94155190
94130180
94010320
94045070
94242180
94065080
94135130
94060320
94020060
94020300
94045080
94243212
94045050
94155250
94255500
94030110
94232604
94020450
94080100
94260672
94198811
94100120
94110252
94075250
94035160
94150310
94175040
94025290
94110290
94135300
94060150
94070450
94070372
94030380
94180410
94135170
94232608
94055370
94150638
94080032
94197017
94120290
94240506
94232850
94100670
94100160
94065440
94120190
94090344
94180140
94265500
94232612
94232616
94232628
94010486
94180170
94065416
94232620
94253824
94232624
94253820
94150300
94100730
94195030
94250610
94135150
94045270
94045290
94253238
94030130
94090060
94110320
94150390
94090410
94010032
94250200
94070350
94250790
94256100
94231800
94050100
94231730
94233700
94025080
94070280
94130330
94080062
94197424
94100000
94198522
94010430
94199618
94185040
94240598
94100769
94110340
94015580
94135140
94199612
94240550
94015370
94150590
94025310
94130000
94120342
94030060
94198040
94198700
94170400
94195500
94015550
94075316
94240554
94130150
94240100
94020160
94100806
94055450
94015250
94198510
94030240
94060310
94155500
94197610
94198215
94243302
94198525
94198523
94060490
94198520
94199627
94252849
94198530
94198540
94035320
94155504
94045420
94090580
94110510
94250844
94260277
94260253
94240602
94065343
94130340
94090070
94020140
94015190
94232804
94030310
94065070
94198854
94199602
94199666
94199609
94198825
94090480
94198827
94198852
94030120
94035170
94110540
94265027
94065290
94075520
94070238
94080020
94135280
94075034
94155020
94060264
94075500
94155502
94185050
94100771
94020280
94198740
94197640
94198545
94060280
94243286
94130214
94260616
94265030
94243298
94135360
94110280
94065110
94198550
94060540
94060590
94030390
94251212
94241055
94243362
94240766
94135160
94260271
94130350
94198736
94264424
94070440
94265630
94055380
94100260
94240712
94253024
94155445
94025280
94243294
94110440
94260648
94265051
94155432
94233200
94240400
94110520
94050280
94055090
94050040
94243354
94242005
94185080
94265275
94015630
94135080
94075300
94252458
94253804
94265865
94155130
94198555
94260265
94020000
94253230
94010280
94025110
94260664
94197434
94155210
94100668
94195120
94060610
94010370
94065130
94030080
94243290
94120350
94015200
94120010
94020120
94155000
94030140
94120209
94190264
94015180
94035225
94075280
94075394
94015280
94250330
94185060
94100775
94130410
94240806
94250351
94243250
94040330
94120210
94252109
94130380
94085140
94255250
94256000
94255220
94255730
94070290
94120093
94252808
94090280
94045194
94180100
94190400
94050310
94252253
94090324
94240033
94015350
94065300
94264024
94100180
94075060
94253210
94254400
94265287
94130580
94100210
94170480
94155480
94242201
94035420
94155418
94256800
94150110
94265000
94197660
94100480
94075175
94190020
94198258
94250070
94045354
94250400
94264012
94100560
94140670
94251120
94254100
94261000
94130240
94090140
94195140
94030090
94045318
94045430
94199712
94264020
94035000
94015566
94195210
94100220
94065270
94155490
94242204
94015040
94198804
94060160
94060322
94010460
94199621
94240750
94075010
94199718
94020310
94075020
94253162
94243278
94140680
94252309
94199636
94075122
94255230
94265257
94185500
94254420
94241500
94090160
94020420
94070425
94254630
94150400
94199736
94025180
94075286
94198816
94010420
94015540
94170150
94254120
94198150
94260612
94170250
94150360
94260644
94150361
94010110
94198560
94260028
94170064
94250120
94199726
94020360
94010160
94242616
94090220
94243306
94025370
94075210
94030104
94130250
94040230
94100240
94170070
94060030
94040380
94060550
94185350
94244536
94100740
94255312
94264448
94070250
94198822
94243282
94185130
94199700
94170042
94255100
94055420
94198100
94255610
94199624
94199705
94155428
94035080
94075320
94045314
94180360
94242183
94199615
94252103
94256300
94135240
94180220
94180440
94260016
94180050
94045390
94045392
94015160
94030010
94198832
94140050
94264444
94020490
94230708
94015080
94100570
94241030
94035010
94135410
94090251
94197015
94198067
94100750
94232528
94232532
94232536
94060530
94197020
94015360
94195000
94090500
94252312
94050160
94030220
94198841
94065050
94170100
94198843
94170270
94110490
94030450
94010440
94195320
94070234
94197364
94110500
94170180
94260620
94030070
94135250
94050340
94100774
94025330
94090240
94045325
94155443
94265075
94110264
94110370
94075302
94265042
94100334
94231130
94065418
94180190
94244516
94265236
94260108
94070270
94030440
94150260
94265078
94150230
94140020
94240590
94100773
94197060
94020330
94010401
94265084
94230330
94198074
94198558
94055010
94130120
94190212
94110616
94255200
94255300
94100666
94232874
94242650
94232710
94195260
94252327
94025300
94241230
94236000
94100814
94015300
94010040
94265855
94253640
94198808
94240754
94241035
94110620
94230818
94045310
94252321
94150100
94070370
94075130
94055260
94198835
94045400
94198710
94252106
94020350
94150330
94195190
94100190
94065370
94100110
94045000
94197264
94197262
94090120
94065490
94035100
94045323
94185180
94025154
94198570
94075215
94100804
94253178
94185230
94030470
94198575
94120206
94240500
94230806
94243000
94255303
94025174
94015583
94243350
94175070
94035110
94265160
94180222
94080500
94199630
94198180
94045220
94260646
94170200
94190270
94030330
94265850
94170210
94090392
94075124
94170102
94025060
94253000
94254510
94100370
94265272
94035400
94198000
94045340
94030260
94150340
94130390
94100420
94230110
94010250
94130140
94015246
94045405
94250333
94252864
94264420
94010271
94030230
94185260
94030030
94239899
94249899
94259899
94269899
94065030
94065360
94240594
94230712
94244520
94035430
94260120
94265290
94265808
94198220
94170130
94130360
94070080
94198770
94170322
94135190
94015010
94055120
94265206
94130260
94065450
94065480
94140014
94155512
94025070
94198734
94075090
94075340
94010300
94260640
94198124
94199642
94199648
94199669
94025084
94175080
94110355
94010031
94010030
94035310
94130253
94235200
94020320
94060380
94265230
94230150
94252740
94045260
94253052
94250310
94090200
94070236
94110380
94265036
94185490
94155442
94090400
94175020
94015688
94185420
94100070
94140044
94198848
94233300
94251200
94075490
94233310
94197730
94198500
94070382
94150482
94150632
94035085
94110450
94260632
94265033
94075350
94150350
94240809
94150512
94240566
94050276
94199651
94075100
94198580
94190250
94198818
94120150
94065232
94135020
94198066
94120300
94265224
94185390
94130050
94155420
94190010
94040300
94253500
94010510
94035500
94253760
94234100
94230809
94230704
94253660
94265804
94250339
94261500
94233566
94250030
94232300
94195160
94240582
94230500
94180200
94155441
94185160
94015520
94265278
94195252
94090390
94100520
94197460
94030320
94050090
94265226
94198585
94055340
94070232
94040070
94065020
94010260
94055180
94075380
94065010
94070310
94070374
94070312
94155414
94260106
94010421
94070160
94198833
94140007
94242015
94253816
94030430
94260660
94252112
94253012
94175110
94070340
94150420
94170120
94150130
94231410
94110269
94155402
94070220
94055330
94055334
94240518
94075450
94195370
94230300
94198590
94065460
94090720
94100250
94240120
94240670
94240716
94242300
94240800
94243050
94243400
94251010
94253056
94253520
94198593
94231608
94015162
94197148
94010051
94025380
94242666
94075000
94075540
94199703
94130370
94110000
94015582
94198196
94242662
94252265
94252277
94252268
94110636
94060600
94244640
94075260
94100090
94155110
94110634
94040020
94198195
94243465
94170326
94010060
94135340
94070190
94015210
94260624
94243314
94243274
94198595
94035050
94075400
94045210
94015130
94264032
94110630
94155438
94175076
94110273
94045334
94198840
94110430
94110400
94255510
94265045
94100333
94075370
94233550
94150120
94240524
94065320
94025240
94233554
94198802
94242270
94233500
94233720
94242159
94090130
94242120
94243520
94265066
94150200
94242330
94170460
94120218
94060360
94195304
94130395
94253150
94242165
94050070
94020380
94070410
94155484
94253214
94195230
94175090
94155424
94150430
94055170
94065402
94240630
94135291
94135290
94198847
94253004
94040270
94110420
94110390
94075314
94100294
94265150
94100331
94025250
94199675
94199678
94198817
94070200
94155440
94055200
94020370
94140024
94090440
94025350
94065390
94050190
94090230
94135090
94135094
94252840
94254730
94070100
94198805
94197800
94243100
94243204
94150320
94260292
94155506
94075288
94198851
94170303
94170302
94175032
94242000
94175114
94199657
94251110
94252271
94075120
94120140
94170060
94231500
94180430
94010310
94198858
94065423
94135270
94090560
94015650
94120030
94250345
94260104
94198849
94231720
94080040
94085230
94240606
94050344
94060200
94060494
94010070
94243266
94075030
94075482
94075484
94252274
94185320
94055040
94060500
94198809
94025160
94070380
94075476
94075396
94255260
94150460
94015587
94240562
94110330
94010481
94150010
94075160
94150040
94150290
94150600
94075420
94195310
94231430
94150550
94100400
94265215
94253600
94170050
94135110
94085060
94243270
94175130
94170290
94055220
94199600
94252812
94120330
94240824
94065350
94180400
94190360
94150462
94010330
94250750
94015150
94035226
94065100
94020270
94010488
94180020
94065310
94045180
94180370
94045200
94198815
94251000
94065420
94030290
94180240
94175120
94242010
94198630
94243262
94180260
94180250
94035181
94199302
94065410
94231710
94198620
94090690
94195060
94075292
94140016
94045322
94199301
94199303
94199304
94195302
