95906260
95901506
95902446
95905554
95906392
95902744
95901848
95910100
95902159
95908053
95910630
95904372
95903045
95905306
95901786
95900530
95906264
95900810
95912152
95905011
95913178
95900066
95906782
95912522
95914434
95908240
95906642
95912542
95904540
95910832
95905863
95904723
95902694
95912118
95913664
95901077
95912044
95913062
95910668
95910244
95905348
95905404
95902110
95908374
95906204
95902472
95913052
95913214
95905249
95900726
95913872
95900896
95913182
95901370
95913265
95913528
95914010
95900034
95900036
95900560
95900562
95913162
95913160
95913034
95914040
95914500
95914490
95914410
95914800
95907860
95905461
95905608
95910012
95910354
95912550
95900202
95900188
95901482
95905839
95905255
95905022
95912578
95910358
95910010
95910864
95901632
95905044
95905780
95904369
95904321
95904060
95908520
95914660
95900030
95905672
95913518
95913056
95914220
95905007
95914086
95903708
95905180
95902290
95910210
95904306
95910110
95910218
95906288
95901504
95906636
95903054
95913870
95900814
95910790
95910058
95912182
95910214
95903360
95903142
95902540
95902835
95900430
95901878
95913250
95913236
95913873
95913662
95913020
95901550
95912020
95913570
95914106
95914650
95913004
95900220
95902178
95910662
95912470
95913850
95903206
95904342
95904864
95906396
95914440
95910678
95912052
95906568
95903148
95910184
95902292
95913022
95901016
95913064
95905469
95906070
95902041
95901780
95902390
95905350
95905406
95913271
95913452
95902054
95902022
95910442
95914432
95910112
95901360
95912108
95912354
95914716
95905237
95906290
95913168
95901422
95906412
95913224
95902176
95910062
95904345
95905493
95905518
95906344
95914580
95908256
95906404
95900476
95912156
95901508
95905428
95900752
95901372
95901551
95901300
95913524
95913556
95910844
95911464
95913666
95901172
95913028
95901362
95901110
95910056
95901116
95908272
95905352
95905408
95914042
95901262
95910242
95904150
95900512
95913504
95913032
95906324
95908710
95903150
95901179
95901200
95901450
95901720
95910274
95906202
95912406
95900426
95913200
95913286
95913440
95912122
95910186
95905851
95905699
95910430
95905302
95908220
95903006
95914664
95901306
95901634
95914400
95908412
95905772
95914248
95903090
95901510
95900486
95911870
95904444
95906500
95912150
95914014
95902270
95913367
95913432
95902392
95908264
95906564
95907872
95901790
95902444
95914142
95901868
95911472
95905705
95904694
95906136
95908584
95901364
95902742
95902114
95901130
95903020
95902268
95902642
95905712
95906072
95910250
95906211
95908742
95908052
95910628
95903061
95912348
95905015
95903043
95902562
95914625
95913198
95902052
95913624
95908612
95913880
95914330
95906400
95913140
95900574
95906654
95903260
95914096
95901660
95901690
95902020
95901620
95901488
95914224
95914710
95914044
95900140
95900106
95900104
95900010
95900056
95900054
95900702
95900700
95905080
95905430
95904390
95904000
95905770
95906066
95906280
95903870
95906860
95914610
95902424
95901356
95902048
95906332
95912480
95900812
95903286
95904453
95900174
95900026
95900218
95900340
95913450
95913600
95913470
95905024
95901888
95902084
95902226
95901876
95902024
95901886
95900808
95905778
95903046
95914589
95906256
95905156
95902168
95901884
95910318
95910270
95910480
95910512
95900176
95900120
95901112
95900508
95902160
95913216
95901514
95903202
95906058
95902474
95911814
95908650
95911060
95905500
95910780
95910160
95905480
95905130
95912004
95900686
95913176
95900488
95913340
95900310
95900313
95906652
95906206
95908260
95906572
95907868
95904315
95901788
95914144
95901870
95908284
95905152
95906134
95908588
95903024
95902644
95906506
95902384
95906074
95910254
95906207
95908743
95908054
95910626
95911482
95902563
95902382
95910322
95913355
95913436
95903208
95913044
95901232
95914092
95900268
95901866
95905005
95904720
95901434
95913346
95901354
95904144
95900316
95902044
95900836
95910830
95910822
95913120
95910840
95906560
95900038
95900518
95911460
95910860
95900471
95900294
95905702
95900712
95906364
95906200
95908236
95903176
95906656
95900116
95901034
95901178
95905003
95904502
95904500
95904307
95902830
95903000
95903300
95903640
95900680
95906650
95910120
95900012
95905032
95908410
95900750
95900732
95900800
95901050
95905258
95912012
95901014
95904726
95914050
95900474
95900564
95900050
95900614
95914550
95913210
95913274
95913276
95913445
95913446
95912068
95910252
95910828
95902442
95901226
95914444
95901810
95905243
95905422
95900672
95900582
95902170
95903277
95900062
95910272
95910688
95905023
95901440
95912382
95914558
95914562
95900622
95913128
95913030
95914098
95902166
95901558
95901170
95905360
95913430
95900418
95903258
95910640
95912192
95900714
95900844
95912106
95900804
95908386
95910314
95910292
95914708
95908232
95906050
95906210
95906272
95906576
95907864
95904146
95906648
95908380
95914146
95905150
95906132
95902646
95906508
95905714
95910722
95908056
95910624
95914595
95904459
95913506
95910282
95905830
95913622
95910090
95905420
95908432
95901082
95900018
95900200
95903030
95913136
95905675
95902440
95901562
95901224
95900806
95900172
95900124
95901432
95905439
95901872
95908420
95908422
95910672
95913730
95905681
95900410
95902028
95902134
95901446
95903126
95905433
95901566
95900802
95905154
95901368
95901614
95912112
95914200
95906312
95906212
95906276
95906580
95904148
95908378
95904542
95914148
95901864
95902648
95904012
95910724
95908744
95910622
95902565
95910118
95906320
95904368
95904323
95910842
95900876
95914140
95902026
95914700
95901394
95910182
95908416
95906356
95908252
95901304
95914216
95914236
95908508
95908276
95901430
95907450
95904366
95904333
95913112
95906300
95906248
95900678
95901502
95903270
95905009
95901032
95913042
95900704
95900858
95900870
95901392
95908402
95900478
95913316
95910316
95910290
95910192
95905346
95905402
95913048
95902162
95914656
95903004
95913554
95912184
95902704
95903002
95910862
95900684
95901554
95905716
95914446
95900674
95910066
95913522
95906628
95910064
95906340
95906778
95906764
95903394
95906328
95903276
95910518
95910288
95900416
95902220
95901750
95902250
95901312
95901150
95905041
95905070
95900688
95913000
95912000
95912220
95914750
95902708
95910060
95914084
95900216
95910664
95901500
95913262
95913448
95906244
95906316
95910484
95910516
95901358
95906388
95910312
95910276
95903212
95901564
95904339
95910438
95905008
95904854
95901842
95905684
95914090
95913206
95905857
95906780
95912110
95912572
95901494
95912310
95905342
95905467
95912520
95903042
95908248
95906240
95906584
95903112
95914150
95910190
95902272
95908058
95910618
95900184
95900014
95900516
95900032
95902566
95901128
95913068
95910796
95902294
95905264
95905774
95901794
95913110
95900722
95906776
95905495
95905512
95905503
95905490
95900484
95900016
95904858
95904465
95905836
95904140
95900626
95913026
95914706
95910482
95910514
95905418
95905860
95906054
95913226
95902112
95908418
95900180
95900114
95908388
95904690
95908610
95910826
95914613
95900376
95908050
95901396
95901310
95900073
95900860
95903830
95908504
95904429
95906360
95913114
95914616
95901390
95905666
95900630
95912250
95901132
95906304
95913500
95903044
95906216
95906588
95904152
95901782
95901808
95914152
95910188
95902274
95905719
95903274
95908059
95910616
95902568
95914102
95912576
95903250
95903040
95912544
95905776
95903210
95900266
95900052
95900572
95900606
95914554
95906130
95912552
95900730
95914094
95912120
95913116
95908398
95902394
95903390
95903256
95901860
95905854
95913202
95912036
95912186
95914607
95913122
95912040
95905340
95905412
95913358
95907876
95901012
95907200
95901618
95901498
95902224
95900620
95903710
95901552
95901238
95912188
95913301
95905687
95912366
95906432
95906592
95904154
95905720
95903280
95908747
95910614
95902569
95908408
95914782
95902222
95914240
95910834
95901236
95903146
95913289
95901118
95914230
95914080
95905344
95901424
95914784
95910284
95910660
95908580
95903520
95902620
95903718
95906348
95904371
95904312
95911260
95901530
95901516
95901260
95912322
95913060
95904104
95906000
95905869
95912540
95913626
95903288
95905017
95903278
95906640
95913054
95903034
95913361
95913434
95903060
95903056
95906810
95900522
95902340
95914430
95906420
95902436
95908244
95905722
95908748
95910612
95901844
95912032
95901840
95905690
95914658
95913190
95904102
95914654
95910050
95906816
95914442
95900256
95907370
95908700
95904840
95905002
95904735
95905001
95905321
95905310
95914619
95913502
95906632
95913230
95903682
95910476
95913514
95905845
95910684
95912370
95904435
95905184
95901784
95901592
95900222
95900144
95905678
95913558
95904370
95904318
95903670
95913256
95913234
95902422
95906638
95903282
95908749
95910610
95905010
95904856
95905216
95904010
95901590
95901798
95900500
95902770
95902800
95912318
95903170
95906774
95906368
95906382
95900252
95910666
95902426
95901366
95900420
95913373
95913404
95910680
95913084
95913874
95904544
95906646
95900108
95900080
95904426
95900260
95908516
95905225
95905036
95904358
95904354
95913670
95914601
95912548
95900250
95905494
95905515
95900618
95901610
95902580
95900182
95904260
95902860
95913118
95901560
95900602
95901636
95914048
95914046
95901874
95902266
95901374
95901486
95913550
95900424
95911430
95910846
95912128
95912580
95910016
95910014
95910350
95912374
95900850
95908228
95904471
95903678
95912100
95912080
95901084
95906208
95904423
95910868
95900520
95913253
95913228
95906620
95902570
95900206
95901174
95901480
95903262
95900842
95905246
95905028
95905040
95902050
95913080
95904375
95904309
95905000
95904820
95906634
95913298
95910794
95913552
95912386
95904420
95912570
95913132
95905833
95913038
95913277
95905669
95913319
95904548
95900374
95900372
95900264
95907390
95913668
95912180
95912104
95900204
95904468
95913660
95900414
95904732
95903330
95906384
95904327
95910122
95913082
95900290
95901080
95900866
95903062
95906408
95914583
95900292
95913512
95910222
95910246
95912064
95908404
95900710
95900852
95900840
95913510
95906308
95913170
95913442
95900254
95900170
95900022
95904862
95900716
95900846
95900178
95900112
95906622
95912546
95912126
95904441
95912402
95910608
95906424
95903032
95902690
95905725
95903284
95910604
95905034
95903712
95902470
95905496
95905509
95903620
95908376
95901074
95910792
95913024
95905558
95901122
95900604
95901846
95904447
95912574
95911030
95900270
95906062
95908500
95913222
95910166
95914704
95912060
95901496
95900482
95900470
95913180
95906252
95913232
95913700
95905462
95905612
95913454
95903064
95906786
95905604
95905465
95900208
95900874
95914082
95903114
95913352
95905240
95901126
95906209
95901302
95905463
95905616
95914244
95905075
95911468
95912390
95902428
95901070
95905696
95906630
95905726
95910602
95914718
95900524
95905026
95911486
95900504
95913628
95901230
95914184
95905718
95910824
95901616
95901400
95914720
95900214
95906784
95900580
95905424
95905842
95900412
95913400
95913370
95906624
95902060
95901234
95911360
95901621
95901492
95901800
95901071
95901622
95901426
95902700
95904142
95903714
95908512
95901626
95901010
95900830
95900818
95905562
95913310
95900060
95903140
95904474
95912028
95913630
95908424
95910690
95910280
95900632
95910320
95910286
95905294
95906214
95900070
95900854
95913220
95913130
95912024
95910726
95910836
95902380
95901428
95910470
95910068
95913192
95913295
95905848
95908268
95913194
95914438
95900074
95913283
95913208
95908430
95912190
95914196
95906788
95905728
95906514
95911110
95914192
95900624
95901420
95910474
95905019
95906510
95914436
95903018
95905210
95905065
95904620
95907385
95908406
95910866
95913046
95901114
95904300
95910838
95905006
95904852
95914604
95900894
95911810
95913878
95914662
95905438
95905527
95905470
95901814
95903066
95905730
95901352
95902720
95913876
95905410
95901240
95902561
95905437
95900568
95900610
95910052
95903674
95901490
95902262
95903610
95903272
95905030
95902722
95906770
95901072
95912362
95913166
95914100
95906812
95913144
95904100
95901630
95910116
95903116
95903200
95900058
95904432
95913621
95904348
95910324
95913532
95913520
95901556
95900118
95906762
95900528
95914228
95906372
95908614
95905491
95905524
95908382
95906284
95900142
95900134
95905290
95905018
95910114
95913184
95913313
95911350
95907630
95906772
95913186
95904450
95903750
95906626
95905732
95903204
95912072
95908384
95914188
95902172
95900258
95913134
95912016
95905416
95900130
95900132
95913349
95914212
95906336
95912116
95913142
95906502
95910180
95901624
95912048
95913126
95902056
95900480
95914208
95910162
95910226
95910770
95900780
95905213
95905060
95913307
95906268
95900506
95912394
95901809
95900724
95900706
95900856
95900868
95910054
95900566
95900612
95902740
95901076
95910820
95907380
95910446
95906296
95900578
95902706
95910880
95911000
95911380
95900834
95900100
95902040
95913268
95913456
95902500
95904580
95900102
95914752
95913770
95914652
95905866
95906138
95908592
95906380
95908524
95908000
95906760
95907700
95907150
95907440
95907500
95905492
95905521
95905231
95913212
95902164
95905219
95903254
95913204
95913280
95913444
95900024
95900078
95905234
95913148
95905228
95912114
95902058
95900720
95903036
95914702
95903008
95914592
95903252
95910478
95913040
95906295
95914622
95906297
95906298
95906294
95901442
95905434
95900262
95900370
95900526
95900670
95901448
95904438
95914850
95906376
95900319
95902438
95901120
95911230
95908528
95904351
95913036
95901124
95904546
95905045
95901862
95912154
95900816
95906768
95900126
95913124
95912056
95913860
95912410
95914270
95910018
95912076
95912102
95905252
95913050
95900682
95905222
95904860
95900892
95900136
95906658
95900212
95913174
95904303
95913066
95904456
95908400
95910310
95910294
95910510
95910486
95913516
95906292
95914586
95913172
95901796
95910164
95912314
95904729
95913259
95900422
95902476
95908396
95910676
95905710
95911370
95913620
95908372
95908370
95900514
95914899
95905261
95905020
95904462
95906503
95914052
95913530
95905663
95910670
95902130
95902116
95900207
95900020
95900513
95900082
95911180
95914714
95910686
95914232
95900128
95900072
95900862
95900186
95900890
95903048
95900122
95901438
95905435
95908224
95905497
95905506
95905400
95905368
95903038
95902702
95912124
95902640
95913218
95914018
95901436
95908390
95905436
95913164
95900138
95902698
95905693
95902264
95913343
95903790
95901261
95901812
95903716
95901882
95900838
95914088
95900878
95901792
95913138
95900600
95900584
95914780
95906644
95900428
95901011
95901398
95908394
95908280
95900703
95900068
95900864
95900872
95902042
95900628
95912526
95901484
95900510
95900028
95900076
95910472
95901350
95906352
95901444
95913146
95903050
95914598
95912008
95900576
95907770
95910240
95910720
95910750
95914520
95900110
95903128
95905432
95908414
95905464
95904353
95904357
95904365
95913508
95902174
95906515
95913526
95906416
95911484
95910682
95901078
95910278
95910674
95904650
95905298
95905354
95905414
95914180
95903110
95902420
95912358
95908426
95906766
95905550
95905615
95905460
95900272
95913364
95903144
95910798
95914712
95906512
95913188
95913304
95900728
95912378
95900203
95904336
95905610
95914204
95902260
95902560
95900472
95910620
95908392
95912524
95900616
95913196
95913292
95913438
95913058
95901612
95901512
95911480
95910550
95911520
95901308
95910434
95912398
95902046
95905614
95904330
95914104
95902696
95902080
95900708
95904850
95905660
95904324
95912350
95901880
95903230
95904380
95904220
95901628
95900064
95900848
95905426
95901030
95900210
95902692
95901176
95908428
95900570
95900608
95903052
95900502
95900676
95900718
95900832
95905013
