93537245
93490250
93490140
93346160
93537270
93415110
93334200
93534310
93320630
93410540
93420571
93542484
93336305
93336034
93334415
93334418
93334327
93334290
93334287
93332378
93415490
93546110
93347385
93542580
93420260
93544420
93544400
93415140
93310530
93540190
93351392
93490150
93544300
93425205
93490431
93544393
93346220
93525430
93490280
93540440
93315200
93315380
93490405
93490740
93420330
93520070
93490290
93490300
93425581
93530636
93530505
93525330
93347240
93336150
93351552
93348550
93348500
93490310
93542630
93310510
93530145
93520100
93525020
93490361
93525040
93415670
93334440
93410160
93415155
93410632
93534610
93336040
93490450
93346260
93490320
93546670
93534175
93534483
93537165
93542125
93542335
93544418
93544295
93542840
93542388
93490518
93425336
93540390
93540060
93410560
93336230
93320595
93530561
93348430
93346310
93490220
93548380
93530582
93425270
93315210
93490330
93525065
93346240
93415625
93540630
93540200
93546542
93544238
93546190
93490520
93420245
93548335
93537020
93320310
93546580
93525300
93315270
93530230
93544515
93540020
93540453
93347265
93542490
93420565
93546661
93537422
93540290
93351350
93348230
93520300
93534480
93320650
93420355
93425391
93334020
93490750
93546530
93348580
93544478
93347014
93530510
93415552
93534380
93540400
93540258
93546015
93544310
93534334
93530042
93410480
93330340
93336060
93544040
93344250
93352460
93542080
93546140
93537190
93346451
93420032
93420220
93546231
93320550
93544410
93425371
93544205
93530210
93534270
93546021
93315110
93310360
93520050
93520560
93546200
93510240
93490470
93410020
93347190
93320530
93490060
93490190
93520190
93542830
93425420
93542540
93334240
93537240
93520640
93347170
93336300
93420530
93546030
93534230
93520010
93537450
93420510
93530305
93315170
93310090
93347140
93530244
93334110
93530160
93344330
93490506
93415020
93425090
93544436
93548260
93520060
93351200
93310380
93348370
93490278
93410400
93330170
93534440
93537060
93344320
93420000
93548350
93425030
93548400
93548390
93548530
93534220
93525030
93310350
93548420
93537300
93320480
93347010
93520110
93334000
93490500
93347145
93346400
93546310
93542387
93490070
93546664
93410240
93420080
93534370
93425285
93525070
93425265
93530126
93530023
93540320
93530430
93415510
93346267
93334330
93320340
93340620
93415403
93315300
93544330
93410365
93348522
93544580
93542560
93537070
93415392
93490510
93490273
93351010
93546551
93344050
93548170
93351333
93425404
93415540
93310010
93542530
93530149
93530482
93530195
93530335
93530215
93490080
93320640
93490240
93340490
93347205
93534240
93546798
93490420
93415405
93348010
93544350
93544250
93320300
93330420
93420320
93490365
93490620
93330180
93490385
93542230
93544370
93334322
93347085
93415570
93347200
93510340
93537110
93320590
93542640
93310540
93415130
93348474
93346356
93315090
93315370
93540110
93537320
93340360
93352440
93320610
93410220
93344280
93415390
93415550
93530590
93544050
93352450
93546550
93510140
93542615
93544207
93544060
93546020
93525150
93425372
93530585
93546510
93315490
93510290
93490020
93542000
93546000
93540180
93548011
93420531
93344240
93410410
93348450
93410360
93530584
93352470
93420532
93520040
93537200
93530588
93351100
93336140
93347343
93548040
93415210
93348150
93415193
93415144
93410044
93410615
93410515
93410124
93410154
93410395
93410183
93410186
93510365
93510018
93510105
93510138
93520573
93520638
93520653
93520632
93520105
93520054
93315310
93425140
93542240
93530250
93542510
93415280
93415150
93420533
93310160
93344460
93420534
93544397
93420280
93425280
93542110
93330460
93415030
93420535
93542070
93540160
93530511
93540011
93310280
93510180
93410310
93530592
93347020
93420160
93330140
93344030
93490010
93425397
93351556
93537160
93347165
93548490
93544360
93415170
93334284
93340215
93334375
93351155
93348534
93352730
93352002
93310205
93546600
93420170
93348490
93310450
93415680
93490387
93520480
93336170
93410290
93410550
93534210
93315100
93410490
93548520
93330400
93542250
93548540
93425160
93410200
93510015
93351040
93490277
93344010
93336220
93340310
93340230
93347270
93346200
93534150
93330090
93534420
93490325
93510080
93347280
93542210
93546260
93340590
93548430
93340540
93344060
93520510
93415500
93546280
93415080
93320210
93530583
93530502
93410590
93534050
93420536
93490279
93420240
93548450
93320140
93336070
93544601
93334490
93548500
93548410
93548510
93544340
93520150
93410570
93425070
93546800
93415220
93490260
93347335
93490015
93520020
93534300
93310120
93415515
93415480
93534640
93525210
93315460
93415270
93420592
93420568
93537050
93346262
93525130
93546250
93334150
93315040
93540202
93415630
93351113
93347012
93530497
93490040
93332300
93544170
93542100
93334060
93425195
93332020
93330110
93351300
93490315
93415100
93334170
93542020
93310030
93420540
93544070
93310270
93332190
93410210
93332060
93310300
93537100
93525240
93336120
93315132
93310430
93348530
93347055
93348060
93420539
93332080
93420410
93351327
93525340
93537470
93490274
93415425
93330240
93351370
93344270
93351330
93310080
93546520
93546285
93425380
93530027
93530056
93530593
93348170
93546050
93330290
93548560
93351050
93347062
93542805
93346460
93546160
93310420
93420567
93525110
93344040
93490340
93310020
93546080
93530595
93542885
93537428
93546480
93310085
93510036
93351220
93320560
93490030
93351250
93490350
93420140
93425200
93540260
93543873
93415472
93340470
93340460
93347218
93530567
93420541
93315080
93420150
93530520
93542090
93546180
93530521
93420542
93348130
93544395
93351240
93410100
93348340
93530350
93530370
93544396
93546690
93420543
93490714
93420582
93334220
93530514
93351170
93310470
93410170
93490276
93330370
93544230
93530513
93420070
93344260
93330270
93352430
93540480
93348220
93348120
93340150
93540470
93490110
93415470
93537340
93310320
93315082
93334430
93534090
93410390
93410380
93542130
93546230
93332200
93548550
93348090
93544235
93546826
93425381
93352130
93346264
93520305
93525284
93540005
93534034
93540055
93534284
93540183
93540188
93542003
93537034
93530574
93544470
93544270
93542050
93544440
93346270
93490283
93340520
93530063
93490364
93510020
93530360
93525000
93530390
93425410
93320450
93546663
93420576
93530578
93351540
93420544
93534490
93420588
93530630
93330430
93537355
93348400
93310400
93420545
93346190
93340380
93544080
93546130
93530512
93542880
93537414
93530130
93530150
93332410
93510100
93548012
93351536
93537150
93315360
93540140
93542260
93347130
93415711
93420390
93540012
93344340
93544100
93347023
93548030
93415610
93310140
93548570
93525032
93530220
93334252
93530075
93420550
93420549
93544394
93530032
93540270
93490514
93530506
93544390
93348350
93340060
93534630
93410260
93315560
93540100
93530565
93415440
93490360
93340100
93525180
93530180
93544600
93548005
93490790
93490370
93425185
93544290
93334360
93530340
93351390
93540013
93548200
93340280
93340120
93346450
93334370
93334324
93546824
93425330
93347035
93525058
93520080
93347340
93534455
93530564
93351080
93347440
93315570
93425350
93490368
93544415
93490512
93530470
93330450
93315620
93425310
93351060
93490318
93530110
93546490
93530632
93348510
93534250
93351070
93520470
93344140
93537220
93425240
93340560
93340160
93334420
93420040
93542280
93340531
93340080
93344180
93334160
93315245
93315190
93420589
93410011
93334050
93490380
93315260
93546796
93346100
93351150
93542570
93546054
93534360
93344440
93530480
93542835
93544203
93351310
93534560
93530500
93530508
93420551
93340570
93548330
93310170
93520090
93340610
93340260
93530580
93520290
93537500
93546100
93520030
93334410
93525400
93520160
93525010
93534011
93542853
93525090
93520170
93520360
93530638
93548140
93315470
93332124
93332074
93346290
93330280
93544110
93425150
93546818
93490288
93546675
93351130
93351270
93542060
93542061
93540170
93510090
93410110
93347065
93415650
93510260
93410430
93415394
93544391
93542145
93415060
93548210
93410420
93348470
93420575
93351120
93415635
93351560
93548100
93520690
93544450
93410330
93530050
93425398
93548150
93546146
93530245
93490390
93544605
93334320
93315430
93525050
93336001
93336002
93525360
93315230
93415690
93534410
93537390
93546540
93490160
93347215
93544362
93510190
93340190
93347100
93546828
93544120
93330040
93334460
93530380
93542190
93347203
93542290
93548580
93520363
93510268
93546740
93546830
93352120
93415250
93352010
93534336
93530044
93540450
93490366
93315240
93410050
93425382
93340300
93537424
93344302
93352110
93330050
93420547
93346461
93410530
93415450
93336160
93310130
93510370
93510360
93548370
93336350
93415200
93351290
93344210
93520570
93346020
93540080
93534332
93534188
93530109
93530040
93530085
93340220
93520200
93320220
93320250
93320700
93340090
93344020
93344160
93320230
93344230
93490050
93320200
93520430
93347220
93320160
93336110
93420110
93340640
93425005
93415518
93425257
93415516
93425365
93415512
93546659
93415414
93546637
93415326
93548013
93415260
93548215
93410324
93530550
93542382
93415495
93410640
93415530
93530190
93510390
93540130
93525320
93320180
93315020
93546300
93530490
93546240
93334280
93540120
93340050
93334340
93420100
93540460
93542040
93315580
93420583
93410620
93548015
93490712
93351312
93544233
93510330
93525042
93544475
93542310
93415455
93530105
93315550
93534290
93415230
93520270
93534070
93320170
93520230
93540014
93531010
93530700
93540350
93540220
93544130
93520330
93542480
93347213
93490386
93336260
93548320
93530065
93346330
93540030
93540015
93351320
93420130
93425011
93530170
93320370
93546655
93352080
93320350
93546802
93425100
93420552
93425120
93346350
93525260
93544140
93542295
93542288
93542394
93542363
93544145
93330070
93540150
93548008
93510120
93334365
93548080
93425080
93330260
93520550
93347260
93548460
93530067
93548270
93520240
93352090
93315590
93348200
93340140
93344190
93346070
93544011
93490275
93348384
93346022
93346248
93542460
93425320
93490501
93546699
93332040
93334210
93415290
93347090
93520650
93544590
93546647
93347300
93348540
93520250
93544460
93542300
93351020
93330210
93315410
93415320
93525280
93347030
93548290
93534470
93346030
93330220
93520400
93425110
93330080
93351030
93415600
93520260
93548280
93344200
93410600
93410080
93330330
93520390
93425130
93320190
93346040
93315220
93346170
93520120
93546640
93425389
93530523
93310150
93534620
93534183
93530029
93332070
93534170
93510380
93490395
93420520
93530240
93415580
93420554
93548220
93340040
93530101
93530082
93525205
93410030
93530151
93344175
93530545
93542150
93330300
93310410
93540280
93546022
93347040
93534140
93534180
93490711
93546144
93425065
93548190
93534160
93542320
93420555
93520130
93546153
93351110
93490000
93537170
93542850
93544385
93510300
93544437
93544430
93544380
93525190
93534512
93534400
93425060
93415520
93546605
93530320
93344390
93530270
93534080
93537010
93346462
93534603
93415340
93544320
93490205
93346432
93410610
93540340
93340250
93340290
93542610
93546070
93546040
93344410
93544433
93546270
93548020
93415525
93332420
93415640
93520140
93415535
93410120
93320120
93334130
93347075
93320410
93534190
93548010
93490018
93351394
93530260
93546816
93490516
93534162
93415700
93310405
93310520
93510200
93542500
93320400
93315160
93530524
93310001
93310002
93546220
93346445
93510320
93520600
93534460
93490272
93530410
93415560
93351332
93415180
93351558
93425418
93534486
93534510
93534036
93534315
93534245
93534115
93530147
93530117
93530600
93334350
93490180
93320330
93546615
93544268
93534060
93546340
93315630
93340440
93415243
93534280
93348570
93315520
93425416
93546011
93420569
93425290
93310210
93340390
93340420
93548110
93310240
93490502
93425175
93315390
93520370
93344300
93415622
93425355
93336240
93525100
93310290
93425393
93344370
93520680
93530569
93548590
93425068
93542010
93490286
93490230
93546822
93534570
93340600
93530393
93530420
93542890
93351090
93415590
93544150
93534130
93336210
93520410
93410140
93525060
93510130
93425370
93544585
93425395
93510220
93546623
93548470
93351317
93490271
93352001
93544392
93534120
93415422
93347390
93534330
93544220
93352471
93546570
93415240
93351328
93542330
93544160
93346246
93334080
93546560
93420270
93420090
93320670
93544180
93415282
93546150
93410010
93420537
93537380
93420560
93347173
93548180
93534110
93548130
93530572
93351180
93425282
93542378
93540254
93540420
93525440
93425414
93530280
93315250
93348190
93347074
93410230
93510230
93320320
93546012
93344400
93544570
93530122
93310060
93330000
93542660
93537410
93544240
93544242
93420559
93420010
93425402
93348390
93346130
93320570
93332430
93420300
93510030
93330250
93537120
93415300
93490210
93540380
93542270
93347305
93542837
93340350
93348273
93352070
93320680
93344070
93542160
93525380
93320500
93320130
93344130
93347053
93415090
93415420
93347315
93540370
93520420
93315340
93510110
93320240
93346150
93340480
93344420
93334100
93415387
93410370
93410180
93415070
93520280
93332342
93347087
93520540
93520460
93540256
93540410
93530540
93351564
93344471
93525120
93336310
93425072
93332050
93310440
93348440
93346320
93330020
93315420
93330030
93410440
93336270
93544435
93542340
93340580
93510032
93315010
93315184
93347405
93537430
93420250
93548600
93410300
93425303
93347216
93420350
93542450
93540250
93534450
93347273
93315280
93320270
93415460
93548360
93542385
93347375
93310135
93310164
93336145
93310066
93320047
93320034
93410177
93510368
93410185
93510384
93410285
93510314
93340010
93425245
93546590
93544190
93530560
93352060
93336180
93347025
93520490
93520380
93544010
93546460
93530048
93530450
93347067
93548475
93420340
93546060
93415310
93420546
93510040
93315150
93540650
93310100
93490713
93530570
93510660
93351326
93530507
93415391
93415375
93540252
93346090
93425387
93351550
93347400
93490270
93315650
93520220
93546013
93537330
93425250
93415380
93548640
93525390
93534020
93510223
93510235
93548515
93510335
93490400
93420515
93534494
93530355
93315510
93534030
93347460
93347420
93420310
93420290
93334380
93546210
93542847
93332030
93320040
93344385
93346210
93490281
93520210
93347072
93548052
93548025
93415400
93320532
93330150
93320260
93330390
93348380
93315640
93334400
93425170
93546014
93530113
93530107
93548300
93347180
93420400
93351280
93351360
93351380
93330120
93340370
93548000
93544750
93530571
93530290
93310439
93315208
93310435
93315204
93310363
93315114
93310275
93315116
93310065
93510038
93336013
93320052
93336025
93320084
93336075
93320144
93336125
93320162
93334155
93320232
93332047
93320238
93320485
93320424
93420295
93425600
93320390
93542170
93410500
93420548
93490490
93544610
93425396
93537205
93490289
93347425
93490504
93310480
93530591
93546625
93510010
93347350
93420561
93542440
93344170
93510078
93315042
93520575
93520273
93510050
93490130
93340530
93347450
93344470
93348270
93320380
93410520
93546470
93525290
93410070
93520320
93348260
93310180
93540310
93346390
93420562
93340550
93334390
93415010
93347230
93530573
93351542
93548651
93420050
93542800
93490284
93542470
93544210
93420586
93351544
93525370
93490362
93425050
93520450
93546630
93351331
93346250
93425412
93415050
93425406
93530577
93351538
93315052
93315130
93420564
93548440
93330360
93490660
93347275
93544236
93347310
93546290
93544550
93347018
93352020
93546660
93525350
93351140
93537480
93546010
93544000
93334120
93530460
93510231
93548480
93530115
93530073
93415395
93490252
93542180
93351335
93537440
93540230
93510263
93510205
93340180
93546645
93410060
93340000
93346180
93530515
93546650
93537130
93340430
93546668
93544425
93544405
93490410
93425062
93420200
93344360
93320100
93520590
93546617
93548240
93525170
93315400
93544500
93525310
93544510
93334250
93315030
93346420
93330380
93334470
93420230
93320430
93415120
93348300
93415430
93425360
93410130
93420566
93336250
93348050
93548310
93537250
93542350
93420370
93537230
93530300
93351230
93548009
93332100
93334040
93490287
93544452
93348030
93540330
93540016
93347415
93530400
93340510
93336280
93340210
93415407
93351570
93315290
93415350
93425340
93344080
93344150
93420175
93420344
93320544
93420305
93425095
93320492
93320395
93320454
93415015
93320244
93415065
93320212
93410035
93410038
93410115
93410118
93410145
93410148
93410175
93410172
93510025
93510022
93510135
93510132
93520627
93315014
93520623
93315544
93546687
93520700
93310330
93315086
93534500
93520830
93537090
93546610
93540360
93420020
93340410
93340030
93348250
93336100
93542670
93347061
93534520
93542550
93425075
93525250
93546330
93537180
93415620
93546730
93347210
93347277
93340270
93546635
93410250
93537040
93310040
93330320
93310340
93348070
93346440
93525450
93352030
93336370
93348020
93410630
93330350
93320490
93334190
93332010
93520440
93490611
93320030
93315440
93520180
93540010
93347050
93336050
93348140
93544365
93490200
93420570
93425385
93347022
93546090
93332440
93347410
93525140
93490430
93346360
93348210
93332290
93520530
93347178
93415330
93334450
93510182
93520275
93344090
93410270
93348520
93546700
93510350
93332450
93520620
93510033
93510034
93320043
93320042
93320105
93320102
93320127
93320124
93320175
93320172
93320227
93320228
93332043
93332044
93332143
93320428
93330375
93320594
93320295
93420348
93544620
93420572
93520820
93348100
93530010
93520810
93420180
93320000
93410580
93347060
93544612
93351566
93544540
93490720
93510270
93420587
93520670
93315530
93542360
93320660
93334090
93315180
93425020
93542600
93347015
93420577
93410510
93490090
93537400
93490120
93537030
93415660
93546662
93490285
93544090
93540070
93542845
93548007
93548250
93530095
93490480
93315540
93334030
93542590
93330310
93425010
93510210
93310460
93348460
93346340
93332140
93332350
93315330
93332210
93332280
93332374
93334256
93332260
93332360
93420591
93332270
93415190
93332240
93348560
93544260
93332310
93332370
93332230
93332130
93332180
93332390
93332320
93340170
93332330
93332150
93332120
93332160
93332250
93332220
93332170
93332340
93420590
93332380
93320540
93320600
93425260
93490100
93332460
93320360
93420573
93348360
93346430
93425383
93490770
93525230
93320420
93351190
93548070
93348277
93542370
93420030
93425255
93420574
93410350
93544560
93315320
93490319
93525200
93530090
93344450
93530035
93347490
93534382
93530054
93344120
93352100
93351260
93340330
93490700
93352004
93352700
93534635
93525075
93530534
93525015
93525080
93348330
93351554
93530503
93336320
93425300
93348290
93320520
93530060
93348480
93599899
93346380
93420593
93415360
93490508
93546595
93346463
93344290
93320060
93490460
93320070
93546620
93410460
93415195
93534550
93546170
93347077
93315480
93544530
93425230
93548060
93525420
93537315
93330130
93537360
93347160
93540050
93347045
93542120
93525160
93546651
93320460
93510207
93510265
93520365
93520373
93351325
93315070
93530575
93548003
93548192
93548075
93548174
93540208
93540322
93540205
93336360
93334010
93548120
93351210
93510070
93347380
93530310
93420558
93415383
93540620
93347250
93340450
93347320
93336391
93530522
93542875
93351562
93351548
93315350
93347155
93546680
93336380
93546710
93410280
93537140
93530382
93546667
93534271
93348040
93334500
93340340
93348280
93351546
93332365
93334260
93332217
93334174
93332105
93332114
93320457
93320224
93346441
93530242
93542380
93351315
93510310
93520500
93542430
93544030
93546440
93348160
93320290
93537210
93320440
93420580
93346140
93546666
93534540
93330190
93336200
93548650
93420581
93330160
93534010
93346410
93346370
93346010
93490367
93315600
93336090
93330100
93530025
93544520
93347070
93315500
93410150
93540430
93530093
93530046
93340200
93425220
93336020
93320080
93425190
93415410
93534100
93530530
93347063
93540210
93346230
93537460
93310200
93520520
93346050
93544480
93544398
93330230
93310050
93537370
93315610
93530594
93330010
93410470
93490363
93420521
93348310
93420556
93490254
93346110
93344430
93530120
93542520
93351340
93344310
93542855
93310490
93336190
93332212
93334180
93320470
93542390
93340070
93310190
93320305
93320620
93320110
93425210
93420522
93420584
93540040
93347080
93490600
93415000
93415208
93410568
93415370
93542883
93537412
93351534
93534430
93336130
93410040
93520580
93320510
93340130
93537350
93351160
93340500
93548160
93336340
93352040
93346120
93420523
93334480
93347325
93347330
93336330
93340110
93336010
93320050
93310220
93336030
93346060
93347185
93344220
93310230
93525270
93542400
93351314
93420360
93530562
93542870
93351500
93334230
93348320
93347370
93537420
93510280
93546320
93344110
93546720
93415040
93348240
93530495
93425040
93351568
93542833
93537310
93540405
93420538
93420339
93420553
93425305
93420120
93490730
93534530
93425180
93542030
93348110
93542410
93347360
93420190
93348180
93520630
93330410
93336390
93546016
93410126
93410188
93410650
93410652
93530125
93530330
93330200
93542372
93344350
93510145
93510148
93520284
93510150
93534025
93534000
93534524
93534535
93537490
93542085
93490282
93540090
93540095
93315140
93542420
93330060
93490440
93540240
93510400
93310250
93310251
93347290
93310345
93310432
93315138
93315125
93520610
93320150
93352050
93332480
93420563
93546665
93410450
93548090
93544611
93420524
93340400
93546820
93548652
93410090
93420525
93490640
93534590
93415710
93540300
93546500
93534600
93425357
93540490
93420380
93530563
93544280
93344380
93520800
93546804
93420500
93544490
93334070
93548340
93548265
93420557
93334140
93348272
93546750
93346165
93490489
93410320
93530493
93351322
