97070792
97070512
97032374
97043645
97095692
97095570
97095594
97110566
97110564
97110568
97110562
97035770
97060703
97030852
97070116
97050780
97070010
97060506
97050001
97050000
97050002
97050003
97060040
97020750
97030854
97040300
97110836
97070117
97060485
97050760
97035010
97095455
97090010
97070115
97070020
97070017
97060844
97032010
97030850
97095690
97090170
97110805
97050430
97043580
97105010
97037218
97110010
97060704
97061024
97037165
97045010
97050790
97070030
97070400
97045020
97043010
97060362
97070040
97050030
97021150
97090644
97030058
97015010
97110020
97065010
97105706
97032370
97035020
97020010
97070295
97043745
97035030
97040010
97030685
97030860
97020020
97095010
97060705
97105606
97040020
97035040
97095020
97065020
97110802
97070050
97090020
97060050
97060185
97010010
97105410
97020590
97060222
97060262
97070060
97043030
97095410
97090760
97070070
97090425
97021153
97035050
97020290
97105055
97110040
97070080
97010020
97032450
97110772
97030695
97035060
97035342
97020030
97043700
97030010
97105310
97060502
97037052
97020040
97010031
97010030
97010033
97010032
97043020
97010041
97010040
97060487
97110710
97040440
97095640
97070000
97020060
97105065
97110812
97065345
97010570
97030768
97090030
97050140
97045040
97110050
97043105
97070375
97110080
97030862
97010120
97030062
97050660
97030864
97090040
97070118
97110705
97110030
97070692
97095030
97040040
97090700
97040292
97090050
97070405
97110060
97030064
97105600
97110070
97070111
97095040
97020050
97095760
97070602
97060060
97035070
97070090
97065350
97035080
97030225
97020070
97035090
97060823
97110740
97040050
97045150
97043810
97090377
97090375
97090383
97090387
97043040
97015030
97030020
97030030
97043050
97065068
97035100
97037054
97045050
97050050
97110090
97015040
97095050
97015050
97020080
97010050
97070110
97095060
97030268
97090060
97070100
97032150
97030205
97032020
97032030
97060504
97065030
97110110
97037000
97045060
97050435
97105630
97045070
97105362
97050675
97015150
97070290
97090080
97095546
97065080
97090090
97060070
97105676
97030858
97105115
97061257
97105685
97043060
97043770
97090100
97050060
97035110
97035264
97040316
97050560
97070793
97070515
97095696
97065004
97110122
97105112
97095565
97110120
97040060
97030040
97090850
97090284
97040430
97061204
97045080
97040030
97010060
97037208
97095082
97035120
97050070
97021180
97043080
97030670
97030050
97090110
97030060
97035130
97035230
97050021
97050020
97050022
97050023
97070140
97050090
97020090
97035140
97015080
97032040
97030840
97040310
97061233
97090120
97030070
97040070
97110130
97110140
97060570
97040000
97010081
97010080
97015090
97045090
97061249
97095070
97015001
97015000
97015002
97015003
97015004
97030395
97015530
97021165
97037092
97030090
97015100
97030100
97037090
97050615
97090690
97095800
97095130
97095650
97060220
97060440
97060117
97065153
97030002
97030715
97030660
97030810
97032380
97070485
97070502
97070480
97020405
97030710
97035570
97030195
97030285
97037400
97032800
97065305
97065400
97070379
97070185
97050545
97110752
97060492
97070797
97060832
97043641
97040175
97090642
97090024
97095694
97095482
97040067
97070513
97110124
97095561
97095592
97037115
97040080
97030247
97061314
97050612
97037114
97020100
97045230
97020110
97037100
97020120
97105574
97105690
97030244
97043090
97110160
97090130
97035170
97060100
97105040
97060498
97060120
97070180
97110170
97040090
97040100
97035180
97070610
97045100
97050100
97030056
97065213
97070210
97070200
97032060
97045110
97032070
97020130
97032080
97032090
97095405
97090395
97070220
97060110
97035252
97037240
97020690
97095591
97045120
97045122
97050110
97050680
97095054
97030764
97043024
97043100
97030550
97065050
97040120
97010200
97015190
97060210
97030130
97060130
97030057
97061206
97065216
97090382
97030756
97095185
97060630
97035190
97060481
97035150
97065060
97030140
97050120
97065070
97070285
97043110
97090355
97032195
97020650
97060650
97050645
97060640
97037176
97110180
97110775
97060814
97030654
97037006
97040066
97110144
97105300
97032144
97021175
97030758
97035200
97090025
97061208
97065212
97035085
97035210
97037098
97043120
97110190
97030150
97070810
97095100
97035220
97105050
97060140
97050130
97110200
97030754
97020200
97095547
97070240
97110762
97110210
97043630
97061231
97095680
97043660
97050150
97040130
97110220
97040140
97030160
97030880
97030170
97035240
97105686
97070518
97060828
97040176
97040362
97110754
97110125
97095595
97060010
97020210
97110807
97015280
97035775
97037160
97110230
97032110
97070250
97030245
97043150
97110240
97045140
97032120
97020220
97010150
97095110
97090160
97070260
97065000
97105614
97105060
97032130
97070270
97070280
97037220
97045000
97032500
97070023
97045130
97095120
97037038
97105672
97060610
97060160
97105640
97037026
97105660
97030832
97037024
97105070
97105665
97037023
97110114
97110764
97060850
97110797
97105080
97037156
97030675
97110760
97110214
97060808
97030314
97037022
97040172
97095765
97105603
97110136
97020230
97110250
97040342
97040344
97110565
97050160
97050300
97090286
97070320
97105272
97050531
97050530
97020240
97037122
97105650
97037034
97060200
97050460
97090470
97030630
97050190
97105682
97021185
97070516
97060826
97040322
97110126
97095607
97105295
97110260
97060266
97110803
97032140
97065160
97045170
97015160
97020260
97095542
97070114
97021190
97105572
97095075
97040160
97030846
97050200
97043670
97105110
97035260
97110850
97050105
97032193
97030684
97032202
97037224
97037204
97090200
97040110
97110270
97065090
97105680
97105120
97105130
97032170
97065130
97020270
97010130
97020140
97010185
97010140
97040314
97020280
97070415
97110280
97015200
97095150
97065140
97105140
97043170
97040170
97090381
97110767
97030190
97030700
97065150
97090190
97030200
97020150
97035790
97090575
97050465
97090475
97050620
97095407
97095160
97070330
97065170
97035084
97090220
97030318
97110801
97110800
97061042
97045180
97035280
97020300
97060854
97070514
97060822
97030838
97095264
97070794
97110128
97095596
97015220
97015230
97015240
97095170
97090560
97030680
97060264
97045220
97015250
97070340
97090230
97090754
97110633
97090240
97020310
97032460
97032180
97020320
97060020
97043190
97060842
97110823
97095140
97030210
97032190
97050801
97050800
97043180
97105620
97045200
97045190
97045530
97045510
97045094
97035300
97032199
97035310
97095180
97110005
97032100
97032198
97061302
97110635
97050690
97043620
97110290
97090610
97061026
97043340
97010310
97015371
97015370
97015372
97015373
97030220
97090250
97090645
97090590
97110322
97095090
97030230
97090650
97030246
97010450
97037082
97035128
97090260
97043200
97050220
97061229
97110300
97030397
97065180
97095730
97070360
97015260
97010170
97035320
97035330
97105420
97050230
97070370
97037060
97105150
97070380
97065190
97020330
97105160
97035660
97032200
97035082
97021195
97060820
97070036
97095605
97070620
97095500
97060836
97037238
97090282
97060260
97015270
97095740
97105645
97035350
97095752
97030128
97095190
97070420
97050250
97032210
97090750
97050260
97060150
97060280
97070190
97030052
97060825
97030866
97061304
97040180
97090415
97070430
97035360
97020360
97037121
97020350
97015380
97015092
97043220
97110320
97040345
97035265
97065215
97070688
97030750
97110066
97095543
97105700
97032325
97037110
97030752
97037102
97030240
97032194
97090280
97035452
97090600
97020380
97050270
97050280
97060845
97095200
97040190
97021200
97035344
97095597
97015640
97060290
97105170
97030869
97095210
97040035
97020390
97070805
97095220
97040200
97010220
97043230
97040365
97010320
97010230
97110726
97110698
97040210
97035370
97060430
97061305
97061060
97105370
97060812
97030055
97110845
97030844
97070410
97070450
97020400
97095081
97035324
97043240
97095230
97021205
97037188
97032191
97070145
97040220
97043250
97070113
97043260
97020810
97045250
97040230
97060660
97030650
97040111
97060300
97090290
97110340
97015290
97010240
97032196
97037138
97015300
97015310
97010090
97030250
97110813
97105578
97035390
97037170
97040250
97110360
97061028
97050320
97045260
97050330
97050331
97110748
97030260
97110722
97030079
97035780
97050340
97020292
97090310
97045390
97095380
97060310
97020410
97030830
97095599
97043234
97030766
97037104
97090320
97095385
97030066
97095250
97043460
97030270
97050640
97095240
97060508
97020420
97030762
97070532
97037136
97037142
97105694
97043270
97050350
97060360
97105180
97070703
97037158
97060320
97110833
97105215
97105490
97095260
97110370
97060330
97090570
97015540
97061044
97105190
97090340
97035700
97045270
97060340
97045160
97110380
97105200
97105210
97043606
97095695
97043280
97090350
97095745
97105220
97045240
97043805
97070527
97090360
97090646
97045280
97030280
97043290
97095465
97020444
97110000
97050370
97095770
97105315
97095270
97095280
97065200
97095290
97045290
97040064
97090285
97095300
97060478
97030290
97015320
97060350
97095415
97015170
97095310
97030835
97037164
97037166
97061030
97030300
97037018
97065211
97095320
97030884
97105696
97050390
97020430
97010460
97095590
97050400
97035340
97040260
97060475
97015450
97060370
97060380
97030890
97032220
97020446
97020450
97032230
97070470
97032420
97095330
97030248
97110400
97010250
97060450
97015340
97095340
97110410
97010260
97060710
97095350
97070660
97032240
97060390
97050410
97090370
97090365
97105570
97105430
97030842
97032250
97060180
97060706
97110420
97070490
97110750
97060840
97090720
97095755
97095360
97065220
97035400
97070055
97032260
97035410
97105684
97090065
97030310
97110811
97110691
97110430
97040270
97032270
97020460
97060400
97095370
97045300
97090380
97070510
97060410
97037128
97045380
97110440
97043300
97070500
97010110
97035022
97095601
97095545
97095510
97043130
97035024
97105616
97095602
97043310
97020470
97065230
97105230
97050282
97065280
97035420
97095750
97035430
97035440
97035380
97065340
97015460
97061040
97020480
97035450
97110150
97095390
97090390
97050440
97110820
97045310
97037112
97105090
97010270
97020490
97110450
97035460
97040280
97020760
97037180
97037184
97037182
97110460
97060702
97032280
97090410
97037120
97030560
97037172
97010280
97030896
97032310
97110650
97030872
97010290
97110470
97037040
97015272
97050210
97060846
97070824
97090420
97105692
97090430
97090440
97061062
97040290
97061247
97061058
97045520
97035470
97105670
97030882
97032290
97065210
97095400
97065100
97010160
97095762
97070573
97090450
97065240
97043482
97095484
97035254
97095603
97030320
97030330
97050450
97035480
97030899
97020770
97030881
97070022
97037186
97020780
97035490
97030340
97043320
97065217
97065250
97040320
97043744
97050470
97105240
97035500
97043642
97070525
97010300
97090710
97061046
97030350
97032490
97043330
97037200
97060841
97095420
97095700
97037150
97020385
97095430
97032320
97020790
97015600
97061220
97090194
97110480
97060709
97030834
97070520
97105250
97035255
97043160
97040240
97020510
97010330
97050480
97050490
97050510
97043195
97020392
97043392
97095757
97020520
97035510
97070283
97110751
97060190
97060273
97105655
97035212
97040330
97061239
97035760
97110490
97037008
97037162
97045320
97061064
97030360
97050500
97070440
97090500
97015400
97015390
97020440
97020540
97060001
97060000
97060002
97060003
97015410
97095440
97010340
97015610
97043648
97110500
97070530
97095450
97061243
97035290
97105000
97065110
97020550
97035520
97105602
97032330
97030370
97015274
97020800
97043360
97090660
97061022
97030894
97035530
97060708
97090510
97040340
97040490
97015420
97045330
97070540
97040045
97015430
97043370
97105282
97037178
97095486
97035258
97095604
97045340
97095756
97043742
97060230
97030380
97010500
97030876
97030390
97050520
97037134
97110510
97110146
97070550
97110520
97050241
97050240
97110696
97030836
97095460
97095077
97061225
97020160
97015120
97015121
97015122
97015123
97043380
97061306
97030400
97090520
97040195
97105612
97060080
97032430
97110530
97065175
97070560
97070025
97040350
97090530
97110795
97037044
97043604
97095758
97043644
97095488
97032340
97045360
97110790
97037042
97040016
97110540
97040360
97070297
97015440
97040370
97070570
97065155
97032350
97035550
97043000
97020560
97061310
97105260
97095710
97070035
97065260
97090460
97065270
97037036
97037056
97105302
97105270
97010465
97070800
97020570
97035560
97110550
97045350
97043410
97095490
97043420
97037140
97110692
97105280
97032050
97060270
97060275
97110815
97050540
97020580
97095470
97035000
97090540
97032360
97095754
97095056
97095480
97043430
97010380
97050550
97010360
97010370
97043440
97045370
97010350
97043450
97105290
97030878
97110560
97040380
97050570
97020600
97030410
97043790
97035580
97110302
97061312
97040232
97010180
97030078
97030420
97040390
97060470
97060460
97030430
97035590
97020610
97065290
97043470
97015480
97032440
97030580
97105605
97043480
97032000
97060285
97035250
97040400
97030282
97037050
97030690
97043315
97043795
97090580
97037230
97040150
97010470
97070630
97037168
97043490
97043500
97110580
97030440
97035262
97070820
97040410
97061251
97095520
97061241
97061012
97105460
97095540
97043510
97060843
97070310
97060170
97050580
97095530
97035160
97030450
97032192
97035610
97035620
97060490
97050590
97043520
97060480
97060707
97040420
97010440
97015140
97040062
97035630
97070230
97060824
97030460
97060494
97110768
97035640
97043530
97035650
97030470
97095550
97050601
97050600
97060489
97030126
97050610
97037130
97015470
97010390
97037117
97105580
97105582
97105584
97105588
97105586
97020340
97010100
97015110
97030480
97030640
97110590
97030490
97045400
97030888
97037174
97110765
97040298
97040116
97040114
97040312
97040315
97040296
97040118
97040317
97040297
97040112
97040294
97037116
97060482
97060471
97020640
97110730
97037014
97037179
97110600
97032378
97050630
97043643
97032142
97032148
97060476
97105635
97045410
97110770
97070534
97043743
97040174
97040068
97105601
97110142
97110610
97060479
97010400
97037028
97105634
97040324
97035670
97030868
97037106
97030118
97043550
97043560
97035680
97070580
97015560
97105688
97070590
97045420
97105604
97030500
97043570
97110694
97110212
97090740
97030180
97045430
97105330
97050011
97050010
97110830
97050235
97050670
97030063
97095560
97060030
97032377
97037084
97037070
97030000
97010421
97010420
97010422
97010423
97030520
97037118
97030530
97030540
97037078
97037086
97037074
97065300
97037080
97037072
97037076
97030068
97010410
97070460
97020427
97015570
97110840
97032160
97110630
97065310
97015580
97105255
97105440
97043590
97060250
97015590
97090245
97110640
97043600
97050650
97043400
97043350
97070600
97010580
97030870
97105340
97061202
97035690
97090752
97032197
97060267
97095395
97032145
97110608
97010430
97020660
97015130
97037058
97037210
97105185
97105198
97110858
97110814
97095720
97060730
97095658
97060448
97105030
97095000
97110620
97043720
97105350
97110778
97105625
97020820
97043610
97035552
97043647
97035244
97110776
97010540
97037124
97030067
97030770
97015015
97090180
97037154
97020670
97045440
97070412
97105360
97061235
97050685
97095544
97043640
97043650
97032390
97015620
97020170
97030590
97105576
97037410
97037420
97037430
97037440
97037450
97037460
97060472
97110780
97105615
97060816
97037004
97043746
97040014
97040065
97070414
97020185
97043140
97061227
97090620
97010480
97015630
97015631
97060496
97110785
97043748
97040012
97105452
97070298
97045450
97110793
97045460
97095660
97010491
97010490
97010492
97010493
97050700
97070640
97095580
97105380
97090522
97043680
97110860
97110870
97030867
97070685
97060530
97043540
97043690
97090173
97070795
97035261
97045470
97060520
97070650
97030898
97045030
97060540
97090640
97050710
97037228
97015550
97050310
97035710
97060474
97037108
97110842
97061200
97060287
97030600
97037030
97090597
97030634
97105400
97060510
97037152
97030886
97040326
97095610
97030760
97050730
97030075
97090670
97043710
97070830
97045480
97110774
97043390
97061010
97110215
97070536
97060810
97030316
97037012
97040173
97105284
97110132
97110138
97030877
97060550
97060560
97037032
97105632
97010510
97015060
97010070
97015070
97015661
97015660
97015662
97015663
97050420
97050421
97040450
97030892
97110082
97050180
97110766
97043646
97035242
97040460
97110755
97030312
97037016
97040171
97095764
97110134
97070680
97045500
97045504
97010520
97090384
97090680
97020275
97070690
97090055
97070700
97070710
97010530
97020180
97020190
97032400
97110660
97050750
97032410
97110670
97095670
97070720
97020001
97020000
97015511
97015510
97015513
97015512
97030110
97020620
97010001
97010000
97010002
97010003
97010004
97010005
97037214
97030241
97021155
97105702
97070730
97070708
97070705
97021160
97105390
97061237
97035720
97020700
97020680
97090070
97110680
97110690
97095620
97105698
97060491
97065330
97070750
97061000
97045490
97035730
97105450
97110131
97105412
97030053
97065214
97105675
97037096
97040318
97050770
97070760
97037126
97105610
97070770
97060590
97060580
97020710
97037094
97021170
97020720
97060265
97065320
97070112
97035740
97030610
97043740
97030264
97043210
97040470
97030388
97060600
97110835
97035256
97110728
97110810
97070233
97095630
97020355
97035750
97110700
97010190
97061020
97110825
97030262
97043750
97043558
97035322
97040480
97015180
97020730
97032376
97020740
97110853
97110724
97090595
97043760
