97718000
97705271
97712057
97707656
97705250
97701448
97707586
97709415
97709435
97707714
97707763
97709660
97707860
97709790
97709350
97701758
97701180
97716094
97716205
97714333
97716088
97709355
97701469
97701025
97700655
97700700
97705060
97705110
97718020
97702173
97707693
97716332
97714455
97701755
97707598
97707696
97718315
97709170
97711269
97711074
97705262
97700080
97707865
97707455
97707516
97701218
97709730
97716333
97705274
97700105
97718130
97714183
97701206
97701365
97701130
97701400
97714315
97716220
97716284
97705259
97718150
97716015
97716058
97716336
97712066
97712125
97705210
97714110
97716395
97714153
97714159
97714210
97716067
97714330
97716106
97716200
97716783
97702122
97716040
97716150
97712006
97716046
97716260
97714306
97711321
97711309
97707820
97705075
97700740
97701813
97701810
97702050
97702055
97702250
97705035
97705135
97702107
97711356
97716064
97714105
97718040
97707720
97711500
97712122
97714312
97711053
97702092
97702170
97700375
97700270
97707559
97707665
97700705
97705015
97705010
97700635
97707003
97700360
97700355
97700225
97709015
97711015
97711071
97701120
97701015
97714010
97712051
97711400
97707577
97716049
97716079
97714060
97705045
97705130
97716230
97716263
97714380
97707450
97707310
97707100
97705170
97705200
97701700
97700840
97701500
97701505
97718165
97718200
97716118
97716115
97716720
97716750
97716061
97716100
97701825
97700045
97700410
97700310
97707522
97707236
97701177
97705100
97700735
97718030
97701457
97701870
97718090
97712060
97712039
97705125
97707039
97707221
97707525
97707556
97707574
97700445
97701215
97701224
97701159
97700020
97712036
97711371
97709525
97714267
97709450
97707711
97714342
97701035
97714040
97712116
97701436
97701327
97701377
97701430
97718105
97709345
97709535
97707051
97707227
97707565
97707583
97701819
97705268
97716281
97716103
97701303
97700455
97701260
97700415
97700420
97700390
97700395
97709430
97707604
97707650
97705265
97711530
97714150
97714240
97716000
97701165
97716348
97714162
97714205
97712003
97716155
97718230
97701472
97718015
97714243
97714339
97712054
97718270
97714452
97701321
97701359
97702113
97707224
97700085
97712134
97700745
97714180
97701460
97718045
97700645
97705005
97707000
97707036
97705165
97701405
97701371
97701203
97701135
97701150
97701000
97700015
97714000
97712045
97711377
97705025
97707015
97700325
97707203
97700315
97700280
97709210
97701080
97701168
97701239
97700450
97700350
97707018
97707200
97707060
97701183
97701454
97701463
97707595
97705050
97705120
97700100
97705253
97705065
97705030
97707021
97707209
97700305
97700265
97712009
97700382
97718110
97700460
97705040
97707009
97700340
97700235
97709035
97709050
97711021
97718010
97712021
97707030
97700065
97700365
97700285
97700290
97707550
97707531
97707659
97716266
97714375
97712113
97701761
97700830
97709300
97718155
97718100
97716021
97701312
97718310
97716006
97716780
97707592
97707702
97701743
97718055
97707705
97700260
97714443
97709030
97709080
97716012
97711263
97712210
97711570
97714264
97711306
97711050
97712128
97709445
97702131
97709220
97709400
97701230
97700040
97701831
97714400
97716009
97718095
97716003
97716043
97714327
97714370
97702116
97701309
97714065
97702110
97700370
97716400
97701095
97714020
97712063
97711406
97705205
97701816
97714168
97714171
97714276
97714273
97714458
97714174
97702225
97712018
97716342
97700255
97707571
97707690
97711359
97711330
97700185
97711003
97709010
97714309
97701212
97701125
97716278
97701318
97701356
97700120
97711327
97700330
97716269
97718005
97701828
97714261
97707270
97707760
97707510
97709175
97702220
97702128
97711312
97714200
97714186
97712143
97700110
97718320
97716018
97712110
97714050
97712131
97701251
97716109
97716351
97716470
97709740
97711278
97711068
97716112
97701442
97707708
97707601
97716055
97716091
97701100
97701186
97701233
97701200
97700620
97707012
97707054
97718125
97714303
97702098
97700095
97700385
97709060
97700245
97701090
97712030
97701174
97701209
97701368
97701236
97700050
97700070
97709665
97707766
97716210
97716097
97716275
97700195
97709025
97709075
97709230
97709510
97716807
97714449
97700640
97707027
97707042
97700125
97707272
97712012
97714246
97716085
97712072
97701324
97702179
97701764
97714258
97714070
97700755
97716215
97716082
97702086
97709455
97709440
97707699
97700750
97701746
97709465
97709420
97709540
97709235
97701300
97701263
97701330
97701350
97716390
97705256
97714321
97714336
97714446
97709545
97701156
97701451
97716798
97701466
97709340
97709065
97714440
97701306
97707239
97702095
97702080
97701767
97702125
97701770
97709550
97716024
97709472
97702083
97712015
97714249
97707769
97714177
97712137
97700720
97716272
97701475
97714075
97701030
97700010
97701153
97701245
97700345
97700440
97707206
97714005
97714165
97714255
97716076
97700030
97702176
97716801
97718025
97711365
97711409
97718140
97700275
97709515
97711333
97716789
97712033
97711368
97700190
97711303
97711000
97711281
97711077
97711260
97711170
97712027
97718160
97716027
97716070
97705055
97705115
97714252
97700025
97701374
97716795
97716052
97705020
97711266
97712140
97711275
97709240
97716786
97701110
97701221
97701257
97700630
97707006
97707045
97716225
97718145
97711350
97700715
97700710
97700625
97705000
97700650
97700430
97700435
97700210
97700215
97700205
97709005
97711006
97711059
97707653
97701362
97702182
97702119
97716339
97707048
97716073
97711272
97714300
97707057
97707233
97707519
97707568
97707589
97709020
97700200
97709205
97709070
97711009
97711065
97716804
97712024
97707662
97714324
97701254
97701740
97700760
97700060
97700405
97701085
97714030
97712069
97700090
97700115
97709000
97700220
97709055
97711130
97711315
97714055
97714025
97701005
97716330
97716405
97707024
97711362
97709410
97709530
97709360
97718115
97711175
97711220
97711610
97716870
97714600
97716610
97712310
97718135
97719899
97711324
97711012
97711403
97701834
97711412
97702104
97702101
97702089
97700725
97705070
97700230
97700240
97709215
97707580
97709405
97701248
97701020
97701242
97711374
97711353
97712000
97700180
97701445
97709470
97716410
97701749
97714270
97709225
97709425
97709460
97716792
97701315
97701353
97701227
97714156
97714015
97700055
97700400
97700300
97707513
97709520
97701822
97714045
97714035
97701010
97700035
97700425
97700320
97700335
97707212
97707230
97700075
97712048
97712119
97714318
97701162
97701171
97716345
97701433
97707562
97701105
97718050
97700380
97701752
97700730
97711318
97711018
97705105
97707033
97707215
97707218
97700295
97707528
97707553
97700250
97709200
97709180
97718120
97701439
97701115
97711284
97711062
97712042
97705160
97707717
97711300
97711056
97714100
97718035
