98805524
98807291
98804854
98807017
98804867
98807396
98801550
98807108
98805736
98805715
98802310
98801098
98807005
98804870
98804040
98804290
98804680
98801420
98807068
98805734
98803618
98807398
98801045
98802718
98804860
98804724
98801744
98804850
98804385
98804660
98807440
98802246
98807500
98807525
98804465
98807030
98801140
98804615
98801150
98801020
98801820
98805732
98804776
98807102
98807275
98802400
98803200
98802620
98803430
98807455
98802040
98804745
98802804
98805775
98801490
98805370
98802025
98801830
98801030
98807090
98807475
98801287
98805630
98802535
98807095
98801690
98807472
98804610
98805675
98807465
98804628
98804320
98801630
98803230
98802380
98805750
98804075
98807364
98802435
98801286
98805730
98805795
98801288
98802027
98803622
98804100
98803075
98805680
98804392
98807094
98807410
98802500
98801426
98801410
98803612
98802695
98801145
98807184
98805437
98807110
98802845
98803070
98803652
98804715
98802685
98807680
98801720
98802034
98804874
98804746
98802740
98807292
98805809
98807033
98807019
98804868
98802032
98804710
98804020
98807300
98804362
98801238
98804580
98802710
98804450
98801117
98804464
98800830
98804723
98807414
98801700
98804310
98807450
98807020
98807470
98804110
98803280
98807196
98805427
98805350
98801590
98807490
98802370
98805802
98805790
98805813
98807036
98807021
98807023
98807299
98803610
98802150
98807392
98803604
98802720
98801289
98803158
98804556
98804250
98805725
98805726
98804370
98807350
98801330
98801345
98804650
98802240
98803420
98804030
98804390
98806110
98805706
98804440
98804280
98805785
98804050
98802607
98807412
98804470
98804285
98804730
98803120
98805520
98802515
98803412
98805728
98803020
98805526
98802585
98801340
98800892
98805765
98802390
98804120
98804365
98807368
98805724
98804790
98803476
98801050
98801115
98802045
98802360
98804550
98802848
98804230
98806040
98807394
98802705
98802700
98807182
98807116
98802820
98801825
98806070
98802836
98804353
98807694
98803483
98805807
98807022
98801510
98802630
98801260
98807485
98801120
98804620
98805670
98802010
98801010
98801563
98801767
98804434
98807164
98807202
98804352
98802215
98806120
98802670
98801790
98807293
98804410
98802015
98807480
98807460
98803270
98804356
98805816
98807039
98805709
98807084
98803055
98807510
98801302
98804065
98803122
98806060
98807416
98807354
98805805
98802205
98802320
98802595
98807678
98804220
98801225
98802314
98807077
98802570
98806140
98805410
98805340
98805722
98804364
98803190
98804614
98807356
98807050
98804070
98804872
98807285
98802802
98805818
98801155
98806080
98807075
98801230
98807310
98804770
98802230
98803370
98807515
98807170
98803608
98801310
98804560
98804510
98807025
98804340
98801650
98803433
98803275
98803426
98803293
98803167
98801210
98804630
98805610
98804130
98805480
98806030
98802544
98807370
98807177
98803470
98804690
98801200
98803110
98807380
98801005
98802260
98802130
98802145
98807390
98801060
98802580
98802110
98807668
98805820
98803460
98803150
98805720
98803060
98801130
98807120
98802490
98804399
98801016
98801832
98802730
98801203
98804085
98805505
98807106
98805110
98801027
98801012
98801703
98801552
98801617
98801544
98803417
98802494
98802018
98803363
98803325
98802356
98802693
98802688
98805540
98801090
98802480
98802697
98804808
98804772
98805714
98807463
98804430
98801805
98805718
98801440
98804170
98805780
98805560
98805330
98802140
98807690
98803165
98801422
98802755
98801360
98803330
98804840
98802330
98803474
98804354
98803170
98807125
98802460
98805854
98804330
98801640
98803390
98804180
98802350
98807340
98804490
98802715
98805852
98803030
98804520
98801062
98805010
98807473
98805800
98802060
98801128
98801280
98801800
98802660
98804848
98802222
98803606
98802080
98802800
98805770
98803624
98804000
98802846
98802280
98805100
98804625
98804608
98801838
98807315
98806050
98802430
98804480
98805040
98803335
98805755
98802305
98802550
98803100
98802596
98804060
98805570
98802676
98802825
98801095
98801040
98801400
98807295
98801015
98801240
98804380
98804300
98807352
98802050
98805580
98807194
98805425
98801100
98804562
98801207
98802835
98807477
98804695
98801170
98803487
98802090
98802220
98807040
98804260
98807220
98805850
98807420
98802745
98804360
98807092
98803195
98805535
98801322
98805710
98807080
98802465
98802070
98803080
98802160
98802605
98802315
98806020
98803175
98802055
98807670
98807278
98801470
98804500
98801328
98800870
98802609
98803300
98802210
98805811
98801774
98805485
98803602
98805380
98807064
98803155
98807520
98805660
98805620
98807145
98807452
98804800
98804898
98804810
98804355
98807468
98801105
98805600
98805342
98801300
98805552
98807335
98801110
98804618
98802100
98801180
98807430
98802374
98804702
98803320
98807192
98805423
98802680
98802225
98804367
98804774
98801815
98803290
98803140
98802120
98802200
98802180
98804740
98800890
98802290
98801070
98804844
98801068
98806130
98807087
98807007
98802300
98804558
98802565
98805530
98807280
98807230
98804838
98802020
98802678
98805420
98804605
98801730
98805708
98804747
98805856
98804210
98805430
98801320
98802690
98802245
98805650
98807360
98801760
98801430
98804554
98801520
98802312
98804820
98802682
98803260
98801810
98803065
98804396
98801770
98807676
98803440
98805554
98806010
98805685
98807250
98804160
98807186
98805435
98801370
98804460
98807454
98802815
98804865
98807000
98804721
98804530
98802255
98802035
98804388
98803472
98805740
98802870
98803485
98802575
98804670
98804722
98803160
98802735
98801235
98804600
98804140
98801560
98802640
98802122
98803090
98803185
98807290
98802125
98807270
98807055
98805735
98802725
98804150
98807366
98804200
98807085
98804780
98804822
98804720
98802098
98801632
98807168
98807099
98803156
98804462
98802420
98800850
98801052
98807320
98804725
98804010
98805522
98801390
98804705
98804080
98803130
98802548
98803350
98804420
98801160
98804735
98803620
98807297
98801710
98804858
98807172
98807114
98805712
98805745
98802860
98802235
98804700
98803380
98804540
98802760
98801066
98803630
98801480
98803152
98804830
98807188
98805433
98802062
98805550
98807048
98801048
98801706
98801613
98803414
98803383
98803355
98803304
98803183
98807505
98807692
98801350
98805705
98802030
98801220
98804351
98804755
98804270
98803154
98801018
98802675
98801600
98807100
98801112
98801029
98801772
98804424
98804427
98807097
98807162
98807209
98807204
98802830
98807365
98804350
98807305
98804590
98801540
98802250
98803400
98804398
98804765
98802410
98806800
98806700
98800800
98801285
98804750
98802545
98803210
98824899
98807135
98807179
98805438
98805384
98807345
98807375
98805678
98807483
98802520
98803010
98805510
98802270
98802555
98801125
98803180
98801556
98801763
98804432
98807166
98807198
98803083
98803310
98802810
98802822
98806090
98807006
98807296
98801500
98802510
98807210
98801495
98801723
98801726
98804583
98801290
98802190
98807155
98804363
98802085
98805548
98807294
98802095
98807382
98802600
98802560
98805050
98807362
98802573
98803386
98805500
98801450
98803600
98801080
98807330
98807325
98804760
98804742
98807010
98807174
98801460
98805760
98804394
98803614
98803616
98802530
98803410
98804389
98805590
98804612
98801610
98807045
98803360
98801780
98807495
98807065
98805390
98807128
98802470
98805700
98803250
98807070
98803489
98806100
98801380
98807015
98801064
98804400
98801660
98803000
98804240
98807358
98807660
98802275
98807160
98802265
98802590
98801025
98803063
98803118
98801670
98803040
98807046
98807104
98805640
98805120
98802170
98807240
98807276
98807400
