98785304
98781206
98790234
98787148
98796524
98796050
98787734
98789674
98783452
98787418
98787396
98787690
98780121
98781092
98781266
98787664
98794834
98780245
98792214
98787600
98789822
98789368
98794092
98789358
98794422
98794094
98794166
98792272
98783498
98790066
98780772
98796448
98780573
98781332
98787768
98794832
98794116
98789338
98787730
98781542
98792196
98792198
98785133
98783030
98789022
98783490
98781520
98785354
98794654
98780316
98781468
98792740
98789670
98780582
98785130
98794146
98785009
98783266
98789514
98794646
98787474
98787692
98780732
98780729
98780325
98780124
98780230
98780206
98792000
98787090
98792590
98789260
98792710
98790292
98787320
98794140
98796548
98787566
98785271
98790250
98785313
98790700
98780076
98780068
98789132
98789032
98792190
98789118
98789824
98787006
98790470
98789204
98787062
98785632
98794822
98789782
98785072
98783520
98780352
98792750
98795020
98794110
98780004
98794642
98789586
98789144
98789180
98781222
98785018
98787520
98794138
98785356
98789072
98794326
98790246
98790240
98792088
98792284
98792286
98789304
98780561
98787414
98787388
98787694
98794837
98787516
98794314
98781780
98780115
98781396
98785710
98785498
98794650
98794744
98781328
98792632
98794032
98785386
98781480
98787144
98790465
98781262
98789154
98796292
98787054
98790060
98789816
98789814
98789510
98796224
98789198
98783034
98794272
98789172
98790534
98787620
98785550
98792136
98792274
98794298
98785253
98787732
98780103
98780823
98781042
98787178
98787464
98787476
98780609
98794324
98781107
98781010
98783491
98785286
98790342
98789332
98794038
98794230
98789404
98796622
98796302
98785292
98794176
98792036
98792506
98792641
98780663
98780503
98780564
98785154
98785380
98785430
98794030
98794270
98794290
98794656
98794380
98794740
98780771
98780194
98787512
98780188
98780627
98792276
98796296
98780066
98785139
98785210
98789366
98780001
98796140
98794000
98796058
98780543
98780693
98796256
98787146
98780337
98780153
98794220
98787342
98787406
98787380
98787348
98787740
98790460
98783486
98781544
98789208
98794802
98790850
98790790
98790530
98788010
98790520
98787890
98785560
98785760
98796330
98781840
98783020
98783220
98783360
98783550
98783660
98783750
98783810
98783860
98780696
98780735
98790068
98790130
98780753
98780708
98794316
98780726
98790691
98788074
98787134
98792282
98783492
98792278
98787398
98787165
98790694
98792134
98796074
98796284
98796108
98783326
98785433
98789418
98790248
98790294
98785289
98789196
98783399
98796666
98796244
98785268
98789326
98796228
98789102
98789004
98787268
98787666
98792094
98794076
98796591
98792086
98787482
98780200
98792062
98787550
98785256
98787394
98787346
98792179
98780056
98780800
98780540
98790136
98794064
98794160
98794224
98780016
98789300
98790704
98794648
98794318
98794830
98781412
98794226
98783708
98794066
98792219
98792448
98787142
98780684
98785024
98780759
98780349
98787604
98785298
98785358
98794310
98792220
98796692
98781410
98789428
98787184
98785307
98787410
98787332
98794060
98780106
98796232
98796230
98796234
98780150
98780744
98780750
98780821
98785033
98789116
98787452
98789860
98794799
98795140
98792810
98790230
98790232
98785612
98783110
98780208
98787170
98783488
98792058
98792192
98785344
98796582
98794170
98788136
98780705
98785439
98796585
98787686
98787466
98787510
98789818
98794182
98787382
98787352
98783046
98783844
98790138
98783702
98796193
98789412
98794070
98790204
98787772
98780182
98792096
98794142
98792442
98787564
98788020
98781536
98788134
98790300
98789550
98792173
98789826
98794838
98781000
98796220
98796306
98781080
98789406
98780509
98781388
98792194
98783184
98785213
98794835
98787728
98789580
98789572
98789784
98783494
98783320
98781210
98783322
98787778
98780576
98785634
98780506
98794296
98792644
98789422
98796190
98781086
98794238
98794244
98789021
98789128
98792170
98792250
98794680
98789360
98789026
98789010
98787264
98780812
98780809
98781095
98785112
98780672
98780853
98780714
98789540
98792744
98792347
98787422
98787400
98787456
98781214
98785442
98781308
98789182
98780815
98780850
98785000
98781220
98792762
98780768
98780774
98781040
98794768
98789184
98787780
98789786
98783080
98792309
98796623
98783116
98780355
98789112
98789114
98789120
98789122
98789186
98789188
98789354
98781204
98790244
98789150
98783330
98796294
98783040
98780112
98789200
98792212
98796690
98781044
98787008
98781046
98780064
98780803
98780868
98781260
98781404
98781670
98781540
98785169
98785348
98785148
98785342
98796246
98789328
98792300
98792288
98790690
98792344
98783480
98787568
98781340
98792346
98790132
98792746
98785600
98783483
98792146
98790475
98789108
98789126
98789190
98780660
98785063
98785103
98789672
98781472
98796260
98796280
98785494
98794770
98794766
98794062
98794772
98783482
98780050
98796008
98780052
98780054
98796052
98792210
98787560
98792082
98787468
98781312
98792345
98789424
98783332
98794328
98794312
98780777
98792092
98792030
98792638
98792544
98792540
98790698
98796668
98794184
98780082
98780756
98780824
98785030
98794330
98787402
98787344
98790693
98780328
98796704
98780202
98783262
98794764
98783050
98781870
98796258
98781600
98792038
98780859
98796576
98790298
98790340
98789870
98792626
98787052
98780819
98787166
98789214
98780081
98785490
98794742
98780346
98796620
98783264
98785548
98789780
98787462
98787478
98783042
98794762
98783394
98792132
98787714
98789218
98787458
98789110
98792500
98792035
98780074
98787562
98794760
98794078
98785160
98783038
98780723
98780818
98781116
98790238
98781110
98781208
98785151
98780857
98790346
98781304
98781543
98780192
98789570
98789416
98790304
98796298
98783032
98789008
98787266
98790702
98794652
98785058
98781264
98780406
98794320
98785610
98787774
98789686
98792352
98796254
98790302
98781476
98783495
98789306
98789100
98789134
98789194
98787702
98783620
98780078
98780070
98780072
98796000
98792623
98781048
98785265
98785283
98796238
98785810
98781400
98783280
98796707
98780669
98794174
98795035
98781484
98796288
98790202
98792748
98783450
98794206
98794234
98796300
98780313
98796698
98787554
98789136
98790310
98792504
98787050
98785060
98792620
98787130
98785003
98794130
98787454
98780403
98787518
98785259
98787552
98785280
98787602
98787698
98787570
98796588
98794168
98789220
98785106
98790312
98780233
98789684
98789138
98790390
98787830
98785142
98789124
98787514
98789676
98794294
98789576
98790170
98783420
98785850
98781316
98794572
98794292
98790840
98785310
98796708
98789018
98787338
98780310
98790172
98790146
98780331
98787558
98789690
98785015
98789552
98794036
98783324
98789334
98789336
98794850
98789342
98789340
98789324
98796410
98792098
98789020
98785340
98789174
98783422
98790320
98792742
98787136
98789582
98796598
98796070
98789402
98794164
98789356
98789070
98792138
98787176
98787524
98796282
98785054
98785630
98783260
98790692
98789330
98785383
98780186
98780058
98787726
98780570
98790350
98785636
98787104
98790354
98787326
98789142
98789210
98789680
98787180
98780104
98783268
98792444
98792140
98789574
98789364
98787660
98796544
98796662
98787014
98789140
98780615
98787696
98796579
98792130
98794322
98796252
98795040
98783188
98794074
98781524
98789002
98780624
98787769
98789678
98790306
98783114
98788130
98785219
98790696
98796702
98788122
98792758
98787168
98780865
98781212
98792756
98796054
98796056
98794090
98785012
98781790
98780196
98780242
98796694
98783182
98789212
98780118
98780190
98792090
98780204
98796222
98787172
98781098
98796078
98787186
98785436
98780156
98780159
98789216
98794134
98796552
98795090
98789016
98785295
98783186
98790356
98780633
98796556
98790062
98789348
98789350
98790064
98787322
98789320
98783714
98794136
98783328
98780711
98789148
98788021
98790148
98787770
98792216
98785389
98787712
98783484
98790348
98780343
98790550
98780500
98780546
98780600
98780603
98780717
98785392
98792752
98794113
98789308
98789400
98780062
98796202
98789303
98787138
98792315
98792270
98783497
98794162
98780552
98780184
98785274
98785346
98796199
98787324
98781336
98787704
98794144
98794222
98780567
98794200
98780618
98787556
98785262
98787472
98789584
98789344
98783454
98787460
98796290
98787470
98780747
98783570
98789362
98789152
98787662
98781050
98783700
98794831
98789270
98789346
98780239
98785145
98781324
98790142
98780871
98781200
98787012
98789302
98794420
98794246
98780827
98792144
98780010
98794240
98792342
98789516
98789322
98790296
98792340
98781113
98781054
98785136
98794332
98796170
98796205
98789420
98792760
98787404
98787340
98792176
98783398
98783392
98783396
98789410
98781202
98787140
98783638
98790236
98796286
98787334
98783842
98783706
98783456
98785506
98785250
98785301
98787700
98785069
98789512
98794072
98796597
98780579
98788030
98796174
98794208
98794236
98787064
98792148
98781300
98792502
98796705
98780806
98781083
98794132
98787412
98787392
98780612
98781528
98780699
98780702
98780100
98780738
98787572
98794204
98794232
98780334
98780762
98780765
98794096
98781416
98781408
98781460
98781538
98787010
98789414
98780666
98780856
98794172
98794180
98796706
98789206
98796532
98780319
98780127
98780060
98796004
98789014
98787060
98781320
98792150
98792303
98792280
98796730
98794820
98796610
98785860
98781590
98785840
98781660
98781555
98781720
98781585
98796360
98796440
98796500
98796480
98794800
98794440
98794810
98794540
98795000
98794620
98795010
98794790
98795139
98795250
98794410
98780687
98797899
98785277
98794412
98792034
98792480
98792054
98787056
98780007
98785006
98787328
98781464
98780322
98780109
98795030
98796100
98788124
98796696
98785066
98780720
98781785
98781793
98781795
98781805
98794242
98794685
98794690
98792370
98792050
98792430
98792312
98794880
98795050
98781810
98783192
98783590
98783592
98783630
98783870
98783872
98788180
98785620
98783282
98796538
98796540
98796528
98796530
98796522
98796520
98788070
98783632
98783634
98783594
98796536
98792420
98794350
98794640
98794354
98783150
98796076
98794068
98780358
98787004
98783710
98783780
98783580
98792032
98796570
98789682
98780549
98783191
98780862
98783712
98785075
98781218
98780606
98796594
98780741
98794034
98780080
98794202
98794228
98789030
98788126
98787260
98789006
98785056
98790242
98783036
98789408
98796104
98789352
98796226
98796450
98780558
98787420
98796248
98787416
98787336
98796240
98789104
98789130
98789192
98790706
98780690
98780555
98787522
98794644
98780248
98796573
98788120
98783190
98794186
98785100
98781216
98781089
98796660
98780013
98790144
98790308
98789028
98792084
98794418
98781052
98787174
98789820
98788138
98783846
98783704
98783458
98785502
98783636
98790134
98780180
98792100
98790200
98789810
98789024
98785350
98787688
98792350
98783390
98787390
98787350
98783485
98796236
98780681
98780675
98780630
98785109
98785395
98788100
98794414
98794416
98783840
98783180
98785216
98796196
98789578
98789012
98787262
98781104
98787408
98787384
98787710
98787386
98796242
98796304
98785611
98796664
98795180
98787102
98780678
98787706
98781800
98781532
98792446
98781392
98787771
98785163
98792080
98792629
98794178
98787480
98787182
98785027
98781101
98796700
98781384
98787708
98788040
98789146
98780621
98783500
98787776
98792635
98785157
98787330
98789812
98789202
98785352
98787058
98792142
98796250
98790352
98790344
98780236
98783113
98792218
98788132
98792754
98789688
98780340
98780400
98787450
98787000
98787424
98787132
98787292
98787290
98789000
98790290
98789106
98790174
98787002
98781380
98790140
98794570
98794890
98794600
98785166
98792306
98780198
98785021
