93801004
93806686
93819046
93800508
93819724
93800444
93801018
93816548
93806015
93816576
93808030
93804138
93819244
93806662
93806834
93816642
93800416
93800246
93806000
93805880
93800670
93821051
93807186
93821106
93806230
93804464
93800750
93821830
93821280
93806020
93819002
93806612
93819610
93800074
93800264
93800312
93800504
93804004
93800456
93806568
93819266
93821282
93806022
93806756
93816540
93806098
93819706
93804462
93821308
93800424
93801600
93821140
93806490
93808048
93806392
93800322
93807850
93806024
93821150
93806588
93806406
93806752
93821110
93819060
93805816
93806314
93820224
93822052
93806028
93800672
93819608
93807652
93804066
93820212
93800476
93819708
93822056
93804100
93804470
93806006
93804002
93801364
93819389
93815016
93806282
93806844
93801480
93819014
93819712
93800154
93800156
93800116
93800126
93800128
93821054
93800502
93800506
93804142
93800542
93804144
93806094
93821244
93801226
93820118
93806878
93822086
93821430
93805810
93806408
93806692
93806264
93821384
93805806
93800398
93805808
93801650
93819268
93800510
93800394
93800498
93806502
93821246
93806874
93800106
93819246
93804532
93801010
93804468
93819419
93800240
93806270
93800560
93804032
93821832
93819387
93819054
93800382
93819052
93806862
93805640
93806102
93805700
93812170
93812330
93813150
93821064
93821320
93806520
93806280
93821074
93800458
93804140
93806748
93800162
93800130
93800192
93819062
93806034
93808028
93806854
93808070
93820098
93806308
93819010
93819018
93819256
93819254
93821192
93821058
93821190
93821156
93821480
93821500
93822126
93806040
93806058
93806694
93821092
93806580
93804604
93800413
93819276
93804510
93806472
93804544
93822018
93801220
93806044
93806054
93806306
93821072
93819684
93806072
93815002
93813350
93807656
93800660
93806590
93821730
93806688
93806354
93819412
93806858
93805702
93821572
93806542
93804102
93819444
93806526
93806372
93806848
93819416
93806722
93821056
93820190
93804526
93801360
93804108
93819264
93800666
93804562
93806746
93806082
93800022
93800558
93807112
93812720
93800442
93807812
93804106
93806486
93800760
93806742
93806656
93821616
93807658
93819438
93807182
93821152
93800104
93806056
93800096
93800042
93821102
93821104
93821640
93820340
93800602
93804870
93804330
93800468
93819874
93820074
93821136
93804118
93800422
93800448
93800700
93806232
93800710
93804516
93801358
93806414
93806700
93806482
93800748
93800462
93806062
93819258
93800250
93800332
93800334
93800430
93800428
93800728
93800730
93800484
93801016
93819348
93819242
93821234
93821436
93815014
93804112
93806030
93806868
93806278
93806322
93821642
93819342
93800120
93821094
93821820
93806728
93819113
93820110
93804472
93821088
93806530
93801486
93806726
93821114
93806274
93807123
93804460
93808062
93806442
93808072
93804128
93819866
93821138
93804182
93800698
93815122
93819448
93821404
93808066
93819356
93806552
93804486
93800652
93819385
93804492
93800472
93806320
93821068
93821248
93812162
93812400
93812052
93806008
93821822
93806268
93812800
93821574
93813000
93821610
93821142
93816000
93804542
93800236
93800658
93800742
93806090
93821316
93808044
93819868
93820068
93822024
93820210
93806410
93806004
93806704
93805788
93806810
93819104
93806846
93819082
93806818
93819090
93806826
93819088
93806860
93800716
93800030
93819278
93800098
93806750
93819114
93821310
93806802
93822014
93806864
93819098
93800564
93822002
93800744
93821096
93804540
93821576
93813260
93813690
93800254
93806682
93819738
93822040
93806504
93806804
93806706
93806734
93807180
93800554
93805766
93807110
93806708
93819600
93804524
93819338
93822122
93804610
93806724
93806800
93806866
93806002
93821580
93819728
93800724
93800678
93819272
93819418
93819042
93800340
93805802
93819250
93821082
93808020
93808024
93800654
93808022
93800362
93800712
93804514
93822330
93806266
93821578
93806496
93821318
93808026
93819420
93821306
93808056
93800320
93800436
93819718
93804522
93821238
93806370
93808040
93806012
93819704
93800568
93819716
93807040
93800634
93819686
93819720
93819064
93804506
93819422
93804568
93800232
93800198
93819048
93819050
93819084
93819086
93819414
93804560
93806576
93819383
93800160
93821062
93822124
93821124
93806712
93806088
93800346
93822046
93821052
93800100
93819692
93800208
93800146
93804608
93821044
93800134
93800210
93800048
93800046
93800463
93801008
93815124
93804552
93822026
93806652
93822080
93800108
93800314
93800318
93819722
93819334
93800374
93821636
93806252
93821392
93821076
93800158
93806544
93821390
93819262
93804114
93806276
93800562
93819030
93800438
93806010
93819280
93808036
93806572
93822054
93804146
93819702
93800348
93800384
93822034
93806394
93800390
93800550
93800260
93800326
93821652
93806404
93806368
93821048
93806084
93806100
93800656
93801228
93806698
93806052
93806696
93806042
93819872
93820072
93812200
93812172
93800056
93808074
93800068
93800708
93806806
93800092
93805818
93806710
93805778
93806342
93822004
93800570
93800402
93821230
93800214
93800064
93821098
93806316
93806262
93804136
93800706
93806318
93800454
93819274
93800446
93821132
93806254
93804494
93822010
93819440
93804466
93821312
93820200
93800248
93815006
93804126
93806358
93819346
93819344
93819432
93819430
93801350
93801352
93821130
93821300
93821050
93821650
93800676
93808050
93819446
93804124
93820214
93821398
93805804
93806474
93815004
93815008
93815058
93801356
93806484
93805764
93821400
93806360
93806068
93806300
93820216
93804600
93800024
93819004
93800222
93800224
93800028
93800026
93800014
93800016
93804536
93800062
93807119
93822042
93819112
93819685
93806720
93800450
93821078
93800364
93800204
93819026
93800356
93800378
93821284
93821724
93800344
93800488
93821438
93819683
93819876
93820076
93800480
93819006
93800018
93800052
93800328
93822038
93820206
93800366
93806398
93819016
93806350
93821042
93819240
93821236
93821194
93821134
93806536
93800426
93800406
93808032
93819604
93806480
93806330
93800548
93804548
93815056
93800212
93800140
93806346
93806336
93806660
93806658
93806758
93806582
93807810
93807490
93800492
93800490
93800460
93800600
93800630
93800632
93800732
93804528
93804030
93821732
93806876
93806832
93821386
93821240
93804488
93806808
93819696
93806524
93806492
93822030
93800638
93804554
93819878
93820078
93806018
93806690
93800418
93806574
93804006
93804558
93806310
93806332
93804132
93822048
93821066
93800392
93800812
93800060
93804530
93807661
93800206
93806684
93806610
93821728
93800668
93820208
93804070
93805794
93821622
93804064
93800372
93822020
93806478
93806538
93821632
93800552
93819744
93800414
93820218
93806702
93819020
93805800
93819044
93820202
93806334
93806326
93805792
93800242
93821340
93805796
93804750
93819428
93800388
93804490
93800466
93819270
93800410
93806014
93819614
93800726
93822028
93821432
93806550
93819260
93821080
93800432
93819358
93819415
93801488
93806096
93806352
93806364
93821624
93808046
93804120
93800664
93821148
93800810
93819880
93820000
93806578
93800144
93821614
93812164
93806236
93819710
93800546
93806066
93819034
93819700
93819070
93819040
93819066
93819068
93820114
93800302
93819354
93804000
93800276
93800300
93800252
93800350
93800234
93819028
93800190
93819058
93812000
93806418
93815370
93806488
93808090
93800200
93800150
93806356
93806396
93806440
93812050
93812560
93813530
93822022
93822090
93800636
93822128
93806840
93800066
93800354
93800266
93800310
93819732
93805780
93804496
93806740
93800736
93805768
93822096
93819690
93819682
93800304
93821302
93819694
93806074
93806076
93806288
93806286
93806664
93806328
93806374
93806470
93815000
93812002
93815050
93812510
93813640
93816012
93821434
93804500
93804476
93815054
93815052
93806872
93800470
93804068
93800740
93821644
93800306
93804062
93819606
93821570
93819340
93821314
93819870
93820070
93806304
93808038
93806498
93819056
93821112
93801006
93819379
93804504
93805772
93819038
93819072
93804508
93800500
93819413
93805770
93806852
93806736
93806680
93806812
93806836
93819190
93800474
93819106
93804556
93804752
93821824
93800722
93819108
93804122
93800386
93819450
93800376
93806822
93819100
93821628
93821634
93804780
93822016
93812710
93821046
93800194
93800152
93800408
93800464
93816552
93812168
93819022
93821146
93819036
93800202
93806570
93800400
93800136
93800482
93800434
93806026
93806412
93800196
93801354
93800094
93806528
93806532
93821086
93806816
93821630
93806078
93819350
93806016
93805820
93819426
93819726
93815012
93800330
93807184
93804060
93821654
93806554
93822012
93800452
93815010
93821154
93806402
93806416
93812100
93812640
93813420
93822050
93804602
93820220
93807188
93806850
93821388
93819436
93800220
93800132
93806534
93822082
93821382
93821126
93804203
93821118
93820106
93806344
93806324
93821726
93806714
93820090
93819424
93801362
93806046
93812102
93800058
93821828
93806814
93800268
93800308
93800142
93800714
93800054
93804538
93815120
93819252
93806080
93800650
93819012
93821122
93804606
93806366
93800486
93801222
93822092
93822006
93806546
93804518
93821090
93808034
93816630
93808060
93822008
93804498
93804478
93821626
93822032
93800226
93819421
93819336
93820204
93800738
93819714
93821128
93819442
93819094
93806738
93819118
93800718
93820102
93800118
93806856
93819092
93800228
93800272
93806038
93800396
93805784
93800494
93821638
93807550
93800704
93806650
93806654
93800512
93801020
93800262
93800324
93800216
93800036
93800050
93800342
93806060
93806036
93819848
93800072
93819850
93819846
93805812
93819698
93821070
93807654
93806540
93821834
93800556
93821402
93808042
93808054
93806092
93800256
93804130
93805776
93813050
93822200
93812250
93821342
93812160
93819122
93806338
93800102
93806050
93804570
93805798
93804700
93807650
93819730
93821618
93806400
93800674
93806017
93806500
93824899
93808068
93804550
93800696
93800090
93806312
93804104
93800478
93800352
93800380
93819602
93819032
93800203
93806348
93805782
93819008
93800148
93806064
93800020
93821120
93805790
93806730
93819102
93806234
93819381
93808078
93820222
93806086
93806048
93822120
93806732
93819110
93806390
93800218
93800044
93800124
93800122
93800244
93800720
93821394
93804512
93819734
93800270
93806256
93805786
93806820
93806070
93806032
93820094
93816564
93822084
93821084
93819612
93806824
93806870
93800746
93806362
93800404
93808058
93806284
93806272
93822036
93800358
93812166
93804116
93800566
93800702
93806302
93819490
93819562
93821620
93812740
93806716
93806260
93800338
93804546
93801002
93804110
93800034
93800032
93800114
93800112
93819452
93819352
93805774
93822044
93806842
93819736
93821826
93806250
93806238
93806838
93805000
93807002
93800882
93801000
93821658
93820004
93819560
93806744
93819116
93821656
93806476
93821396
93819096
93800316
93801224
93800360
93819024
93822094
93800230
93800662
93821108
93819248
93821232
93821646
93800540
93801482
93801490
93806258
93806754
93819120
93821860
93804180
93821060
93806340
93819192
93821242
93804534
93819434
93800420
93821648
93800370
93819332
93800880
93819410
93800070
93819740
93819688
93800544
93800012
93819742
93819680
93822088
93801484
93800110
93800138
93821722
93800496
93804484
93804566
93801022
93819080
93804480
93804482
93804072
93804520
93800258
93800010
93800238
93800040
93819000
93819302
93819300
93819282
93821000
93820470
93820344
93821100
93821116
93821612
93821862
93822000
93819330
93800368
93800336
93819076
93821720
93800038
93804502
93804474
93806760
93807000
93806880
93819074
93819078
93800734
93805762
93806828
93821380
93806522
93819616
93801110
93821053
93800440
93806548
93806494
93804564
93806718
93806830
93819681
93800412
93808052
93800274
93821144
93805814
93805760
93821304
93804134
93801012
93813370
93813800
93801014
