93212605
93230010
93218655
93218615
93234130
93216010
93218000
93224010
93212010
93224475
93212026
93212020
93220146
93210010
93218010
93230640
93225108
93230704
93230512
93224020
93225115
93230193
93216568
93220010
93225425
93226505
93220020
93230020
93218146
93225047
93212030
93212040
93210020
93218020
93230484
93220450
93225110
93220460
93212470
93220470
93212480
93210030
93212015
93220300
93226152
93224725
93214010
93228010
93228020
93226485
93225304
93212060
93226072
93222666
93222627
93218120
93210040
93224030
93222370
93222260
93228030
93224350
93222270
93230874
93225363
93230580
93225040
93222607
93212730
93222768
93230870
93222852
93212410
93222065
93226420
93225524
93224735
93225535
93216030
93212070
93225407
93230616
93216184
93216040
93218090
93218360
93216050
93230714
93226507
93216060
93230330
93225102
93230030
93222094
93216070
93222654
93220030
93212080
93218320
93230520
93218040
93224720
93224360
93212090
93210050
93226260
93226010
93224370
93230400
93216080
93218100
93212500
93230040
93220074
93214020
93230050
93222605
93230562
93218600
93220040
93230060
93226020
93220050
93222360
93222294
93218050
93220120
93220754
93216090
93220480
93212124
93230068
93220490
93212126
93225065
93230880
93224612
93220142
93230410
93230070
93228040
93222010
93234140
93222752
93214030
93230526
93234134
93211708
93226270
93222120
93222637
93226500
93211704
93211722
93222020
93216020
93222728
93222450
93222830
93219076
93222750
93228250
93230453
93230080
93228260
93216530
93222460
93230858
93212100
93222870
93222858
93230090
93224700
93212110
93214350
93226055
93230422
93230420
93230100
93228050
93220500
93212220
93216570
93230430
93226280
93222470
93222856
93226550
93222430
93222434
93212032
93230708
93230436
93222250
93224390
93222480
93212014
93220070
93234132
93228314
93226084
93226477
93219070
93224400
93214040
93222734
93212120
93220060
93230066
93214120
93228060
93212130
93224303
93212140
93211712
93212520
93228070
93220510
93210160
93222756
93211699
93211702
93211710
93224040
93220550
93210230
93222658
93226502
93230110
93226030
93220080
93230862
93218070
93222770
93222030
93220090
93226515
93222668
93214060
93214300
93212150
93222760
93230130
93226040
93224654
93218620
93212530
93225138
93226050
93219064
93226015
93222853
93230882
93222645
93220046
93226475
93218660
93222170
93230120
93224661
93222640
93224553
93218080
93224473
93234102
93230000
93214070
93222774
93222490
93220270
93222857
93216120
93222500
93218690
93230074
93222732
93225355
93230064
93230428
93226290
93223700
93218380
93216130
93224300
93211714
93228080
93222103
93222105
93222660
93219080
93234090
93220140
93222012
93222650
93230383
93224663
93212128
93214370
93226060
93225150
93216140
93216150
93220770
93230076
93212160
93212540
93210070
93214360
93225531
93220640
93230522
93228090
93210080
93230450
93226017
93224680
93220530
93220540
93218390
93224732
93212550
93222633
93228000
93212170
93222280
93220560
93218110
93230487
93212024
93216190
93216180
93220145
93224420
93230489
93225550
93225130
93212180
93226471
93225408
93230424
93225015
93226090
93228316
93224564
93220570
93230630
93218160
93224050
93230866
93222681
93226013
93212190
93225423
93230718
93224498
93230470
93218680
93224430
93218610
93230480
93230488
93226088
93224522
93224060
93230493
93210120
93214390
93220580
93224486
93226100
93226082
93228110
93234160
93218142
93230140
93230150
93216560
93224555
93224440
93228120
93219010
93214100
93222610
93226130
93220044
93214050
93230160
93222040
93222045
93216200
93224550
93212200
93230868
93230608
93214400
93224524
93222092
93216210
93216220
93224070
93222050
93224566
93216254
93222060
93218650
93230170
93214210
93224542
93226463
93222864
93212210
93230860
93226467
93216160
93214110
93218400
93224080
93220680
93220710
93225100
93224090
93220130
93220042
93218170
93222180
93224484
93226110
93222772
93226462
93222872
93222380
93230852
93230072
93216230
93220520
93216240
93216480
93224100
93225351
93225070
93225135
93212230
93224690
93214420
93212240
93230636
93225300
93222290
93220280
93222754
93228130
93222080
93218605
93222662
93218625
93230854
93214430
93212250
93220590
93218190
93230485
93230724
93230728
93230180
93214130
93222096
93224110
93226120
93216340
93224745
93226052
93230067
93234000
93234104
93234150
93212156
93212260
93212263
93216250
93226473
93224450
93212270
93220390
93222390
93212560
93216260
93225361
93222869
93212280
93218370
93220420
93222510
93225103
93224120
93220150
93214440
93212711
93214380
93218685
93220160
93214450
93220758
93212570
93224280
93212000
93224652
93224460
93224380
93212022
93230525
93222090
93218630
93226223
93228044
93216566
93224616
93225427
93226517
93224669
93230712
93212012
93218635
93226300
93225062
93224744
93230340
93216270
93226150
93225409
93220720
93230638
93220170
93220180
93220780
93222100
93216280
93214460
93220100
93212580
93230528
93222700
93230190
93224130
93228140
93214470
93230200
93225520
93230310
93222647
93212590
93212290
93220190
93224150
93230210
93220200
93214480
93222300
93216000
93226074
93224140
93230220
93212300
93210090
93230455
93216290
93214150
93214160
93230497
93230494
93222635
93218410
93214490
93220600
93218200
93216450
93220730
93230524
93230230
93228150
93212760
93230240
93230250
93220210
93216300
93224160
93220610
93218130
93218210
93216310
93212505
93222432
93214085
93224470
93230490
93225145
93230438
93230063
93228011
93226070
93222625
93230634
93218140
93226310
93216572
93220144
93224000
93212310
93230600
93230620
93212320
93218220
93224480
93225316
93222520
93218665
93222298
93230878
93212330
93212340
93220220
93210100
93226440
93226520
93216320
93212350
93210150
93210140
93214090
93216460
93223200
93224490
93224170
93230529
93230260
93220230
93230876
93224180
93228160
93212600
93220240
93230059
93218175
93226080
93228170
93222190
93226140
93224620
93224310
93214170
93220400
93222675
93220620
93222679
93230270
93230065
93214180
93228190
93212360
93226450
93228180
93230280
93225553
93222070
93222075
93222340
93219073
93218230
93214190
93234100
93222140
93222200
93220630
93230500
93230510
93214200
93222800
93220250
93218250
93234076
93224474
93224190
93222862
93216100
93230710
93224200
93216564
93218260
93212370
93222210
93222150
93226512
93218148
93218145
93226504
93225030
93230460
93226160
93222615
93230054
93212610
93228200
93222110
93230483
93220756
93224500
93216110
93224477
93230196
93210110
93230888
93220650
93226503
93212380
93224510
93218270
93222822
93214543
93222310
93226225
93222859
93222362
93220660
93226530
93224482
93222648
93224520
93222400
93224210
93222670
93214220
93230726
93220260
93218280
93212620
93220670
93224530
93226320
93226460
93225050
93220751
93222613
93222834
93212630
93216540
93225165
93225105
93210000
93224710
93210170
93225310
93214230
93218290
93224540
93222850
93230706
93230498
93226465
93230730
93226470
93225314
93224560
93218300
93216350
93218144
93214240
93224220
93230628
93216360
93218310
93216370
93224487
93226510
93230290
93226292
93230514
93224742
93224740
93225060
93214410
93230606
93212640
93220290
93226330
93225357
93225359
93230530
93230642
93228210
93214500
93218150
93226170
93225312
93226340
93216380
93222125
93222320
93222855
93226180
93216390
93210130
93224570
93212018
93219083
93212650
93230496
93222758
93224580
93222629
93222530
93222652
93211728
93228220
93214250
93218330
93216400
93234164
93222623
93224630
93224340
93212154
93230540
93224472
93224478
93225020
93220310
93224307
93212016
93223170
93228100
93222220
93214260
93226360
93212750
93224410
93214080
93224230
93225420
93230300
93212194
93220148
93220155
93222656
93220012
93220014
93220016
93224590
93225533
93212660
93230722
93214270
93222410
93230550
93218340
93222642
93226190
93224240
93211724
93224250
93224260
93210180
93224574
93222722
93220320
93214280
93214510
93212390
93220330
93220340
93230495
93218675
93226468
93222130
93230432
93224270
93222095
93219060
93219090
93219050
93214520
93220143
93226000
93214290
93220350
93226200
93218180
93220752
93230320
93210190
93216410
93224485
93218060
93234500
93234400
93234300
93222330
93222620
93230486
93228230
93212050
93230700
93230434
93212198
93224730
93226370
93219066
93226350
93220690
93225410
93230702
93214340
93230426
93224290
93210200
93224600
93228240
93230732
93219054
93226380
93225400
93225413
93226480
93225406
93230716
93225403
93216440
93211720
93219093
93222603
93230056
93212400
93218147
93210210
93210220
93220360
93214022
93214062
93214542
93222673
93226294
93222550
93222160
93222643
93220700
93216420
93222420
93222724
93228248
93230390
93234020
93212592
93233100
93220544
93226312
93226210
93210016
93216430
93218350
93224610
93216562
93214540
93230624
93210250
93222730
93222762
93220370
93222860
93220380
93226490
93226078
93214550
93222540
93216520
93230864
93210060
93226076
93220382
93226476
93220410
93210240
93222866
93220740
93224320
93212420
93222854
93222664
93224640
93214310
93220110
93224650
93222838
93214560
93218430
93218640
93212430
93212265
93218143
93216170
93218135
93226230
93214570
93230560
93211726
93222764
93222560
93225365
93211718
93224572
93218240
93224715
93222098
93218030
93228270
93230492
93230734
93222240
93228280
93230890
93230892
93225160
93216470
93214140
93219086
93226220
93234168
93222851
93230618
93222093
93218440
93226423
93226518
93226343
93226392
93224665
93228208
93230478
93230457
93230442
93230555
93226501
93230604
93214580
93230850
93222350
93226540
93218645
93214000
93212680
93230199
93228290
93212700
93230570
93212690
93228300
93222440
93220750
93212440
93226240
93219056
93224660
93222766
93212450
93220430
93220000
93230350
93230856
93212608
93224330
93226086
93226390
93222630
93212740
93230062
93224557
93212196
93214320
93226400
93226410
93222230
93220760
93230720
93212460
93226474
93228310
93216490
93218420
93224670
93230360
93230370
93226250
93230516
93212710
93212720
93222000
93230499
93220440
93214064
93214544
93216330
93234070
93222617
93224526
93222677
93230622
93216500
93225010
93230058
93220753
93230380
93216510
93224483
93228320
93214330
93222867
93212152
93230610
93224750
