97311266
97306814
97307024
97310049
97300252
97314084
97314104
97300450
97304166
97300500
97306518
97306168
97314333
97314354
97314056
97300728
97300132
97304004
97314306
97314280
97313292
97310296
97314390
97311330
97304500
97310710
97310771
97313152
97314374
97310842
97304216
97314064
97314256
97314052
97314260
97300860
97300314
97307020
97301510
97313106
97313109
97313334
97310420
97300434
97314060
97304124
97300148
97306308
97306046
97314080
97311336
97314402
97306008
97300534
97306160
97300778
97310424
97314120
97301562
97314100
97314086
97314250
97314230
97314321
97314454
97314500
97313100
97313115
97310293
97313406
97304462
97306064
97304460
97306010
97304062
97310010
97304000
97310028
97300162
97300160
97306052
97306042
97304128
97314258
97310765
97306012
97306040
97306404
97311334
97300716
97313150
97310329
97310353
97313290
97310055
97314450
97311262
97306822
97307028
97310299
97310827
97310642
97310371
97302140
97313330
97313360
97308120
97306318
97313068
97304212
97300808
97306316
97304060
97311080
97310061
97300772
97300164
97304008
97300168
97314112
97310750
97300082
97300432
97314386
97306120
97302150
97302190
97302300
97302250
97302400
97302350
97302500
97302450
97304320
97304270
97304300
97304090
97306000
97310091
97306630
97310250
97306650
97310450
97306680
97306700
97308000
97306880
97308300
97306890
97308320
97304186
97311258
97307032
97310845
97310803
97310833
97310654
97310818
97306340
97313056
97300126
97300216
97300442
97300600
97300444
97300610
97313072
97300114
97300064
97300024
97300362
97313044
97314008
97310314
97304505
97310308
97300140
97300864
97300078
97304468
97301420
97300712
97314058
97314254
97314150
97314010
97313342
97313356
97313048
97300224
97300226
97300376
97300420
97313402
97313348
97306348
97300605
97300568
97300212
97300112
97300230
97300072
97300028
97300250
97306050
97310019
97306072
97313238
97311294
97313064
97313012
97310290
97313280
97306098
97306354
97306066
97300704
97300868
97306610
97306514
97313288
97306770
97313278
97311254
97304002
97310022
97310013
97304006
97300138
97313274
97314514
97300806
97300536
97304154
97300018
97306344
97306070
97306522
97306526
97314512
97311252
97304184
97306830
97300572
97300532
97300446
97310037
97314062
97306100
97313144
97314382
97300320
97314570
97306056
97306092
97304150
97304120
97313112
97311070
97311256
97300254
97300310
97310172
97301558
97310076
97310154
97300422
97300130
97300538
97310753
97314309
97314282
97300086
97310079
97310150
97304164
97314082
97311072
97314066
97301370
97304214
97306312
97314378
97302000
97301410
97302070
97301550
97301566
97300366
97300354
97310046
97310088
97310082
97310085
97310182
97310200
97310350
97310660
97310700
97310800
97310762
97313020
97313270
97313200
97313180
97313460
97311420
97311170
97311310
97311000
97311200
97313000
97310857
97310815
97313272
97310780
97300504
97310174
97300720
97311260
97306818
97310097
97306400
97306014
97300144
97314315
97304038
97310094
97300708
97313146
97300358
97300374
97300802
97300816
97313350
97300502
97313024
97304464
97311290
97306810
97310470
97314014
97306320
97310639
97313284
97314284
97314300
97313234
97313286
97310412
97310359
97310362
97300156
97306590
97310025
97306068
97306054
97306370
97306048
97310356
97310320
97304180
97300560
97314303
97300146
97311264
97310305
97314336
97314350
97310603
97311332
97301380
97304226
97313036
97310612
97310178
97306560
97306710
97313320
97313400
97304158
97300122
97301190
97304210
97306096
97304034
97314034
97301520
97300316
97306306
97306326
97310460
97311084
97311100
97311250
97306102
97301140
97310651
97304472
97304420
97304424
97311040
97300724
97314312
97304126
97310645
97310180
97310606
97300220
97300234
97300260
97314108
97311074
97306044
97311082
97310106
97306132
97304432
97300026
97314006
97311076
97313282
97300020
97314000
97306062
97310031
97300012
97300246
97300356
97306304
97310630
97310759
97306336
97310109
97314116
97310073
97311150
97314568
97314012
97310058
97300134
97300760
97300764
97300210
97300110
97300080
97310624
97310408
97310365
97301200
97304092
97314164
97314166
97300368
97310848
97310806
97306164
97306006
97300428
97313142
97306058
97304535
97304650
97310836
97304182
97306300
97311162
97300248
97304466
97313276
97313242
97306332
97300814
97314394
97304222
97306328
97306826
97300430
97300236
97300360
97301500
97301270
97314154
97300768
97304510
97310708
97306510
97304036
97313336
97304530
97306346
97310530
97310621
97310636
97310648
97310824
97310052
97304520
97300022
97314124
97301470
97313008
97310323
97313148
97314054
97304515
97306002
97310777
97300530
97304470
97300084
97300030
97300010
97300244
97300242
97300364
97304525
97314162
97311158
97300066
97300068
97300240
97300238
97300370
97310070
97300128
97310170
97300154
97310064
97300152
97300118
97300116
97300060
97300062
97300016
97300014
97314004
97314002
97310311
97306352
97306530
97306430
97306620
97310416
97310204
97310854
97310812
97313328
97313390
97304220
97310034
97310704
97313404
97304122
97314550
97314330
97313344
97314050
97314262
97314252
97300810
97300256
97304474
97314324
97314358
97306342
97304152
97314562
97314318
97314327
97314366
97314362
97306124
97314560
97300166
97314556
97304032
97306322
97314502
97310756
97300804
97300158
97310404
97310774
97311166
97304228
97313052
97307036
97313324
97313394
97313364
97313326
97313392
97300142
97313338
97313358
97300318
97310860
97306324
97306434
97306450
97311030
97314032
97310580
97311105
97311035
97310600
97310839
97310657
97310821
97310016
97313322
97313396
97314552
97308020
97300436
97300352
97300800
97308190
97314156
97300506
97300448
97304156
97313032
97310618
97314524
97314526
97314528
97314516
97300700
97300350
97314518
97314520
97306334
97313103
97314398
97314160
97301554
97301100
97314566
97310067
97300150
97300070
97306302
97300032
97310768
97304162
97313040
97310103
97311078
97306314
97304428
97310851
97310809
97310326
97310609
97310377
97304770
97306128
97304740
97306090
97306060
97315899
97300818
97300426
97313028
97311154
97300124
97300218
97300438
97300670
97300440
97310520
97310525
97310400
97310374
97310627
97310368
97310633
97310176
97310706
97314564
97313076
97313346
97313354
97314558
97313140
97313398
97313362
97314370
97300120
97300222
97300424
97300564
97306310
97300812
97300076
97300228
97300372
97313004
97304160
97304030
97313060
97310615
97310302
97306338
97310702
97310040
97313332
97313340
97313352
97301320
97300312
97313246
97304476
97314158
97310043
97306350
97313230
97314554
97300136
97313154
97300214
97300232
97300258
97300074
97310535
97310100
97314030
97310830
97313016
97314152
97306330
97314504
97314522
97314510
97314506
97314508
97306004
97306094
97301240
97310317
