93025518
93113010
93145352
93052310
93025260
93135095
93048380
93048275
93022590
93046495
93054495
93130760
93032220
93140344
93022380
93120090
93115635
93050284
93135610
93032230
93110040
93035100
93150440
93130230
93040220
93052490
93050374
93044740
93052135
93135340
93025140
93054250
93032380
93135087
93115010
93048340
93056070
93025318
93120580
93020010
93037330
93115431
93010120
93052230
93022360
93048040
93025700
93054040
93054505
93130200
93048298
93120140
93115725
93056125
93037612
93115070
93046420
93044150
93022550
93020340
93140522
93052210
93025300
93052400
93035430
93035210
93052250
93032044
93032236
93054150
93030320
93052090
93040582
93032284
93032386
93035472
93050070
93110030
93032280
93020170
93125120
93032270
93056000
93054010
93110160
93054462
93110230
93035390
93125750
93115712
93125708
93020060
93135422
93115733
93048327
93135500
93115390
93035450
93125637
93035310
93042190
93150070
93035010
93145310
93025520
93052070
93035260
93052110
93052155
93044572
93022340
93025170
93025270
93042460
93040130
93025604
93040230
93022280
93135105
93022630
93125290
93044555
93145282
93056140
93037380
93044838
93040450
93115055
93037150
93050373
93040650
93030220
93032014
93135630
93110050
93022470
93135050
93135440
93135425
93022190
93150146
93035090
93030110
93125620
93037460
93044580
93130100
93052634
93140336
93115770
93044700
93113048
93020390
93030140
93145413
93115240
93022400
93046790
93042320
93052640
93125390
93010110
93035420
93037400
93140342
93037210
93035520
93048085
93140340
93056120
93022370
93025424
93130220
93054090
93040070
93130180
93125615
93052660
93025740
93010280
93032300
93110285
93052540
93025390
93022610
93035200
93120640
93130070
93022580
93115310
93125400
93125474
93052650
93054050
93030100
93046440
93022350
93025526
93022490
93042620
93022180
93042330
93042610
93020430
93030250
93056010
93052145
93022040
93022450
93140339
93022440
93115490
93046370
93022390
93113034
93135055
93052590
93140345
93135490
93056200
93022430
93010100
93050400
93130440
93037600
93044360
93037442
93037444
93052550
93130252
93025360
93125720
93025550
93135230
93115000
93115224
93044330
93125610
93050288
93150180
93054510
93135650
93025410
93113052
93054340
93037590
93135355
93115446
93145386
93125430
93135320
93035370
93037350
93046750
93046300
93044385
93048410
93025573
93022420
93135150
93054200
93022320
93120420
93025517
93115610
93150004
93110150
93130030
93110340
93022410
93140530
93042310
93115500
93110360
93135680
93120270
93140315
93037720
93125350
93135180
93054180
93052370
93054440
93044826
93042340
93120650
93135210
93010130
93040320
93022540
93056180
93056160
93022330
93022130
93145512
93048200
93040145
93020570
93048372
93025502
93113014
93145354
93113053
93044270
93120100
93025414
93120070
93048160
93115652
93052622
93046813
93044050
93037530
93056060
93135454
93040140
93145280
93052240
93022140
93115280
93052690
93035535
93115740
93125740
93115745
93020520
93120190
93056210
93120210
93056090
93044060
93010360
93032060
93032570
93025240
93046510
93010220
93040640
93113092
93022175
93050287
93052815
93022210
93025690
93048300
93115724
93035320
93025715
93020500
93025578
93115662
93025576
93056190
93044020
93042160
93044040
93115426
93044010
93042430
93115460
93125460
93052850
93056625
93044030
93030200
93032071
93040386
93032205
93040606
93032295
93040588
93032500
93032405
93035411
93032520
93032525
93032524
93130705
93042420
93042440
93010030
93025670
93037110
93120230
93052840
93052480
93115690
93115695
93054400
93125275
93044140
93125180
93056130
93056100
93046497
93052520
93113016
93145342
93052236
93044240
93056170
93145410
93010090
93025610
93025210
93130750
93044570
93052140
93125090
93125190
93048376
93022158
93130010
93020540
93115750
93020020
93110130
93130755
93056150
93042010
93048120
93044290
93130360
93135120
93120360
93130420
93135020
93115713
93042390
93125240
93048420
93113060
93145320
93044350
93040270
93040280
93022050
93037470
93042150
93140362
93113050
93025100
93042020
93054310
93044400
93130350
93025750
93022520
93150170
93046360
93054420
93025572
93135360
93052320
93135107
93115420
93046642
93052160
93037360
93115422
93032150
93140500
93035235
93044310
93048244
93052180
93040490
93040550
93054560
93150080
93044803
93044252
93135260
93042360
93130490
93010330
93135220
93020640
93044690
93025110
93025190
93052094
93040340
93120680
93140370
93115400
93145270
93032130
93056240
93120010
93044745
93120330
93125050
93113126
93110000
93120160
93037480
93140368
93113046
93048010
93035380
93052642
93140357
93145284
93145142
93140324
93140348
93140351
93140321
93140318
93140330
93140316
93140313
93140333
93140354
93150166
93025416
93120480
93113051
93113090
93145380
93056080
93120240
93025440
93042140
93056220
93113102
93052100
93037730
93037320
93037556
93125705
93052638
93025304
93150128
93048104
93135608
93145514
93140508
93150156
93054455
93042470
93052260
93054520
93046682
93020330
93040010
93020620
93037340
93022220
93040150
93032040
93125030
93052845
93150372
93025515
93010070
93025630
93020460
93056250
93025527
93037030
93145330
93054320
93113220
93115585
93120630
93113044
93115520
93044590
93056320
93046809
93115675
93115665
93032410
93020350
93037080
93022710
93125170
93044516
93037170
93125110
93056290
93115360
93022080
93113020
93130276
93052238
93115660
93010310
93113218
93145422
93145198
93044515
93135085
93020290
93048390
93030030
93025316
93113132
93046430
93054434
93110240
93042374
93150172
93150220
93113204
93140536
93048134
93135607
93048138
93150136
93046630
93125660
93120150
93110180
93025310
93030070
93135390
93044720
93056270
93044510
93025580
93115722
93135450
93145406
93145596
93025422
93150246
93044215
93125230
93052632
93025312
93113036
93150003
93044810
93044854
93140504
93140538
93135090
93046818
93025720
93010290
93113112
93046802
93145344
93022218
93056340
93037070
93052820
93150100
93150182
93140542
93115685
93044674
93145346
93130278
93113022
93130240
93046390
93054475
93025150
93145184
93054540
93037690
93130480
93120456
93025570
93113124
93048296
93044660
93032312
93130274
93046650
93110065
93030190
93052020
93125560
93125550
93035510
93032540
93025522
93022170
93044110
93120520
93140506
93115030
93020150
93054100
93054530
93042370
93020600
93120450
93032200
93020630
93115444
93032140
93035330
93044540
93115192
93150186
93022620
93037500
93056350
93140830
93150040
93056030
93046684
93037660
93054065
93022195
93037440
93020660
93046660
93048265
93046580
93052340
93046740
93035120
93050240
93115396
93150085
93048070
93125500
93044234
93145474
93125665
93040030
93120040
93110210
93042170
93046570
93037160
93130280
93048295
93125736
93115530
93037190
93054485
93056360
93050289
93046385
93032160
93125480
93125140
93052175
93150210
93040380
93130272
93037490
93120320
93145424
93150050
93150250
93044170
93042130
93035254
93035340
93150236
93125655
93113018
93037050
93030020
93130300
93135690
93125704
93044680
93113086
93040331
93040193
93042114
93042651
93042305
93042252
93048345
93048354
93052105
93052154
93054236
93054265
93055000
93056013
93054467
93044513
93125100
93020180
93030270
93052530
93042400
93040570
93044000
93044001
93044260
93115424
93020160
93052560
93110270
93052234
93032400
93120060
93110250
93130500
93037300
93130370
93110060
93125648
93056410
93025234
93140346
93052450
93037430
93042285
93048096
93048100
93020670
93052127
93010160
93145485
93115250
93046770
93135550
93145210
93130110
93044574
93130430
93035150
93048326
93010240
93052420
93120562
93115430
93042490
93025460
93054300
93046720
93052138
93113106
93135270
93130470
93022020
93042480
93025756
93135160
93135300
93130670
93135290
93037450
93046590
93115392
93052825
93120250
93054460
93135700
93037280
93052150
93135190
93025480
93020650
93048094
93130170
93030085
93113080
93125732
93135310
93025500
93056380
93115730
93125210
93048032
93046460
93115320
93052010
93145472
93145400
93135070
93145600
93115655
93054140
93022310
93022680
93145340
93032310
93048400
93040580
93035440
93032330
93050290
93025665
93010034
93010074
93025625
93020566
93025405
93020494
93025115
93020496
93025753
93022573
93022422
93048250
93040240
93048297
93050300
93035240
93135044
93115735
93052125
93150380
93054020
93032170
93120220
93115130
93113118
93032100
93032086
93032098
93044080
93020040
93020380
93125150
93035070
93135606
93040100
93135410
93025514
93056420
93040470
93125612
93113047
93115370
93110170
93120310
93044560
93040630
93054360
93120265
93054350
93056330
93130040
93054430
93135330
93054060
93035350
93145220
93010140
93040680
93052040
93120300
93054450
93135250
93042300
93050350
93125360
93042510
93048150
93048310
93032210
93135428
93050030
93125645
93052830
93052835
93115185
93115439
93037376
93025230
93056050
93125530
93040155
93025598
93025160
93040190
93130000
93135014
93135000
93140320
93054070
93035230
93042290
93042255
93025200
93040210
93125220
93032290
93048170
93037670
93130390
93010200
93052470
93115755
93140526
93054480
93044672
93110100
93044830
93025528
93025588
93035220
93130410
93125694
93035385
93115775
93022530
93022120
93025602
93130690
93115728
93125647
93115470
93040600
93150384
93025420
93145470
93040560
93115060
93120180
93037240
93125380
93044220
93037602
93125646
93037115
93010340
93020450
93010001
93010002
93010003
93010004
93125630
93113054
93025584
93052270
93130752
93110310
93110312
93113056
93113058
93125250
93115705
93032190
93035020
93050020
93056310
93040050
93037370
93040520
93056400
93115100
93046600
93040310
93135620
93135350
93052620
93113202
93125635
93145200
93056300
93046730
93130720
93022090
93044370
93054370
93130725
93130190
93044045
93022480
93120610
93020590
93032550
93125410
93135106
93130380
93145384
93048050
93035170
93140300
93020090
93130060
93125160
93032260
93020510
93032390
93042410
93020610
93046490
93115570
93025120
93120490
93120600
93035540
93035250
93056280
93042070
93145360
93037584
93052664
93042500
93135100
93037090
93010250
93020555
93020418
93020550
93025490
93052080
93010150
93054230
93052430
93052190
93042040
93125420
93115433
93025760
93120290
93010010
93025680
93113104
93054260
93046280
93052120
93025594
93042050
93054465
93032240
93135400
93025523
93040035
93032018
93030245
93010193
93020678
93010265
93020668
93020588
93010363
93025565
93025442
93025539
93025478
93025547
93025492
93125455
93145420
93145408
93125760
93145630
93037652
93035130
93040330
93035024
93135280
93040200
93035500
93030090
93044160
93052460
93110140
93037420
93025296
93025717
93037410
93130510
93040440
93120260
93010050
93025650
93046665
93044610
93150090
93022164
93110200
93032320
93120170
93037680
93046410
93042090
93022060
93052600
93125010
93025470
93125691
93054210
93050375
93040090
93010190
93030228
93054175
93046700
93120530
93030150
93052510
93044710
93037005
93030004
93035003
93035084
93035507
93035494
93056390
93040575
93125650
93145594
93052132
93054220
93020680
93048220
93042372
93052130
93052380
93052350
93052290
93040000
93145490
93046530
93010180
93030232
93025180
93054240
93113114
93032050
93113120
93150005
93145145
93032250
93125300
93046804
93113122
93022166
93022162
93135215
93032590
93050200
93048240
93025020
93048322
93054190
93046290
93040540
93050390
93035527
93135600
93037390
93125445
93135113
93040260
93052242
93054110
93145440
93044630
93135470
93130680
93040578
93025370
93025372
93048090
93025450
93052580
93054473
93048110
93150075
93030240
93140600
93042212
93035160
93044340
93145250
93020310
93054468
93115442
93035470
93037120
93048336
93037260
93044670
93044500
93130050
93044490
93125270
93025830
93044650
93037040
93115040
93022538
93054330
93113088
93035515
93020120
93040510
93040300
93040153
93040162
93042032
93042015
93042165
93042082
93048395
93050014
93120470
93110120
93044640
93125730
93125370
93022600
93035400
93035180
93025540
93115380
93042250
93125450
93125706
93056260
93115110
93125580
93145230
93054080
93115290
93115510
93110084
93010080
93025620
93042200
93025728
93145290
93115698
93115448
93022670
93115780
93044480
93120280
93035140
93135534
93025596
93150160
93145260
93145192
93150370
93120050
93125570
93113128
93025600
93030170
93020320
93020110
93052060
93048370
93052440
93022690
93110110
93135612
93048030
93054390
93135510
93042110
93125686
93040576
93125696
93032110
93042640
93030080
93052200
93022250
93025560
93046560
93054469
93025730
93115132
93115620
93145350
93150083
93120350
93035360
93120200
93115090
93115645
93056370
93056500
93054410
93113062
93048374
93020130
93040460
93135560
93145500
93130160
93037560
93030040
93046780
93044070
93025350
93113100
93113070
93025530
93048190
93046470
93130310
93130765
93020710
93125260
93044280
93113096
93145300
93115140
93135097
93044805
93025586
93135115
93113079
93130210
93054270
93115170
93115394
93020152
93035270
93115670
93110020
93037270
93044362
93050281
93048334
93140510
93025508
93022300
93048266
93048083
93050280
93048020
93025290
93113094
93040180
93125684
93037495
93125710
93048320
93037606
93037020
93150176
93145316
93052300
93037550
93110280
93056032
93037310
93030132
93032097
93032082
93040335
93040530
93048292
93140343
93056450
93046680
93135570
93125440
93030120
93115642
93125040
93113078
93135640
93054170
93010056
93022135
93020095
93113005
93037462
93030092
93040024
93115014
93037124
93110184
93125310
93052670
93056470
93035525
93145620
93020440
93115700
93030180
93113134
93115220
93035060
93044834
93040020
93130130
93054072
93054030
93110290
93042380
93145144
93115640
93135530
93130710
93115708
93140364
93046816
93022240
93113076
93040350
93037010
93032600
93044430
93032530
93044420
93044440
93130020
93113072
93052810
93025582
93125692
93115765
93115355
93030310
93056490
93115050
93135093
93025770
93046500
93037570
93010350
93037574
93052630
93025130
93054463
93120690
93020720
93022102
93020480
93056510
93056540
93037540
93120030
93020410
93035533
93037520
93044520
93037200
93032340
93037604
93056600
93044120
93046803
93046812
93046807
93044210
93046806
93125642
93130730
93035508
93150148
93150226
93113206
93140532
93125060
93115480
93130242
93037592
93135103
93035300
93145598
93054000
93020530
93130770
93035538
93035504
93150142
93140528
93035018
93125693
93025298
93135394
93032064
93032090
93050000
93113108
93125540
93044190
93022290
93120110
93113110
93150140
93052129
93046310
93120502
93135118
93046340
93050360
93050420
93044135
93125690
93120130
93035547
93150178
93150216
93113200
93140540
93115680
93037060
93113098
93046810
93025330
93025338
93052500
93035505
93113084
93048060
93044390
93025380
93054470
93044600
93046270
93050010
93150010
93022100
93044180
93037510
93010040
93025660
93030290
93040040
93150008
93120590
93022460
93022030
93150460
93052170
93050283
93040590
93046350
93035290
93025320
93035030
93120390
93130740
93020370
93115720
93115230
93125605
93042260
93120020
93046395
93125000
93125082
93120612
93125465
93145458
93150801
93150015
93145012
93020270
93035040
93040422
93120380
93145443
93048080
93052610
93120440
93020740
93054380
93010170
93032360
93025504
93048360
93048315
93052410
93048260
93145194
93044615
93050377
93150106
93022645
93130330
93046480
93044620
93020050
93044530
93010260
93046800
93135420
93040120
93048350
93125470
93022010
93054160
93040610
93040390
93025780
93054280
93022640
93040480
93025430
93120540
93032030
93056034
93022650
93052050
93135720
93052570
93125700
93115715
93025524
93032554
93140360
93125674
93120550
93130340
93115710
93125536
93135060
93135040
93046520
93130695
93037557
93135054
93030230
93150030
93120620
93150450
93120460
93022700
93040420
93145240
93037580
93113049
93135622
93046355
93037620
93115187
93125640
93113116
93056020
93046725
93110220
93113032
93115650
93130150
93115300
93130328
93130325
93130345
93130348
93044380
93130373
93130378
93130368
93130395
93115648
93135540
93052800
93110010
93046610
93046710
93046640
93125682
93135452
93037608
93130090
93130320
93032350
93010210
93025516
93135456
93037640
93130715
93113042
93150120
93150238
93115580
93025306
93054461
93113040
93150122
93135045
93150060
93054600
93054590
93054800
93054482
93145430
93135030
93150126
93150234
93115200
93150020
93054490
93135200
93120400
93130270
93048328
93030060
93115080
93025574
93115350
93020280
93125020
93042350
93052030
93120370
93044320
93120410
93025412
93052280
93032560
93130375
93145370
93020730
93020070
93052360
93052432
93145146
93022110
93052672
93115189
93115454
93025345
93145010
93145040
93145170
93125200
93040360
93145180
93040325
93145508
93145570
93145100
93115560
93120080
93145090
93120616
93145020
93145174
93140310
93145150
93050060
93050050
93145540
93145140
93145190
93145550
93145510
93145080
93145498
93145520
93145560
93145580
93145530
93044550
93145130
93145120
93145050
93145426
93145110
93050040
93145590
93145070
93145480
93145060
93120617
93145030
93145160
93115630
93145445
93120570
93130762
93115180
93037100
93048230
93042376
93056040
93135140
93025250
93056570
93052435
93135430
93130460
93110190
93010060
93025640
93150240
93020420
93037230
93115150
93022152
93037180
93042270
93140240
93130455
93125680
93046342
93037710
93025590
93035110
93046400
93179899
93040620
93120510
93048180
93150382
93125675
93010230
93110350
93110351
93120000
93115540
93115535
93125340
93025790
93145460
93115435
93135602
93046690
93056550
93044200
93020760
93035280
93044760
93115590
93115450
93025400
93022718
93130400
93044470
93037140
93113055
93044100
93040080
93037700
93020300
93020124
93042180
93042120
93048130
93022660
93125715
93052624
93042414
93113030
93145172
93150132
93145593
93140520
93056460
93145450
93037250
93113136
93030210
93046808
93150000
93125688
93046540
93115264
93120120
93140327
93046670
93125745
93052626
93150138
93150196
93140524
93110080
93115210
93030300
93025800
93125280
93032020
93040660
93115020
93040060
93130140
93115160
93044730
93056230
93030225
93115410
93130450
93037610
93037630
93056560
93022720
93115440
93025294
93052855
93042100
93120430
93056530
93056440
93025280
93022160
93130260
93056520
93042230
93042210
93044410
93145402
93115260
93044130
93025302
93032120
93035542
93020750
93040170
93046760
93113082
93135182
93020030
93046000
93050370
93010305
93010234
93020585
93020664
93020645
93020654
93020415
93020014
93020126
93022665
93020174
93022715
93022168
93125520
93135010
93052330
93054550
93046353
93040410
93022535
93125080
93140366
93130379
93010020
93115190
93056580
93037650
93022584
93025406
93125144
93130306
93025674
93030260
93115270
93056480
93125670
93044230
93048332
93037596
93025308
93025512
93113038
93150006
93044820
93044852
93135730
93020360
93042220
93135652
93115672
93115702
93044250
93135110
93140306
93150116
93150244
93125320
93150200
93150190
93150230
93110260
93115785
93056590
93120340
93115437
93130700
93115550
93145390
93056610
93056620
93110090
93056650
93025292
93025314
93125678
93150002
93140534
93130745
93135426
93022414
93020175
93022154
93022750
93037290
93130735
93044300
93044460
93135083
93025529
93046814
93052220
93135380
93120560
93025220
93035190
93135480
93130120
93113074
93044450
93113130
93056630
93135580
93020470
93037220
93025710
93010320
93135460
93056036
93048290
93046686
93025340
93150007
93030050
93040110
93046320
93020490
93020140
93054477
93040670
93125695
93025521
93040500
93040160
93010300
93022570
93046493
93115340
93046620
93020560
93025820
93110070
93022150
93022500
93052662
93135660
93020580
93052390
93115760
93135590
93135370
93044090
93042240
93044750
93020700
93048210
93030160
93025592
93115330
93130250
93042080
93042060
93120500
93040250
93046380
93046330
93048280
93044828
93130080
93020100
93022215
93030135
93032024
93030015
93032104
93035116
93022510
93135520
93048330
93050372
93037378
93025090
93135396
93140140
93054500
93056640
93035080
93052123
93125330
