97503048
97504420
97509590
97513806
97507304
97509036
97504364
97507430
97509264
97507076
97504320
97509220
97503864
97509580
97508230
97507104
97507608
97507256
97502573
97507020
97513804
97502586
97507362
97503733
97504820
97503774
97503860
97504040
97504080
97501808
97511444
97507572
97503660
97503710
97504850
97511154
97513270
97511430
97501790
97503360
97503466
97503544
97503834
97504340
97503192
97503656
97503594
97503530
97503150
97503010
97503130
97502837
97502840
97502693
97507730
97507696
97502050
97502114
97502360
97502420
97502610
97502650
97507700
97507450
97507145
97507544
97513180
97509021
97508350
97507576
97502600
97501598
97513246
97503638
97503574
97503190
97502814
97502708
97502640
97507290
97507604
97511130
97511144
97511450
97511752
97507180
97507200
97503786
97507036
97507250
97511800
97509310
97511480
97511688
97504140
97513200
97503052
97504422
97509592
97513808
97507310
97509038
97504366
97507432
97509280
97507078
97504322
97509222
97503868
97509578
97508238
97507106
97502076
97502126
97502340
97502450
97502598
97507296
97502630
97507678
97507335
97502150
97502315
97502320
97502463
97502460
97502579
97502581
97507260
97501816
97501838
97501546
97501520
97501636
97502326
97502208
97513206
97511676
97503580
97503806
97504390
97502030
97502072
97502436
97511680
97503814
97513611
97513570
97502008
97511860
97513010
97504210
97508000
97503038
97504440
97509594
97513810
97507316
97504362
97507436
97509266
97504324
97509226
97503866
97509576
97507080
97508240
97513362
97507108
97509212
97502026
97501610
97501640
97501674
97502756
97502704
97507741
97502848
97509640
97507610
97509400
97503384
97503293
97503288
97501717
97502774
97501693
97501663
97502760
97502430
97502452
97502485
97502480
97511780
97502252
97509328
97501591
97501584
97501510
97501523
97501695
97501700
97502772
97502810
97502870
97509200
97511356
97501682
97503540
97504548
97509056
97509348
97513336
97507590
97509174
97507782
97509426
97509788
97504468
97504484
97511364
97502528
97507808
97504834
97504790
97503702
97503818
97504044
97502448
97511756
97504200
97511210
97502518
97502542
97508033
97509430
97509250
97503042
97509596
97513812
97507312
97504358
97507434
97509278
97507082
97504326
97509228
97509564
97508242
97507110
97509598
97511186
97513220
97507670
97502370
97501823
97501820
97501771
97501774
97503316
97503220
97503170
97503110
97504034
97504460
97509406
97504354
97504526
97511328
97507800
97504818
97504768
97509768
97507410
97504520
97511344
97504870
97507234
97504404
97504530
97511340
97504848
97504780
97504528
97511346
97504852
97504522
97511342
97504872
97503844
97513760
97511500
97513258
97509090
97509638
97511272
97508220
97507114
97504542
97504492
97513176
97509080
97509316
97509354
97507054
97507354
97509384
97513406
97513334
97509046
97507834
97507594
97511702
97509172
97502826
97509262
97509808
97502428
97507556
97511174
97511176
97509418
97509850
97509782
97511464
97503172
97504378
97507704
97508362
97502632
97504474
97503452
97503522
97509432
97511514
97513764
97507292
97511412
97503756
97507840
97501764
97511040
97511320
97504804
97504792
97502020
97501603
97501600
97501633
97501516
97501687
97501690
97502765
97502768
97502711
97502800
97502854
97511150
97507118
97509286
97504376
97504534
97511336
97504836
97504772
97509766
97503056
97509604
97513814
97507308
97504356
97507084
97509230
97509562
97508246
97509602
97507100
97513430
97513226
97502054
97502730
97502684
97502596
97503567
97503570
97503826
97503823
97504370
97511160
97507459
97507780
97503152
97503675
97503680
97503800
97503614
97503830
97503534
97503124
97503014
97502850
97507748
97503238
97507720
97501850
97501828
97501762
97503304
97503250
97503178
97503100
97504030
97503060
97509622
97509232
97509446
97513816
97508248
97507102
97509620
97513222
97502160
97502204
97502472
97502564
97502130
97507029
97507228
97507691
97507688
97507325
97507330
97507208
97507066
97511300
97502043
97502040
97502105
97501624
97502365
97501650
97502425
97501668
97502732
97502613
97502680
97502655
97507711
97507716
97507668
97501810
97501780
97503319
97503400
97503231
97503476
97503205
97503500
97503532
97503119
97503880
97504000
97504304
97503600
97507032
97507252
97511486
97502698
97507738
97502494
97502726
97511760
97511452
97503072
97509234
97509582
97509618
97508250
97503370
97509396
97511710
97502562
97501805
97501800
97501825
97501760
97501535
97501712
97501513
97501710
97501653
97501656
97502367
97502374
97502313
97502310
97502255
97502260
97502570
97503781
97504430
97503877
97504300
97504016
97503460
97503240
97502788
97502728
97502604
97502566
97511260
97502540
97507550
97507600
97507542
97503068
97509616
97509236
97509584
97508252
97503226
97507828
97507216
97507064
97511520
97503200
97503410
97503310
97502770
97502751
97502748
97502441
97502590
97502469
97502560
97507150
97507204
97507812
97503044
97509242
97509574
97507548
97503128
97501856
97501834
97501758
97503290
97503260
97503180
97503081
97503084
97504060
97513214
97509340
97503064
97509614
97509238
97509566
97508258
97513202
97511458
97507674
97507360
97511140
97511190
97511492
97513266
97502240
97502244
97509630
97501864
97501564
97501586
97501620
97502120
97502148
97511494
97513262
97511542
97513238
97502248
97511498
97513260
97511764
97511684
97513510
97502210
97502488
97502545
97502548
97511221
97507230
97508254
97513450
97511180
97503306
97503630
97503479
97503502
97503210
97503215
97502804
97502714
97502621
97502626
97507270
97511168
97503194
97502824
97501777
97503350
97503300
97501753
97501722
97501698
97501670
97502410
97502490
97509276
97511522
97509560
97507680
97507350
97507022
97508032
97502820
97502226
97507420
97511400
97508031
97502220
97502500
97502520
97511470
97507164
97501786
97503380
97503450
97503538
97503870
97504310
97509612
97509450
97501782
97501768
97501724
97501702
97501676
97502377
97502400
97502295
97502496
97502265
97511474
97511662
97513230
97502402
97502588
97511672
97507060
97507220
97503720
97509830
97511664
97511530
97513250
97511440
97508030
97501854
97501558
97501580
97501622
97502136
97502156
97503625
97503635
97503751
97503748
97504800
97504451
97509608
97509552
97508236
97509554
97503592
97513750
97507160
97511080
97507040
97507244
97511670
97511770
97502844
97503282
97504552
97509070
97513340
97509408
97504352
97504524
97507582
97511360
97507794
97504822
97504782
97509772
97509558
97508244
97503854
97502010
97502046
97504550
97507240
97509378
97513338
97509410
97504350
97502328
97507588
97511326
97507796
97504824
97504784
97509774
97503352
97507320
97509284
97504374
97504532
97511352
97504816
97504770
97504814
97511690
97503156
97501680
97511194
97513218
97509556
97508234
97509570
97507580
97504100
97513500
97513080
97507482
97511005
97507126
97507684
97507340
97513170
97508260
97509330
97511750
97508210
97511410
97511456
97513300
97513380
97513400
97503730
97503790
97503850
97503105
97504050
97503031
97504074
97511230
97502000
97501606
97502083
97502100
97503435
97503440
97503277
97503274
97502780
97502736
97502584
97502526
97502014
97502060
97509568
97508232
97511404
97503618
97503778
97503670
97504538
97504400
97511338
97507792
97504840
97504776
97504842
97504844
97503470
97503236
97502791
97502796
97502721
97502718
97502616
97502576
97511276
97504464
97513402
97509074
97509360
97509382
97507366
97507586
97513342
97511774
97509180
97503700
97509258
97509290
97509422
97509786
97504480
97503252
97511322
97507810
97504808
97504796
97504812
97504536
97504402
97502070
97511348
97504846
97504778
97501575
97501570
97501529
97501532
97501705
97501714
97502784
97502832
97502875
97503000
97507761
97504090
97507765
97504130
97509296
97507086
97509572
97502816
97502230
97511461
97502510
97502808
97501500
97503650
97503740
97504830
97511240
97511182
97503644
97503590
97503520
97503164
97502830
97502700
97502652
97507300
97511184
97514899
97507088
97509586
97509214
97503716
97503794
97503840
97503087
97503090
97503026
97503025
97507754
97502865
97501812
97501830
97501540
97501504
97501644
97502350
97502214
97511164
97511200
97507001
97511120
97507069
97502238
97509194
97511134
97504250
97504546
97507642
97509052
97509392
97513330
97509270
97509414
97504466
97504486
97507592
97511324
97507814
97504828
97504788
97509778
97507170
97507210
97504010
97503560
97501792
97503354
97501796
97504018
97504462
97507640
97509054
97509390
97513328
97509268
97507790
97509412
97504442
97504490
97507596
97511362
97507806
97504826
97504786
97509776
97502036
97501618
97501648
97501660
97502740
97502690
97507728
97502860
97507375
97511011
97513780
97507665
97507139
97509650
97509740
97507380
97507650
97503820
97511786
97511021
97507469
97507501
97513740
97508310
97509010
97509600
97511540
97507090
97509588
97507540
97513210
97503610
97503770
97504410
97503524
97507570
97509082
97501845
97501842
97501553
97501550
97501577
97501526
97501627
97501630
97502133
97502334
97502165
97502200
97508256
97504170
97511274
97504544
97504494
97513172
97513404
97509078
97509356
97507284
97509380
97509040
97507830
97507598
97513344
97509178
97504070
97509260
97503254
97507558
97507786
97509420
97509784
97503662
97504360
97508358
97507262
97504476
97503802
97511366
97504806
97504794
97511704
97509030
97504540
97504384
97502618
97511350
97507798
97504838
97504774
97501560
97501538
97501720
97502777
97503284
97503270
97502835
97503160
97503020
97503017
97504078
97501608
97511468
97502514
97511280
97502358
97502476
97502456
97502118
97504892
97504888
97504886
97503722
97503108
97504896
97504894
97513242
97507094
97511270
97504470
97507282
97513174
97511772
97501860
97503742
97502232
97509084
97509322
97511202
97502742
97502352
97511132
97509352
97507052
97509386
97513408
97513332
97507832
97507584
97502822
97509184
97509804
97502064
97507098
97502474
97503372
97502758
97503374
97503664
97502446
97502062
97507552
97509098
97507784
97511172
97503218
97509416
97509770
97509780
97511466
97511402
97503222
97504372
97503402
97511692
97503442
97508368
97502412
97502466
97504472
97511414
97502068
97511156
97501788
97503548
97502066
97503642
97507702
97509434
97511508
97507238
97513762
97511148
97503472
97513232
97503754
97507820
97501852
97511178
97513520
97511302
97511368
97507344
97507804
97504802
97504798
97504832
97504008
97504346
97507222
97507050
97509440
97513240
97509370
97507092
97501568
97501594
97501614
97502110
97502145
97502140
97502330
97502454
97502592
97507280
97502458
97511490
97513254
97502250
97503810
97509060
97507422
97504478
97504868
97504858
97504856
97504854
97507438
97504382
97504864
97504890
97504884
97504860
97504878
97504876
97504880
97504380
97504862
97509064
97507428
97504488
97504866
97509206
97509244
97503836
97501555
97501868
97501543
97501840
97501727
97501750
97503280
97503297
97503266
97503186
97503012
97511436
97509300
