94475770
94420440
94445050
94420160
94416260
94416570
94463200
94435850
94425332
94515330
94560048
94576580
94562652
94578200
94571230
94574227
94574890
94591100
94457386
94458296
94560046
94450510
94562646
94460280
94450530
94463404
94560014
94470486
94515410
94451202
94561232
94575400
94576442
94415400
94410450
94510190
94480198
94541100
94430265
94551150
94550200
94560136
94475400
94475306
94574800
94562620
94475307
94425440
94410405
94440240
94430080
94490180
94440490
94480300
94415070
94576360
94431732
94440480
94425550
94540650
94574846
94431722
94416810
94574240
94455110
94576394
94417240
94475476
94458120
94455130
94440410
94480030
94570506
94470020
94576372
94451252
94576446
94450610
94576720
94450190
94510272
94510590
94490110
94475330
94420300
94440230
94410200
94430270
94475300
94420277
94410390
94475646
94455120
94430811
94470050
94425470
94430408
94435070
94510710
94460290
94435270
94431700
94430530
94490200
94416300
94475353
94470260
94480577
94435310
94430035
94425070
94435350
94455140
94470040
94440360
94410232
94450070
94475420
94470070
94420050
94470450
94470390
94431790
94510550
94560044
94540300
94425180
94480010
94435300
94570500
94431714
94430090
94490270
94576318
94455260
94460284
94435200
94470470
94410300
94431730
94415502
94540135
94560130
94570630
94430470
94561225
94416105
94475222
94475225
94450560
94460765
94460250
94465420
94500170
94463110
94417204
94510220
94475309
94480408
94451100
94470350
94480720
94475460
94480560
94451184
94470270
94551100
94561300
94470540
94465430
94416230
94571026
94510440
94415080
94560106
94470140
94480690
94450292
94425235
94465255
94560410
94495020
94415170
94410210
94445610
94426160
94410033
94445460
94480710
94445400
94430130
94445690
94420267
94410530
94463532
94425460
94445160
94455100
94420250
94500220
94450270
94470660
94416325
94495490
94490480
94475700
94495376
94495410
94450230
94440420
94460330
94465142
94561228
94460030
94460270
94475802
94463560
94465180
94475190
94574186
94495160
94460240
94417200
94495352
94430480
94451266
94560440
94450330
94475130
94450370
94560058
94425250
94475808
94435360
94571152
94420273
94465330
94420090
94450225
94475634
94445640
94470590
94426010
94475815
94420130
94560080
94560084
94470490
94465130
94465040
94465100
94465140
94430580
94445270
94430890
94540010
94463790
94457400
94465380
94570634
94510638
94435150
94451144
94563100
94440120
94426175
94465030
94515010
94500080
94440380
94440370
94460500
94420140
94415130
94435380
94420260
94420700
94475470
94495260
94475143
94571308
94455090
94435120
94445675
94465020
94510380
94430550
94515100
94430570
94495350
94463310
94416110
94576022
94576364
94575002
94430160
94425290
94460470
94510350
94410490
94440050
94440030
94445100
94416700
94416585
94463458
94463484
94463300
94435854
94515332
94451168
94451104
94560052
94575500
94560484
94576582
94576644
94562650
94571134
94574850
94575365
94591105
94457384
94457810
94561080
94561236
94435240
94470230
94475010
94570504
94430266
94480700
94410235
94480587
94440400
94435715
94435720
94435730
94475153
94465070
94465060
94475818
94458100
94475750
94551400
94561400
94465080
94475270
94440310
94463732
94465390
94435735
94435080
94450365
94430540
94576366
94455080
94576392
94574191
94575018
94417248
94500310
94415390
94415120
94450575
94500200
94480240
94463570
94574190
94417234
94425420
94445490
94510690
94410400
94415700
94425400
94560020
94445230
94430263
94571350
94416115
94460000
94465000
94460400
94560102
94490450
94475530
94475282
94515020
94495220
94440010
94430796
94463408
94450570
94515708
94475170
94425530
94420255
94495660
94480725
94450660
94560114
94560112
94510330
94475610
94576010
94460755
94571010
94510310
94470580
94435210
94435140
94440020
94416215
94495500
94440365
94510620
94445580
94510352
94495510
94465120
94455000
94455001
94460310
94420480
94578210
94551120
94495140
94425120
94480640
94515315
94576356
94445290
94455200
94595290
94480410
94470510
94576330
94425310
94510360
94410510
94440060
94445710
94440150
94440130
94416680
94416580
94463330
94435862
94515334
94560059
94575504
94576585
94576633
94562636
94562642
94578206
94571102
94574848
94458298
94430887
94495610
94450573
94451128
94451182
94445680
94475698
94445590
94592150
94435560
94440160
94465090
94555100
94510110
94463410
94463415
94470010
94463100
94457380
94553500
94495670
94510635
94495590
94465280
94410140
94445380
94574192
94495390
94495290
94420460
94410223
94510130
94410130
94480233
94470483
94451120
94460263
94430660
94451140
94576368
94575008
94475730
94515000
94510420
94515716
94455320
94455310
94457115
94450622
94560550
94465210
94435610
94490230
94510040
94426185
94480483
94475150
94426330
94417206
94574189
94415480
94510160
94465320
94475505
94480689
94460345
94451194
94561226
94451180
94465270
94571130
94495325
94551000
94541200
94435670
94495292
94457830
94571320
94595600
94562200
94415770
94553400
94465240
94450580
94463700
94451280
94480730
94500090
94470320
94495540
94460350
94490460
94435660
94410600
94417244
94460420
94495740
94495380
94445470
94490420
94510640
94560126
94415750
94415310
94420243
94490124
94450200
94475660
94490404
94451210
94571029
94574193
94574730
94410560
94510730
94576418
94515736
94495320
94480380
94440610
94425490
94475304
94416070
94576312
94430040
94500320
94440460
94480150
94480525
94480260
94470210
94455190
94420210
94495430
94464460
94415744
94415580
94495240
94480180
94540150
94415050
94451160
94576414
94417220
94470425
94510680
94560600
94420040
94515160
94451244
94576306
94495210
94561350
94463534
94450040
94475692
94540100
94430010
94560056
94465145
94495600
94475308
94500100
94450480
94510650
94553510
94460430
94571304
94451246
94416085
94515418
94430450
94515070
94490050
94458025
94430295
94458122
94430326
94463497
94410678
94578358
94435020
94463170
94576450
94451268
94430670
94451250
94410240
94475648
94445320
94425360
94480310
94515426
94571062
94490415
94440390
94495200
94563390
94455010
94475590
94480589
94475302
94480108
94465135
94475644
94475642
94475600
94495180
94475638
94510210
94415140
94510010
94495230
94470610
94575434
94450150
94410290
94495605
94475631
94415220
94490500
94515416
94563300
94480610
94510100
94480585
94510740
94475120
94592070
94430585
94575012
94416280
94410040
94455170
94495250
94475360
94575026
94450590
94465410
94475520
94455300
94463530
94480510
94425520
94455040
94500230
94510180
94470440
94480210
94510030
94500140
94445000
94430280
94430070
94417238
94440270
94475301
94560134
94560132
94430180
94425320
94435430
94490250
94510370
94410520
94445110
94440170
94416330
94416620
94463245
94463350
94435866
94451150
94576578
94576637
94562640
94571020
94578208
94571106
94575366
94475819
94430812
94410070
94450680
94595400
94425280
94510200
94415450
94423200
94430100
94480530
94415690
94410020
94465830
94430308
94420245
94430350
94515120
94490100
94430316
94560462
94470214
94480580
94458140
94560458
94430400
94560452
94430335
94560454
94460760
94458145
94560456
94431728
94480350
94458020
94495360
94415110
94450260
94445390
94430268
94450380
94440520
94435190
94430402
94465170
94490390
94561170
94425100
94465110
94415160
94430420
94430300
94410270
94515040
94430710
94490020
94475613
94430304
94463494
94410684
94560450
94575436
94562658
94578354
94571044
94574204
94575322
94571432
94430792
94576850
94470170
94415660
94571170
94480622
94420100
94415720
94495310
94458400
94457100
94571027
94430370
94515140
94560466
94440500
94480343
94475152
94420120
94425510
94410440
94430190
94425330
94475780
94445060
94416310
94416605
94463234
94463365
94463470
94435872
94451152
94576642
94562634
94578212
94571108
94571142
94574225
94574844
94457388
94420680
94425370
94480072
94415420
94574000
94563700
94553100
94579000
94591000
94578600
94495040
94420190
94415254
94560499
94430150
94435420
94458010
94450650
94435250
94425110
94410360
94560474
94560104
94435765
94510120
94463500
94540190
94450065
94560100
94578204
94435690
94410610
94415590
94571238
94425160
94415230
94420373
94475480
94553001
94570540
94574011
94570690
94570800
94574251
94575101
94576701
94571200
94578001
94571400
94591011
94590010
94592000
94595000
94595890
94515414
94540305
94470130
94562600
94420290
94445620
94475754
94423180
94576842
94571104
94480040
94450640
94423800
94423700
94423650
94423600
94480568
94510610
94455180
94450540
94417090
94451240
94435740
94475636
94463240
94500300
94415190
94410420
94415640
94415440
94480120
94455340
94415360
94475450
94465360
94430200
94510390
94445070
94416660
94463230
94463335
94463474
94435880
94560060
94576645
94562630
94578214
94571112
94571146
94571236
94415150
94415152
94450740
94445395
94470500
94574050
94410540
94571110
94470030
94570750
94515500
94425210
94430406
94560562
94445240
94435280
94415430
94435290
94445170
94475670
94410460
94510290
94510354
94451278
94510000
94445200
94420330
94430030
94480110
94410170
94425277
94415570
94420030
94553600
94475560
94480103
94416140
94576416
94415780
94561200
94420470
94463454
94576572
94460440
94480785
94475830
94576412
94510260
94415620
94465845
94475570
94475290
94445530
94475740
94574100
94575006
94455250
94455050
94570622
94420270
94460262
94420070
94591080
94465820
94460264
94576397
94510348
94460040
94410590
94480345
94510320
94495060
94410410
94435320
94475822
94490504
94470370
94480330
94435480
94450170
94440320
94410330
94510400
94445480
94510460
94450180
94495025
94475348
94475800
94410010
94560040
94415240
94450020
94435110
94500290
94420230
94425050
94425273
94495330
94480563
94440040
94445150
94445510
94415740
94416125
94416655
94465815
94463360
94435884
94451114
94560062
94576635
94562610
94571116
94571148
94435550
94445180
94460050
94576395
94575072
94465190
94415290
94576396
94430813
94460265
94560030
94425620
94415090
94460180
94495620
94480735
94420000
94425450
94576362
94595800
94475310
94420247
94445310
94575080
94465250
94423005
94420015
94510503
94490240
94440100
94575010
94576370
94575210
94430600
94460763
94450450
94450210
94560022
94430820
94458220
94561210
94576302
94576571
94480200
94430170
94595250
94470240
94470234
94450790
94560116
94475580
94500000
94417232
94515325
94451242
94475080
94510080
94561218
94470400
94475020
94480315
94495520
94451212
94480100
94495255
94576444
94510240
94495245
94495370
94495120
94475790
94460360
94470420
94500060
94464040
94480360
94425130
94425410
94460450
94425150
94435025
94430804
94430210
94490290
94510410
94420410
94416205
94416650
94463238
94435878
94445082
94571248
94495050
94458142
94430407
94450030
94510454
94450300
94475650
94510170
94575150
94576170
94555200
94563600
94578500
94465300
94450220
94426310
94415680
94575375
94450290
94475030
94460090
94475814
94415500
94595410
94475540
94575014
94430809
94575420
94576376
94560670
94560675
94415312
94425233
94430220
94440070
94445080
94416240
94416645
94465810
94435876
94560064
94571158
94495150
94410370
94570626
94435590
94510280
94510530
94425010
94571312
94515412
94490150
94475210
94460490
94435230
94470410
94410160
94420620
94463411
94445330
94561212
94475040
94440260
94515714
94451148
94460300
94470430
94495115
94561220
94451166
94416050
94416090
94455030
94510250
94460225
94455270
94480320
94430640
94415180
94470080
94480400
94410250
94510480
94490350
94475611
94510760
94495170
94460410
94490140
94490130
94440580
94415790
94515730
94480682
94435640
94500030
94515430
94490120
94470640
94430110
94595060
94463722
94510490
94415470
94430230
94445090
94416250
94416640
94463220
94435874
94560483
94571160
94445162
94576410
94574110
94416080
94560012
94431718
94435650
94410550
94495130
94571246
94458000
94490170
94490430
94445158
94460520
94440200
94435100
94475430
94475432
94576350
94490160
94490410
94470380
94460530
94490370
94440250
94445550
94490440
94490186
94415630
94460480
94475340
94425380
94510050
94445595
94420235
94435760
94475813
94460370
94420263
94480470
94420665
94440290
94415010
94570520
94464000
94463505
94425260
94425200
94465840
94553210
94435050
94500322
94425060
94420220
94464100
94425090
94458104
94480630
94463450
94425270
94435085
94435755
94595300
94420375
94571244
94420145
94420275
94416270
94420280
94500312
94463550
94417208
94425336
94450400
94480650
94425237
94440330
94460261
94430020
94415330
94445420
94415174
94470460
94515180
94571240
94410233
94465850
94445280
94458070
94500190
94410445
94480670
94475510
94435260
94435180
94425140
94415020
94510230
94426170
94410100
94425000
94425052
94426390
94426000
94435500
94425040
94420395
94591030
94475612
94465835
94410110
94440540
94425350
94450240
94463536
94425170
94425340
94423490
94445210
94560038
94510270
94480325
94435095
94480367
94465050
94555500
94465010
94410080
94510060
94410055
94560025
94475608
94465340
94440350
94415320
94495300
94415210
94560050
94463290
94430240
94440080
94416635
94510402
94571154
94575300
94475350
94464300
94430250
94445130
94440180
94416630
94435882
94560482
94571150
94515720
94426015
94480520
94455020
94595495
94465310
94475680
94426180
94460465
94445720
94576300
94576840
94445725
94576675
94575220
94575100
94576060
94576680
94445730
94445735
94445740
94445745
94445750
94445755
94445765
94560110
94450760
94445760
94420350
94480695
94575410
94576308
94561238
94500110
94475720
94480440
94426040
94576880
94576886
94458075
94475147
94475145
94500340
94416290
94592050
94470150
94490190
94470550
94450340
94510580
94480500
94480683
94480390
94435725
94576314
94460320
94460008
94410184
94475390
94576358
94575020
94480550
94510150
94500270
94450410
94553200
94595230
94592100
94450430
94420150
94415040
94480685
94490470
94560120
94560260
94510470
94440190
94435470
94450320
94435330
94457200
94420310
94450390
94435160
94475812
94450110
94450420
94464501
94410230
94470442
94415600
94463726
94540160
94425240
94458110
94420635
94464200
94464500
94425230
94415060
94464104
94450460
94440530
94430260
94445140
94416600
94435870
94560481
94563610
94571140
94574222
94475090
94570508
94576326
94445340
94475410
94510600
94571316
94475462
94425600
94425650
94500070
94495680
94570502
94495460
94416220
94576120
94579100
94455070
94470280
94430818
94475490
94575380
94440430
94510700
94435390
94470650
94457720
94457300
94410280
94560442
94415810
94465230
94495340
94480050
94430590
94480290
94463420
94435400
94450625
94465500
94464430
94410050
94415350
94470190
94470620
94475440
94576378
94575024
94440220
94500040
94480490
94445660
94410150
94571138
94480575
94463464
94510274
94560580
94410260
94430120
94451118
94571056
94410114
94415800
94463478
94410030
94410225
94460006
94465194
94458055
94571234
94425220
94415000
94450160
94440450
94576750
94550300
94455230
94480153
94475816
94571054
94480190
94415370
94445164
94430050
94495440
94480145
94480600
94430520
94410500
94410670
94415195
94510452
94495372
94560560
94420630
94575180
94420690
94455160
94475200
94475684
94415260
94480105
94480745
94415490
94561214
94465400
94480130
94415520
94470250
94470258
94495190
94495580
94495732
94480070
94480750
94435540
94480340
94463476
94515710
94465150
94500195
94571232
94480780
94435010
94490220
94571136
94576640
94571132
94445430
94410620
94440286
94450250
94540130
94420670
94495630
94470340
94464030
94430730
94490300
94420420
94445120
94416200
94416500
94435868
94458210
94415460
94420170
94480480
94480755
94445300
94510660
94500280
94450630
94575068
94450090
94420615
94571058
94571064
94560010
94450770
94500050
94570632
94415340
94574870
94510560
94495070
94465460
94420080
94415280
94420265
94480540
94415466
94440470
94465480
94480660
94410470
94416120
94415100
94510430
94465490
94480565
94515310
94440140
94515305
94440192
94435530
94515320
94510090
94435520
94465510
94430340
94515110
94490090
94458165
94430336
94560460
94571318
94560027
94574700
94510070
94480270
94445085
94435886
94445600
94490080
94458160
94430345
94430334
94451260
94460754
94510540
94415670
94455035
94460170
94463175
94420180
94460140
94430490
94561318
94416510
94575415
94560480
94574170
94431704
94445500
94430360
94515130
94430314
94560464
94470060
94410320
94410090
94475195
94455290
94445670
94590830
94426380
94425190
94475550
94575004
94460110
94500197
94463480
94510346
94490506
94560035
94574845
94425020
94450010
94410630
94500250
94510020
94425030
94510300
94420390
94415250
94475630
94510670
94460150
94450780
94571100
94465350
94440560
94435864
94458240
94450140
94550080
94550050
94560568
94560500
94560200
94450520
94463405
94465160
94470482
94561234
94575064
94415380
94480775
94425354
94460160
94430510
94440090
94460010
94575016
94463460
94435510
94416100
94495470
94463210
94574840
94460080
94465220
94435600
94495750
94460070
94417218
94463788
94575028
94480060
94495400
94480230
94495000
94574330
94480160
94460020
94417210
94455280
94540175
94500062
94560070
94560078
94562100
94562120
94463150
94430885
94457700
94540600
94550010
94430810
94420085
94450280
94495530
94460750
94451214
94490380
94490210
94425390
94480020
94500130
94570624
94450060
94480460
94515520
94510340
94430404
94423698
94561050
94576573
94426150
94576670
94470530
94435340
94445462
94450120
94440340
94560700
94410112
94595200
94420340
94420320
94455342
94430886
94455330
94445570
94465800
94435370
94440510
94460130
94435700
94475060
94480106
94560430
94458030
94475640
94435130
94416060
94417214
94480170
94415650
94451216
94480790
94571023
94480805
94550320
94416095
94451264
94576316
94460210
94576374
94445440
94480140
94480681
94450434
94417212
94575430
94415540
94430814
94571306
94457835
94460200
94464060
94451200
94576420
94574188
94470480
94451256
94561202
94480080
94578590
94460190
94480250
94440440
94430680
94470484
94451206
94575425
94450490
94510615
94475500
94465200
94576440
94561216
94435440
94575066
94475305
94435460
94417202
94510140
94455240
94420200
94410180
94515732
94425430
94420380
94571090
94445203
94571040
94575364
94455332
94455060
94510770
94480280
94475110
94435630
94420610
94470290
94475160
94465290
94475320
94562632
94495480
94460060
94425540
94475804
94560082
94445560
94430267
94430630
94455344
94470120
94576630
94571144
94563290
94575320
94460390
94416320
94435860
94430390
94430328
94451274
94560470
94430440
94515060
94490040
94475617
94430315
94430306
94463498
94410682
94578356
94574206
94571534
94458200
94430794
94435060
94417228
94574185
94578260
94495100
94571314
94480445
94458072
94430312
94451270
94480570
94463502
94463504
94480420
94420430
94416295
94435888
94458208
94445190
94445263
94410120
94510630
94510342
94475632
94576100
94575360
94575362
94576884
94425080
94415610
94480592
94445260
94415530
94465265
94420110
94445770
94575110
94480620
94410570
94555600
94563000
94560790
94464070
94426020
94480104
94574300
94475810
94460220
94560098
94410220
94500150
94450690
94425626
94576040
94576042
94435410
94561500
94555800
94450440
94480000
94574180
94475100
94470560
94445775
94480197
94445780
94445785
94445790
94495110
94465440
94560564
94440550
94420685
94574710
94450100
94574860
94415730
94450080
94420257
94470570
94480760
94562350
94475280
94480693
94592600
94495450
94470360
94540180
94465260
94440570
94445370
94475380
94430560
94515712
94423648
94571450
94575030
94570620
94425500
94420400
94431712
94540050
94576632
94519899
94589899
94549899
94569899
94559899
94599899
94416520
94435858
94578202
94458212
94510505
94455346
94574187
94415662
94417216
94576390
94431734
94490400
94576650
94480370
94475820
94415510
94571310
94495010
94451248
94561206
94551160
94435580
94515300
94560042
94490280
94430500
94465370
94435090
94463720
94435570
94560590
94450620
94450621
94470220
94440590
94475140
94510092
94475155
94445540
94510750
94495030
94575000
94590100
94571430
94460340
94450360
94500260
94455210
94571340
94430460
94430320
94515080
94490060
94458114
94430332
94410676
94435030
94426190
94450750
94415760
94560270
94450310
94420360
94480220
94420020
94415560
94430330
94515090
94490070
94458155
94410686
94575427
94445650
94480687
94475760
94500240
94435584
94570640
94560402
94410382
94450130
94560076
94445220
94480680
94515700
94574760
94500210
94515706
94455150
94510520
94578400
94458290
94463400
94463402
94463403
94450550
94475260
94460510
94571050
94464520
94475250
94560054
94450670
94457800
94510292
94480450
94450710
94415375
94445520
94416235
94578218
94495465
94510344
94575060
94495730
94410035
94458050
94575070
94475240
94540170
94450600
94475850
94480506
94480684
94475000
94475004
94470000
94470015
94450800
94455350
94450000
94445695
94440585
94440000
94451000
94410534
94435555
94410318
94435000
94430000
94430398
94430800
94426500
94426140
94431800
94410060
94495570
94435680
94480102
94451162
94440285
94500160
94458150
94574842
94410350
94415300
94510500
94495080
94410340
94440600
94495090
94450720
94417242
94450700
94571025
94458060
94451192
94463730
94576190
94561230
94495710
94470200
94480595
94562648
94495270
94475620
94415270
94420660
94460100
94470310
94431720
94480795
94455220
94571300
94445700
94415820
94571302
94430430
94430310
94515050
94430720
94490030
94475615
94458147
94458112
94430322
94463496
94463114
94410688
94575438
94562654
94578352
94571046
94575326
94571433
94430793
94440280
94480590
94425356
94590850
94574400
94570628
94480800
94430380
94515150
94430302
94560468
94470090
94450555
94480430
94475696
94576853
94576852
94576851
94576860
94475766
94451286
94451288
94451282
94576844
94560016
94425480
94475070
94430372
94510450
94460267
94495550
94417250
94416130
94450730
94430610
94420010
94475230
94495720
94495560
94431710
94495690
94490310
94435856
94460230
94460120
94445350
94470300
94445250
94430410
94430290
94515030
94430700
94490010
94458102
94458124
94430324
94463492
94463116
94410680
94575432
94562656
94571042
94578350
94574200
94574880
94571431
94430790
94420450
94495408
94475180
94458052
94500330
94490260
94435770
94460460
94495650
94420060
94435620
94480107
94475710
94490330
94435852
94571360
94410580
94515734
94595050
94415652
94490360
94465450
94575062
94410430
94410480
94561000
94495280
94470100
94415030
94480618
94562000
94410000
94465470
94570600
94415200
94440210
94480765
94515738
94470600
94475220
94430620
94480770
94475694
94430650
94480435
94470520
94480699
94463418
94470630
94420370
94410380
94435710
94464410
94475622
94460260
94420650
94576882
94575130
94510720
94426300
94510510
94495035
94560472
94440300
94576846
94470160
94460770
94451298
94410310
94470180
94475050
94435040
94463490
94560478
94470110
94475370
94575022
94410190
94435450
94510570
94440110
94480090
94435220
94445360
94470330
94455348
94415505
94440295
94435490
94563690
94595490
94460774
94460772
94571242
94415410
94435170
94450470
94574855
94415550
94465245
94430140
94475690
94490000
94415710
94500010
94450350
94490340
94416690
94435890
94574220
94416515
94475303
94495420
94500120
94576160
94495700
94495640
94574223
94560800
94465248
94435889
94458230
94576660
94575370
94595510
94571380
94435750
94450715
94435745
94450500
94500020
