49140184
49140194
49144460
49143184
49144560
49143104
49142254
49141378
49141516
49142434
49142440
49142248
49141342
49141480
49141492
49142512
49140656
49142500
49140434
49140152
49142576
49142424
49141474
49141472
49140031
49140114
49142184
49141540
49140310
49141500
49142582
49140692
49140694
49141276
49141280
49141290
49140035
49142558
49143150
49140336
49141574
49141572
49140396
49140604
49141542
49142542
49140041
49141550
49140300
49140500
49140398
49140724
49140594
49140652
49141310
49140047
49142182
49142446
49141274
49141370
49140155
49141356
49142180
49141560
49142178
49140186
49140198
49144462
49143186
49144576
49143106
49140092
49141566
49141408
49141426
49141384
49140208
49141284
49141058
49140596
49141594
49140302
49141398
49141386
49140630
49141360
49140188
49144464
49144574
49143108
49141346
49141306
49142258
49141278
49141328
49142240
49141374
49140112
49140366
49140059
49142140
49141350
49141410
49142244
49141330
49141484
49142170
49140290
49142518
49142534
49140502
49140084
49141288
49141292
49142168
49140098
49142166
49141392
49141388
49141352
49142164
49143776
49144382
49144380
49143774
49140338
49140082
49140146
49140432
49140143
49140624
49140104
49142160
49140140
49140508
49140442
49142242
49141348
49141476
49141478
49142758
49140354
49140106
49140180
49144466
49144572
49143110
49140116
49141468
49141570
49142528
49143754
49143752
49142554
49140023
49142238
49143154
49140149
49142562
49140182
49144468
49144562
49143112
49140430
49142442
49142632
49143482
49143480
49142630
49140628
49140110
49140039
49140053
49140118
49142556
49140286
49142158
49141400
49140356
49140358
49140360
49141582
49141592
49141402
49142508
49142154
49140306
49140007
49142516
49140334
49140602
49140190
49144470
49144564
49143114
49141544
49141548
49140296
49140212
49141488
49142152
49141466
49140618
49140346
49140626
49140196
49141406
49140380
49140716
49140326
49142524
49140640
49142866
49142514
49141546
49140192
49144472
49144566
49140636
49140292
49142548
49140438
49140029
49140330
49142546
49142432
49140078
49142444
49140392
49140616
49142188
49140070
49142190
49142172
49140200
49144474
49144568
49140049
49142138
49140598
49140324
49142438
49140045
49141580
49140202
49144476
49144570
49141394
49141324
49142530
49142426
49142448
49141532
49144478
49140057
49140504
49140088
49141344
49141390
49141418
49142260
49140344
49141414
49141334
49140055
49140696
49140698
49140702
49142192
49141470
49141486
49140013
49140308
49142194
49140582
49140394
49142436
49140332
49140015
49140600
49142144
49140025
49140011
49141482
49140378
49141538
49142536
49140510
49140314
49140316
49140512
49140450
49142550
49142580
49142588
49142510
49140506
49142134
49142136
49140586
49140614
49140608
49141000
49142230
49142000
49141462
49142420
49141160
49142198
49140003
49141270
49140288
49143540
49142540
49140043
49142564
49142570
49140376
49140592
49140298
49141502
49142586
49142506
49140090
49140690
49140384
49140646
49140312
49140021
49141308
49140632
49141534
49142572
49141590
49144480
49141416
49141508
49141512
49142246
49140343
49140304
49141494
49140340
49141514
49142132
49140370
49142256
49140362
49140364
49142584
49142532
49140588
49142430
49140700
49142504
49140120
49141588
49140374
49141568
49144482
49142142
49142252
49141286
49141304
49141302
49142262
49141052
49142070
49141368
49142250
49141318
49141554
49142552
49142146
49140440
49141558
49141298
49141048
49142196
49140033
49140658
49140710
49142431
49142526
49142522
49142578
49141524
49141528
49140444
49142150
49142162
49141496
49140712
49141536
49141498
49140328
49140606
49142156
49142520
49140027
49140386
49141372
49141326
49140100
49142176
49141518
49141526
49142566
49141510
49141520
49140102
49142544
49140372
49140382
49140108
49140320
49140096
49140280
49140001
49140158
49143796
49141322
49142186
49140638
49140706
49141584
49141420
49140436
49140612
49141314
49141282
49140704
49141552
49142422
49142232
49140448
49141578
49141562
49141586
49140654
49140714
49140446
49140282
49140368
49140005
49142130
49141338
49142236
49141332
49140122
49141564
49141460
49144400
49142886
49144484
49140009
49140610
49141530
49141320
49142174
49140634
49142538
49140086
49141556
49140072
49140284
49140514
49140322
49141364
49141362
49141376
49141358
49141380
49141366
49141354
49141424
49140584
49141490
49142502
49142574
49140294
49141396
49141464
49140644
49140388
49140390
49140622
49141336
49140342
49140590
49140017
49142428
49141404
49141340
49141294
49142568
49140019
49141300
49141504
49140718
49140074
49141522
49140642
49140662
49140708
49140080
49140720
49140722
49141382
49140318
49140206
49141316
49142234
49141312
49141576
49142560
49140037
49142590
49141422
49141182
49141162
49141164
49141166
49141168
49141170
49141172
49141174
49141176
49141178
49140051
49141506
49140094
49141412
49140660
49140076
49141296
49140210
49143538
49144494
49142766
49140352
49144500
49144486
49144496
49144498
49140350
49144512
49144514
49144516
49144510
49140620
49140348
49144492
49144508
49144490
49144506
49144504
49144488
49144502
