49100770
49100835
49101799
49101841
49105302
49105344
49107409
49107433
49107502
49108033
49108706
49108836
49107130
49108893
49107142
49105087
49107075
49107505
49107544
49108138
49100017
49107547
49107266
49100309
49100085
49107550
49101796
49107541
49107062
49108096
49107538
49101289
49107535
49107508
49105034
49107511
49107514
49100825
49107036
49107034
49107022
49105018
49100775
49107024
49100047
49107108
49108018
49107030
49100091
49105576
49105016
49101763
49101769
49101193
49100735
49107520
49107254
49100800
49100097
49100073
49101286
49108003
49100753
49100363
49101187
49100300
49100033
49105525
49105144
49101160
49101353
49107092
49101274
49107284
49101223
49101220
49107274
49100039
49107523
49107532
49101256
49109027
49107385
49100079
49107068
49105182
49105172
49107526
49101829
49102003
49105092
49100765
49101802
49101820
49101826
49101835
49101838
49101859
49102006
49105304
49105346
49107406
49107436
49108704
49108833
49108839
49107132
49108896
49107144
49101208
49100766
49107023
49107077
49105639
49109035
49100117
49100143
49100740
49100011
49108009
49100119
49100123
49107568
49100083
49105516
49107262
49105591
49100369
49100348
49100755
49101395
49101760
49101805
49101817
49101856
49101877
49102015
49105306
49105348
49107415
49107469
49108702
49108848
49107128
49108899
49107146
49109039
49108168
49105042
49105031
49109042
49101396
49107079
49100145
49102000
49101422
49108075
49100125
49101730
49100151
49107110
49100147
49100007
49108878
49101202
49107376
49107154
49108000
49108650
49107234
49105633
49105615
49105612
49108063
49107013
49101241
49101368
49107011
49105050
49105546
49105549
49105242
49105116
49100351
49101865
49101874
49102012
49105134
49105308
49105354
49107400
49107466
49107475
49108692
49108700
49108842
49107126
49109000
49107148
49108162
49100767
49105630
49105074
49107060
49108884
49108006
49101178
49108084
49107086
49105196
49105238
49107565
49107104
49100725
49105510
49108102
49101277
49108045
49105106
49100354
49101748
49101832
49101850
49101880
49102021
49105310
49105352
49107403
49107478
49108688
49108698
49107122
49107150
49109015
49100785
49108154
49105105
49105112
49108887
49105198
49105068
49101371
49100141
49105100
49107084
49108881
49100103
49101778
49105080
49107010
49101175
49100137
49107258
49108875
49105082
49107276
49100049
49105202
49108081
49100155
49100023
49100021
49100133
49105186
49101211
49109033
49105002
49108120
49100306
49100357
49100760
49101413
49101823
49101853
49101868
49102024
49105260
49105312
49107442
49107481
49108678
49107120
49108866
49109009
49107152
49108156
49108159
49105107
49107088
49108087
49107056
49105076
49105136
49107472
49100025
49108099
49100071
49108860
49105537
49105070
49105220
49108093
49100037
49107028
49105108
49107054
49105109
49100360
49101811
49101847
49101862
49102027
49105214
49105274
49105316
49107460
49107490
49107100
49108680
49107124
49108851
49107134
49109018
49108174
49108171
49105014
49100129
49107044
49100053
49105270
49100041
49105531
49101262
49108090
49100031
49100077
49100003
49101199
49101182
49107268
49108175
49101754
49101871
49102030
49105104
49105266
49105318
49107439
49107493
49108654
49108036
49107114
49108845
49107138
49108177
49108180
49105040
49105250
49101172
49107058
49107278
49101389
49109021
49109024
49101751
49101886
49102036
49105102
49105262
49105320
49107421
49107445
49107499
49108652
49108039
49108854
49108135
49100730
49100720
49101742
49105010
49105052
49105336
49105528
49100065
49100315
49101889
49102033
49105124
49105268
49105322
49107430
49107463
49107496
49108674
49108857
49108132
49105012
49108069
49105054
49101374
49105110
49105060
49100820
49105570
49100149
49100027
49108830
49105001
49109045
49108186
49101238
49100135
49105062
49107391
49105636
49100099
49101259
49108072
49105008
49107014
49105513
49101205
49108015
49107388
49101794
49107004
49105178
49100113
49105552
49108872
49105152
49105582
49105627
49107244
49107397
49107048
49105585
49107074
49101356
49100089
49100750
49101790
49105142
49100127
49100840
49105028
49108021
49107232
49107000
49105000
49107370
49108030
49107418
49100815
49100111
49100101
49101283
49100043
49107553
49101247
49101250
49100105
49101217
49105036
49100405
49101407
49105645
49101404
49107052
49107006
49107032
49107038
49100019
49105180
49107090
49107040
49105200
49105132
49105194
49101226
49101419
49105030
49105096
49100402
49107016
49105240
49101398
49101410
49107018
49107002
49108114
49101229
49105512
49105170
49108078
49100345
49105272
49107427
49108042
49108676
49100372
49100375
49101892
49105120
49105330
49107424
49107448
49107487
49108054
49108696
49108129
49108057
49100061
49105603
49107559
49100045
49105540
49105543
49105004
49105573
49100075
49107260
49107080
49105188
49105252
49105048
49100745
49101214
49105064
49108141
49107078
49105561
49100051
49101244
49101383
49108105
49107112
49100780
49100318
49105150
49100333
49105222
49105579
49109030
49105271
49100378
49101895
49102039
49107451
49107484
49108660
49108060
49107096
49105046
49108863
49100790
49105094
49100063
49101793
49108165
49100081
49102009
49108048
49100001
49105020
49105236
49100312
49105038
49101190
49105026
49107230
49101271
49105056
49108123
49107236
49107379
49105342
49105044
49101392
49107394
49107020
49105216
49107256
49100805
49105621
49105228
49107556
49107116
49107046
49107246
49107242
49107012
49100115
49107270
49100067
49101772
49101787
49101181
49101184
49105022
49100303
49105600
49108117
49100059
49107094
49101808
49100830
49105282
49105324
49105284
49105326
49105280
49100381
49101883
49102042
49105278
49105328
49107454
49108662
49108153
49107517
49108108
49107076
49100029
49100139
49107042
49100399
49101898
49105300
49105332
49107457
49108664
49108150
49102018
49108869
49107064
49107382
49101268
49101380
49101166
49101169
49105334
49105276
49105288
49100393
49108666
49108151
49107240
49100057
49101757
49107072
49101781
49105522
49101280
49105072
49105098
49105128
49105154
49105024
49108126
49105148
49101163
49100009
49101362
49100013
49100005
49101350
49100055
49107026
49101416
49100035
49100015
49107118
49107136
49101733
49108027
49108024
49105558
49105290
49105292
49100396
49105338
49108668
49108152
49105296
49105340
49105294
49105356
49108672
49108147
49105609
49107529
49105078
49105555
49105624
49105519
49108066
49100845
49100157
49101739
49105642
49107059
49101359
49100107
49100131
49109899
49105286
49108656
49108144
49105084
49107272
49100069
49107070
49100321
49107280
49105618
49107050
49105138
49105146
49108658
49101775
49100327
49105534
49101235
49108012
49105564
49105567
49107562
49107106
49108682
49105234
49107102
49107571
49108183
49100384
49108684
49100390
49105606
49107082
49100109
49105066
49101253
49107238
49107008
49107098
49105058
49105032
49101386
49100330
49101196
49105088
49105588
49105594
49108686
49108111
49101814
49107373
49107264
49105350
49105140
49107282
49100366
49105264
49108690
49105265
49107248
49108694
49105006
49107015
49107300
49108890
49101745
49105314
49107298
49109003
49107140
49100153
49101736
49100121
49107296
49109006
49101232
49101265
49100087
49100095
49105114
49105118
49105122
49105126
49105597
49107294
49109012
49105130
49107292
49105156
49105164
49105162
49105158
49105166
49105160
49105168
49107290
49105174
49105176
49105184
49105191
49105192
49107288
49100093
49100094
49105086
49105206
49105204
49105210
49105208
49105212
49105218
49101401
49107286
49105224
49105226
49105230
49105232
49105244
49105246
49105090
49105248
49105254
49105256
49105258
