68375400
68374275
68372587
68376562
68376612
68378018
68378039
68378101
68378013
68378022
68378029
68378003
68378025
68378023
68378016
68378024
68378027
68378011
68378028
68378014
68378015
68378017
68378026
68378050
68378052
68378053
68378051
68378012
68378044
68378042
68378049
68378048
68378043
68378045
68378046
68378040
68378041
68375495
68373110
68377395
68375478
68374284
68377140
68375649
68375498
68371542
68376155
68374220
68374768
68375632
68372500
68372570
68375082
68376729
68375425
68371005
68371159
68371025
68377042
68377818
68372061
68376038
68371275
68372095
68372618
68373500
68374260
68375622
68376132
68373000
68376030
68375323
68374652
68376652
68376660
68375653
68377310
68371624
68375629
68376012
68375650
68378305
68375621
68375336
68374250
68375572
68375637
68374770
68375600
68377530
68375661
68375379
68376060
68378288
68371276
68371195
68371272
68375358
68375571
68376501
68372770
68375645
68375574
68373260
68375627
68375337
68373095
68371610
68373290
68371546
68372815
68375170
68373300
68374764
68374760
68373310
68376709
68371600
68377000
68377110
68375665
68374654
68376037
68375591
68373070
68376140
68371514
68376130
68372470
68371608
68376039
68375573
68376502
68376813
68372545
68378341
68375455
68377670
68376090
68377250
68375663
68377130
68375390
68374279
68376568
68376614
68378210
68378204
68378127
68378248
68378242
68378213
68378216
68378215
68378214
68378211
68378203
68378128
68378217
68378243
68378245
68378241
68378239
68378249
68378238
68378247
68378246
68378250
68378240
68378193
68378191
68378190
68378192
68378252
68378212
68378198
68378200
68378199
68378194
68378195
68378188
68378197
68378196
68378201
68375460
68375502
68372578
68376125
68378362
68372859
68378283
68374724
68375634
68377628
68372620
68372068
68372874
68376075
68372530
68373067
68372067
68376094
68375479
68377802
68375499
68375654
68377332
68371540
68376122
68377806
68374525
68371521
68378369
68371524
68377700
68374766
68377435
68377436
68377437
68377078
68371505
68377261
68376137
68376120
68376121
68375470
68376129
68375639
68376148
68371526
68372510
68378286
68375480
68372170
68378021
68378205
68378126
68375339
68375440
68376616
68378226
68378185
68378173
68378258
68378230
68378183
68378219
68378218
68378184
68378236
68378186
68378228
68378231
68378232
68378229
68378158
68378156
68378154
68378155
68378157
68378221
68378261
68378220
68378257
68378256
68378262
68378222
68378168
68378163
68378166
68378159
68378160
68378164
68378162
68378161
68378165
68378167
68378263
68378182
68378176
68378180
68378169
68378171
68378123
68378177
68378175
68378174
68378178
68378181
68375491
68376734
68371614
68373020
68375619
68375630
68378306
68374570
68376123
68376145
68378289
68372598
68371516
68376665
68372565
68372260
68371628
68374521
68376663
68373090
68375575
68375341
68371522
68374782
68371028
68371085
68375387
68372856
68375382
68371552
68374190
68374776
68375355
68376151
68376737
68371009
68374333
68375643
68375640
68376668
68371400
68377375
68377412
68377490
68374370
68374420
68374440
68372350
68377071
68378377
68374704
68376763
68376736
68376712
68371618
68373150
68376600
68375561
68374294
68376677
68371311
68377270
68377262
68375660
68371365
68371520
68376298
68374730
68375642
68373092
68376156
68375657
68376801
68375662
68376662
68375648
68377240
68375615
68375568
68378363
68376803
68378287
68374140
68376110
68376702
68372617
68376570
68376618
68378008
68378233
68378006
68378033
68378009
68378035
68378032
68378031
68378005
68378007
68378030
68378004
68378001
68377120
68375646
68376622
68372717
68375365
68375659
68376003
68373180
68375664
68375070
68375140
68377520
68371280
68374727
68376774
68371157
68371035
68371425
68374705
68377064
68374713
68374711
68374707
68375485
68376020
68376134
68376777
68376742
68371163
68374780
68375430
68377060
68377360
68377400
68374320
68374340
68371360
68372380
68376715
68372577
68372210
68373045
68377044
68371296
68372226
68375577
68374312
68374714
68377335
68377346
68371510
68376775
68376770
68378055
68378088
68378170
68371300
68374721
68371606
68372070
68372195
68372566
68371550
68376572
68376574
68376620
68378034
68378223
68376141
68377808
68371602
68372005
68378291
68372515
68375397
68376705
68371380
68376550
68376762
68375347
68376717
68375623
68375392
68371441
68373065
68374272
68376654
68376143
68376041
68376005
68373420
68372853
68372200
68376707
68376135
68376144
68372575
68376576
68378036
68378208
68377440
68373060
68373330
68373098
68371538
68375488
68375566
68375633
68376124
68372830
68375374
68375625
68378368
68371294
68371292
68371278
68372862
68374778
68374050
68376098
68376108
68375040
68375468
68373105
68375348
68377272
68371622
68375472
68373510
68373130
68377550
68372576
68376578
68378047
68378179
68378067
68378061
68378080
68378083
68378082
68378081
68378076
68378070
68378059
68378062
68378063
68378060
68378085
68378068
68378084
68378066
68378065
68378069
68378058
68378057
68378079
68378077
68378078
68371070
68372190
68377710
68373104
68376704
68376731
68376674
68375666
68373225
68377660
68375626
68376055
68375540
68373280
68375504
68375606
68376500
68374270
68373100
68378308
68378074
68378071
68378075
68378072
68377280
68376779
68372250
68371420
68375386
68375320
68376655
68377100
68375463
68375596
68372425
68373113
68376764
68372270
68376710
68375005
68378131
68378091
68378097
68378108
68378105
68378106
68378107
68378087
68378099
68378096
68378095
68378098
68378102
68378090
68378103
68378092
68378100
68378089
68378114
68378111
68378117
68378113
68378115
68378116
68378112
68378110
68375095
68371169
68378364
68378359
68375015
68376720
68375025
68378353
68378342
68378303
68372110
68372850
68376133
68375493
68375564
68378010
68378054
68378093
68378118
68378132
68378187
68378237
68372680
68375607
68376520
68375010
68372750
68377885
68372630
68376045
68377735
68375565
68376725
68375035
68376750
68377075
68371544
68375482
68378139
68378135
68378141
68378150
68378147
68378148
68378149
68378129
68378143
68378140
68378138
68378142
68378145
68378134
68378146
68378136
68378137
68378130
68378144
68378133
68378151
68378119
68378121
68378120
68378152
68376810
68375506
68371518
68375576
68372083
68372840
68376146
68375601
68377160
68375325
68375578
68376811
68375497
68376150
68375362
68375150
68373200
68372725
68374286
68377056
68372310
68377860
68376650
68372606
68371620
68375088
68375049
68375055
68372760
68373480
68372050
68371040
68371045
68372235
68376065
68377600
68375490
68372833
68372572
68372191
68372340
68376767
68376781
68373482
68377590
68377595
68377570
68375045
68376713
68374278
68377835
68377883
68372735
68376739
68375445
68374726
68376085
68375520
68377830
68372628
68376555
68373520
68377804
68373460
68376505
68373470
68371030
68371043
68372040
68375225
68373360
68372588
68372785
68376510
68376147
68376765
68373410
68376783
68375597
68371530
68375594
68371612
68373094
68378361
68377812
68378356
68374280
68375614
68371385
68371456
68377180
68374070
68375658
68376669
68376610
68371616
68372823
68372064
68375550
68375090
68371390
68372101
68371363
68377816
68371284
68373450
68374656
68377881
68372597
68373108
68375599
68371057
68371017
68375410
68376667
68375585
68375641
68373124
68376806
68375503
68376672
68376727
68372066
68372730
68376545
68371274
68371271
68376802
68378285
68372670
68371263
68374170
68374784
68377200
68374025
68376732
68376746
68376010
68377062
68371604
68376149
68374120
68374000
68372280
68375378
68376015
68378375
68375562
68376675
68371534
68376744
68372069
68376807
68377020
68376035
68378292
68375075
68374292
68378360
68372601
68374180
68373390
68372030
68372242
68373120
68375570
68375484
68378348
68377610
68375310
68374758
68375492
68375020
68377800
68376525
68375612
68374291
68373445
68373185
68373102
68372871
68372490
68376787
68375486
68372835
68374530
68377268
68375346
68376043
68378275
68378329
68378296
68378378
68378279
68378272
68371270
68374510
68374520
68374722
68377092
68376608
68373128
68378320
68378386
68378300
68378280
68378293
68377500
68371260
68374302
68374708
68374725
68377094
68376606
68375371
68377300
68376724
68376000
68376789
68376152
68377080
68371290
68374728
68375063
68375050
68372245
68375450
68377814
68371288
68372710
68373320
68374288
68376793
68372599
68375604
68378310
68377740
68378376
68371527
68375611
68372650
68376565
68375583
68377150
68374150
68372868
68374774
68378298
68375354
68371548
68377265
68378282
68378354
68376661
68371055
68374160
68376070
68376747
68377825
68375376
68377320
68377337
68378374
68372755
68376749
68375120
68371626
68371155
68371432
68371105
68372560
68372290
68371060
68375115
68377012
68375327
68377620
68376670
68375100
68371262
68371286
68374276
68374274
68375415
68374200
68376126
68375652
68374590
68374772
68374754
68371511
68376659
68378367
68375638
68374744
68374748
68378349
68376812
68376814
68375496
68378304
68376139
68376100
68376666
68372090
68376154
68374295
68374756
68376142
68376809
68371528
68374060
68373112
68376106
68378295
68376719
68376653
68371200
68377051
68371075
68371041
68372520
68377575
68375329
68374709
68371447
68376138
68372002
68375501
68371330
68374717
68377350
68377380
68374360
68374380
68372360
68372780
68377640
68375420
68376540
68374395
68374718
68373106
68377339
68377348
68376598
68376560
68374715
68375394
68376752
68376769
68372745
68375130
68372540
68372330
68372579
68377845
68372612
68373220
68378370
68378352
68376791
68376131
68376046
68376102
68376128
68377680
68375399
68372747
68376092
68374210
68374282
68376047
68376658
68372240
68372880
68374240
68372603
68375364
68371268
68375514
68375636
68372865
68378899
68378297
68376657
68376817
68372550
68372120
68371160
68372877
68371486
68375359
68372740
68373140
68372244
68375618
68376757
68376700
68377190
68372320
68373127
68374740
68375384
68371536
68378276
68375494
68375579
68373400
68375530
68377840
68376711
68376772
68375352
68371210
68377420
68374430
68374470
68374600
68377342
68374720
68376602
68371264
68372228
68377290
68372236
68376127
68374230
68372525
68374746
68371512
68378350
68374450
68374480
68377355
68377066
68374723
68376604
68371266
68371532
68371125
68371000
68372855
68376785
68373190
68377847
68377849
68377851
68377853
68377855
68377857
68377859
68377861
68377863
68377865
68377867
68377869
68377871
68377873
68377875
68377877
68377879
68375605
68377260
68375582
68375581
68376805
68378345
68376804
68376808
68371113
68371203
68371282
68372590
68372573
68372574
68372222
68375651
68375592
68375500
68375593
68372010
68374738
68376815
68376153
68377264
68372300
68373116
68375590
68372586
68378309
68377266
68378002
68375343
68377041
68377043
68375375
68378255
68376299
68371220
68377070
68377405
68377370
68374350
68374390
68372690
68375385
68376535
68377072
68374695
68374716
68377352
68376596
68376050
68375656
68371310
68374719
68372180
68372232
68375332
68377354
68372234
68375595
68372230
68375505
68378277
68377220
68374110
68376080
68374130
68375465
68375368
68377050
68377330
68377390
68374290
68374310
68374330
68372370
68372198
68375007
68375380
68376530
68372225
68375318
68371295
68374712
68377344
68377357
68376592
68377052
68377540
68375609
68378273
68376673
68378343
68376730
68377049
68376136
68376040
68376759
68375655
68376735
68377045
68372567
68372604
68372062
68372571
68376754
68377061
68376722
68372660
68376740
68377055
68376745
68377065
68378358
68378347
68378379
68374658
68378357
68376096
68375647
68374702
68372480
68372795
68372224
68374732
68374734
68375356
68377090
68373350
68376104
68377210
68375617
68375475
68375335
68375367
68375160
68375389
68372420
68377730
68376588
68372450
68376590
68375510
68376315
68375395
68375345
68376340
68375340
68375331
68376335
68376330
68375330
68375360
68375405
68375370
68375333
68376320
68376325
68376345
68375350
68376310
68372390
68372430
68372410
68372400
68372440
68372460
68375512
68375349
68376580
68376582
68376584
68376586
68376755
68377046
68376049
68376760
68377047
68377048
68372140
68373030
68372569
68373115
68375603
68378344
68378281
68375458
