68350305
68350411
68350449
68350453
68352241
68354449
68354465
68354479
68356295
68356479
68352215
68350263
68350277
68354583
68352219
68356023
68350279
68356061
68350043
68350107
68350481
68352005
68350030
68352153
68350335
68350167
68350191
68354109
68354177
68354229
68350339
68354507
68354617
68354239
68354533
68354089
68354167
68354209
68352217
68354201
68354559
68354702
68352083
68354059
68354115
68354145
68354183
68356064
68350217
68356257
68356357
68356407
68356473
68350219
68352141
68352177
68354105
68354219
68354213
68354259
68356115
68352223
68354611
68356013
68352045
68354595
68356213
68356271
68356301
68356359
68356475
68356569
68354118
68354386
68354456
68356062
68356441
68350333
68354573
68350403
68354427
68354509
68350375
68354237
68354253
68354267
68354281
68354585
68354113
68354146
68350223
68350233
68350222
68354574
68354657
68350117
68350131
68350067
68350173
68350195
68356099
68356481
68356507
68356509
68356511
68356513
68356515
68356517
68356519
68356521
68356523
68356483
68356485
68356487
68356489
68356493
68356495
68356497
68356505
68350307
68350413
68350455
68350479
68352243
68354485
68356527
68352187
68352169
68354539
68356169
68356469
68350059
68350066
68352093
68352135
68350095
68350197
68350081
68352239
68350035
68350377
68354383
68354397
68354411
68354431
68356477
68354476
68354107
68354175
68354227
68354275
68354517
68354553
68356093
68356453
68354436
68350015
68350063
68350185
68350187
68356123
68354217
68352159
68350041
68356503
68350177
68354463
68350163
68350083
68354071
68356425
68356231
68356073
68350085
68354125
68354541
68356349
68350049
68354122
68354392
68356035
68352043
68352213
68356085
68356089
68356039
68352021
68352211
68354587
68356529
68356570
68356547
68356568
68356549
68356551
68356553
68356555
68356557
68356559
68356561
68356563
68356572
68356531
68356616
68356618
68356630
68356533
68356535
68356537
68356539
68356541
68356543
68356545
68350161
68350309
68350415
68350457
68352245
68354451
68354467
68354481
68356571
68354665
68354589
68352175
68352185
68354655
68354503
68354245
68350171
68350183
68350089
68350190
68350114
68350096
68350262
68350024
68354093
68354399
68350321
68354385
68350422
68350342
68350221
68350237
68350373
68354061
68354151
68354185
68354247
68354234
68350414
68354087
68352017
68354567
68354155
68354189
68354238
68352059
68352101
68352149
68352006
68356105
68356459
68354055
68354161
68354613
68352225
68354233
68354047
68354121
68354101
68354173
68354225
68354251
68354269
68354283
68354706
68354651
68354525
68354557
68356161
68354447
68354493
68354649
68356043
68350327
68356355
68354117
68354015
68350249
68350297
68350467
68352117
68356201
68356255
68352231
68350159
68350165
68350091
68354053
68354128
68354008
68356159
68356223
68356277
68352143
68352197
68356353
68356207
68356263
68350261
68350144
68350231
68352227
68354577
68350181
68350193
68354043
68352097
68352145
68352201
68352163
68350315
68354057
68356351
68350395
68354391
68356027
68356047
68354629
68354435
68350053
68356573
68356591
68356593
68356595
68356597
68356599
68356601
68356603
68350055
68356575
68350057
68356577
68356579
68356581
68356583
68356585
68356587
68356589
68350417
68350459
68352247
68354487
68356605
68354103
68350367
68350353
68354139
68350037
68352161
68354441
68350243
68350291
68350461
68350285
68356607
68356609
68356611
68356613
68356615
68356617
68356619
68356621
68350471
68352249
68354453
68354469
68354483
68356491
68356631
68356423
68356135
68356095
68354576
68352061
68352099
68352008
68352150
68350213
68350186
68354035
68352229
68354069
68356139
68350419
68350473
68352251
68354489
68350363
68354013
68354170
68350149
68354273
68354515
68354551
68352146
68354627
68354119
68356083
68350281
68352221
68350211
68356185
68356091
68354501
68354437
68354491
68350397
68354163
68354417
68354475
68356455
68356364
68354534
68354056
68356199
68354065
68354221
68350421
68350475
68352253
68354455
68352167
68356153
68352165
68350047
68350109
68356101
68356063
68356173
68356443
68350385
68354389
68354197
68354257
68354511
68354545
68356461
68354242
68354263
68354277
68354243
68350013
68350023
68350423
68350477
68352255
68354471
68354141
68350357
68356129
68356065
68354287
68354289
68354291
68354293
68354295
68354297
68354299
68354301
68354303
68354382
68356395
68356346
68354572
68354305
68354307
68354309
68354311
68354313
68354315
68354317
68354319
68354321
68354323
68356397
68354325
68354327
68354329
68354331
68354333
68354335
68354337
68354339
68354341
68354134
68356399
68356401
68356390
68356420
68356403
68356405
68350425
68352257
68354473
68352009
68352265
68352267
68352173
68352191
68350343
68354661
68356193
68356094
68350267
68354623
68350290
68356623
68350216
68354235
68354249
68354271
68354285
68356435
68350381
68350227
68356103
68352269
68352279
68350207
68350349
68350031
68350427
68352259
68354457
68350029
68354063
68354647
68352209
68354645
68356033
68354579
68354631
68356053
68354039
68350347
68352053
68352071
68356081
68350271
68352207
68354643
68356017
68352205
68354633
68350359
68350105
68354149
68356299
68350351
68356195
68356389
68356565
68356627
68356404
68356240
68354120
68354045
68354025
68356127
68356211
68356267
68354041
68356113
68350179
68350407
68352075
68354421
68352010
68352057
68354027
68356165
68356227
68356283
68356217
68350189
68354171
68354095
68356109
68350169
68350355
68354009
68354011
68354067
68354181
68354223
68354091
68354169
68350145
68350146
68350099
68350077
68350119
68350133
68350065
68350234
68350188
68350311
68356249
68356437
68354659
68354625
68354131
68350011
68350028
68350431
68350429
68352261
68352011
68356467
68354621
68354153
68354187
68354236
68354099
68356055
68356119
68350121
68350125
68350073
68350094
68354157
68354220
68354609
68352049
68352067
68356077
68352287
68352289
68352291
68352293
68352295
68352297
68352301
68352303
68352305
68352307
68352309
68352311
68352313
68352315
68352317
68352319
68352321
68352323
68352325
68352327
68352329
68352331
68352333
68352335
68352337
68352339
68356145
68350389
68354413
68354563
68354324
68350175
68350365
68350433
68350391
68354199
68354561
68354244
68354635
68354425
68354477
68354308
68354159
68350383
68354401
68352183
68352139
68352178
68352192
68354637
68356125
68356209
68356265
68354021
68356051
68356049
68350203
68354537
68350209
68356175
68354023
68356067
68350361
68354033
68356131
68354129
68356142
68356221
68356275
68356471
68354195
68354241
68354599
68356031
68356071
68356096
68354017
68350225
68352041
68350139
68350229
68354211
68350123
68354531
68356179
68356391
68356429
68350126
68354496
68356079
68354641
68356025
68350265
68350283
68354575
68356011
68352077
68350033
68354073
68354079
68354077
68352065
68356463
68352181
68356383
68356385
68356387
68356396
68350045
68350435
68356187
68356567
68350405
68354419
68354370
68356229
68356287
68356178
68354049
68352137
68350319
68356157
68350235
68350147
68356183
68350257
68352125
68356019
68350437
68354605
68350255
68350303
68354132
68352129
68354133
68354037
68356205
68356261
68352095
68356059
68354026
68356433
68356097
68352105
68352131
68352195
68352144
68352157
68350439
68354603
68352091
68352133
68350387
68354387
68354124
68354393
68354459
68356029
68354215
68354261
68354513
68354547
68356417
68354712
68354218
68354126
68356024
68354434
68354360
68354549
68356167
68350232
68350379
68354231
68350215
68350051
68350111
68356431
68354619
68354031
68354083
68354535
68350103
68352171
68352193
68354278
68350027
68354205
68356149
68354130
68356058
68356291
68356203
68356259
68356427
68350101
68350075
68354529
68352235
68352012
68352072
68352108
68352233
68354445
68354499
68356041
68354527
68356465
68356007
68356057
68356189
68356233
68356293
68356415
68354054
68354006
68356366
68356296
68356447
68356362
68352063
68352089
68352015
68354439
68354569
68354508
68350393
68354407
68352103
68352151
68352189
68352199
68352341
68352343
68352345
68350345
68350372
68350097
68350079
68354607
68350441
68354581
68350247
68350295
68350465
68354207
68354255
68354265
68354279
68356177
68356235
68356285
68350025
68350443
68354007
68354423
68354505
68352029
68352033
68352035
68350325
68354127
68354403
68354461
68356121
68350009
68350239
68354123
68354405
68350244
68350007
68354497
68354708
68352037
68352025
68352081
68352023
68352031
68352019
68352079
68352039
68354085
68356133
68350317
68354203
68354081
68354165
68352203
68350050
68359899
68359898
68359888
68359891
68359892
68359889
68359890
68359886
68359885
68359887
68359896
68359895
68359894
68359893
68359897
68359884
68350564
68350444
68350199
68350323
68350399
68354433
68350157
68354653
68356163
68356225
68356279
68354521
68354555
68356137
68356241
68356421
68356525
68356629
68352027
68354593
68356037
68352347
68352349
68352351
68352353
68352355
68352357
68352359
68352361
68352363
68352365
68350251
68350299
68350469
68352119
68354443
68354366
68354591
68350329
68350331
68352179
68350093
68350253
68350301
68352121
68350470
68354135
68356107
68354597
68352155
68354137
68350158
68350019
68350201
68356457
68354601
68356015
68356361
68356379
68356381
68356363
68356365
68356367
68356369
68356371
68356373
68356375
68356377
68350445
68350354
68354663
68354029
68350115
68350129
68350401
68356151
68356045
68354571
68354615
68356155
68350113
68350127
68350071
68356009
68354415
68354565
68354051
68356111
68352087
68352107
68350205
68350371
68354543
68356147
68356245
68350137
68352147
68352190
68350021
68350143
68350269
68350087
68350026
68350153
68350155
68350245
68350293
68350463
68352113
68350135
68350274
68356253
68356251
68354519
68356069
68350337
68356143
68354111
68352055
68352073
68354147
68350241
68350289
68350451
68352109
68352263
68350151
68356445
68354005
68352271
68350017
68354536
68354381
68354116
68354372
68352051
68352069
68356419
68352273
68356393
68356439
68356181
68356237
68356289
68356247
68352275
68352277
68354019
68354191
68354240
68350273
68350266
68350039
68356574
68356347
68356281
68356075
68356243
68356066
68356345
68354438
68352013
68350275
68350242
68350200
68350563
68354343
68354345
68354347
68354349
68354351
68354353
68354355
68354357
68354359
68354361
68350583
68354363
68350585
68354365
68350587
68356297
68354367
68354369
68350591
68354371
68354373
68350595
68354375
68354377
68350599
68354379
68350567
68356409
68350603
68350607
68350569
68356411
68350571
68356413
68350573
68350575
68350577
68350579
68354540
68356141
68356219
68356273
68350005
68350061
68350141
68350259
68350313
68350341
68350369
68350447
68352007
68352047
68352085
68354143
68354179
68354495
68356005
68356117
68356191
68356239
68354532
68354710
68352140
68350483
68350501
68350503
68350505
68350507
68350509
68350511
68350513
68350515
68350517
68350519
68350485
68350521
68350525
68350600
68350523
68350527
68350529
68350531
68350533
68350535
68350537
68350539
68350487
68350541
68350543
68350545
68350549
68350553
68350557
68350489
68350561
68350491
68350493
68350495
68350497
68350499
68352281
68352283
68352285
68350409
68350282
68352132
68356474
68356476
68356478
68356480
68356482
68356484
68356486
68356488
