68504210
68504000
68510105
68510728
68500522
68502580
68509490
68502820
68510511
68513805
68509660
68500598
68501340
68501625
68501240
68502180
68501441
68501560
68506741
68501545
68500564
68506791
68501532
68506673
68500390
68506775
68501530
68506695
68500524
68500480
68503030
68513650
68501050
68500568
68503120
68510740
68503570
68503118
68506787
68510744
68502090
68500200
68509480
68502230
68502210
68500540
68513811
68504026
68500100
68503010
68500544
68513820
68509450
68506723
68513676
68502460
68513755
68503600
68506739
68502130
68506725
68503680
68502370
68500005
68500170
68503760
68501815
68501010
68501130
68506705
68501151
68501335
68501290
68502844
68506681
68513830
68502350
68510533
68503190
68503670
68502390
68506709
68506777
68501612
68504008
68503315
68510519
68513818
68509560
68502110
68500190
68503210
68503650
68504022
68504020
68510106
68510726
68503370
68501420
68502470
68500290
68503500
68501453
68501480
68502070
68513641
68506783
68501529
68513602
68503300
68513678
68513761
68501844
68500320
68501820
68501618
68501170
68501537
68513617
68503080
68502832
68513777
68502848
68506773
68501090
68509520
68502340
68507770
68501120
68503620
68503550
68501360
68513603
68513689
68513751
68513822
68506678
68502700
68507765
68510501
68504240
68510722
68500552
68502020
68513779
68513605
68506683
68502140
68502540
68502850
68506745
68501610
68501527
68500584
68500410
68506771
68500554
68510527
68502300
68502808
68506751
68501862
68503020
68509460
68508330
68502430
68501700
68513683
68513771
68503340
68503390
68503320
68501310
68500450
68513635
68503460
68501400
68501780
68506817
68513783
68501522
68510543
68506721
68510547
68501523
68513200
68513270
68510130
68510020
68510350
68511040
68505110
68513450
68513530
68505100
68505090
68511380
68509340
68509040
68509140
68506050
68507370
68507570
68507040
68507490
68512040
68512080
68512160
68512410
68513040
68508050
68506055
68513716
68501255
68508355
68508455
68503565
68507786
68507831
68500040
68501770
68500582
68510507
68500592
68502190
68502310
68501270
68513675
68513753
68500510
68503305
68504002
68502840
68501594
68503280
68506795
68503170
68508240
68504230
68504030
68510107
68510724
68501541
68508300
68503480
68500020
68502450
68509190
68512210
68513090
68513320
68510180
68510070
68510400
68511080
68505250
68505270
68505240
68511430
68509390
68509090
68506100
68507420
68507620
68508100
68507090
68512460
68506660
68513726
68508380
68512624
68508460
68503710
68507801
68507730
68510270
68511170
68505460
68505450
68511510
68509280
68506190
68508180
68507180
68512300
68512550
68506580
68509652
68513223
68512738
68508425
68508410
68508475
68513738
68508415
68512642
68513390
68507700
68507710
68513150
68513380
68510240
68511140
68505400
68505390
68509700
68509250
68506160
68506540
68508150
68507150
68512270
68512520
68512638
68510250
68511150
68505420
68505410
68509650
68509260
68506170
68513600
68508160
68507160
68512280
68512530
68513221
68513742
68511395
68513400
68510260
68511160
68505440
68505430
68509270
68506180
68506630
68507720
68508170
68507170
68512290
68512540
68509651
68513222
68508420
68512644
68502280
68509310
68510470
68513170
68513240
68510320
68511010
68505020
68513420
68513500
68505010
68505000
68511360
68509010
68509110
68506020
68507340
68507540
68508020
68507010
68507460
68512010
68512060
68512130
68512380
68513010
68508340
68510024
68501252
68513704
68513712
68503562
68507777
68507825
68506505
68503240
68501740
68504028
68512480
68513110
68513340
68510200
68510090
68510420
68511100
68505320
68505310
68505300
68509410
68509210
68506120
68506530
68507440
68507640
68508000
68507110
68512230
68509092
68508390
68512628
68513732
68508470
68503712
68507807
68513787
68501628
68504040
68504220
68510718
68501650
68510529
68502015
68513825
68500120
68509630
68507760
68507670
68513561
68508445
68508485
68501449
68501606
68503360
68501440
68502030
68513810
68513816
68500588
68506743
68504050
68506765
68500380
68513674
68513629
68510541
68510537
68513671
68506779
68502620
68503560
68502490
68503640
68502400
68501320
68501690
68502330
68513677
68513757
68501842
68501848
68506753
68506759
68502320
68504060
68510716
68501070
68501190
68501140
68501160
68503220
68513687
68500430
68503290
68501280
68501370
68501266
68501443
68502802
68506805
68506815
68510750
68501256
68506757
68500130
68501830
68503060
68504004
68504016
68503800
68506801
68504070
68510714
68502812
68513865
68502100
68500240
68500520
68500572
68504080
68510706
68506687
68513809
68510509
68509550
68503730
68508005
68502600
68501264
68510535
68509500
68506799
68500600
68503630
68502410
68501000
68502000
68501840
68503820
68502012
68513644
68508250
68501535
68504090
68510704
68510545
68501210
68500534
68503250
68509470
68513614
68510672
68510539
68510503
68502822
68513686
68500220
68506733
68500280
68501520
68501260
68502836
68506793
68503200
68506731
68500550
68501854
68506769
68501355
68502806
68513781
68501858
68502010
68502200
68513680
68513765
68501856
68513791
68500526
68500574
68501500
68501030
68501470
68506707
68500532
68500580
68500470
68500538
68500558
68506703
68500536
68506807
68510708
68500602
68501460
68500596
68504100
68510710
68500015
68502814
68503450
68501510
68506789
68502250
68513813
68501852
68503270
68501531
68500530
68500578
68502838
68506685
68504110
68510712
68502004
68503110
68501602
68500310
68513744
68506689
68513789
68513817
68502082
68503700
68501720
68501592
68510549
68503590
68502270
68502810
68501020
68501624
68501524
68503310
68500110
68501454
68501490
68500140
68502846
68501380
68501442
68513821
68513861
68513681
68506693
68513767
68504023
68506677
68513850
68501110
68500548
68513814
68500562
68504012
68500556
68506797
68503610
68513682
68513769
68501850
68510748
68506701
68500460
68513862
68506735
68508290
68504190
68500500
68500360
68502060
68513632
68513759
68501538
68502150
68503000
68501430
68503302
68510752
68500270
68509590
68502610
68510517
68509510
68502550
68500260
68508280
68501630
68508265
68500010
68506697
68504120
68503260
68501570
68506717
68513863
68503160
68506761
68504015
68502816
68500050
68506675
68501802
68506747
68513080
68513310
68510170
68510060
68510390
68505230
68505220
68505210
68511420
68509380
68509080
68509180
68506090
68506520
68507410
68507610
68508090
68507080
68512200
68512450
68508375
68512622
68503569
68507798
68506809
68501860
68504130
68510700
68503490
68500590
68513070
68513300
68510050
68510380
68511070
68505200
68513480
68513550
68505190
68505180
68511410
68509370
68509070
68509170
68506080
68506510
68507400
68507600
68508080
68507070
68507520
68512190
68512440
68512620
68508370
68513724
68503568
68507795
68510152
68513623
68501790
68500160
68513100
68513330
68510190
68510080
68510410
68511090
68505290
68505280
68505260
68509400
68509200
68506110
68507430
68507630
68508110
68507100
68512220
68512470
68509640
68506610
68508385
68510034
68512626
68508465
68513728
68503711
68507804
68501330
68501644
68501640
68504024
68509540
68504122
68510702
68510515
68502080
68502824
68500070
68501250
68513845
68510742
68501534
68501645
68501080
68503112
68503420
68503540
68509530
68500180
68510505
68503690
68502380
68513688
68513785
68513795
68501060
68502830
68506767
68506670
68504034
68513684
68513773
68501540
68506727
68501550
68501040
68502050
68502560
68502420
68502240
68501710
68513803
68501526
68510521
68503440
68501390
68513647
68513835
68506719
68506813
68501161
68510531
68501536
68501800
68500250
68501300
68503180
68513611
68503040
68503090
68513807
68502800
68513638
68513797
68507774
68507820
68506755
68501750
68504150
68511340
68506400
68512664
68506450
68506420
68512666
68506480
68506440
68512672
68506460
68506470
68506430
68512668
68506410
68513130
68513360
68510220
68511120
68505360
68505350
68509430
68509230
68506140
68508130
68507130
68512500
68506640
68507680
68507442
68508400
68512634
68513735
68509094
68507813
68500080
68507360
68512400
68513190
68513260
68510120
68510010
68510340
68511030
68505080
68513440
68513520
68505070
68505060
68509330
68509030
68509130
68506040
68506500
68507560
68508040
68507030
68507480
68512030
68512150
68513030
68512600
68505065
68508350
68510028
68503564
68507783
68500030
68513140
68513370
68510230
68511130
68505380
68505370
68509440
68509240
68506150
68508140
68507140
68512260
68512510
68507690
68507445
68508405
68512636
68507814
68500350
68500490
68504160
68502260
68513685
68502818
68513775
68506679
68506715
68501846
68501864
68501680
68502160
68500528
68500576
68501525
68513812
68513864
68500330
68503350
68513793
68510756
68501350
68501410
68503330
68503380
68503430
68502842
68502040
68501646
68513672
68503100
68506785
68513899
68504170
68503230
68508310
68500210
68510758
68503050
68501803
68501620
68503070
68501804
68501262
68501626
68510754
68509610
68502590
68509600
68500560
68500586
68506729
68513210
68513280
68510140
68510030
68510360
68511050
68505140
68513460
68513540
68505130
68505120
68511390
68509350
68509050
68509150
68506060
68507380
68507580
68508060
68507050
68507500
68512170
68512420
68513050
68512590
68506590
68508360
68510032
68512082
68513718
68503566
68507789
68507837
68506749
68503140
68506781
68506811
68501580
68506737
68508070
68513220
68513290
68510150
68510040
68510370
68511060
68505170
68513470
68505160
68505150
68511400
68509360
68509060
68509160
68506070
68507390
68507590
68507060
68507510
68512180
68512430
68513060
68513560
68506600
68508365
68508480
68512084
68512378
68513722
68503567
68507792
68507840
68500300
68500370
68501801
68513801
68501230
68500060
68506699
68502220
68513815
68501180
68501730
68501670
68509570
68502440
68513626
68513819
68510525
68513860
68501521
68504124
68501528
68501598
68501200
68501810
68513840
68509580
68510513
68513608
68503520
68503150
68500440
68502570
68506713
68501220
68501265
68513679
68513763
68509620
68503660
68502360
68502006
68513799
68506671
68506711
68506803
68510746
68501660
68502290
68501805
68502185
68503563
68513180
68513250
68510110
68510000
68510330
68511020
68505050
68513430
68513510
68505040
68505030
68509320
68509020
68509120
68506030
68507350
68507550
68508030
68507020
68507470
68512020
68512070
68512140
68512390
68513020
68501253
68513705
68513714
68508345
68510026
68507780
68507828
68500090
68513120
68513350
68510210
68510100
68511110
68505340
68505330
68509420
68509220
68506130
68508120
68507120
68512240
68512490
68509670
68506620
68507740
68507441
68513734
68508395
68512632
68507810
68500420
68502826
68511270
68506300
68507290
68512250
68512350
68505533
68512112
68507015
68511310
68506350
68512656
68511290
68506320
68507310
68512362
68512652
68511330
68506390
68512662
68511320
68506380
68512660
68507045
68506340
68507005
68512366
68507025
68506360
68507035
68506370
68511300
68506330
68507320
68512654
68512364
68511280
68506310
68507300
68512360
68512650
68508320
68501150
68501760
68510523
68508260
68504126
68501450
68502008
68513620
68513160
68513230
68510310
68511000
68513410
68513490
68509300
68509000
68509100
68506010
68507330
68507530
68508010
68507000
68507450
68512000
68512050
68512120
68512370
68513000
68505550
68506015
68501251
68513702
68513708
68508335
68510022
68503561
68506830
68500542
68501533
68500594
68500606
68513670
68502834
68501600
68506763
68510280
68511180
68505480
68505470
68509290
68506200
68508190
68507190
68512310
68512560
68509680
68504140
68507735
68511515
68513224
68508430
68504141
68511220
68505520
68506250
68507240
68512090
68512320
68506642
68513229
68510038
68512376
68502804
68510300
68505500
68506220
68506560
68508210
68507210
68512580
68513226
68508440
68504144
68511260
68505540
68506290
68507280
68512630
68512610
68512111
68510048
68511250
68506280
68507270
68512110
68506645
68505551
68513233
68510046
68512342
68511210
68506240
68508230
68507230
68506641
68513228
68510036
68512374
68504148
68512100
68511230
68505530
68506260
68507250
68512330
68506643
68513231
68510042
68501100
68511240
68506270
68507260
68512340
68505610
68506644
68510044
68512102
68513232
68500340
68513227
68511200
68505510
68506230
68506570
68508220
68507220
68504146
68512372
68511530
68510290
68511190
68505490
68506210
68506550
68507650
68508200
68507200
68512570
68511516
68513225
68508435
68504142
68501590
68506691
68503130
68502120
68502002
68504128
68501539
68501457
68500566
68500546
68508270
68504132
68513673
68506000
