67204095
67205070
67202560
67203087
67215250
67212215
67208210
67201635
67202621
67203020
67202500
67208055
67201625
67214215
67215230
67216085
67201615
67212010
67214380
67212200
67206170
67207090
67203090
67205090
67213060
67213105
67202540
67206075
67203065
67206105
67201515
67203040
67207020
67213080
67214250
67214555
67216025
67216125
67216130
67212235
67212195
67201025
67214035
67201630
67212150
67202630
67202600
67203005
67210070
67206150
67207100
67201125
67201562
67202055
67204015
67201060
67215030
67213095
67205622
67215070
67216035
67212040
67206180
67202505
67216137
67207040
67203006
67208190
67213470
67214030
67201115
67212105
67202514
67208015
67213035
67206040
67202035
67202020
67202015
67201565
67213130
67208125
67213110
67215205
67201015
67205125
67205170
67208230
67208225
67214260
67215095
67203095
67204035
67206175
67207015
67210095
67207005
67208010
67206095
67211045
67206060
67202610
67210170
67213070
67205075
67207030
67213065
67214270
67204085
67203135
67203610
67202605
67201045
67205500
67214005
67208290
67213008
67212005
67211010
67209005
67210005
67214105
67204065
67202626
67215130
67204055
67215120
67214110
67212025
67213115
67215190
67208160
67216145
67201525
67212155
67204050
67214095
67213025
67215140
67203085
67207060
67212085
67206190
67215105
67203070
67205120
67213370
67213265
67214170
67207070
67208005
67205505
67206045
67205010
67212190
67206155
67213165
67213455
67214445
67214330
67216105
67215145
67202545
67203612
67215020
67215025
67214015
67201030
67202046
67201605
67203110
67210030
67214210
67213120
67216215
67202507
67205095
67202590
67203007
67205060
67205055
67212355
67205585
67202520
67205590
67205595
67216287
67215232
67214010
67202040
67203145
67203180
67214470
67202627
67206070
67203220
67215210
67210085
67208200
67201090
67213150
67213440
67214430
67214315
67216060
67216090
67206025
67208045
67214480
67205110
67209040
67212185
67210015
67213490
67207010
67210185
67210165
67216170
67201505
67214540
67201180
67201555
67208040
67214025
67201545
67204090
67208060
67208065
67210010
67214225
67215100
67212340
67205005
67204100
67201050
67202555
67206205
67208130
67205565
67204105
67205020
67201110
67204060
67203120
67206245
67208220
67210100
67212175
67209055
67210195
67211035
67213040
67213195
67206005
67205570
67206047
67208292
67203015
67206050
67214045
67210155
67212160
67202580
67202595
67214300
67214305
67203100
67201560
67205065
67203175
67205620
67205165
67207080
67208315
67208110
67215155
67202622
67209020
67209015
67208205
67214535
67206055
67212100
67215110
67210175
67210035
67208105
67203115
67208195
67208120
67214290
67216020
67212205
67212020
67212055
67203125
67205025
67212230
67201200
67201585
67212060
67212045
67212145
67212220
67208310
67213220
67205130
67206145
67213075
67201590
67203615
67208030
67209060
67210190
67213100
67213485
67214240
67215050
67215170
67212140
67210110
67205515
67215135
67212180
67212130
67212225
67201150
67205600
67205040
67201055
67208170
67208320
67208305
67207200
67212115
67207085
67205145
67203035
67206165
67215045
67216150
67210145
67211040
67212095
67215065
67215165
67208100
67216212
67202030
67205140
67215175
67215240
67207025
67201080
67204005
67203605
67210050
67202515
67210160
67212345
67214245
67201035
67215150
67208090
67201550
67212030
67215160
67215220
67215235
67208300
67208080
67215180
67215085
67201185
67204075
67209010
67201065
67213045
67214220
67214525
67201010
67205015
67210075
67208180
67214385
67201500
67203080
67208115
67208085
67208075
67208070
67211025
67212120
67205150
67214235
67214520
67215195
67216032
67214297
67215115
67208020
67202565
67201510
67205610
67207195
67216015
67207075
67202585
67205100
67214265
67214205
67204045
67202550
67214465
67214355
67216120
67202535
67203008
67205560
67207190
67213180
67214460
67214350
67216115
67203600
67214085
67201620
67210150
67213055
67215040
67214475
67216135
67212075
67201540
67213190
67206185
67204070
67210025
67210080
67213020
67213010
67214295
67208295
67208235
67214020
67215245
67203165
67215080
67206230
67206090
67204020
67201070
67209050
67212335
67213090
67214530
67215185
67201520
67212135
67201075
67207045
67208025
67210090
67213210
67215075
67216050
67212350
67212065
67213200
67213205
67213480
67216045
67216155
67212170
67202025
67201005
67203042
67201600
67201145
67214490
67213430
67215005
67204030
67205160
67215215
67205035
67205525
67207120
67207150
67213015
67214055
67214060
67203050
67202615
67206015
67216165
67215060
67203010
67202602
67201575
67216210
67213140
67210115
67205540
67205575
67207135
67207165
67214075
67216180
67214370
67203030
67201100
67213160
67213450
67214440
67214325
67216075
67216100
67203150
67203075
67205545
67207140
67207170
67214080
67202625
67212165
67205510
67202512
67208035
67208150
67208165
67211030
67202045
67201130
67209025
67212080
67205045
67205605
67212050
67211005
67205105
67212070
67212125
67201535
67214100
67215090
67201020
67210135
67213030
67201530
67209035
67202005
67208145
67210140
67203060
67202065
67205050
67206160
67214230
67214545
67203155
67202510
67216185
67216205
67203045
67202530
67213050
67205530
67205580
67207125
67207155
67214050
67214065
67216190
67203055
67213170
67213460
67214450
67214335
67216070
67215010
67203072
67213175
67213465
67214455
67214345
67216080
67216110
67207110
67208095
67203140
67205555
67207180
67207185
67216195
67216040
67205550
67207145
67207175
67210020
67210130
67213085
67214160
67214155
67214150
67214145
67214140
67214125
67214115
67214175
67214180
67214185
67214190
67214195
67214200
67214280
67203105
67208155
67206080
67208140
67208215
67215035
67216160
67205115
67205080
67201580
67205030
67205520
67205535
67207130
67207160
67214070
67216175
67212110
67214510
67213270
67203160
67205085
67207095
67201610
67212035
67213005
67201095
67213155
67213445
67214435
67214320
67216065
67216095
67203185
67202522
67202524
67204080
67214485
67215055
67207115
67203025
67204040
67201085
67213145
67213435
67214425
67214310
67216055
67202531
67210120
67206020
67208185
67202620
67215015
67214550
67215200
67206065
67202570
67201105
67216030
67205175
67205512
67211050
67212015
67210045
67216200
67216202
67213125
67208175
67206140
67201570
67215125
67216140
67201040
67214090
67210125
67210105
67210040
67214340
67209045
67214360
67203021
67208135
67213395
67213365
67214135
67213260
67213360
67214130
67213255
67213355
67214120
67213250
67213350
67213245
67213345
67213240
67213235
67213335
67213230
67213330
67213225
67213325
67213215
67213320
67213315
67213310
67213305
67213300
67213410
67213415
67213405
67213425
67213380
67213385
67213390
67213280
67213400
67201595
67204010
67202525
