68551178
68554295
68552368
68553041
68550670
68554702
68549688
68554360
68550458
68552685
68552398
68552188
68554298
68551120
68551523
68553400
68553330
68553802
68552390
68552740
68553365
68550025
68551160
68554170
68554372
68554765
68553765
68552428
68552400
68550475
68550051
68550535
68554400
68552775
68550292
68550550
68552767
68551090
68551580
68550520
68550033
68554350
68554055
68552800
68550814
68553420
68551007
68551220
68551780
68552542
68552748
68552750
68550836
68552841
68551453
68554010
68553315
68550012
68550013
68551448
68550822
68552830
68554504
68550160
68550182
68554510
68552690
68552214
68551535
68553303
68553804
68549683
68551521
68549607
68552412
68551000
68552155
68550205
68550492
68550253
68554535
68550035
68550048
68551190
68553090
68554283
68551015
68550826
68552772
68549611
68549629
68549631
68549633
68549635
68549637
68549639
68549641
68549643
68549645
68549647
68549613
68549649
68549651
68549653
68549655
68549657
68549659
68549615
68549617
68549619
68549621
68549623
68549625
68549627
68551180
68554708
68553812
68553814
68553816
68553818
68553820
68553822
68551438
68550220
68551320
68554610
68551603
68553026
68553016
68553018
68554288
68554293
68552441
68550052
68552788
68550090
68552730
68552645
68554515
68549601
68553008
68553375
68549685
68552190
68554061
68554000
68550313
68550063
68550200
68552785
68550804
68551225
68552370
68550525
68550053
68550465
68550455
68552340
68552687
68550300
68549664
68551240
68550005
68550325
68551650
68552735
68553052
68552242
68550874
68553520
68549662
68553270
68550630
68554750
68550150
68550152
68550724
68554431
68551610
68551620
68551630
68550318
68552197
68551208
68551613
68554640
68554625
68554630
68554635
68552025
68551623
68551213
68552015
68551618
68552045
68554621
68554620
68552035
68554611
68554645
68554650
68553824
68553842
68553844
68552641
68553846
68553848
68553850
68553852
68553854
68553856
68553858
68553860
68553826
68553862
68553864
68553866
68553868
68553870
68553872
68553874
68553876
68553878
68553880
68553828
68553882
68553884
68553886
68553888
68553830
68553832
68553834
68553836
68553838
68553840
68554117
68550480
68550054
68554318
68550430
68550265
68552160
68553305
68552183
68553020
68553530
68554725
68553715
68550580
68551540
68550477
68550056
68550010
68553360
68551436
68553000
68553005
68553570
68550577
68554740
68551198
68554030
68550285
68553325
68552068
68550165
68552080
68552130
68552057
68552049
68552051
68552053
68552050
68554613
68554312
68554200
68554497
68552270
68552440
68551485
68551775
68550447
68553257
68554707
68550730
68550860
68550882
68549671
68551870
68551875
68554340
68550015
68552052
68551012
68551203
68553577
68552120
68552795
68552110
68552240
68554604
68553050
68554710
68550625
68550277
68552544
68552070
68552047
68552170
68552692
68552090
68552100
68552060
68552055
68552150
68552208
68550360
68550017
68550485
68552059
68552062
68551640
68554600
68554325
68554359
68552073
68552780
68550802
68549661
68549680
68553295
68553590
68553700
68552290
68551510
68551690
68554701
68551526
68553735
68550870
68552510
68550765
68551850
68551735
68551532
68552500
68550760
68551778
68551533
68550095
68552313
68551534
68552815
68550731
68552786
68551250
68551252
68552330
68552431
68550445
68551475
68551660
68554285
68552605
68550660
68552675
68550854
68550888
68551537
68554704
68549668
68550892
68549666
68550467
68551539
68553308
68551705
68553755
68551528
68550866
68554330
68554303
68552650
68551600
68554605
68549605
68552794
68552762
68550410
68550275
68553014
68554735
68553001
68553502
68553705
68553730
68550842
68552835
68554110
68551200
68552200
68552203
68553385
68551010
68554290
68553340
68550530
68550027
68552168
68554002
68554004
68552792
68554296
68553350
68551550
68552680
68551555
68552218
68550474
68550058
68552764
68552020
68551270
68550250
68550600
68550100
68554520
68550112
68553160
68554050
68552078
68553220
68551195
68552028
68551444
68554137
68554379
68551310
68553060
68554130
68554313
68553080
68552782
68552220
68552695
68552227
68553395
68554405
68554190
68553280
68553560
68554310
68552751
68552350
68552698
68554525
68550170
68550230
68550846
68552828
68554575
68550590
68551235
68550110
68550824
68552823
68550350
68550057
68552185
68552711
68550345
68552193
68552347
68552703
68550610
68553508
68553055
68553605
68550450
68552766
68552819
68554150
68550432
68554410
68551434
68550014
68554316
68553810
68552839
68550838
68552670
68552842
68550844
68554308
68552770
68550828
68553210
68554590
68552710
68552228
68554160
68551442
68554382
68554314
68553070
68554700
68550623
68554230
68553342
68554371
68553607
68550140
68550030
68550192
68552260
68554705
68553057
68550620
68554500
68553110
68552797
68550812
68554250
68554373
68551233
68554070
68551205
68551028
68551230
68554144
68553029
68554374
68553606
68552768
68550840
68553800
68551522
68552360
68554060
68550834
68552843
68553028
68550370
68552380
68550315
68550495
68552745
68551134
68554080
68553251
68552263
68550591
68552088
68551150
68553297
68553550
68549684
68554180
68554420
68552010
68551280
68554292
68550400
68550515
68550271
68550808
68552793
68550068
68554530
68550130
68552827
68553180
68553612
68550320
68551536
68552030
68552617
68551321
68552366
68554294
68550310
68552364
68554291
68550040
68554334
68554302
68554270
68554375
68552760
68552755
68550490
68551060
68551454
68550303
68554505
68550062
68553356
68551785
68551451
68550171
68553025
68550050
68553040
68550075
68554715
68553725
68550635
68550210
68551245
68550247
68553275
68553525
68553007
68554335
68550560
68552630
68550085
68550295
68552635
68554025
68549603
68553654
68553500
68552810
68550818
68550195
68550060
68550080
68551655
68554540
68552040
68550065
68550042
68554142
68550404
68551446
68554380
68551140
68551100
68550435
68551545
68551520
68550464
68554355
68554090
68552833
68553200
68553281
68553510
68553644
68553521
68554280
68553240
68552834
68550380
68550305
68550505
68552460
68551765
68554755
68551525
68550872
68550862
68553354
68553611
68554284
68552600
68552300
68552433
68551505
68551685
68554716
68550723
68551524
68550876
68554133
68552470
68550745
68553750
68551768
68551527
68550868
68550190
68554300
68552140
68552705
68552215
68552805
68550816
68553130
68553003
68553204
68552845
68550832
68550240
68553370
68551452
68551207
68551215
68554306
68551432
68554006
68551300
68554615
68551605
68552333
68552708
68551110
68551210
68551340
68554140
68554415
68554381
68551790
68554210
68552204
68552169
68554376
68553010
68553540
68554730
68553710
68552322
68550820
68550595
68551560
68551538
68554040
68554240
68553344
68553291
68554377
68553608
68552820
68554075
68553808
68554315
68552778
68550810
68552217
68552700
68551080
68553300
68554602
68551565
68551242
68551612
68553170
68553271
68552206
68549681
68552825
68554100
68554305
68554082
68553806
68550340
68553380
68550055
68553015
68551204
68549663
68551750
68552245
68551740
68551840
68551860
68551845
68551851
68551855
68551730
68550438
68551530
68552580
68550500
68552320
68551495
68551670
68553256
68554711
68550858
68550884
68550640
68549670
68550645
68553150
68553013
68552490
68550755
68551531
68550806
68552790
68551450
68553610
68553505
68552847
68550830
68552640
68551645
68554665
68552585
68550545
68553470
68553058
68553065
68553620
68553515
68553720
68553030
68554720
68553034
68553410
68553430
68551005
68551222
68551509
68552280
68554120
68554899
68550540
68551130
68550323
68553190
68554260
68554378
68550328
68550185
68554550
68550070
68550045
68553120
68552310
68551500
68551680
68553259
68554713
68550880
68551020
68550255
68550510
68551567
68554323
68553347
68553294
68553609
68550270
68552450
68551490
68554709
68550735
68551758
68550878
68554282
68552660
68553260
68553506
68551330
68553440
68552784
68551040
68551575
68550243
68553460
68551260
68550470
68550059
68552610
68552432
68553140
68553088
68553613
68552230
68552665
68553075
68552248
68549682
68550120
68554020
68553320
68553480
68551050
68553614
68553615
68553616
68553617
68550460
68552430
68551480
68551665
68553254
68554706
68550725
68550665
68550856
68550886
68549669
68549687
68550468
68552480
68551770
68550452
68550750
68553760
68551529
68550864
68551030
68554139
68554370
68554383
68551825
68551810
68551725
68552590
68551745
68552265
68552410
68550795
68551815
68552420
68550800
68551830
68551835
68552570
68550790
68551808
68551431
68550280
68550023
68550420
68551290
68552067
68551628
68552069
68551228
68551229
68551070
68551470
68551675
68554703
68552595
68550650
68550852
68550890
68549667
68549686
68554286
68549665
68553390
68550330
68553290
68553580
68551025
68551570
68550514
68551715
68552540
68551710
68551281
68551755
68554345
68549609
68552560
68550785
68551800
68551783
68551760
68552550
68551720
68550780
68550775
68552530
68551695
68552520
68551700
68550770
68550390
68550575
68550307
68552840
68553310
68554320
68552720
68552713
68552210
68553100
68552765
68552250
68552411
68550020
68550155
68550215
68550440
68550264
68553450
68550570
