68557800
68555130
68557285
68555410
68556430
68556010
68557335
68557692
68557656
68557576
68557864
68557362
68555360
68557070
68555175
68557535
68555845
68557115
68557862
68557558
68557519
68556425
68557359
68557165
68557704
68556140
68557125
68557361
68555380
68557810
68555500
68556020
68557521
68557295
68557574
68555400
68557764
68557369
68557265
68555051
68555053
68555055
68555057
68557750
68557760
68557522
68555101
68555103
68555105
68555107
68557556
68557702
68557564
68557245
68555570
68557015
68555025
68557065
68555111
68555113
68555115
68555117
68557175
68557358
68555181
68555183
68556580
68555825
68555091
68555093
68555095
68555097
68557523
68557509
68557758
68555660
68555665
68556465
68556190
68557814
68557025
68555035
68557506
68557310
68555221
68555223
68556402
68557700
68557215
68557660
68555061
68555063
68555065
68555067
68555460
68557372
68557780
68557035
68555620
68555625
68557824
68556260
68557854
68555575
68557846
68557848
68556250
68557850
68555578
68557852
68557562
68555690
68555695
68556410
68557804
68555600
68555605
68557828
68555081
68555083
68555085
68555087
68557710
68556150
68557510
68557513
68557698
68557205
68557503
68555015
68555420
68557708
68556040
68557195
68557686
68556585
68555830
68555201
68555203
68557505
68557752
68556030
68557350
68555261
68555263
68555450
68555171
68555173
68556575
68555820
68557275
68555161
68555163
68556565
68555815
68557508
68555510
68555560
68556080
68557696
68557654
68557694
68555300
68557504
68556050
68557485
68557055
68555140
68557135
68557680
68555320
68557305
68557365
68555530
68557480
68557145
68556090
68555710
68555715
68556400
68557486
68557518
68555006
68555008
68555012
68555014
68556000
68557756
68556100
68557774
68557772
68556120
68557516
68557706
68557075
68557568
68556060
68557340
68555251
68555253
68557532
68556420
68557502
68557325
68557366
68557357
68557185
68557000
68555020
68555310
68557517
68557356
68556015
68557225
68557235
68557550
68557650
68557652
68555543
68555630
68555635
68556450
68556210
68557822
68555640
68555645
68556455
68557820
68557255
68555610
68555615
68556220
68557826
68557754
68557530
68556415
68557507
68557860
68557560
68556500
68556505
68556409
68557364
68555370
68557050
68555270
68555340
68555540
68555430
68557080
68555330
68557870
68557105
68557345
68557320
68555231
68555233
68556590
68556408
68557368
68557315
68555541
68555545
68556560
68555805
68557572
68555241
68555243
68556595
68556412
68557658
68557688
68557554
68556302
68555480
68557045
68557803
68557805
68557815
68557809
68555580
68555585
68557836
68555670
68555675
68557808
68557812
68557230
68556240
68557838
68557842
68557844
68555071
68555073
68555075
68555077
68556070
68556545
68556550
68556555
68555191
68555193
68557232
68557280
68555280
68556520
68556525
68556413
68556510
68556515
68556411
68555031
68555033
68555036
68555038
68556530
68556535
68556540
68557776
68557520
68557300
68555205
68555207
68556401
68557534
68557155
68557515
68558899
68557500
68557762
68555650
68555655
68556460
68557816
68555121
68555123
68555125
68555127
68557150
68556200
68557818
68555471
68555473
68557363
68557525
68557566
68557866
68557778
68556110
68557784
68557786
68557682
68557684
68555700
68555705
68556405
68555151
68555153
68555350
68557712
68557005
68557371
68557514
68557552
68555680
68556403
68555685
68556180
68557806
68555590
68555595
68556230
68557832
68557834
68557823
68557835
68557833
68557821
68557829
68557825
68557355
68557512
68555550
68556170
68557802
68556160
68557501
68556130
68557095
68555290
68555390
68555041
68555043
68555045
68555047
68557856
68557851
68557855
68557837
68557847
68557853
68557857
68557849
68557859
68556270
68557858
68557511
68555011
68555013
68555016
68555018
68557782
68557768
