75080170
75104010
75113270
75100010
75120010
75064590
75064379
75080010
75145010
75143010
75044390
75053470
75075180
75073005
75114010
75103340
75073240
75096697
75131808
75080800
75106865
75115225
75134885
75044065
75104811
75110435
75070545
75044025
75075575
75105225
75044548
75140615
75095352
75140666
75060137
75043898
75103772
75101510
75070035
75130295
75060656
75043884
75123130
75080020
75080190
75080705
75080180
75053373
75133894
75135010
75060080
75135566
75095090
75133560
75065762
75084030
75085085
75103350
75093010
75072125
75085815
75093350
75090020
75126445
75101437
75084020
75053599
75074862
75144230
75101435
75040050
75053195
75053440
75124010
75106020
75140010
75091145
75143707
75120045
75123035
75091409
75106595
75020150
75080886
75084040
75135339
75060050
75064410
75124854
75095011
75091025
75124020
75104210
75110590
75145493
75071110
75130113
75136245
75136225
75133870
75053415
75125150
75071835
75104360
75130020
75020200
75025030
75140040
75140636
75040140
75133010
75080030
75080888
75040110
75143250
75140395
75095180
75135573
75086000
75083393
75114065
75120680
75125010
75125685
75125330
75065010
75064310
75130800
75110700
75083560
75066530
75083415
75020210
75083500
75060070
75093280
75143260
75143532
75124030
75120380
75023030
75043172
75140470
75140603
75140662
75135658
75020440
75140472
75120440
75040260
75060150
75060004
75060655
75083270
75060710
75124760
75064070
75064358
75134400
75071170
75093020
75134010
75084050
75144010
75135503
75071220
75073593
75072145
75054730
75090740
75115010
75075010
75064370
75064100
75053300
75113290
75064075
75071894
75106120
75104530
75043100
75060060
75123310
75140280
75060190
75060153
75113640
75123465
75143710
75115235
75101156
75053313
75093315
75131790
75140290
75075752
75091050
75072140
75085818
75102240
75126400
75106010
75124839
75130745
75020160
75143270
75040270
75143880
75084215
75140230
75083220
75095260
75103237
75135740
75091195
75134020
75020005
75106600
75144875
75102278
75135020
75110010
75080820
75020355
75113635
75024080
75064790
75044320
75073840
75140629
75136500
75106830
75140260
75095190
75073660
75135730
75130050
75130060
75024090
75120390
75083055
75110020
75093030
75096717
75105140
75126450
75133810
75134460
75065019
75083403
75144855
75135345
75114806
75125140
75135331
75101035
75134690
75101040
75113355
75113190
75134700
75110030
75101446
75103010
75044055
75053245
75135030
75104540
75135720
75135760
75126325
75130750
75130070
75102150
75056029
75102000
75064600
75045090
75113520
75045252
75091459
75115718
75115390
75100020
75115020
75115583
75103108
75066215
75083215
75095350
75083300
75065774
75135710
75091120
75140240
75134475
75145380
75130160
75071020
75091296
75071277
75090030
75103200
75093745
75095665
75054777
75084060
75113300
75060730
75054745
75133780
75115240
75075744
75085114
75124863
75091065
75065016
75102600
75102140
75130780
75065320
75103470
75103480
75126330
75133890
75113325
75063384
75125030
75104770
75114020
75120020
75075750
75105045
75134030
75120400
75045250
75135770
75104550
75103190
75106535
75123320
75113070
75091045
75143882
75110040
75103670
75144020
75075565
75135705
75130790
75044350
75044050
75113310
75093040
75025080
75115520
75091170
75075190
75084575
75103360
75145503
75145425
75145000
75124810
75091400
75144030
75130735
75040120
75120410
75020450
75072035
75134670
75101413
75091450
75110610
75143280
75123050
75020070
75096719
75045180
75101153
75130100
75095275
75095450
75115250
75064490
75053720
75084595
75084070
75054733
75123060
75144501
75102280
75131550
75103109
75066225
75054835
75132272
75101455
75072130
75133807
75065090
75084080
75106200
75105260
75134040
75091455
75071892
75070600
75143020
75083265
75075200
75106850
75074700
75148032
75020235
75023020
75140475
75140050
75140610
75140664
75140642
75113200
75106870
75143720
75140490
75143718
75071150
75110050
75144880
75080040
75080890
75130805
75054713
75133795
75085812
75060170
75123140
75053610
75134410
75054767
75064090
75074710
75043065
75130110
75020170
75135652
75105783
75020220
75104560
75143375
75143380
75140590
75145390
75103700
75102242
75075742
75060250
75114030
75113010
75080850
75080050
75080891
75140300
75113320
75134050
75106140
75054220
75125683
75143105
75102005
75102050
75102055
75102075
75102070
75102065
75102060
75102010
75102015
75102020
75102025
75102030
75102035
75102040
75102045
75083230
75064050
75103730
75103871
75103712
75063055
75063715
75070335
75070560
75097000
75091125
75090065
75093135
75091424
75120224
75120423
75072010
75103833
75126470
75106840
75131555
75075030
75073010
75063050
75070440
75070010
75104020
75113280
75125340
75100030
75064364
75064140
75145020
75053480
75080175
75103370
75073140
75144220
75096689
75131812
75106875
75144865
75115215
75134890
75143013
75104815
75103889
75070550
75044027
75044550
75140668
75103776
75101512
75080220
75080230
75080210
75133786
75054740
75101132
75073870
75143145
75060720
75054735
75104570
75095270
75064040
75053620
75134420
75133550
75144360
75134470
75145410
75136520
75071293
75071030
75140627
75091453
75134193
75084090
75044400
75110060
75054840
75133798
75020080
75106820
75144240
75113210
75125510
75125415
75125365
75125715
75133020
75140460
75143317
75143575
75134820
75140605
75143744
75133874
75023043
75104220
75123330
75120495
75143390
75075645
75140220
75072165
75120125
75123010
75123150
75123462
75120385
75104230
75125020
75133030
75125680
75125335
75123374
75123700
75136570
75123380
75126305
75060040
75110070
75093050
75053870
75144040
75134396
75134326
75083065
75083100
75083255
75134430
75060260
75024085
75140480
75140630
75072170
75104620
75140660
75140632
75103540
75043010
75043892
75024020
75023065
75140450
75143315
75140385
75144765
75144675
75143565
75023023
75140572
75143734
75125050
75091458
75143400
75065006
75113040
75065000
75075040
75104370
75070485
75070020
75133040
75064010
75080080
75074750
75120675
75134060
75130810
75140030
75140474
75140607
75140634
75123345
75125350
75140467
75143410
75083275
75083110
75060585
75070030
75091433
75054843
75025050
75103708
75103750
75063725
75070327
75070160
75063086
75120420
75123550
75144370
75101146
75101148
75040280
75073510
75043145
75045225
75045350
75103260
75071630
75071297
75125110
75136530
75083365
75083120
75080240
75095460
75103225
75095795
75143030
75113570
75123645
75020000
75113235
75103760
75123160
75113330
75053630
75083440
75125670
75115260
75123020
75084555
75124145
75124820
75123385
75126207
75130772
75130380
75130630
75133565
75084380
75070050
75070320
75073865
75110185
75075015
75123315
75075635
75120665
75120792
75083227
75133011
75123702
75109002
75083165
75120430
75075210
75123390
75123115
75113204
75091075
75020400
75084677
75135050
75114660
75050040
75095470
75060003
75060030
75104580
75093070
75133060
75126210
75064430
75093740
75104225
75131120
75130610
75115050
75110080
75115030
75072025
75101010
75104240
75103725
75095235
75095475
75103175
75103365
75103085
75101037
75101428
75105245
75104403
75103786
75070040
75136150
75095280
75095095
75095386
75133566
75065750
75105505
75093620
75074840
75064190
75094550
75105020
75053730
75106203
75132400
75097017
75071403
75114851
75071667
75135040
75133255
75104245
75070315
75056020
75073805
75143420
75054837
75072135
75054846
75133839
75064610
75093360
75054010
75106889
75093370
75075754
75131585
75075050
75114040
75113230
75064150
75145030
75104030
75100040
75080250
75103380
75073150
75096688
75131784
75106845
75115205
75143015
75104820
75070555
75044029
75085487
75053483
75044552
75053192
75103784
75101518
75080270
75080280
75080260
75101134
75134610
75144640
75145040
75134895
75134387
75105840
75124875
75110090
75093080
75143530
75054847
75091463
75091437
75084193
75075275
75084645
75104630
75070325
75070060
75063082
75125530
75103433
75131505
75085827
75090700
75130600
75134535
75084160
75144410
75093090
75020140
75144380
75123400
75123704
75130120
75135060
75115270
75096721
75074852
75072030
75101151
75091449
75134070
75135070
75144255
75110100
75143290
75097210
75097214
75097218
75020230
75103550
75070070
75143040
75103105
75102262
75130590
75075730
75103600
75053670
75110820
75053710
75054703
75091454
75133555
75054845
75073750
75115280
75084140
75135700
75064350
75065764
75124857
75075055
75093290
75100050
75084100
75074720
75020240
75140440
75144810
75053640
75113050
75144250
75072105
75133834
75093145
75102244
75113060
75096723
75103560
75102127
75133792
75101154
75110510
75084340
75126265
75103874
75103714
75103732
75065070
75134545
75065215
75084680
75074730
75060270
75140565
75140430
75104600
75144780
75095100
75097120
75071200
75044150
75044105
75071295
75143540
75102270
75064200
75103610
75054827
75044010
75103580
75053660
75084675
75084277
75115305
75044175
75103530
75073810
75060735
75054793
75106887
75143884
75083240
75084110
75104610
75040130
75053490
75133570
75133525
75123363
75102184
75104889
75132202
75144630
75060725
75072115
75097354
75097302
75090040
75104407
75097154
75135080
75060110
75140500
75140047
75090002
75134440
75074740
75135090
75101136
75120080
75095110
75110120
75091451
75070080
75143050
75083250
75140473
75075165
75104495
75110490
75131530
75053872
75106050
75103465
75105785
75071279
75096725
75134391
75050420
75050050
75053833
75120030
75097220
75097222
75097224
75097226
75097228
75097230
75097232
75097234
75097236
75097238
75097240
75097242
75097244
75097246
75097248
75097250
75097252
75097254
75097256
75097258
75097260
75097262
75097264
75097266
75097268
75097270
75097272
75097274
75097276
75097278
75097280
75097282
75097284
75097286
75097288
75097290
75097292
75097294
75097296
75097298
75097300
75136535
75044410
75136407
75131030
75135562
75071120
75071435
75073543
75072000
75135337
75144390
75144215
75135780
75131580
75066220
75131520
75103107
75084660
75070100
75075020
75083260
75084120
75074842
75130775
75130130
75071250
75071650
75056030
75101407
75095775
75095480
75060280
75093715
75113410
75060140
75130660
75104380
75053800
75105270
75106265
75114670
75126275
75106377
75133545
75133205
75113340
75064390
75080100
75120050
75135100
75133770
75130725
75130580
75126345
75102080
75126199
75102604
75043880
75115715
75063010
75113025
75103770
75103865
75103706
75120060
75123170
75136129
75136147
75136122
75136131
75136132
75136133
75136134
75136135
75136136
75136137
75136138
75136139
75136140
75136123
75136141
75136142
75136143
75136144
75136145
75136124
75136125
75136126
75136127
75136130
75054775
75102276
75093445
75093380
75073780
75071160
75140592
75071260
75140594
75044190
75095360
75064620
75135110
75060290
75130785
75130140
75065020
75054723
75053830
75083407
75083045
75115040
75025010
75140020
75140205
75131575
75110190
75043170
75040150
75070130
75103837
75090050
75064580
75134080
75134615
75145400
75072020
75090060
75143886
75050120
75114815
75113350
75050060
75064232
75064210
75134810
75053170
75106790
75053180
75130730
75020430
75143255
75023040
75140510
75140609
75064630
75104790
75063170
75140520
75104835
75104390
75044420
75053805
75045190
75110200
75110280
75045200
75104250
75064693
75101415
75075060
75080290
75113220
75064640
75064236
75145050
75053450
75104050
75053190
75100060
75103390
75096686
75131778
75144885
75143017
75104825
75044554
75103774
75102230
75101524
75080310
75080320
75080300
75114640
75133662
75071870
75090070
75135790
75023100
75043203
75110210
75060300
75106395
75084130
75095355
75053200
75125170
75144050
75083450
75106325
75065100
75103415
75071859
75103020
75060310
75101475
75110220
75124878
75103650
75070570
75063155
75063220
75045080
75045268
75103155
75130150
75113590
75124040
75075738
75105150
75106450
75106570
75106860
75105846
75120070
75093120
75065766
75083130
75083323
75083037
75093110
75132000
75106415
75106435
75106520
75074580
75072200
75071140
75044125
75114680
75123030
75120370
75133882
75114050
75040085
75020180
75076010
75084490
75134843
75100070
75044200
75125540
75135650
75096727
75134090
75134620
75120090
75040470
75080330
75113240
75145060
75053500
75114070
75075080
75096687
75131815
75144860
75104830
75044540
75064643
75103393
75102228
75101528
75080350
75080360
75080340
75135800
75103030
75040170
75103040
75074830
75106330
75136210
75140210
75140046
75135640
75120100
75084687
75083125
75133876
75110240
75094010
75096690
75120600
75053210
75045030
75040405
75091010
75123555
75134630
75110250
75113370
75134490
75103410
75093140
75125550
75065768
75091190
75091462
75053220
75143000
75120110
75113360
75084150
75053377
75124866
75054252
75091220
75073435
75106810
75060340
75060320
75113020
75135792
75040440
75045010
75053650
75135654
75102256
75115290
75084550
75084310
75084700
75084187
75103735
75103859
75103704
75083277
75083150
75070150
75140200
75125220
75040165
75043066
75072155
75080870
75080110
75085010
75071190
75071265
75105160
75050110
75090733
75083160
75130560
75120681
75120795
75105771
75136230
75084180
75074590
75072095
75085310
75064510
75070170
75065075
75083280
75075640
75143430
75080893
75053827
75053807
75123100
75104640
75085842
75073770
75083405
75133843
75106886
75130390
75140420
75143355
75140570
75043207
75023080
75114809
75114080
75083290
75115510
75060350
75091300
75091000
75091428
75084390
75130460
75074760
75130795
75130180
75114803
75083460
75083480
75110720
75103590
75074600
75123430
75105030
75113380
75020460
75075110
75080370
75105525
75114090
75064650
75145080
75053510
75113250
75096685
75131818
75066070
75104840
75040393
75101522
75101205
75080390
75080400
75101210
75101215
75101220
75101225
75101230
75080380
75125230
75086022
75144840
75144515
75080880
75065770
75126200
75133325
75113100
75114100
75080410
75136515
75086050
75086034
75086032
75086020
75086018
75086016
75086012
75086010
75086008
75086004
75086014
75086048
75086024
75086026
75086028
75086006
75086002
75086046
75086044
75086040
75086030
75086042
75086038
75086036
75043050
75044155
75080045
75113375
75113645
75080860
75115415
75106430
75045085
75080685
75115527
75053647
75044542
75080882
75105185
75044057
75106209
75105268
75133883
75113255
75110773
75115300
75110802
75091421
75105510
75105015
75114110
75045040
75045255
75114537
75105010
75105520
75093150
75103050
75105220
75124881
75135675
75085680
75114534
75105040
75144350
75064780
75064354
75064238
75066080
75066200
75053275
75100080
75144800
75065772
75103475
75114120
75044544
75115491
75105830
75105265
75100725
75106425
75106500
75106207
75106107
75145377
75145070
75106735
75085830
75096729
75136415
75091447
75043020
75140235
75045153
75044417
75044165
75024010
75023067
75140638
75085821
75074770
75053230
75114730
75135564
75135625
75090080
75097350
75054000
75093390
75091440
75071772
75071882
75102602
75123155
75123410
75043200
75024030
75023063
75140640
75043897
75123379
75123706
75104260
75064575
75130740
75076045
75110260
75054825
75054210
75091452
75064220
75064234
75066227
75097140
75104270
75045235
75143060
75075120
75084190
75084597
75135290
75054725
75105170
75144270
75140580
75143300
75020280
75110270
75110810
75110815
75044415
75136215
75113130
75040070
75143550
75071840
75040460
75091110
75075655
75143310
75143535
75040180
75104280
75120460
75071815
75135505
75076030
75104650
75083020
75083170
75083245
75053375
75115060
75065776
75080420
75105050
75064130
75145375
75145090
75113260
75053240
75053587
75053445
75096684
75131787
75105515
75104845
75070535
75101520
75114533
75102105
75102110
75102115
75102120
75102125
75102130
75080440
75080450
75080430
75140190
75065778
75064290
75106710
75140350
75130640
75075570
75134100
75101420
75054717
75085833
75066205
75064530
75093400
75113140
75104660
75106515
75106590
75106605
75106610
75106620
75106525
75106530
75106540
75106550
75106555
75106565
75106575
75106580
75043070
75135677
75040060
75060010
75091432
75071880
75136510
75113390
75020260
75125130
75091295
75103180
75045020
75083235
75135630
75126320
75091020
75136205
75075220
75071850
75065280
75072065
75103835
75145100
75025070
75140310
75140601
75140625
75115120
75120470
75135620
75135610
75143888
75126405
75064450
75093410
75072090
75103843
75054257
75135670
75091085
75134110
75025015
75136425
75054787
75133852
75060220
75135120
75130190
75070180
75063345
75063044
75135130
75104290
75060020
75114535
75105060
75110290
75130550
75130416
75140180
75144355
75144755
75143713
75144677
75144155
75113565
75020100
75025090
75025045
75073855
75114323
75043886
75120035
75140410
75133872
75020380
75103110
75134715
75124015
75101440
75102194
75103630
75064080
75064362
75065085
75065760
75134640
75145015
75145405
75143415
75075580
75085650
75054760
75133849
75096731
75075691
75075687
75075689
75075693
75075695
75075697
75075699
75075701
75075703
75075705
75075707
75075671
75075709
75075711
75075713
75075715
75075721
75075673
75075717
75075675
75075677
75075679
75075681
75075683
75075685
75123560
75063060
75134120
75102246
75096733
75064540
75134130
75102266
75102260
75090739
75143560
75144420
75101453
75133540
75130650
75106400
75054743
75144280
75134593
75130655
75054783
75143570
75144655
75085020
75040030
75102274
75071285
75064114
75071267
75080460
75053520
75131781
75104850
75053405
75105275
75064167
75101526
75080480
75080490
75080470
75065780
75144490
75143724
75143580
75104300
75071115
75053250
75084400
75101235
75071830
75103450
75143070
75084200
75135487
75113400
75133888
75071275
75135485
75075130
75140320
75103660
75136235
75065140
75071281
75133420
75143055
75110300
75110310
75104400
75044067
75044380
75103845
75133822
75093480
75126415
75110320
75140400
75053705
75145420
75145110
75053530
75096698
75131821
75080375
75101055
75101057
75101059
75101061
75101063
75101065
75101067
75050705
75080510
75101069
75101071
75101073
75101075
75080520
75101077
75050710
75101079
75101081
75050715
75050720
75050725
75050730
75080500
75050735
75050740
75050745
75126020
75075734
75065150
75143590
75103060
75134500
75084210
75144650
75135600
75071010
75131080
75103120
75145120
75044360
75073244
75133875
75148019
75134423
75101240
75135590
75131020
75101405
75101470
75103665
75104410
75135580
75120455
75135570
75102268
75071060
75097113
75064691
75110660
75104670
75101451
75103070
75134510
75134140
75133505
75084560
75093765
75103285
75095655
75101000
75101200
75097125
75114720
75064865
75064695
75130200
75130540
75131775
75130210
75093325
75135560
75054785
75102264
75143080
75083030
75083325
75083180
75131565
75135160
75064260
75064368
75097110
75073245
75073246
75132115
75090004
75135810
75135170
75130220
75064570
75071210
75071269
75104420
75140575
75143320
75054520
75064870
75064697
75073765
75103831
75085836
75140596
75054700
75133855
75102282
75072180
75095290
75134520
75044210
75106100
75145407
75044405
75063080
75044430
75101423
75085030
75136240
75120480
75126270
75053260
75071805
75123254
75104760
75095150
75060540
75136565
75115070
75071291
75134235
75134680
75136580
75123450
75134710
75023130
75140598
75104405
75084220
75103850
75103702
75103737
75103321
75084635
75097135
75135550
75064270
75064372
75101463
75144660
75126225
75083310
75083040
75143053
75091448
75091040
75134530
75050700
75144670
75101417
75101467
75101433
75134150
75064250
75064366
75040090
75044280
75043060
75143600
75064480
75064560
75053270
75072190
75060001
75145130
75053540
75131824
75083047
75080395
75101516
75120130
75133819
75090010
75106060
75125570
75131510
75085824
75060705
75072100
75054823
75133831
75103520
75135335
75073595
75114130
75101450
75063382
75070230
75063042
75063750
75060360
75070255
75065110
75020040
75120300
75103130
75120140
75140561
75143090
75114275
75110330
75083470
75020390
75103427
75105180
75091293
75125560
75053595
75114723
75053280
75091294
75084370
75103570
75131535
75071230
75135180
75060095
75130230
75064280
75064374
75065030
75095200
75075590
75072085
75060715
75054830
75133801
75045120
75063090
75020300
75054849
75053355
75054795
75123340
75123630
75054780
75133846
75110110
75103853
75110340
75044170
75136250
75125580
75053150
75053010
75053020
75053030
75053040
75053050
75053060
75053070
75053080
75053090
75053100
75066550
75053110
75053120
75066540
75053130
75053140
75114848
75114845
75114842
75114839
75124833
75124050
75124060
75124070
75124080
75124090
75124100
75124110
75124120
75124130
75124140
75124150
75124160
75124170
75124180
75124190
75124200
75124210
75124220
75124230
75124240
75124250
75124260
75124270
75124280
75124290
75124300
75124310
75124320
75124330
75124340
75124350
75124360
75124370
75124380
75124390
75124400
75124410
75124420
75124430
75124440
75124450
75124460
75124470
75124480
75124490
75124500
75124510
75124520
75124530
75124540
75124550
75124560
75124570
75124580
75124590
75124600
75124610
75124620
75124630
75124640
75124650
75124660
75124670
75124680
75124690
75124700
75124710
75066231
75066228
75066226
75066229
75066230
75096735
75144290
75095520
75126205
75133320
75106155
75020310
75045050
75091205
75060005
75115080
75134160
75134625
75093165
75064400
75134463
75106370
75136220
75115811
75100090
75085040
75071820
75043090
75124872
75144430
75123460
75103102
75103115
75040315
75080120
75080897
75131010
75085630
75085691
75085800
75071430
75065782
75065008
75136227
75084230
75130715
75091412
75093170
75110350
75105530
75114300
75093180
75135333
75065160
75106040
75084240
75130250
75106635
75103420
75120490
75065170
75044330
75044305
75065180
75144440
75064356
75064060
75114836
75040250
75084250
75144450
75143330
75140405
75091150
75080550
75044220
75063385
75065004
75075600
75110130
75120150
75110740
75095850
75144620
75110160
75040240
75106505
75124869
75113420
75103375
75044120
75140390
75024040
75145045
75085119
75113160
75113430
75103430
75114833
75053874
75113440
75140330
75040230
75125360
75123350
75130530
75134540
75065200
75065089
75095490
75143100
75103140
75063180
75145240
75044162
75103495
75065784
75076050
75126000
75125370
75080830
75113445
75125060
75044310
75044385
75148038
75044470
75133892
75091030
75124770
75106705
75090703
75106420
75093100
75106445
75106560
75144070
75093190
75103640
75045060
75045265
75103455
75040290
75143340
75143545
75093200
75113450
75134841
75080840
75140530
75110360
75144770
75140375
75050130
75106360
75113460
75104680
75095130
75053680
75040335
75105790
75135150
75125040
75120160
75044230
75044407
75083010
75075070
75120500
75043899
75040045
75020010
75023160
75043201
75093160
75120170
75114160
75071800
75071872
75083313
75093137
75045070
75124842
75131110
75060370
75125070
75110750
75109000
75110753
75115590
75133884
75115530
75106799
75091130
75080130
75080899
75115130
75134720
75110370
75093210
75130260
75120425
75124730
75126310
75074610
75125080
75095185
75095140
75076005
75075719
75090742
75090180
75097344
75090250
75097346
75090260
75090270
75090280
75090290
75090300
75090310
75090320
75090330
75090340
75090190
75090345
75090350
75090213
75090215
75090217
75090235
75090360
75090746
75090712
75090713
75090370
75090709
75090380
75090390
75097340
75090200
75090400
75090410
75090420
75090670
75090660
75090690
75090655
75090645
75090635
75090680
75090625
75090210
75090615
75090605
75090595
75090585
75090575
75090565
75090555
75090545
75090724
75090535
75090525
75090195
75090721
75090515
75090718
75090505
75090715
75090495
75090485
75090475
75090465
75090455
75090445
75090430
75090744
75090440
75090205
75090220
75097342
75090230
75090240
75114745
75091299
75023060
75043882
75103400
75125240
75145415
75144870
75076025
75020410
75020320
75103150
75110380
75053855
75131525
75066210
75114225
75105770
75114800
75110390
75113610
75105080
75104430
75115015
75104070
75103662
75104615
75104235
75115595
75135475
75080530
75080540
75080560
75131827
75145376
75145115
75064645
75106625
75125590
75125600
75053290
75106410
75040040
75060100
75060103
75110477
75110473
75102100
75145140
75120780
75053550
75096696
75131796
75104856
75104858
75104859
75104860
75104861
75104862
75104863
75104864
75096691
75104865
75104866
75095035
75104867
75104868
75104869
75104870
75104871
75104872
75104873
75104874
75102182
75104857
75096692
75104875
75104876
75104877
75104878
75104879
75104885
75102172
75102174
75102180
75102176
75102178
75102190
75102186
75102188
75102192
75102196
75102198
75102202
75102200
75102206
75102204
75143440
75143610
75090736
75065210
75123490
75101149
75096737
75106145
75093442
75085847
75054727
75103080
75093420
75090000
75090090
75054510
75133832
75054254
75134650
75054240
75075748
75091292
75113030
75144260
75106385
75144325
75095210
75060380
75144080
75140340
75106365
75101030
75071271
75054720
75144090
75054256
75106335
75091418
75114812
75103160
75101427
75135190
75043035
75043038
75106000
75095300
75053690
75044020
75133520
75106105
75044185
75075650
75136000
75136121
75134394
75134327
75053310
75053810
75093535
75095220
75085845
75093430
75106440
75106545
75053333
75091200
75114170
75093440
75126455
75071100
75143450
75143371
75143372
75143373
75102248
75110410
75104440
75143460
75064670
75095370
75095387
75071050
75064660
75094020
75053813
75126340
75101020
75065220
75053320
75114725
75076035
75144460
75120510
75106775
75053615
75044160
75084260
75053330
75054251
75103460
75044030
75101421
75103100
75106510
75064120
75093335
75065040
75110520
75110760
75065230
75110530
75043067
75125610
75114827
75110420
75060390
75043080
75040160
75040210
75140247
75103405
75104690
75130270
75136550
75043190
75106740
75065002
75135200
75065050
75064330
75064378
75050410
75130025
75101496
75104590
75094560
75094605
75094570
75094580
75094590
75094600
75094610
75094620
75094630
75094640
75094650
75094660
75094670
75094680
75094690
75094700
75094710
75094720
75094730
75095010
75094740
75095020
75094750
75095030
75094760
75095040
75094770
75095050
75094780
75095060
75094790
75095070
75094800
75095080
75145150
75053590
75053560
75096695
75131799
75054807
75091446
75120520
75053700
75134063
75114830
75143470
75020370
75054757
75126465
75103440
75101152
75133774
75143620
75073790
75133816
75045210
75133250
75045353
75054817
75110450
75133828
75106896
75054815
75085803
75073760
75106884
75103856
75103862
75133789
75100110
75074620
75140170
75045100
75045258
75020030
75074780
75113470
75043110
75110460
75091210
75131040
75114180
75066510
75113480
75084280
75044240
75145430
75093220
75145200
75065120
75063100
75101447
75140160
75110470
75073820
75064240
75135530
75043205
75023090
75065240
75134730
75135822
75105780
75066500
75053340
75090100
75126410
75096010
75080570
75097150
75144060
75125180
75144600
75136575
75084290
75085050
75083340
75083216
75106765
75124845
75131060
75144100
75131070
75103165
75101430
75106340
75106725
75106375
75140270
75114824
75110430
75136420
75075660
75075643
75120450
75143709
75106585
75095120
75095380
75076020
75115540
75053350
75140048
75134740
75125690
75124843
75124720
75083320
75085060
75106750
75134750
75071289
75071845
75040190
75066580
75053360
75144300
75064680
75134170
75075758
75091035
75071000
75053370
75145440
75144470
75110540
75131570
75136540
75065250
75053853
75140150
75113490
75148036
75145160
75085690
75144610
75135210
75060400
75106770
75101025
75023070
75075610
75085055
75113505
75113170
75110585
75094030
75073815
75131500
75045260
75044340
75043175
75040065
75071810
75070220
75101429
75103170
75020270
75148046
75084270
75135520
75110480
75074864
75103146
75101410
75097117
75113500
75084570
75053850
75076040
75101140
75120180
75091185
75103880
75124740
75106030
75115716
75074790
75084300
75123470
75123377
75123710
75063110
75020360
75123015
75120226
75020365
75123495
75113205
75144120
75050260
75080140
75053876
75125185
75125760
75140140
75091431
75071874
75115610
75071090
75140468
75126235
75110770
75073860
75063380
75130290
75131125
75130755
75130670
75053845
75053866
75071180
75106615
75102272
75053803
75053815
75091305
75091390
75091393
75091385
75091380
75091375
75091370
75091365
75091360
75091355
75091350
75091310
75091345
75091340
75091315
75091320
75091325
75091330
75091335
75091399
75091396
75091466
75120190
75134865
75106150
75091435
75071888
75064340
75106345
75072110
75085839
75143378
75097115
75136505
75096739
75134180
75105540
75105550
75105755
75105575
75097100
75125095
75125090
75144310
75105570
75133510
75105560
75105580
75105590
75074860
75105585
75074640
75060240
75140380
75144760
75125515
75125710
75143490
75097123
75097127
75134450
75064690
75134550
75106110
75101155
75126005
75148034
75080690
75126315
75064550
75133771
75130510
75130520
75125575
75054813
75096741
75101445
75054810
75131515
75125630
75053570
75096694
75131802
75145378
75145145
75148000
75148003
75148006
75148009
75148012
75148015
75148017
75148016
75103883
75130300
75131793
75134800
75134663
75084580
75083050
75126260
75104395
75091090
75060130
75060595
75060135
75066520
75091436
75071876
75085070
75144400
75104310
75133889
75123570
75093230
75096743
75120530
75091165
75125190
75075230
75148044
75065012
75075260
75135220
75145170
75113600
75053847
75126300
75123440
75120200
75091215
75053380
75085080
75040200
75064180
75136400
75045220
75045315
75045356
75091105
75095045
75095055
75095065
75095013
75095015
75095017
75123435
75134190
75134415
75075126
75084665
75120210
75044440
75130310
75084320
75064440
75066235
75080465
75064875
75143500
75133896
75060180
75143110
75070530
75085120
75085130
75085140
75085150
75091461
75096020
75094040
75094050
75094060
75094080
75094070
75094090
75094100
75094110
75094120
75094130
75094140
75094150
75094160
75094170
75094180
75094190
75094200
75094210
75094220
75094230
75094240
75094250
75094260
75094270
75094280
75094290
75094300
75094310
75094320
75094330
75094340
75094350
75094360
75094370
75094380
75094390
75094400
75094410
75094420
75094430
75094440
75094450
75094460
75094470
75094480
75094490
75094500
75145180
75053390
75053580
75096693
75115090
75053400
75103868
75135510
75104320
75110500
75043130
75070540
75105090
75083330
75123480
75123708
75084590
75083490
75140370
75144750
75143350
75084185
75110630
75134480
75053410
75130115
75060007
75020090
75110170
75093240
75144680
75134543
75093450
75093460
75133858
75106350
75065786
75131805
75060009
75134200
75105190
75134660
75131090
75130490
75134210
75135825
75131130
75130320
75044250
75053817
75134220
75065025
75115600
75106070
75072045
75054737
75103847
75093470
75064520
75054020
75126430
75106885
75064700
75110400
75084330
75074800
75075100
75084520
75064110
75044180
75065260
75091070
75072150
75103620
75144275
75091444
75134230
75144480
75074810
75134240
75044315
75044040
75114150
75095385
75093260
75075736
75143715
75144335
75135500
75044052
75140130
75140045
75050010
75064030
75105200
75105210
75115620
75071080
75090727
75090110
75126570
75126250
75044260
75134547
75060200
75145190
75053555
75140360
75065788
75065790
75114740
75134560
75106115
75071884
75044270
75085809
75093490
75120220
75073755
75134835
75126440
75133837
75106882
75091438
75083222
75083190
75134250
75060643
75060160
75063120
75133500
75060680
75103270
75093500
75090120
75131540
75054545
75073785
75106405
75130645
75104645
75104060
75134260
75072005
75073845
75140644
75134270
75063130
75070240
75075620
75083140
75105600
75105235
75115630
75100120
75073835
75144690
75064460
75044450
75115640
75105610
75063140
75063133
75053757
75104855
75104450
75126230
75143510
75071886
75093510
75103106
75144320
75095310
75095435
75095165
75094555
75095455
75095895
75095195
75095354
75134405
75053420
75145403
75054255
75134654
75054805
75133861
75054715
75135230
75054803
75136555
75101005
75050020
75095500
75064710
75134570
75106160
75104350
75133330
75134600
75073875
75144700
75130340
75124860
75093670
75093780
75093783
75093785
75093705
75093790
75093700
75093795
75093698
75093800
75093684
75093730
75093805
75093815
75093820
75093825
75093830
75093835
75093650
75093840
75093655
75093725
75093845
75093750
75093667
75093645
75093640
75093635
75093630
75093720
75093625
75093621
75093755
75093735
75093760
75093710
75131025
75124215
75130480
75063040
75123370
75125520
75126335
75133899
75084350
75120540
75075732
75095390
75130350
75110780
75115650
75143890
75113110
75114200
75140250
75045110
75110550
75131700
75134392
75131590
75134325
75134675
75145275
75143425
75143377
75135831
75124884
75135240
75135395
75023150
75143120
75135490
75131457
75145371
75134565
75134765
75043891
75135866
75113530
75071287
75123580
75064581
75140540
75130470
75130631
75131000
75054800
75133813
75102250
75131560
75110560
75109006
75113202
75094575
75103453
75110570
75104720
75084360
75103680
75085851
75071460
75085295
75085685
75085640
75085745
75102085
75096747
75094510
75094520
75094705
75096030
75094530
75050270
75073825
75102254
75054820
75133804
75105230
75123360
75125205
75070250
75143130
75091445
75091441
75135250
75060410
75075630
75072015
75126420
75073830
75101138
75106780
75134623
75113120
75020330
75054773
75093520
75110580
75110583
75090012
75090130
75093530
75073775
75106883
75101144
75114821
75115310
75125100
75104470
75134280
75064020
75130330
75064300
75064376
75065060
75135270
75135260
75104740
75071600
75060105
75091443
75071890
75071776
75144502
75126435
75133777
75080070
75143360
75143555
75095510
75071240
75093270
75064230
75064720
75134842
75053843
75095860
75095865
75095870
75095875
75095880
75095885
75095890
75103280
75054710
75144330
75101465
75064160
75135280
75085718
75024100
75023085
75043890
75120120
75123638
75120673
75123335
75120687
75104330
75065270
75071070
75083327
75083550
75143140
75071665
75071710
75071715
75071720
75071725
75071730
75071735
75071740
75071745
75071750
75071755
75071670
75071760
75071675
75071680
75071685
75071690
75071695
75071700
75071705
75105100
75101457
75044460
75050030
75134290
75134645
75143630
75060420
75090140
75071113
75090008
75020050
75064470
75070185
75106650
75106640
75106800
75113540
75114210
75115017
75114215
75140425
75140060
75140469
75113080
75103690
75097015
75097060
75097005
75097010
75097020
75097025
75097030
75097035
75097040
75097045
75097050
75097055
75097152
75080090
75063391
75063390
75064377
75063400
75063410
75063420
75063430
75063440
75063450
75063460
75063470
75063480
75063471
75063490
75063500
75063510
75063515
75063520
75063530
75063540
75063550
75063560
75063570
75063580
75063590
75063600
75063610
75063620
75063630
75063640
75063650
75063655
75063665
75063666
75063660
75054747
75102258
75043040
75024050
75023055
75043894
75084510
75095160
75102252
75043030
75024060
75023057
75043896
75024070
75120610
75084600
75148040
75145210
75084410
75135835
75132155
75132157
75135840
75132150
75135845
75135850
75135855
75132160
75135860
75132080
75135865
75132075
75132070
75132065
75071425
75073672
75071455
75073597
75071420
75073602
75073604
75073606
75073608
75073612
75073614
75073616
75071415
75073674
75071410
75071405
75071400
75071440
75071445
75071450
75125640
75091180
75050070
75115330
75135820
75101015
75053585
75054230
75071130
75073545
75072175
75064730
75110140
75110150
75084420
75085090
75040320
75103886
75073670
75073680
75073690
75073700
75073540
75073550
75073560
75073570
75073580
75073590
75073600
75073610
75073620
75073630
75073640
75073650
75102210
75102212
75102214
75102216
75102218
75102220
75102222
75102224
75102226
75136149
75131495
75131480
75131483
75131497
75097212
75131493
75131490
75131485
75131455
75131460
75131465
75131470
75131475
75097156
75097158
75097160
75097162
75097164
75097166
75097168
75097170
75097194
75097172
75097174
75097176
75097192
75097178
75097180
75097182
75097184
75097190
75097186
75097196
75097198
75097200
75097202
75097204
75097206
75095230
75065290
75106130
75045230
75133300
75073030
75140585
75143370
75134300
75114735
75133480
75101416
75103090
75133885
75145483
75145485
75145487
75145489
75145491
75145495
75145497
75145499
75145501
75102606
75102624
75102626
75102608
75102610
75102612
75102614
75102616
75102618
75102620
75102622
75045130
75133470
75044370
75045256
75060120
75135195
75096749
75130450
75095400
75135830
75103795
75103790
75113560
75020020
75025040
75025065
75130720
75126255
75134515
75134310
75103800
75103810
75104340
75134590
75134320
75103820
75064573
75090730
75134330
75103830
75064615
75136545
75075140
75045140
75045266
75076015
75143735
75143742
75143736
75143746
75143740
75143748
75143750
75143738
75143752
75143754
75143756
75143757
75143758
75073001
75073002
75073003
75103143
75124830
75113630
75115220
75064133
75134385
75115105
75115400
75115581
75106890
75105777
75110800
75040310
75110600
75091430
75071899
75071770
75145220
75104085
75104700
75074630
75125700
75103185
75131100
75124836
75065300
75091298
75085660
75065130
75106785
75093130
75125720
75125425
75093540
75075665
75075250
75060430
75090150
75063160
75126425
75103840
75093415
75085670
75120620
75140550
75140612
75071774
75071780
75071778
75071782
75071784
75071788
75071786
75071794
75071792
75071790
75071796
75071789
75136300
75136335
75136360
75136353
75136385
75136380
75136363
75136375
75136355
75136350
75136345
75136337
75136330
75136340
75136338
75136333
75136365
75136325
75136320
75136310
75136305
75136370
75136315
75136387
75125695
75053645
75084610
75025060
75064740
75084275
75149899
75083329
75083200
75106760
75113201
75145230
75065310
75145481
75094595
75096510
75134505
75126240
75090160
75097348
75134340
75023050
75143160
75043893
75124851
75103355
75093310
75065792
75045240
75045359
75140120
75123090
75097105
75091460
75020190
75125200
75145450
75123080
75091442
75020350
75143640
75095855
75095320
75130770
75130370
75091405
75074650
75070445
75070280
75063053
75123110
75113180
75113185
75130665
75054705
75103710
75105120
75103720
75103877
75053840
75123120
75106240
75091221
75106205
75106255
75106260
75106235
75091223
75106230
75091225
75106225
75091227
75106220
75106210
75106247
75106245
75106215
75105842
75105844
75073250
75073260
75073270
75073280
75073290
75073300
75073310
75073320
75073330
75073340
75073350
75073360
75073370
75073380
75073390
75073400
75073410
75073420
75073430
75134350
75145460
75110620
75093320
75043047
75105750
75103490
75103500
75095410
75113135
75145250
75065235
75065080
75100130
75115110
75115495
75115665
75115201
75040100
75134360
75131545
75115340
75020015
75020250
75115550
75074844
75040067
75073850
75093560
75133864
75093570
75106881
75134445
75093580
75096745
75130760
75130400
75091297
75101053
75097352
75097216
75091055
75091427
75084620
75020420
75054707
75145470
75133783
75085806
75091457
75110440
75103625
75110640
75134370
75110830
75130410
75135300
75050280
75064380
75056025
75113225
75113580
75097137
75106745
75113510
75144710
75125160
75130700
75144500
75135480
75065330
75063670
75084430
75143170
75053820
75053878
75103322
75103323
75103324
75103325
75103326
75103327
75103328
75103329
75103330
75103331
75103332
75103333
75103334
75105815
75144720
75125390
75140646
75025020
75140070
75130440
75130765
75130415
75123342
75123355
75106795
75104490
75053430
75125210
75065340
75135470
75135576
75020340
75074660
75110650
75075613
75060230
75053495
75053582
75054200
75053425
75053015
75054500
75053868
75072120
75054797
75106888
75083060
75083316
75075150
75135656
75135460
75083070
75083315
75075160
75143521
75143085
75126015
75106125
75101400
75064360
75097130
75085160
75085250
75085260
75085270
75085280
75085170
75085385
75085180
75085190
75085200
75085210
75085220
75085230
75085118
75085240
75101142
75120690
75080580
75120700
75080590
75080600
75120705
75096040
75120710
75080610
75096050
75120720
75080620
75096060
75120730
75080630
75096070
75080640
75096080
75120740
75080650
75080660
75120750
75080670
75120760
75096090
75096100
75096110
75096120
75096130
75096140
75096150
75096160
75096170
75096180
75096190
75096200
75096210
75096220
75096230
75096240
75096250
75096260
75096270
75096280
75096290
75096300
75096310
75096320
75096330
75096340
75096350
75096360
75096370
75096380
75096390
75096400
75096410
75094794
75096420
75094795
75096430
75094796
75096440
75094797
75096450
75094798
75096460
75094799
75096470
75096480
75096490
75096500
75096520
75096530
75096540
75096550
75096560
75096580
75096590
75096600
75096610
75096620
75094540
75096630
75096640
75096650
75096660
75096570
75109004
75094735
75065350
75065360
75065370
75065380
75060440
75134380
75064420
75104500
75101460
75054258
75060445
75144730
75054763
75115350
75060090
75091415
75043140
75045270
75045150
75054750
75075740
75123105
75123500
75110730
75140245
75106355
75123256
75136525
75130570
75071083
75135425
75095240
75113090
75053837
75143180
75084440
75130705
75064112
75115275
75054770
75103615
75040410
75043045
75043044
75060450
75106135
75050432
75050109
75056003
75084630
75023110
75095785
75095530
75115360
75064500
75084225
75054833
75134823
75133880
75064077
75065794
75125075
75020110
75125120
75105240
75101150
75110670
75043155
75073807
75130430
75130710
75091439
75084500
75053823
75084450
75102170
75104510
75120040
75063386
75103104
75144740
75133460
75135310
75064750
75072055
75090170
75063735
75070163
75063025
75060460
75045160
75132005
75063084
75071878
75091429
75075170
75143190
75125650
75065390
75126010
75065400
75123095
75123510
75065410
75091434
75114060
75148030
75084480
75084470
75126245
75140560
75140466
75040080
75080150
75083515
75083035
75083350
75060700
75070415
75020075
75053825
75053835
75093590
75143650
75135320
75064170
75135330
75143660
75064810
75054755
75070300
75064760
75083553
75143670
75054765
75123520
75071825
75053750
75135445
75091015
75106720
75106755
75135450
75135525
75135440
75103623
75104480
75115320
75104750
75113620
75115685
75115515
75115812
75104520
75104800
75102131
75102133
75102137
75102139
75102141
75102143
75102145
75102147
75104730
75144340
75091468
75070310
75143200
75084685
75083360
75075123
75060210
75106630
75106715
75090006
75134390
75054790
75091456
75126025
75123420
75110680
75132013
75132010
75144590
75073440
75114220
75110230
75120230
75132450
75132390
75095420
75075756
75103290
75093600
75143520
75104810
75135455
75040390
75110840
75135420
75135410
75073255
75091406
75106880
75120630
75084640
75072075
75093300
75126460
75131150
75130635
75095430
75083210
75083080
75136560
75080810
75064770
75070425
75074820
75110710
75130420
75125212
75095440
75097310
75097312
75097314
75097316
75097318
75097320
75097322
75097324
75097326
75097328
75097330
75097332
75097334
75097336
75097338
75044290
75135447
75132180
75132090
75132020
75132025
75132015
75132088
75056034
75056036
75056038
75056040
75056042
75056044
75056046
75056032
75056048
75132030
75071765
75132085
75132035
75132040
75132062
75056050
75056052
75056054
75056056
75056058
75056060
75132045
75132055
75132086
75132087
75132050
75132060
75132095
75132100
75132105
75132110
75132120
75132125
75132130
75132135
75132140
75132145
75132190
75132185
75132175
75096680
75096670
75096700
75074850
75105250
75091005
75091135
75136405
75124800
75106730
75091403
75105773
75060470
75064375
75063415
75060473
75114532
75105130
75114818
75072185
75085100
75071040
75074870
75020120
75134760
75134770
75071283
75053193
75095250
75115100
75134825
75124848
75124692
75135400
75135402
75135404
75135406
75045170
75063200
75070580
75060575
75080680
75020130
75113550
75054753
75135390
75135380
75135370
75135360
75135350
75135340
75054250
75136410
75106700
75065796
75090706
75054253
75136585
75093340
75084460
75075560
75103425
75110180
75110790
75110795
75091060
75148042
75095170
75097107
75083049
75103103
75143800
75103778
75132192
75085282
75097103
75143805
75103780
75132193
75143810
75103782
75132194
75085284
75120625
75132196
75143815
75143820
75132261
75132197
75120371
75084650
75075280
75123530
75073520
75073040
75085110
75123180
75105280
75060490
75060500
75115660
75070330
75070340
75115410
75063240
75104080
75104090
75114230
75095330
75074010
75133370
75125401
75125731
75145260
75115560
75115570
75045310
75083370
75120640
75044480
75050300
75083380
75065420
75144580
75143210
75144110
75060550
75124750
75085320
75133760
75073155
75050140
75101007
75091100
75106305
75126500
75106390
75131703
75136005
75136007
75054505
75064850
75106655
75074846
75066560
75072040
75066075
75066053
75131035
75071655
75090225
75134805
75053790
75125687
75120683
75085748
75096706
75115589
75133665
75120688
75073131
75101476
75123635
75133878
75056013
75050429
75102152
75101514
75071660
75105784
75101497
75084235
75100140
75073130
75044140
75105360
75115730
75063425
75063330
75114320
75110690
75095690
75074090
75133130
75125500
75145350
75074670
75133650
75104200
75144200
75100380
75115227
75115230
75065440
75050370
75085410
75050170
75131730
75136060
75074872
75066020
75093686
75053735
75084657
75075370
75085775
75060648
75071703
75073241
75101485
75135343
75070329
75132198
75120307
75020060
75100390
75100400
75100410
75100420
75065590
75101130
75060650
75075380
75105370
75115740
75070450
75063680
75114330
75074100
75133140
75140100
75120310
75123660
75040350
75095700
75133610
75123240
75145360
75144210
75063210
75050380
75085420
75050180
75131733
75136065
75074874
75066025
75053745
75120305
75085778
75071717
75073242
75101486
75043159
75132199
75040340
75100430
75120320
75100440
75120330
75065600
75100570
75100580
75100590
75100600
75100610
75100620
75100630
75075390
75105380
75115750
75070460
75063340
75114340
75095710
75074110
75126215
75133150
75140090
75143012
75120465
75120350
75120340
75123670
75145370
75045330
75133620
75050390
75123250
75060660
75085430
75050190
75045340
75131736
75136040
75066005
75085781
75071753
75073243
75101487
75132201
75100450
75120395
75100460
75100640
75065610
75100650
75100660
75100670
75100680
75100690
75100700
75100710
75100720
75100730
75060670
75075400
75105390
75115760
75070470
75114350
75095720
75074120
75133160
75140080
75123680
75125270
75133630
75120255
75085440
75131739
75136070
75066000
75085784
75063350
75050193
75071757
75101488
75123295
75060683
75126220
75134815
75063150
75100470
75100480
75065620
75100740
75100750
75100760
75100770
75100775
75105680
75100777
75100780
75114565
75100783
75100784
75075410
75123260
75105400
75070480
75063710
75114360
75095730
75074130
75133180
75125280
75133640
75085450
75131742
75136075
75093690
75060665
75085787
75071707
75101489
75123682
75043895
75100790
75065630
75100785
75105740
75075420
75123270
75123610
75070490
75063720
75114370
75095740
75040430
75074140
75133200
75125290
75074680
75085460
75131745
75136080
75085739
75105417
75071607
75101490
75123684
75133490
75084227
75100490
75085742
75065640
75075430
75105410
75070500
75063730
75114380
75095750
75074150
75133210
75125300
75074690
75085470
75123280
75131748
75136085
75085736
75071617
75101491
75123686
75075440
75065650
75075450
75123290
75123620
75063740
75095760
75074160
75133220
75100500
75125310
75085480
75070505
75131751
75136100
75105415
75085733
75071727
75101502
75105836
75123688
75114395
75114390
75100510
75065660
75075460
75105420
75063743
75095770
75074170
75133230
75125320
75085490
75070515
75131754
75136105
75093688
75114355
75085727
75071737
75101493
75105832
75105834
75065670
75075470
75105430
75070510
75063370
75114400
75095780
75074180
75083510
75085500
75131757
75136110
75093810
75085724
75101494
75065680
75120372
75060570
75075290
75080700
75073450
75073050
75123190
75105290
75115670
75070350
75115420
75063250
75104100
75104110
75114240
75095340
75074020
75133380
75125410
75144570
75115580
75045320
75044490
75044060
75083400
75050310
75065430
75083390
75133660
75145270
75125740
75143220
75140110
75123590
75060510
75060560
75085330
75133750
75073160
75050150
75113203
75101022
75091115
75126510
75106310
75131706
75136010
75136012
75054530
75064855
75106660
75144850
75074848
75066570
75072050
75066065
75066013
75131045
75071625
75134840
75053785
75123415
75125692
75120685
75085751
75096711
75115588
75120689
75073132
75085117
75101477
75123636
75044546
75133886
75056009
75083463
75050426
75102154
75075746
75101498
75084223
75100150
75100160
75075480
75105440
75070520
75115642
75114410
75095790
75074190
75045155
75045300
75065450
75083520
75085510
75131760
75136115
75063365
75085715
75101495
75065460
75065690
75075490
75115644
75114420
75095800
75074200
75105450
75085520
75131763
75136120
75085712
75065700
75075500
75115646
75114430
75074210
75100520
75123300
75105460
75085530
75131766
75105535
75093672
75085703
75115584
75103205
75065710
75103210
75115648
75114440
75074220
75075510
75105470
75085540
75131769
75085700
75120496
75065720
75105480
75075520
75103220
75074230
75100530
75103300
75085550
75131772
75114424
75115713
75085697
75132260
75115800
75115810
75065730
75105490
75075530
75103230
75074240
75100540
75103310
75085560
75114585
75085694
75132262
75105622
75065740
75075540
75103240
75114450
75074250
75103320
75085570
75093678
75105805
75085706
75132264
75075550
75074260
75103235
75103250
75114460
75085580
75076000
75105800
75085709
75132266
75115780
75074270
75085590
75105820
75085721
75132268
75114470
75074280
75085600
75105810
75085730
75132270
75133450
75120373
75080710
75073460
75073060
75123200
75105500
75115680
75070360
75115430
75063260
75104120
75104130
75114250
75095620
75093610
75133390
75044300
75125420
75040380
75115140
75125750
75120650
75145280
75044500
75044070
75050320
75144560
75133670
75143230
75144130
75060580
75083410
75085340
75133740
75073170
75050200
75075300
75101032
75091080
75126520
75106315
75131709
75136015
75136017
75054535
75064860
75106665
75074854
75072060
75066035
75066055
75071615
75134850
75053780
75085754
75096701
75115587
75074242
75073133
75101478
75056007
75050423
75070332
75102156
75134857
75100170
75100180
75100190
75114480
75074290
75065470
75086052
75085610
75103233
75065480
75114490
75074300
75113650
75115490
75114500
75072195
75074310
75114510
75074320
75100550
75115582
75114520
75074330
75114530
75074340
75114540
75074350
75105765
75114550
75074360
75105565
75114560
75074370
75114570
75074380
75100560
75060590
75080720
75073530
75073070
75123210
75105300
75115690
75123661
75115440
75063270
75104140
75114260
75095630
75074030
75133400
75125431
75125755
75145290
75044510
75044080
75144550
75133680
75143240
75144140
75120240
75083420
75050330
75085350
75133730
75073180
75050210
75070380
75075310
75101042
75091095
75126530
75106320
75131712
75136020
75136022
75054540
75106670
75074856
75072070
75066050
75066060
75131105
75071605
75134860
75053775
75085757
75096716
75115586
75120652
75073134
75123378
75101479
75056005
75102158
75100555
75053427
75134867
75134873
75134870
75060600
75125440
75100210
75114580
75074390
75065490
75065500
75114590
75085305
75074400
75114600
75074410
75093674
75114610
75074420
75114620
75074430
75093680
75114630
75074440
75074450
75114595
75074460
75074470
75093682
75074480
75060610
75080730
75073470
75073080
75123220
75044090
75105310
75070400
75115450
75063305
75114270
75095640
75074040
75133410
75125450
75120250
75115150
75125780
75120660
75145300
75044520
75144540
75104150
75133690
75144150
75115700
75050340
75085360
75133720
75073190
75050220
75101217
75091140
75131715
75136026
75136030
75054550
75126540
75106675
75074858
75072080
75066045
75131075
75071640
75134845
75053770
75084673
75075320
75083425
75085760
75123665
75073135
75101480
75056011
75102160
75123712
75115160
75084197
75100220
75100230
75074490
75065510
75093676
75085286
75065520
75065530
75074500
75074510
75074520
75074530
75074540
75074550
75085290
75074560
75074570
75085300
75060620
75075330
75080740
75073480
75073090
75123230
75044100
75105320
75070410
75115460
75063290
75114280
75040370
75074050
75125460
75100240
75125790
75120670
75145310
75115500
75044530
75144530
75104160
75095650
75125250
75133700
75144160
75120260
75050350
75085370
75073200
75050230
75115725
75101207
75091175
75131718
75136024
75136035
75054555
75126550
75106680
75066040
75071620
75134875
75053765
75133415
75085763
75101043
75073136
75101481
75056001
75102162
75123667
75134880
75125465
75100250
75065540
75065550
75060630
75075340
75080750
75073100
75044110
75105330
75115710
75070420
75115470
75063300
75114290
75095660
75074060
75133430
75125470
75100260
75125800
75123640
75040360
75083430
75144520
75133710
75104170
75125260
75123540
75123600
75145320
75144170
75120270
75073490
75050360
75085380
75073210
75050240
75123195
75091160
75126560
75106300
75131721
75136028
75136045
75106685
75066030
75071645
75053760
75085766
75115585
75073137
75101482
75054527
75144365
75056015
75102164
75115170
75115180
75084195
75043150
75040400
75100280
75100290
75100300
75065560
75060640
75080760
75073110
75050090
75105340
75115480
75095670
75074070
75133110
75125480
75125810
75123650
75125245
75123198
75145330
75133580
75075350
75144510
75104180
75144180
75115190
75063310
75120280
75085390
75073220
75050250
75091155
75131724
75136050
75136095
75054515
75074866
75066010
75071635
75053755
75085769
75115714
75105615
75100310
75073138
75101483
75101506
75056017
75100320
75100330
75065570
75073120
75044130
75050100
75105350
75070430
75063320
75095680
75072160
75074080
75133120
75125490
75120290
75115200
75125820
75145340
75133590
75105620
75114310
75104190
75144190
75115720
75085400
75073230
75050160
75131727
75136055
75136090
75054525
75074868
75066015
75071610
75060645
75053740
75084655
75075360
75085772
75073139
75101484
75050395
75115545
75134855
75133592
75115210
75133594
75133596
75115525
75113643
75100350
75100360
75100370
75065580
