74913550
74924200
74969170
74923090
74981182
74981140
74982020
74940350
74935010
74912042
74961110
74959265
74971015
74957148
74913149
74985106
74950360
74918072
74923023
74965753
74946503
74968660
74918600
74935020
74950320
74961591
74950335
74950330
74950332
74935040
74935030
74950355
74961576
74950315
74961586
74950350
74950337
74950345
74950352
74950340
74917010
74948130
74968705
74983010
74933520
74933712
74933175
74968135
74967315
74959220
74987011
74980010
74921207
74914070
74920010
74990260
74943520
74963812
74980020
74964010
74913035
74913110
74975150
74914010
74915010
74946635
74946856
74935181
74975390
74971745
74990770
74986020
74911350
74913150
74921204
74986000
74923100
74923110
74923120
74923130
74923140
74923150
74923160
74923170
74974010
74958210
74965235
74964435
74944010
74973230
74976270
74976292
74984440
74985149
74954220
74983450
74954110
74920590
74923065
74988806
74940360
74938010
74964020
74984450
74973050
74988812
74919351
74920020
74974560
74947816
74983460
74954230
74989010
74919393
74925784
74965610
74965002
74945620
74947827
74946025
74945651
74969446
74970020
74969313
74953360
74986030
74959218
74957030
74974020
74964030
74944020
74914020
74966659
74947260
74958010
74970400
74953240
74953375
74962620
74976150
74919394
74989020
74966666
74962420
74986040
74988858
74963620
74974570
74946854
74946595
74986060
74990765
74987720
74970030
74973085
74973262
74923045
74973696
74980140
74968489
74935540
74984172
74984150
74983711
74915565
74973070
74962010
74968404
74957040
74963779
74987370
74987187
74986860
74987830
74987304
74944030
74986070
74983020
74924625
74993529
74954480
74966682
74926781
74918006
74923300
74944040
74935895
74968387
74969409
74973080
74983470
74989030
74970040
74974580
74915020
74914015
74954010
74920030
74959050
74983520
74963630
74920040
74981402
74968546
74968475
74982570
74973600
74905790
74962750
74988809
74955030
74944060
74917020
74968772
74988346
74988344
74988350
74988348
74988358
74988360
74988342
74988352
74988354
74988356
74988366
74988368
74988362
74988364
74988370
74988372
74988374
74988376
74988378
74988380
74988382
74988392
74988394
74988390
74988410
74988398
74988388
74988386
74988384
74988396
74988400
74988402
74988404
74988406
74988408
74915030
74947670
74974030
74969413
74968750
74986080
74971725
74981403
74965695
74965004
74993534
74971420
74974420
74964040
74912270
74982440
74948707
74947060
74982225
74967380
74947837
74969452
74925771
74982845
74913315
74919346
74913127
74913147
74990835
74970050
74920675
74927025
74926783
74927060
74968391
74920520
74964050
74975160
74975295
74944070
74914643
74984460
74926010
74927053
74959252
74947822
74914553
74989040
74959416
74926320
74990685
74920050
74968564
74968645
74967575
74927015
74963010
74984180
74944080
74959320
74946012
74970410
74969302
74933610
74911735
74911360
74910092
74956050
74930460
74934470
74988745
74988210
74963520
74990899
74955040
74905120
74990625
74970420
74987160
74953370
74914030
74973090
74973749
74911715
74911480
74945010
74947673
74947020
74923465
74954015
74956060
74921216
74927016
74912015
74975255
74990650
74993533
74924630
74926330
74946862
74946588
74990645
74911380
74917030
74962020
74982450
74923013
74920600
74927014
74993738
74988716
74954020
74954030
74927020
74921198
74955535
74923088
74921201
74954120
74983660
74985148
74985053
74987798
74987790
74926025
74926230
74973550
74988615
74923270
74948420
74912435
74963800
74963757
74965725
74965005
74969406
74924210
74993536
74917575
74914050
74921570
74989050
74980030
74963828
74938020
74967475
74958220
74954040
74924635
74993531
74989060
74947680
74919395
74973535
74973100
74988820
74984210
74993511
74993545
74915260
74983480
74963130
74947690
74925776
74988854
74956405
74967390
74984160
74990010
74921208
74983490
74919456
74919427
74983500
74975290
74967400
74919396
74987730
74959297
74946755
74954240
74963020
74935580
74982030
74981340
74989070
74950225
74954510
74947715
74927000
74921210
74965380
74983675
74921218
74920060
74968548
74968470
74975170
74981404
74986090
74923310
74987794
74988477
74988479
74970430
74987770
74965600
74948110
74980065
74933625
74959306
74955032
74905130
74959208
74993010
74973265
74905140
74905800
74905142
74987010
74988306
74988304
74988302
74988286
74988288
74988274
74988321
74988290
74988294
74988296
74988298
74988300
74988292
74988284
74988280
74988323
74988278
74988325
74988276
74988327
74988272
74988329
74988282
74988331
74962430
74988862
74933724
74974040
74970440
74933635
74930525
74975010
74933030
74946644
74913170
74990020
74962030
74959275
74987170
74970450
74959206
74953380
74913180
74905150
74987185
74975020
74913190
74990790
74912266
74990575
74962040
74905160
74983030
74933115
74968538
74987325
74948705
74947655
74982580
74988175
74988770
74920070
74957475
74957060
74967410
74959200
74957695
74976080
74975144
74976153
74975381
74988714
74976055
74989080
74973120
74919120
74963822
74962050
74924260
74993527
74990030
74912500
74968366
74935880
74988080
74933732
74933230
74926340
74970060
74990730
74946860
74962060
74990695
74926350
74919352
74920080
74912260
74905170
74914060
74919397
74986810
74970095
74954250
74938070
74957070
74947270
74986100
74957655
74920793
74973515
74973130
74969430
74920586
74957080
74983670
74985152
74982800
74958230
74962440
74960876
74946480
74944090
74960064
74986110
74984330
74967420
74955034
74982015
74975030
74923034
74957090
74988570
74968544
74983510
74968384
74962516
74962380
74944100
74968640
74968610
74919070
74919425
74935820
74980080
74948120
74913200
74913012
74913120
74923320
74986120
74910370
74968466
74993256
74993020
74981405
74935187
74971790
74946710
74970460
74924220
74971310
74981150
74923180
74982040
74985126
74984120
74940370
74912038
74961120
74920792
74959254
74957146
74973702
74965747
74923027
74968663
74923018
74923182
74970070
74969427
74923330
74926360
74990675
74957100
74956070
74956080
74982050
74964060
74912280
74905010
74974050
74926370
74923591
74969443
74990040
74944110
74923340
74917040
74910020
74982215
74916375
74915040
74917050
74947700
74965350
74905180
74905791
74914080
74993522
74944116
74910320
74910107
74948230
74944170
74918044
74955060
74955070
74986130
74948450
74917460
74917060
74917580
74947710
74964070
74947845
74974590
74959042
74920090
74970470
74923350
74969460
74926380
74974600
74955080
74968552
74968460
74968578
74975180
74981406
74969421
74987719
74970485
74988580
74987795
74961610
74905146
74914090
74957110
74944180
74961660
74957120
74947280
74944190
74912261
74911690
74911720
74922010
74921206
74927100
74905020
74920790
74920803
74921264
74921019
74905116
74912290
74987400
74986841
74987065
74933660
74920807
74974060
74971490
74963769
74993820
74968478
74957130
74944200
74962070
74974070
74964080
74976010
74993775
74969428
74970490
74953390
74963030
74920610
74981015
74980113
74980040
74919353
74921232
74924295
74926020
74959276
74966692
74913210
74962340
74980083
74980170
74948460
74982060
74944210
74957665
74955090
74969402
74927058
74947834
74958240
74947290
74968568
74957615
74968575
74948470
74981025
74980090
74912530
74961625
74920100
74911400
74935550
74918122
74968459
74987395
74986865
74963777
74963760
74963762
74946646
74912510
74948010
74946555
74946502
74955100
74925792
74969403
74956090
74967430
74961645
74963782
74993793
74912572
74974080
74912300
74905030
74914100
74947300
74944220
74988710
74967440
74969294
74940380
74944380
74944230
74955110
74969085
74969180
74955033
74947720
74944240
74959015
74968535
74957725
74989090
74955120
74984278
74983716
74993030
74963100
74934706
74993712
74944250
74986140
74946805
74946621
74971777
74968800
74947730
74938030
74930470
74947310
74964090
74957010
74982070
74960500
74943010
74976020
74976005
74975395
74976142
74988712
74961635
74976195
74958085
74976125
74962335
74962519
74976294
74912310
74989100
74962080
74905200
74906020
74905190
74957140
74974090
74947017
74947320
74914110
74976090
74980015
74976157
74959040
74970080
74981407
74962090
74954060
74990050
74915490
74916360
74915240
74985012
74985122
74985001
74985013
74985021
74910096
74911055
74980180
74919556
74990840
74993405
74981331
74982455
74976155
74984165
74910815
74987797
74911410
74984670
74982435
74989840
74981330
74984431
74912650
74912575
74986870
74919416
74919605
74923650
74923184
74993600
74912651
74984433
74923105
74923657
74984323
74985342
74923671
74985260
74982751
74911506
74986795
74985350
74987713
74990728
74922810
74957150
74958250
74947330
74944260
74959031
74973140
74946610
74983040
74913367
74917530
74923360
74990665
74924230
74971320
74969125
74969190
74981160
74984130
74960510
74940390
74961010
74960310
74985105
74960302
74960565
74961615
74957144
74973820
74961596
74965751
74968666
74923029
74960315
74960790
74960337
74923655
74960830
74960400
74960145
74960410
74960070
74960420
74960080
74960430
74960090
74960440
74960105
74960450
74960100
74960490
74960095
74960535
74960460
74960532
74960320
74960530
74960540
74960470
74960110
74960550
74960330
74945020
74960831
74960010
74923665
74961581
74960120
74960251
74960130
74960140
74960150
74960160
74960252
74960170
74960248
74960180
74960246
74960190
74960244
74960200
74960800
74960335
74923660
74960011
74958260
74960242
74960210
74960256
74960220
74960057
74960058
74960340
74960020
74923670
74960052
74960054
74960056
74960230
74960240
74960250
74960260
74960270
74960280
74960290
74960520
74960350
74960262
74960030
74960300
74961570
74960360
74960040
74960370
74960050
74960810
74960380
74960065
74960820
74960390
74960060
74933240
74926390
74947340
74948115
74948730
74986265
74993230
74970500
74974385
74926400
74933730
74915285
74982080
74986150
74918014
74965465
74965640
74965001
74987020
74914120
74905220
74933205
74993040
74975055
74946640
74969439
74919552
74919354
74923370
74917070
74926777
74982460
74912320
74905230
74914130
74993210
74986155
74915270
74975040
74938040
74962450
74957160
74958375
74926030
74910160
74914140
74984282
74983717
74915535
74959251
74917080
74990725
74983721
74974610
74927057
74947842
74955130
74981408
74986160
74986170
74924240
74962487
74962100
74924290
74988515
74989110
74947028
74947050
74948725
74990060
74973518
74973150
74982090
74933250
74933555
74990690
74986180
74959222
74956100
74986190
74981409
74913060
74986200
74935184
74945030
74945040
74993716
74993781
74944270
74974100
74905040
74944290
74959215
74983050
74915470
74915400
74915013
74916300
74944280
74947022
74947350
74916265
74915424
74915495
74919355
74986210
74963768
74957170
74986220
74959404
74953400
74914150
74917090
74944300
74983060
74990710
74984470
74982100
74944310
74935560
74913010
74944640
74957180
74993252
74993050
74959002
74982700
74968510
74950364
74918026
74993060
74987062
74956140
74955140
74983070
74982470
74905250
74918040
74933700
74933260
74915280
74968125
74968715
74968178
74933270
74910040
74905282
74961640
74990605
74914160
74993070
74984177
74983714
74975135
74963005
74915428
74953410
74969283
74970510
74913220
74905260
74993080
74916379
74915060
74917100
74938050
74984340
74905148
74965650
74948480
74965007
74958270
74966685
74915187
74915500
74912520
74966662
74935570
74962512
74962390
74990550
74990895
74990450
74988075
74944330
74969450
74990780
74990670
74993539
74933280
74970090
74969442
74914170
74935740
74936145
74920110
74922692
74974620
74969356
74969316
74923380
74946882
74946572
74990755
74923651
74986230
74918034
74957190
74973160
74922752
74968864
74982590
74973170
74944340
74920120
74916045
74920773
74969299
74956110
74912440
74974370
74948240
74986807
74986820
74987717
74990655
74944350
74933290
74990595
74926410
74910110
74930490
74964140
74958382
74958050
74916093
74982110
74964100
74961657
74958215
74993814
74920595
74926420
74961650
74946597
74946852
74956120
74990735
74921555
74920630
74927011
74990070
74919398
74912590
74986240
74915050
74993742
74960560
74973180
74969200
74933665
74934510
74963050
74948020
74961620
74948030
74948040
74948050
74923024
74969444
74946868
74990585
74955150
74983690
74983640
74918058
74971500
74955160
74914630
74938085
74962460
74976030
74988706
74969100
74975385
74980023
74947026
74947360
74957200
74985104
74955170
74955405
74962470
74963530
74963140
74923672
74945050
74915510
74915023
74916325
74915415
74923007
74969456
74914180
74974630
74973190
74940410
74986250
74993734
74990080
74962480
74953325
74953630
74942500
74948250
74920587
74971510
74944360
74920130
74935875
74915070
74942520
74962518
74962110
74968493
74956130
74967450
74956375
74962490
74955180
74933710
74933300
74987180
74953420
74920140
74933040
74934001
74933620
74970520
74970530
74987796
74987190
74953430
74947370
74988708
74969425
74973240
74919399
74966684
74905830
74905270
74925040
74948060
74948070
74948080
74912593
74956150
74948140
74959307
74956160
74944370
74922175
74969454
74970540
74915080
74969451
74990090
74984480
74987300
74987785
74920150
74944410
74962500
74982600
74945060
74948650
74971450
74968320
74970100
74988821
74974145
74933010
74993513
74993392
74973200
74976261
74968363
74968187
74986260
74993612
74990640
74968555
74983080
74933708
74914190
74913117
74947836
74974640
74986785
74987310
74971520
74944420
74993614
74955190
74963773
74940420
74988090
74957210
74993644
74957220
74968485
74918004
74974650
74982480
74944430
74971701
74973210
74968554
74968455
74970550
74948490
74987200
74988805
74926775
74962510
74940430
74923400
74981410
74975195
74923390
74913230
74917110
74913074
74962130
74918022
74986285
74986280
74935189
74971735
74955245
74955210
74927055
74963195
74963764
74974660
74971530
74959228
74959250
74955345
74960480
74973737
74944440
74989120
74959264
74948090
74921226
74948500
74965608
74962140
74905280
74986806
74986010
74970310
74959205
74973697
74967385
74982120
74982610
74947380
74988682
74974110
74984350
74905050
74982130
74954210
74944450
74915422
74915525
74915090
74970560
74946501
74986290
74953440
74957230
74974120
74976040
74993796
74993744
74933077
74933530
74990100
74911740
74940400
74960051
74960059
74945075
74924250
74981170
74923200
74984140
74961200
74911375
74982825
74957142
74940445
74983349
74973693
74965755
74968669
74910050
74934654
74934692
74934694
74934656
74934658
74934660
74934662
74934664
74934666
74934668
74934670
74947390
74966664
74975190
74969432
74923410
74986300
74971720
74990110
74916181
74938090
74957240
74915180
74914195
74968381
74919401
74962150
74968121
74968045
74968137
74963080
74920620
74990560
74944460
74988718
74968501
74923021
74993525
74982620
74958280
74944470
74989130
74920640
74946725
74987397
74987030
74917470
74932645
74930480
74962482
74962160
74968427
74926040
74945070
74958020
74962545
74945080
74975050
74948660
74968795
74955220
74969105
74969210
74969305
74947813
74969317
74974368
74974670
74971226
74974675
74974430
74974680
74983090
74926060
74968103
74967125
74969215
74944480
74947740
74944490
74966660
74990120
74968506
74918020
74973560
74968369
74968180
74959304
74989140
74957250
74993766
74954260
74923255
74923455
74989150
74920783
74963814
74963834
74912245
74959259
74959402
74944500
74945090
74945100
74945110
74955230
74969115
74969230
74990130
74923187
74963110
74980114
74980155
74965602
74965009
74989160
74964130
74944510
74963120
74947770
74947847
74910290
74910105
74946864
74954130
74948160
74935890
74965757
74963003
74915290
74948703
74947040
74958030
74958040
74990150
74969426
74989170
74968573
74983250
74963180
74924270
74981180
74923210
74940440
74935690
74961210
74955036
74983391
74957125
74923036
74935800
74934686
74934702
74934704
74934696
74934698
74934688
74934684
74934682
74934680
74934678
74934676
74934674
74934672
74934700
74963758
74933310
74933320
74933330
74933340
74969296
74921211
74954270
74989190
74988505
74989685
74968764
74961630
74963781
74988813
74963190
74986270
74959406
74959253
74962520
74984515
74984170
74983706
74984224
74938100
74915300
74923032
74989180
74948260
74963765
74948270
74924280
74971540
74985011
74993590
74993440
74988680
74954100
74962530
74973610
74947024
74947400
74968766
74975300
74963836
74989200
74942280
74920650
74993535
74973270
74983530
74920660
74924284
74926200
74983260
74988808
74975457
74975370
74910520
74910600
74910610
74910620
74910630
74910640
74910650
74910660
74910670
74910680
74910690
74910530
74910700
74910710
74910720
74910730
74910740
74910750
74910540
74910760
74910770
74910780
74910790
74910800
74910550
74910810
74910560
74910575
74910570
74910580
74910590
74921220
74934530
74944530
74969404
74993787
74920160
74920670
74921213
74943030
74943465
74934575
74933218
74933540
74955240
74919357
74963645
74963150
74988700
74956170
74920170
74980035
74947410
74988681
74955250
74967490
74917480
74969306
74927052
74969318
74917555
74974366
74974530
74947750
74947828
74914012
74947849
74915480
74947420
74957260
74946830
74946628
74987760
74993670
74955260
74964150
74956180
74916365
74915100
74955270
74970130
74944540
74988696
74986330
74955031
74955280
74967500
74968558
74905290
74905795
74911825
74973695
74944550
74982630
74982640
74933050
74993706
74926430
74914300
74990795
74920775
74917195
74920580
74918070
74917425
74917285
74921545
74960570
74954280
74954320
74959328
74944560
74920180
74919358
74935700
74962540
74993540
74971550
74919417
74919403
74944570
74981190
74923220
74940450
74959256
74926805
74924345
74955285
74971311
74922020
74920778
74922030
74922040
74922050
74920190
74953450
74944580
74948180
74913450
74934652
74914647
74913390
74959412
74935590
74915183
74916210
74984420
74948510
74926776
74990160
74970140
74970480
74970110
74965400
74966683
74966690
74914310
74947760
74973490
74955550
74919524
74917120
74946642
74990745
74944590
74933704
74963778
74910360
74926440
74923420
74968528
74946815
74946601
74988319
74944160
74924305
74926070
74944600
74970580
74953460
74988804
74975165
74986340
74982140
74986350
74934690
74946004
74946490
74971560
74959225
74984173
74983707
74974130
74976050
74976225
74924300
74946000
74974690
74955290
74969314
74944610
74993740
74983120
74943340
74946645
74905060
74905240
74959068
74947430
74963350
74963200
74945150
74984620
74957550
74959237
74957631
74959045
74980110
74968868
74989210
74984220
74945160
74919404
74989220
74988412
74914540
74959303
74920755
74920530
74959310
74935898
74925780
74968565
74968630
74968601
74963210
74983570
74963220
74921221
74919405
74938080
74915110
74944620
74926450
74944630
74963230
74983270
74966670
74942530
74930510
74930500
74988590
74910120
74990620
74964160
74910070
74983100
74969010
74938110
74982490
74981145
74940460
74919526
74919530
74919528
74919534
74919532
74919538
74919536
74919542
74919540
74919544
74911725
74911700
74923230
74940470
74959260
74966668
74959261
74982360
74942540
74965637
74965008
74973280
74963360
74943040
74953470
74970590
74987793
74920200
74974700
74955300
74969357
74982850
74925774
74971570
74963761
74943050
74962170
74970600
74987380
74987035
74986869
74926460
74946585
74946866
74969440
74953250
74970635
74953480
74914330
74970610
74943060
74981411
74986370
74935192
74913115
74971730
74982150
74943070
74968508
74920210
74968401
74987210
74953260
74987302
74921219
74926470
74969423
74920220
74985109
74918036
74935600
74989230
74993510
74982815
74921550
74920700
74993541
74919364
74989683
74988600
74988688
74988827
74919406
74924285
74925060
74984230
74925788
74959322
74963250
74922685
74922290
74935183
74981412
74975200
74986380
74971755
74981413
74971799
74984190
74967470
74988803
74965731
74935610
74993784
74980150
74935710
74965660
74963004
74990190
74989240
74948280
74959357
74968580
74968500
74959267
74954079
74919407
74964170
74912330
74919359
74935720
74969410
74963755
74920230
74963759
74989250
74930555
74955310
74914340
74986390
74969433
74935188
74971710
74973800
74923430
74946632
74913270
74913076
74975175
74943080
74948670
74943100
74973744
74935730
74959319
74920240
74959210
74926480
74969437
74923440
74990810
74993100
74992206
74993231
74969291
74973300
74974140
74933615
74945170
74926490
74933605
74962180
74976160
74974150
74964180
74912625
74912340
74970150
74910505
74910035
74969352
74993799
74973075
74968375
74990200
74969298
74975060
74984500
74919408
74969408
74916060
74943110
74920635
74920540
74926778
74930520
74946551
74963009
74947843
74943150
74920365
74916070
74943120
74956190
74969307
74974710
74969319
74943130
74969260
74974362
74974540
74955320
74947817
74943140
74905300
74974720
74969431
74913280
74982160
74965735
74959010
74968492
74993642
74948190
74905340
74990610
74993268
74993110
74943565
74933550
74934573
74984360
74967510
74968185
74968735
74968450
74993760
74993718
74933670
74905310
74988165
74988780
74982170
74987320
74987040
74986400
74970620
74956200
74905330
74933070
74968030
74968710
74968172
74986525
74993264
74993120
74968730
74968190
74917130
74968110
74968725
74968140
74968176
74911805
74993090
74957270
74973555
74976060
74956365
74973747
74966656
74943160
74946735
74926782
74920250
74959329
74953490
74905350
74926500
74933350
74920260
74933560
74934577
74933219
74946653
74923240
74940480
74911771
74934000
74935050
74935130
74937010
74937020
74937030
74937040
74937680
74936530
74937682
74936540
74937050
74952010
74937070
74937080
74935140
74937090
74937100
74937110
74937120
74937130
74937140
74937150
74937160
74937170
74937180
74935150
74937190
74937200
74937210
74937220
74937230
74937240
74937250
74937260
74937270
74937280
74935160
74937290
74937300
74937310
74937320
74937330
74937340
74937350
74937360
74937370
74937380
74935170
74937390
74937400
74937410
74937420
74937430
74937440
74937450
74937460
74937470
74937480
74935180
74937490
74937500
74937510
74952187
74953365
74953025
74937520
74937530
74937540
74937550
74937560
74937570
74937580
74935190
74937585
74937590
74952550
74935200
74935210
74935220
74935055
74935230
74935240
74935250
74935260
74935270
74935280
74935290
74935300
74935310
74935320
74935060
74935330
74935340
74935350
74937662
74936010
74935365
74935360
74935370
74935380
74935390
74935400
74935070
74935367
74936030
74937639
74935410
74937632
74935420
74935430
74935440
74935450
74935460
74935470
74935480
74935490
74935500
74935080
74935510
74935520
74936040
74936050
74936060
74936070
74936080
74936090
74938163
74936095
74936100
74935090
74936110
74936120
74936130
74936140
74936150
74938166
74936160
74936170
74936180
74936190
74936200
74935100
74936210
74936220
74936230
74936240
74936250
74936260
74936270
74936280
74936290
74936300
74936310
74936320
74935110
74936330
74936340
74936350
74936360
74937664
74936370
74936380
74936390
74936400
74936410
74936420
74935120
74936430
74936440
74936450
74937666
74936460
74937668
74936470
74937670
74936480
74937672
74936490
74937674
74936500
74937676
74936510
74937678
74936520
74943170
74964110
74938120
74957280
74983540
74982870
74905245
74905090
74948290
74981414
74973500
74914435
74973310
74985114
74945180
74956210
74959235
74947840
74955042
74982650
74921203
74919450
74919409
74968615
74919452
74919411
74987220
74919740
74919410
74982810
74983280
74917140
74920270
74990210
74968431
74982660
74916080
74921223
74981415
74938130
74933645
74948430
74943180
74921222
74990220
74921237
74947440
74962484
74962190
74988702
74920280
74959339
74967520
74982180
74982670
74973698
74981416
74913070
74986410
74913015
74923450
74935186
74971765
74969436
74989260
74926786
74986420
74987230
74926080
74943195
74943190
74920290
74986800
74925778
74937637
74936020
74937060
74940490
74968537
74975450
74970630
74975122
74986625
74943200
74956230
74918030
74944130
74984370
74970160
74963370
74921215
74915530
74915120
74915315
74913510
74917545
74917315
74973525
74973320
74986310
74915310
74943210
74930540
74930530
74905825
74905360
74968740
74968514
74987240
74987315
74987250
74935620
74993746
74993736
74915320
74986095
74933714
74969424
74990460
74964190
74914640
74973330
74943220
74914642
74943230
74914644
74914350
74914649
74988568
74988610
74943240
74965635
74954070
74986615
74913300
74968150
74973340
74968543
74970295
74968350
74968085
74967145
74968134
74988760
74988572
74988618
74989689
74917150
74959284
74917541
74917490
74914641
74917495
74970555
74973753
74988685
74933025
74933090
74933360
74983580
74948300
74921217
74911430
74911770
74911711
74913125
74933255
74953270
74953037
74983290
74933630
74973350
74944140
74910080
74956240
74968160
74986430
74993694
74993640
74926510
74964200
74923460
74913080
74914360
74946563
74923022
74976275
74905370
74969449
74990700
74988311
74968727
74968440
74973360
74988574
74988620
74914370
74943250
74967530
74961690
74968095
74912350
74947450
74943260
74973743
74944390
74989270
74924310
74959321
74986440
74986450
74948310
74975210
74993528
74963380
74910150
74915220
74943820
74917240
74917520
74914465
74914646
74913365
74922694
74989280
74935857
74954140
74968574
74968556
74948680
74982500
74993684
74993630
74964405
74956250
74947460
74971580
74957635
74956260
74984510
74975080
74905380
74905390
74948690
74910010
74905284
74968174
74905780
74943270
74920680
74969020
74933716
74911810
74905400
74962200
74910123
74910310
74984520
74933110
74946648
74969286
74905061
74905410
74984530
74989290
74948320
74975123
74976170
74925802
74925782
74952020
74940510
74959257
74923242
74982830
74952030
74952120
74952130
74952140
74952150
74950015
74950010
74952105
74950030
74952085
74952185
74950180
74952160
74952170
74952180
74950170
74950000
74950196
74952065
74952040
74952190
74952200
74952210
74952220
74952230
74952240
74952050
74952250
74952260
74952270
74952280
74952290
74952060
74952300
74952310
74952320
74952330
74952335
74952345
74952340
74952070
74952350
74952360
74952370
74952380
74952390
74952080
74952400
74952410
74952420
74952430
74952440
74952450
74952090
74952460
74952470
74952480
74952490
74952500
74952465
74952100
74952510
74952520
74952530
74952110
74969457
74933722
74969458
74926520
74917160
74970640
74969420
74926530
74946850
74946745
74981342
74990740
74988315
74927059
74990240
74905420
74988860
74963808
74990230
74985232
74954330
74968417
74993648
74962210
74926540
74990470
74924293
74926090
74989300
74933370
74905430
74917500
74905440
74915335
74927018
74943280
74913240
74942550
74970650
74905450
74905812
74915360
74926550
74943290
74969301
74933585
74943490
74946305
74943300
74943310
74905460
74987050
74975220
74981417
74923470
74986460
74969447
74935185
74927054
74947831
74963784
74933211
74933213
74933580
74933590
74923190
74969285
74923590
74920810
74922460
74993495
74992202
74993115
74926560
74946878
74990750
74914380
74993130
74993269
74968720
74968390
74905470
74950366
74950368
74950370
74950372
74950374
74950376
74950378
74950380
74950382
74950384
74950386
74950388
74950390
74950392
74950394
74950396
74950398
74950400
74913310
74926570
74912267
74946565
74990805
74943650
74948520
74965000
74965759
74919412
74919413
74973620
74919414
74921205
74984155
74983723
74964682
74964718
74964560
74964598
74964600
74964602
74964605
74964608
74964585
74964588
74964590
74964592
74964720
74964595
74964712
74964710
74964607
74964678
74964676
74964674
74964672
74964670
74964671
74964668
74964680
74964666
74964664
74964662
74964660
74964658
74964656
74964642
74964654
74964495
74964498
74964702
74964704
74964500
74964502
74964692
74964690
74964688
74964652
74964650
74964648
74964646
74964644
74964640
74964686
74964638
74964694
74964696
74964698
74964700
74964706
74964708
74964675
74964531
74964533
74964496
74964497
74964532
74964530
74964525
74964522
74964520
74964518
74964716
74964515
74964512
74964535
74964508
74964505
74964538
74964540
74964634
74964542
74964545
74964548
74964550
74964624
74964622
74964618
74964616
74964614
74964612
74964610
74964582
74964632
74964510
74964630
74964628
74964620
74964626
74964636
74964580
74964578
74964534
74964528
74964575
74964572
74964570
74964568
74964565
74964562
74964552
74964555
74964558
74933490
74956270
74966570
74923214
74918120
74918118
74918100
74918116
74918112
74918114
74918108
74918110
74918102
74918104
74918096
74918098
74918106
74918090
74918092
74918086
74918088
74918082
74918084
74918080
74918076
74918074
74918078
74960877
74960878
74960879
74960880
74960881
74960882
74960883
74960884
74960885
74960886
74960887
74960888
74960889
74960890
74960891
74960892
74960893
74960894
74960895
74960896
74960897
74960898
74960899
74948330
74935630
74913460
74984630
74942560
74917280
74916350
74915045
74916200
74919322
74950407
74950311
74919820
74913145
74919415
74921209
74921234
74935885
74989310
74948530
74987275
74987740
74980060
74987306
74968880
74923183
74983300
74990170
74990250
74966655
74980120
74954340
74935790
74935810
74989320
74921005
74921228
74988740
74990891
74988195
74988123
74935860
74962575
74962220
74968890
74963260
74958060
74920800
74986830
74964210
74966677
74986840
74946008
74974160
74959309
74965430
74993515
74920300
74954350
74989330
74964120
74963270
74988828
74950185
74968040
74968145
74968132
74920115
74973380
74988856
74923064
74945190
74986320
74989340
74988852
74988340
74983310
74923086
74959312
74954360
74919390
74983709
74954225
74959302
74989350
74919389
74954370
74984250
74943320
74933380
74933726
74983330
74989360
74963832
74959062
74975310
74916270
74916310
74915127
74915477
74915430
74961665
74938140
74989370
74925050
74926050
74993514
74987800
74980130
74910350
74915330
74973135
74973691
74983350
74982860
74945200
74973235
74973250
74920310
74990270
74919388
74963818
74989380
74983550
74954102
74965732
74935760
74963060
74920320
74916220
74916345
74915065
74959351
74988811
74959268
74983110
74980070
74945210
74983560
74915340
74986845
74963540
74988100
74920330
74919500
74919380
74964220
74920340
74916085
74919387
74919386
74973630
74959318
74989390
74963040
74921541
74920690
74926787
74963280
74915540
74915130
74915492
74922701
74966669
74920350
74968434
74921009
74921229
74990280
74940520
74958290
74921233
74963290
74963300
74935670
74935855
74980025
74919385
74968635
74968605
74984260
74968862
74921202
74986850
74912036
74937660
74936005
74935622
74983360
74943330
74990290
74990515
74973390
74962385
74962550
74958300
74966661
74982840
74969445
74963770
74948540
74968520
74957290
74912560
74942290
74982190
74962514
74962400
74968414
74915350
74905815
74905480
74973400
74975090
74992224
74925070
74993516
74935640
74919400
74926580
74987330
74970660
74986780
74953245
74953640
74905490
74905810
74915370
74987060
74953280
74933510
74993266
74993140
74945290
74919420
74919320
74966679
74940530
74964230
74965593
74965360
74919600
74905500
74990300
74967540
74963090
74981348
74981350
74981352
74981354
74981356
74981358
74981360
74981362
74981364
74981366
74981368
74981370
74981372
74981374
74981376
74981378
74981380
74981200
74981290
74981300
74981310
74981320
74981210
74981220
74981230
74981250
74981260
74981270
74981280
74984222
74984270
74964374
74982880
74916050
74947832
74981240
74968516
74981205
74968518
74981382
74981384
74940540
74922420
74950035
74950120
74950192
74950194
74950130
74950140
74950150
74950155
74922450
74950002
74950220
74950230
74950240
74950250
74950040
74922430
74950260
74950270
74950280
74950285
74950290
74950300
74950310
74950210
74950198
74950050
74922440
74950060
74950070
74950080
74950090
74950204
74950100
74950110
74993686
74993632
74957300
74993616
74959028
74968512
74993678
74993624
74988630
74988866
74956280
74946505
74946500
74946510
74946520
74946530
74943350
74993704
74910170
74989400
74944400
74989410
74968620
74983130
74963006
74965745
74965771
74968532
74926590
74943360
74969438
74926600
74943370
74988668
74988640
74923480
74917170
74946820
74913122
74969273
74943380
74993680
74993626
74963008
74982680
74976180
74989420
74987750
74921200
74959060
74981418
74983140
74968497
74968504
74954380
74966687
74927013
74927102
74927090
74968411
74926779
74967550
74962230
74988110
74963310
74982370
74912570
74933120
74920360
74920796
74968397
74943390
74988819
74955340
74957310
74963776
74930550
74934155
74946455
74937425
74943400
74988650
74988576
74943410
74974170
74970170
74943420
74930117
74986470
74970180
74918032
74993823
74957320
74913320
74913113
74926610
74943430
74969014
74917180
74923490
74946835
74961656
74917190
74921268
74945305
74964182
74969453
74989681
74963320
74981419
74975230
74913020
74923500
74913126
74986480
74935193
74957330
74958310
74943440
74968560
74957340
74956290
74973640
74911425
74911488
74938150
74943450
74986490
74968483
74966673
74968561
74984380
74968070
74976070
74943460
74968490
74981225
74968522
74993696
74993606
74960874
74912390
74912595
74912480
74948200
74965604
74957350
74956300
74968498
74992200
74992204
74992238
74992236
74992234
74992232
74992230
74992240
74992212
74992214
74992216
74992210
74992218
74992226
74992220
74992222
74992208
74914655
74982200
74943470
74923033
74958320
74984540
74968768
74990140
74982820
74974380
74964430
74984575
74984310
74993778
74993732
74980084
74990310
74968505
74953145
74954050
74966691
74990320
74963240
74970190
74963330
74921227
74914210
74962240
74954390
74963340
74984490
74954400
74921231
74969240
74990330
74910295
74910180
74944520
74947470
74973220
74943480
74924282
74926210
74993538
74946550
74960850
74945175
74973740
74942510
74948340
74961687
74923185
74919384
74973470
74963550
74968499
74918038
74918094
74950409
74950321
74940550
74923008
74923009
74933720
74914620
74974180
74957360
74974190
74993808
74988190
74925080
74920370
74966680
74988666
74923510
74953500
74987070
74993708
74968563
74957370
74958330
74971590
74915140
74982690
74955350
74942504
74958495
74955360
74914390
74981420
74975205
74913037
74913090
74935196
74988313
74987311
74953255
74953510
74970670
74955370
74918054
74969311
74974730
74969288
74914400
74905510
74987080
74905520
74923520
74947480
74905530
74976115
74976220
74974200
74914410
74913340
74911800
74926620
74969417
74990775
74959291
74913350
74905540
74946615
74946600
74990590
74917475
74913360
74926630
74914420
74923252
74923530
74913077
74954410
74919383
74973410
74919382
74988807
74915150
74954285
74984550
74973420
74926015
74926220
74993524
74914220
74959308
74920380
74959277
74920390
74947780
74968650
74963070
74973260
74975070
74962250
74988793
74988200
74905550
74987090
74913330
74905560
74942020
74964372
74982210
74990800
74963751
74974210
74964240
74912360
74982510
74988105
74968540
74945220
74962560
74948550
74965606
74965003
74962570
74935770
74990340
74954420
74970200
74993722
74947823
74923540
74975217
74973430
74913370
74914430
74986500
74971785
74913133
74927012
74988160
74948350
74935650
74983370
74968378
74920710
74954150
74965733
74946780
74954160
74915520
74916155
74915175
74915550
74984280
74963430
74966681
74919381
74958340
74945120
74986855
74923057
74920785
74954430
74945230
74965734
74954170
74993530
74963440
74945130
74963450
74968542
74914250
74946730
74924640
74993523
74914270
74914260
74923010
74959305
74973440
74919520
74963838
74963460
74959345
74967480
74984560
74945140
74993763
74975145
74976200
74935660
74969434
74913380
74966665
74990480
74988095
74974850
74911750
74905570
74969289
74968120
74968170
74946775
74989430
74988800
74990490
74988872
74989440
74919430
74919300
74989450
74986510
74973370
74968491
74968456
74917200
74969422
74953650
74957380
74959032
74968511
74918024
74982320
74948360
74925100
74982710
74993518
74963826
74983590
74989460
74915160
74943500
74990660
74990822
74987725
74946630
74965690
74948560
74965006
74914440
74948370
74920801
74964250
74912370
74943560
74974105
74943570
74985108
74959282
74943580
74910125
74910330
74968557
74988115
74957390
74914660
74982520
74962260
74953290
74987260
74943590
74920410
74943600
74948170
74924320
74993517
74944150
74935780
74964260
74943610
74988694
74965500
74965505
74965510
74965520
74965530
74965540
74965550
74965560
74965570
74965575
74965580
74965597
74965590
74965595
74965460
74965470
74965480
74965385
74965555
74965585
74965490
74960875
74955380
74959055
74943620
74914230
74916140
74948570
74969287
74980182
74943630
74980115
74962600
74954440
74912580
74943640
74990350
74921560
74945240
74957650
74920720
74969419
74923550
74962270
74974740
74912380
74971225
74925786
74915410
74915027
74915517
74916320
74974450
74955390
74905580
74986520
74913095
74911440
74945250
74948700
74913353
74917540
74933706
74926640
74986530
74963766
74963470
74963640
74933390
74933400
74963480
74920420
74926788
74968394
74982875
74959052
74968551
74968462
74918028
74930560
74933410
74983150
74982220
74917510
74946651
74971600
74922060
74971610
74959012
74983160
74933130
74963780
74957400
74956310
74964270
74943660
74922070
74971620
74963775
74963774
74971640
74971630
74963772
74971650
74910090
74920550
74916090
74920637
74920292
74982230
74943670
74970210
74983170
74943680
74957410
74957420
74957710
74933600
74990215
74958200
74947490
74968570
74957132
74915170
74915545
74987100
74915494
74986801
74933702
74971451
74926650
74920430
74919379
74970715
74953520
74940560
74985020
74983180
74980055
74976190
74973450
74956320
74958360
74957020
74959003
74942502
74958017
74960305
74958471
74960254
74964280
74993650
74993660
74919378
74914280
74959408
74938060
74959022
74968476
74985112
74918056
74957700
74915235
74915485
74986540
74925110
74958350
74943690
74974220
74993802
74993750
74988670
74988868
74958370
74983190
74962580
74968760
74919363
74919377
74912034
74968762
74963390
74989470
74946006
74968130
74968368
74968372
74962610
74933650
74982805
74983380
74923006
74988870
74985111
74963816
74963490
74948100
74958440
74958145
74958475
74968469
74912600
74917210
74989480
74983600
74990360
74990370
74988684
74959058
74968482
74914450
74982380
74948580
74962280
74943700
74947500
74919376
74919360
74943635
74919375
74918000
74918604
74964290
74984390
74976100
74976165
74963560
74922695
74989490
74993520
74974750
74970220
74968553
74968458
74943710
74968468
74968549
74950362
74918062
74958380
74957430
74916100
74943720
74905070
74933140
74966672
74938160
74946643
74975100
74988070
74970230
74940570
74932567
74933420
74963500
74982865
74969297
74954290
74963160
74989500
74919374
74988829
74988814
74968105
74969270
74993512
74993394
74911450
74916110
74920440
74923055
74954315
74955035
74966663
74923595
74923253
74963420
74920450
74920730
74911486
74957025
74922090
74922080
74910130
74943530
74986550
74989510
74973460
74971660
74914460
74915190
74923560
74946874
74959313
74969351
74969312
74919402
74959354
74987390
74963753
74969360
74969320
74947818
74945260
74943730
74945270
74969464
74969324
74943740
74968577
74968507
74950405
74954180
74954450
74920605
74969293
74960873
74956330
74989520
74935865
74975240
74910380
74913030
74923570
74986560
74935182
74971780
74913137
74975250
74955400
74968572
74968502
74968571
74946715
74919373
74912610
74988140
74940423
74943750
74990879
74954460
74988664
74923058
74962290
74966657
74911460
74969358
74969315
74974460
74964300
74974470
74943760
74910190
74964395
74943770
74943780
74953367
74940580
74947790
74921010
74945621
74921100
74945643
74921110
74945645
74921120
74945647
74921130
74945649
74945650
74921020
74945623
74921030
74945625
74921040
74945627
74921050
74945629
74921060
74945631
74921070
74945633
74921080
74945635
74921090
74945639
74926660
74946576
74946876
74912265
74990600
74982240
74943790
74981344
74918060
74918048
74913040
74943800
74970240
74913400
74975260
74923580
74969412
74913073
74926670
74959400
74988215
74988790
74988120
74946625
74946800
74946750
74946652
74961675
74913048
74913130
74970250
74943810
74993714
74923216
74923068
74923585
74913078
74913410
74914290
74948692
74947030
74917220
74990785
74969461
74942030
74984570
74957440
74956340
74974230
74947520
74933430
74942040
74953300
74942050
74912400
74974240
74993769
74964184
74993262
74993150
74905835
74905590
74915460
74988655
74957450
74947530
74988690
74905600
74975110
74912410
74974250
74905080
74920740
74984400
74984300
74942060
74905610
74964310
74968080
74912405
74913420
74914470
74987235
74986685
74969407
74959410
74905620
74914480
74947540
74971670
74942070
74966674
74959070
74981215
74968515
74968562
74918012
74918608
74919554
74958450
74958143
74958480
74947800
74993666
74942080
74986570
74987700
74987791
74942090
74982250
74920802
74953310
74953320
74913185
74946649
74946705
74974480
74942100
74911745
74933150
74926680
74946574
74946880
74948380
74942110
74963400
74916370
74915200
74917250
74938170
74935625
74912460
74910515
74910095
74914550
74913435
74906000
74913135
74905770
74905065
74913525
74974390
74964440
74948590
74961600
74957645
74970767
74976108
74958080
74975317
74946760
74921001
74921225
74912550
74990380
74989530
74942120
74920460
74965370
74963580
74988831
74986809
74923011
74953035
74953330
74993692
74993638
74930570
74970260
74981346
74927106
74933718
74954555
74954080
74958090
74974490
74974500
74970270
74933160
74962740
74962350
74948600
74983390
74920750
74973480
74923250
74926784
74968407
74920470
74912540
74943020
74930295
74934520
74914650
74966686
74910100
74919356
74916040
74914648
74953340
74940590
74933209
74966675
74988802
74935830
74921565
74920760
74983200
74962515
74962630
74963590
74988130
74962640
74914240
74963570
74970680
74953530
74948150
74956350
74963756
74925120
74993664
74990615
74926690
74946870
74946014
74946590
74921214
74987270
74953540
74964320
74970690
74993690
74993636
74963763
74962300
74968545
74980118
74980145
74918606
74912420
74974260
74964330
74926700
74946560
74990680
74947821
74948285
74976230
74947550
74988692
74976075
74969441
74964340
74984410
74982260
74986580
74935194
74971750
74919548
74919546
74919550
74969418
74963007
74965761
74984580
74974270
74993817
74964378
74970700
74986590
74968525
74954470
74905630
74987110
74993710
74976265
74942130
74926710
74942140
74982270
74942150
74945280
74913047
74913140
74914490
74969462
74946884
74946592
74946654
74960053
74959203
74945637
74933728
74970710
74953550
74963600
74963002
74963610
74986875
74986755
74933425
74969292
74942160
74942170
74988564
74988645
74969275
74968090
74915185
74916230
74968539
74955410
74955485
74957660
74962310
74923600
74969416
74990705
74982280
74993726
74962320
74974364
74974550
74940600
74948710
74969322
74969303
74946700
74943540
74953560
74918052
74962650
74942180
74942190
74933450
74959418
74933440
74933460
74969290
74910060
74976240
74974280
74982290
74942200
74976095
74956360
74957470
74957460
74947560
74964350
74942210
74988683
74926720
74915210
74905640
74975455
74975120
74937375
74942220
74947570
74968567
74986600
74955420
74986610
74959227
74993401
74993410
74993450
74993460
74993470
74993480
74993420
74993430
74985113
74985241
74985121
74985141
74985214
74985172
74985181
74985202
74985162
74942250
74969435
74935198
74976280
74945310
74934600
74934570
74945320
74984590
74970280
74971767
74986620
74985107
74914645
74963752
74911020
74968330
74988566
74988635
74970085
74985110
74948220
74959035
74942260
74956370
74955205
74967570
74962370
74993662
74993668
74905650
74914500
74987120
74940610
74990760
74988317
74969400
74958384
74958100
74923260
74945330
74945340
74945350
74945360
74963767
74982855
74983400
74945370
74945380
74984600
74958390
74964360
74989820
74988612
74988562
74968340
74970720
74943215
74957480
74924330
74940620
74961680
74924335
74912044
74962660
74924340
74970290
74960870
74959048
74954525
74970300
74960670
74924430
74954590
74960680
74924440
74954540
74954535
74960690
74954530
74960700
74924450
74954570
74960710
74954545
74960720
74924460
74954599
74960730
74924470
74960740
74924480
74924490
74924500
74960533
74960590
74924350
74959065
74960835
74970315
74954515
74960760
74963495
74962585
74924510
74960770
74924520
74924530
74924540
74924550
74924560
74924570
74924580
74924590
74960600
74924360
74960865
74970673
74970317
74954520
74960610
74924370
74960840
74954560
74970322
74960620
74924380
74960855
74954565
74970324
74960780
74960630
74924390
74960845
74954575
74970326
74960640
74924400
74960860
74945420
74954580
74960650
74924410
74960660
74924420
74959038
74954585
74920400
74973510
74942270
74920655
74920560
74963650
74921230
74959414
74993700
74962486
74962330
74983435
74942300
74983410
74957720
74942310
74942320
74955430
74916120
74954490
74905111
74976250
74957490
74974290
74976105
74946562
74942330
74957500
74911485
74962670
74921236
74968480
74957510
74956380
74930580
74942340
74942350
74942360
74942370
74988625
74988185
74988578
74942380
74942390
74916095
74938025
74942427
74958120
74942425
74910300
74916190
74915025
74916340
74974300
74958460
74958015
74958485
74964370
74916170
74910127
74982530
74942400
74970570
74974310
74964380
74966671
74969295
74993790
74912430
74974320
74964390
74974330
74964400
74982310
74963754
74987130
74915423
74968503
74933215
74906010
74937635
74915015
74915515
74935851
74935850
74905660
74916260
74938220
74935530
74915420
74935199
74916281
74933570
74942410
74969300
74971430
74964410
74993748
74920776
74922100
74962410
74963660
74973520
74973162
74973530
74942420
74958130
74942430
74961655
74921235
74963810
74989540
74956390
74942440
74973540
74958400
74965775
74965749
74942450
74954500
74946002
74963670
74968569
74957670
74971680
74919372
74988864
74935750
74990500
74962115
74962680
74920770
74942460
74960580
74943510
74961670
74974340
74969414
74948610
74921266
74927019
74974350
74975155
74954190
74963680
74954200
74990510
74963802
74948210
74984610
74963804
74990390
74910390
74987340
74923610
74986630
74917260
74935191
74987280
74986640
74953570
74914510
74970730
74993610
74938180
74989550
74947815
74974595
74947825
74913430
74914557
74905095
74905760
74990400
74912620
74988150
74924600
74964420
74920480
74988657
74989560
74958410
74990893
74990520
74988085
74999899
74942470
74990871
74960750
74960585
74940630
74923215
74942480
74966688
74970765
74987350
74987290
74953580
74914520
74962590
74942490
74915380
74933170
74926100
74974510
74969309
74969401
74927050
74947833
74914200
74959008
74968495
74916130
74917270
74914530
74919371
74944320
74957520
74974360
74976110
74922110
74942570
74948620
74993772
74993728
74976175
74923385
74910400
74926730
74923620
74986650
74913317
74913075
74943455
74988810
74987385
74987140
74966658
74993688
74993634
74993682
74993628
74993604
74924303
74926190
74925155
74993526
74970750
74993622
74993676
74912630
74988220
74987309
74988787
74980045
74933601
74933000
74970320
74948410
74988686
74987828
74987722
74990825
74987375
74968576
74988125
74988270
74988263
74988312
74985176
74982330
74957530
74982340
74976260
74957540
74947600
74982350
74967590
74976111
74918010
74914652
74914025
74912640
74938190
74958465
74958140
74948440
74918602
74973745
74943550
74988660
74905670
74968745
74969280
74983210
74990630
74986660
74948720
74913470
74970740
74957640
74918002
74927061
74927104
74927056
74993724
74924610
74982720
74993521
74981422
74985191
74987810
74968488
74918630
74918632
74918634
74918636
74918638
74918640
74918642
74918644
74918646
74918648
74948390
74963000
74965720
74948630
74965763
74965773
74993550
74947810
74970075
74923087
74983610
74990245
74993408
74920812
74934605
74934590
74945430
74984640
74982390
74963690
74989570
74975270
74976285
74959072
74958420
74926785
74905100
74984200
74989580
74912470
74984650
74974400
74964450
74984430
74969415
74914570
74990715
74971690
74986670
74921390
74959202
74986680
74918610
74918612
74918614
74918616
74918618
74918620
74918622
74918624
74918626
74918628
74945440
74945450
74964460
74923280
74988795
74990861
74988155
74957560
74968479
74926800
74926750
74990830
74918042
74946765
74955450
74947820
74916287
74916150
74924645
74993537
74973570
74971715
74973538
74973165
74983620
74965730
74989590
74915230
74989600
74988170
74990875
74988662
74953350
74923005
74955460
74987335
74982730
74947826
74911490
74989610
74969448
74914580
74990580
74970330
74942580
74967600
74918016
74970340
74913480
74926760
74969459
74946580
74946858
74947018
74947620
74984288
74983720
74947015
74947630
74919370
74988127
74990570
74983430
74950411
74950413
74950415
74919522
74940640
74975138
74975453
74975315
74975320
74975325
74975460
74975330
74975458
74975380
74975340
74975350
74975355
74905680
74914590
74983708
74982400
74971700
74944050
74910140
74984660
74982410
74982740
74990530
74926770
74946605
74946825
74946567
74988750
74993160
74993547
74993260
74983713
74987405
74984175
74987015
74975143
74964376
74905144
74962120
74968860
74905690
74956400
74982560
74970675
74970105
74982425
74953590
74973580
74993500
74993551
74988850
74993380
74973751
74905700
74905602
74911820
74958150
74987150
74975139
74911815
74993220
74986635
74993250
74986690
74933207
74959030
74963783
74990720
74967610
74924620
74957570
74958255
74976210
74976135
74963824
74966676
74969405
74905110
74989620
74990410
74963410
74912450
74987780
74948400
74948731
74963700
74993532
74970760
74966689
74970770
74957580
74954300
74982835
74986710
74962690
74970780
74954550
74953600
74910030
74905710
74905820
74915390
74913570
74913100
74971795
74905720
74993170
74956410
74968410
74988180
74964470
74934475
74955470
74969095
74969250
74962700
74953610
74984680
74982540
74964105
74910410
74957590
74956420
74910495
74973590
74974520
74967505
74955480
74969354
74969310
74927051
74947824
74963771
74913490
74914555
74958430
74947650
74944120
74957705
74968513
74918018
74959020
74970350
74970360
74919603
74975360
74922395
74958470
74944650
74945460
74982420
74957715
74986700
74945470
74964480
74968100
74969012
74933640
74945480
74945490
74945500
74946540
74930115
74990180
74953010
74953327
74987792
74990820
74981421
74975280
74913050
74914600
74986720
74935197
74971760
74959005
74933190
74933470
74933200
74946647
74905730
74914610
74975130
74993254
74993180
74984284
74983718
74975140
74993258
74993190
74984272
74983712
74957680
74918050
74955490
74969308
74947814
74947830
74955500
74956430
74986730
74915497
74915123
74915440
74916305
74933210
74976120
74976185
74915450
74916315
74915017
74915475
74933220
74976130
74946650
74976193
74953620
74986790
74987285
74987355
74970790
74935870
74959311
74988605
74932565
74930600
74970370
74940650
74925140
74993519
74989630
74943090
74982750
74915245
74915521
74915283
74990635
74957600
74947660
74988704
74990815
74940660
74935840
74934650
74936560
74936570
74937684
74936580
74936590
74936600
74937600
74937620
74950190
74952560
74937630
74955510
74968755
74968770
74968790
74969017
74963170
74946810
74946622
74993672
74993618
74989640
74924615
74957610
74968509
74959025
74968472
74968547
74918046
74963730
74993674
74993620
74963720
74990540
74915250
74942230
74945300
74968559
74983630
74920490
74926780
74955540
74983220
74988801
74983440
74955520
74954310
74954012
74921260
74982430
74910420
74957620
74988145
74988785
74957690
74918008
74957630
74947090
74988698
74970380
74993730
74993754
74925150
74986740
74989682
74959018
74973741
74957675
74981401
74980087
74968541
74968870
74920500
74985240
74985022
74983730
74984321
74992228
74914560
74948640
74911730
74919369
74993505
74980181
74935680
74973650
74921212
74983230
74946740
74945641
74965410
74956440
74968566
74973660
74969350
74961605
74993646
74968530
74916355
74973736
74993608
74946125
74926725
74946578
74946872
74920585
74966678
74945510
74945520
74945530
74938200
74945550
74945560
74958170
74989830
74983705
74958180
74945580
74945590
74958190
74923290
74961685
74945600
74923630
74975185
74969429
74986760
74935195
74971775
74913124
74963710
74983710
74920784
74947080
74920510
74946010
74993811
74945610
74955530
74956450
74974410
74976140
74957135
74993805
74993752
74976197
74923640
74971705
74986770
74968550
74968465
74937641
74936550
74937610
74925160
74952570
74922422
74925170
74952580
74950200
74925270
74925280
74925290
74925300
74925310
74926325
74926310
74926735
74926740
74925320
74925330
74925340
74925180
74922470
74952590
74912305
74925350
74925360
74925370
74925380
74925390
74925400
74925410
74925420
74925430
74925440
74950202
74950160
74925190
74922480
74922120
74925450
74925460
74925470
74993542
74925480
74993492
74925490
74925500
74925510
74925520
74925530
74925200
74922585
74922280
74925540
74993543
74925550
74993544
74925560
74993546
74925570
74925580
74993548
74925590
74993549
74925600
74993494
74925610
74993481
74925620
74993482
74925210
74921300
74925630
74993483
74925640
74993484
74925650
74993485
74925660
74993486
74925670
74925680
74993487
74925690
74993488
74925700
74993489
74925710
74993490
74925220
74922790
74923225
74921365
74925720
74925730
74925740
74925750
74925760
74993491
74926035
74926240
74926045
74926250
74926055
74926260
74926065
74926270
74925240
74925395
74993493
74926075
74926280
74926085
74926290
74926095
74926300
74926110
74926120
74926130
74926140
74925250
74926150
74926160
74926170
74926180
74925260
74925770
74990420
74963806
74919368
74921017
74921224
74971440
74912653
74910430
74946770
74923035
74962710
74960586
74919454
74919367
74919366
74989650
74990430
74919361
74973670
74970120
74919362
74989660
74966667
74990440
74921238
74942240
74962730
74963820
74989670
74962720
74921239
74921262
74921021
74919365
74922545
74921510
74940670
74953020
74933002
74922560
74953110
74922780
74922755
74922705
74922570
74953120
74933013
74922580
74953130
74922590
74953140
74933015
74922600
74953033
74922610
74953150
74933017
74921375
74922800
74953160
74922620
74953170
74933019
74922555
74921520
74953180
74922556
74922557
74922630
74953190
74933021
74922490
74953030
74933655
74933009
74922565
74921530
74953200
74922575
74921540
74922640
74921317
74922300
74953210
74953220
74922310
74921315
74922650
74922660
74922320
74921305
74922670
74921325
74922330
74922680
74921335
74922340
74922690
74953230
74922691
74922693
74922689
74922700
74922698
74922699
74922703
74922710
74922720
74922730
74922740
74922715
74922500
74953040
74933045
74922750
74922760
74922770
74922775
74922702
74921400
74922706
74921410
74921420
74922305
74921380
74921430
74921440
74921450
74921460
74921470
74922510
74953050
74933004
74922704
74921480
74921345
74922350
74921490
74922130
74921303
74921304
74921306
74921307
74921308
74921500
74921355
74922360
74922140
74921502
74922150
74922160
74922170
74922180
74922190
74921240
74922200
74922520
74953060
74933006
74922210
74922220
74922230
74922240
74922250
74922260
74922265
74922266
74922270
74922530
74953070
74921320
74921330
74921340
74921350
74921360
74921370
74953080
74933008
74922540
74953090
74922550
74953100
74933011
74993200
74984276
74983715
74968496
74968415
74985052
74985234
74985211
74985243
74905740
74984286
74983719
74970800
74964490
74982550
74905750
74980160
74921310
74922421
74933480
74933500
74940680
74946655
74961060
74963740
74936565
74938210
74975215
74946720
74947835
74989680
74955475
74956460
74962360
74914635
74947819
74917196
74920570
74916180
74963750
74960245
74988833
74959198
74988469
74988471
74988473
74988475
74919462
74919345
74985226
74985206
74985223
74985216
74985218
74985236
74985221
74990559
74910516
74910440
74913520
74983650
74911010
74924010
74973690
74971340
74971010
74969030
74922370
74971460
74968200
74981010
74982010
74984010
74919010
74940010
74967620
74967595
74967325
74961545
74961560
74919350
74987821
74987799
74986805
74975384
74957685
74985115
74985024
74985010
74985124
74914662
74923095
74910203
74983367
74955037
74913143
74913146
74959330
74993501
74993382
74923251
74990869
74932130
74947580
74930010
74930030
74920805
74920780
74923026
74932140
74965736
74985002
74922696
74990887
74985003
74990562
74911090
74924100
74971090
74910260
74934080
74968290
74981100
74984090
74940120
74967090
74961360
74988822
74919464
74919335
74954511
74954092
74985238
74919775
74970365
74919065
74993509
74990889
74932280
74940105
74930190
74930195
74932290
74988480
74988560
74946020
74965010
74940180
74934610
74940190
74942506
74958499
74946030
74965020
74940200
74988020
74988231
74946040
74965030
74988500
74940210
74988230
74940220
74946050
74965040
74940230
74988525
74988233
74946060
74965050
74940240
74988030
74988236
74946070
74965060
74988510
74940250
74988239
74946080
74946090
74965070
74940260
74988040
74988242
74946095
74946100
74965080
74988520
74940270
74988245
74946110
74965090
74988530
74940280
74988248
74946120
74965100
74940290
74988050
74988251
74990555
74911100
74924110
74971100
74910270
74934090
74968300
74981110
74984100
74940130
74961100
74954090
74985026
74985128
74919710
74988834
74990897
74932040
74933235
74930200
74930210
74980050
74932300
74946130
74965110
74988540
74940300
74953648
74988254
74922567
74946140
74965120
74940500
74988060
74988257
74946150
74965130
74988550
74940505
74988260
74946160
74965140
74940310
74946170
74965150
74989750
74946180
74965160
74940320
74946190
74965170
74989760
74940330
74946200
74965180
74940340
74988490
74946210
74965190
74946220
74965200
74990561
74919015
74911110
74924120
74971110
74969110
74910280
74934100
74981120
74984110
74940140
74967355
74967100
74961500
74919338
74954086
74985131
74985028
74985142
74985164
74919770
74968305
74932050
74969120
74961340
74930220
74930230
74945561
74920794
74932310
74946230
74965210
74989770
74946240
74965220
74989780
74946250
74965230
74989790
74946260
74965240
74946270
74946280
74946290
74965250
74989800
74946300
74965260
74946310
74946320
74965270
74989810
74946330
74965280
74946340
74965290
74946350
74965300
74990554
74911120
74924130
74971120
74934110
74971740
74973870
74968310
74919080
74961130
74954084
74985144
74985030
74985174
74919715
74932060
74930240
74930250
74930590
74934581
74932655
74932320
74946360
74965310
74946370
74965320
74946380
74965330
74946390
74946400
74965340
74946410
74946420
74946425
74946430
74946440
74946450
74946452
74946460
74911130
74924140
74971130
74969140
74934120
74981130
74919090
74940150
74967335
74967110
74961350
74919340
74954088
74985146
74985182
74985178
74968866
74932070
74930260
74930270
74925798
74932330
74985188
74946470
74990553
74911140
74924150
74971140
74919100
74940160
74961140
74985186
74985154
74985253
74919760
74954089
74932080
74930280
74930290
74920787
74982300
74958490
74958110
74920791
74990565
74923062
74932340
74940170
74911150
74924160
74971150
74969150
74934130
74919110
74967120
74961520
74954082
74919765
74971160
74932090
74971170
74930300
74930305
74932350
74990564
74911160
74924170
74971180
74961150
74985251
74985056
74919725
74919095
74930310
74930320
74930330
74923213
74932360
74922728
74911170
74924180
74971190
74934140
74919130
74967365
74967130
74961490
74983351
74985055
74985249
74919750
74930340
74930350
74930360
74932370
74990551
74911180
74971200
74961160
74985247
74983353
74919735
74919097
74985050
74930370
74930380
74932380
74911030
74905112
74990563
74910450
74913530
74919055
74924020
74973700
74971350
74971020
74969040
74922380
74910200
74934010
74971470
74968210
74923020
74981020
74984020
74940020
74967010
74961020
74919325
74988826
74987822
74961515
74975382
74980117
74983365
74913144
74913148
74993502
74993384
74990867
74985143
74985032
74966410
74932150
74947776
74947010
74923025
74930040
74923028
74930050
74969130
74965737
74932160
74911190
74971210
74934150
74919140
74967140
74961480
74919745
74930390
74932390
74947100
74934615
74947110
74947120
74947130
74947140
74947150
74947160
74947170
74947180
74947190
74911200
74971220
74934160
74919150
74961170
74919755
74930400
74961571
74986879
74986750
74961310
74920781
74985261
74932400
74947200
74947195
74947210
74947220
74947230
74947235
74947240
74922805
74971230
74934170
74919160
74970558
74967150
74961470
74919720
74911210
74912285
74912495
74912165
74930410
74920782
74932410
74947250
74911220
74971240
74934180
74919170
74961180
74919730
74930420
74930620
74912490
74911230
74971250
74934190
74919180
74919790
74932100
74932105
74945570
74984226
74984290
74984525
74920788
74925796
74930630
74911240
74919190
74912010
74961190
74919795
74932110
74920789
74958160
74932420
74912020
74911250
74971260
74969160
74934200
74919200
74912030
74967160
74932120
74945325
74945540
74932430
74912032
74911260
74934210
74919210
74912040
74961220
74919800
74930430
74932440
74912167
74911265
74905118
74971270
74934220
74919220
74912050
74967170
74919805
74932450
74930165
74905114
74911270
74912060
74961230
74919830
74932460
74945327
74925794
74932470
74990558
74910460
74913545
74913085
74911505
74911500
74924030
74973710
74971360
74955010
74971330
74969050
74922390
74971480
74968220
74923030
74981030
74919310
74940030
74967020
74961550
74988815
74919348
74987823
74975386
74934025
74910205
74983362
74919337
74993503
74993386
74990865
74932170
74923031
74947495
74947640
74930060
74930070
74923059
74923205
74958065
74932180
74905117
74911275
74971280
74934230
74919230
74912070
74919810
74967175
74930440
74932480
74905115
74934620
74911300
74919240
74912080
74961240
74919815
74932490
74932500
74911590
74971290
74934240
74919825
74967176
74932510
74932520
74911320
74919250
74961250
74932530
74932540
74911600
74971300
74934250
74967185
74971301
74971302
74930450
74971303
74971304
74932550
74971305
74911610
74919260
74967180
74961260
74932560
74923067
74911620
74934260
74967190
74912095
74967200
74932570
74911630
74919270
74912090
74959336
74967210
74961270
74912105
74932580
74911640
74934270
74912100
74967220
74961535
74932590
74967230
74967240
74911650
74919280
74919460
74919339
74912110
74959342
74967250
74961280
74967260
74932600
74911660
74912115
74905113
74911515
74924040
74973715
74973680
74971370
74971030
74969135
74969060
74922400
74910210
74934020
74968230
74923040
74981040
74984030
74940040
74967030
74961030
74961085
74910465
74919328
74988825
74987824
74975387
74983354
74955385
74919062
74993504
74993388
74990863
74932190
74947070
74947283
74948015
74930080
74930090
74932200
74911670
74934280
74912120
74959333
74967270
74961530
74932610
74911668
74934625
74934290
74912130
74967280
74961290
74932620
74911775
74911680
74934300
74912140
74967290
74961510
74932630
74934310
74912150
74967300
74961300
74932640
74959230
74934320
74912160
74967435
74967310
74932650
74934330
74912170
74967630
74961320
74967320
74932660
74934340
74912180
74967330
74934350
74912190
74967340
74961330
74934360
74912200
74967350
74959232
74934370
74912210
74967498
74967360
74990557
74911514
74911510
74924050
74973720
74971380
74971040
74969070
74922410
74968240
74923050
74981050
74984040
74919020
74940050
74967040
74961145
74961070
74988816
74987825
74975388
74983352
74910215
74910467
74993506
74993390
74990873
74923054
74932210
74923051
74947590
74932670
74923053
74930100
74930610
74923052
74932010
74913540
74923056
74959323
74912220
74967370
74934365
74934627
74913555
74917300
74917550
74917310
74917320
74917560
74917504
74917340
74917565
74917350
74917360
74917365
74917370
74917570
74917380
74959301
74934390
74912230
74966010
74959324
74966020
74966030
74959360
74917390
74917400
74917410
74917420
74917430
74917440
74917450
74959299
74934400
74912240
74966040
74922485
74959325
74966050
74959326
74959300
74966070
74934410
74966080
74959274
74966090
74959273
74934420
74966100
74966110
74959272
74966120
74959271
74934430
74966130
74966140
74959270
74966150
74911487
74911705
74910470
74924060
74973730
74971390
74971050
74910220
74934040
74968250
74923060
74981060
74984050
74919030
74940060
74967050
74961175
74961040
74919330
74988824
74987826
74911540
74975389
74985184
74985212
74985204
74985245
74919785
74983355
74911780
74990877
74932020
74967060
74911772
74981184
74923218
74966450
74932680
74930110
74930120
74925800
74932030
74911773
74959269
74934440
74966160
74959314
74934450
74966170
74959281
74966180
74959280
74966190
74959283
74959287
74959288
74966230
74959348
74959285
74966240
74959279
74966250
74956010
74959263
74959266
74959262
74959255
74959278
74966300
74956020
74959290
74959212
74966320
74956030
74959365
74959292
74959293
74966330
74956040
74959258
74959327
74910480
74911060
74924070
74971400
74971060
74910230
74934050
74968260
74923070
74981070
74919040
74940070
74967070
74969035
74969145
74961235
74961080
74988817
74919700
74919342
74987827
74975391
74971770
74973735
74993507
74990881
74932220
74947287
74947610
74930130
74930140
74925790
74984577
74984320
74920786
74932230
74969080
74959294
74959295
74959296
74959315
74959316
74959317
74990552
74910490
74911070
74924080
74971410
74971070
74969090
74910240
74934060
74968270
74923080
74981080
74984060
74919050
74940080
74967080
74961050
74919332
74988823
74975393
74919780
74968424
74960857
74967085
74993508
74990883
74932240
74984070
74947285
74947510
74930150
74930160
74932250
74940090
74981186
74924190
74990556
74911080
74924090
74971080
74910250
74934070
74968280
74981090
74984080
74919060
74940100
74961090
74988818
74919705
74968421
74960863
74990885
74932260
74973701
74930170
74930180
74932270
74940110
74989690
74973860
74973850
74989700
74973840
74973830
74989710
74973880
74973890
74989720
74973895
74989730
74973810
74989740
