72897046
72897026
72897014
72897010
72897002
72897004
72897006
72897008
72897012
72897016
72897018
72897020
72897022
72897024
72897028
72897030
72897032
72897034
72897036
72897038
72897042
72897044
72897040
72897162
72897158
72897160
72897152
72897154
72897156
72897100
72897102
72897104
72897106
72897108
72897110
72897112
72897114
72897116
72897118
72897120
72897122
72897124
72897126
72897128
72897130
72897132
72897134
72897136
72897138
72897140
72897142
72897144
72897146
72897148
72897150
72897258
72897260
72897262
72897264
72897266
72897268
72897244
72897246
72897248
72897250
72897252
72897254
72897256
72897200
72897202
72897204
72897206
72897208
72897210
72897212
72897214
72897216
72897218
72897220
72897222
72897224
72897226
72897228
72897230
72897232
72897234
72897236
72897238
72897240
72897242
72897308
72897310
72897312
72897314
72897316
72897318
72897320
72897322
72897324
72897326
72897328
72897330
72897332
72897334
72897336
72897338
72897340
72897342
72897344
72897346
72897348
72897350
72897300
72897302
72897304
72897306
72897090
72880001
72880004
72880007
72880010
72880013
72883000
72883004
72883008
72883012
72883016
72883140
72883020
72883136
72883024
72883132
72883028
72883128
72883032
72883124
72883036
72883040
72883044
72883120
72883056
72883052
72883048
72883116
72883060
72883064
72883068
72883112
72883080
72883076
72883072
72883108
72883084
72883088
72883092
72883104
72883100
72883096
72883151
72883150
72883153
72883156
72883162
72883159
72883165
72883168
72883171
72883180
72883177
72883174
72883183
72883186
72883189
72883192
72883201
72883198
72883195
72883204
72883207
72883210
72883219
72883216
72883213
72883222
72883225
72883607
72883547
72883544
72883469
72883454
72883403
72883391
72883691
72883694
72883697
72883700
72883577
72883580
72883583
72883586
72883610
72883805
72883802
72883799
72883796
72883793
72883790
72883787
72883784
72883781
72883778
72883775
72883772
72883769
72883766
72883763
72883760
72883757
72883754
72883751
72883748
72883745
72883703
72883742
72883739
72883736
72883733
72883730
72883727
72883724
72883721
72883718
72883715
72883712
72883709
72883706
72883688
72883685
72883682
72883679
72883667
72883664
72883661
72883658
72883655
72883652
72883649
72883646
72883643
72883640
72883637
72883634
72883631
72883628
72883625
72883622
72883619
72883616
72883613
72883604
72883601
72883598
72883595
72883592
72883589
72883574
72883571
72883568
72883565
72883562
72883559
72883556
72883553
72883550
72883541
72883538
72883535
72883532
72883529
72883526
72883523
72883520
72883517
72883514
72883511
72883508
72883505
72883502
72883499
72883496
72883493
72883490
72883487
72883484
72883481
72883478
72883475
72883472
72883466
72883463
72883460
72883457
72883451
72883448
72883445
72883442
72883439
72883436
72883433
72883430
72883427
72883424
72883421
72883418
72883415
72883412
72883409
72883406
72883400
72883397
72883394
72883388
72883385
72883382
72883379
72883376
72883373
72883370
72883367
72883361
72883364
72883349
72883352
72883355
72883358
72883337
72883340
72883343
72883346
72883325
72883328
72883331
72883334
72883313
72883316
72883319
72883322
72883295
72883292
72883289
72883283
72883280
72883286
72883298
72883301
72883304
72883307
72883310
72883825
72883828
72883846
72883810
72883822
72883831
72883843
72883819
72883834
72883813
72883816
72883837
72883840
72885125
72885179
72885176
72885173
72885170
72885167
72885155
72885158
72885161
72885164
72885152
72885149
72885146
72885143
72885128
72885131
72885134
72885137
72885140
72885122
72885119
72885116
72885113
72885110
72885092
72885095
72885098
72885101
72885104
72885107
72885089
72885086
72885083
72885080
72885077
72885062
72885065
72885068
72885071
72885074
72885059
72885056
72885053
72885050
72885047
72885032
72885035
72885038
72885041
72885044
72885026
72885029
72885020
72885023
72885400
72885398
72885396
72885394
72885392
72885390
72885388
72885386
72885380
72885384
72885382
72885378
72885376
72885374
72885372
72885370
72885402
72885304
72885302
72885296
72885294
72885292
72885290
72885288
72885282
72885280
72885278
72885276
72885274
72885272
72885270
72885268
72885266
72885264
72885230
72885232
72885234
72885236
72885238
72885240
72885246
72885248
72885250
72885252
72885254
72885256
72885258
72885260
72885262
72885300
72885298
72885286
72885284
72885242
72885244
72885460
72885600
72885480
72885580
72885440
72885500
72885560
72885540
72885520
72885866
72885862
72885894
72885868
72885860
72885870
72885858
72885864
72885896
72885892
72885872
72885856
72885874
72885854
72885786
72885784
72885810
72885770
72885800
72885798
72885788
72885782
72885772
72885876
72885852
72885832
72885830
72885808
72885802
72885796
72885790
72885780
72885774
72885878
72885850
72885834
72885828
72885806
72885804
72885794
72885792
72885778
72885776
72885880
72885848
72885836
72885826
72885890
72885882
72885846
72885838
72885824
72885884
72885844
72885840
72885822
72885886
72885842
72885820
72885812
72885888
72885816
72885818
72885814
72887018
72887015
72887000
72887003
72887012
72887021
72887006
72887009
72887024
72887210
72887212
72887214
72887216
72887218
72887220
72887222
72887224
72887226
72887228
72887230
72887232
72887234
72887236
72887238
72887240
72887242
72887244
72887246
72887248
72887250
72887252
72887254
72887256
72887258
72887260
72887262
72887264
72887266
72887268
72887270
72887272
72887274
72887276
72887278
72887280
72887282
72887284
72887286
72887288
72887290
72887292
72887294
72887296
72887298
72887300
72887302
72887304
72887306
72887308
72887310
72887312
72887314
72887316
72887318
72887320
72887322
72887324
72887387
72887384
72887381
72887378
72887375
72887372
72887369
72887366
72887363
72887360
72887357
72887348
72887351
72887354
72887345
72887342
72887339
72887336
72887333
72887330
72887460
72887463
72887466
72887478
72887475
72887511
72887514
72887484
72887481
72887490
72887487
72887505
72887508
72887499
72887502
72887496
72887493
72887769
72887766
72887763
72887760
72887757
72887754
72887751
72887748
72887745
72887742
72887739
72887736
72887733
72887730
72887727
72887724
72887721
72887718
72887715
72887712
72887709
72887706
72887703
72887700
72887780
72887785
72887790
72887795
72887800
72887805
72887810
72887815
72887820
72887825
72887830
72887835
72887840
72887850
72887845
72887855
72887860
72887865
72887870
72887875
72887880
72887885
72887890
72887895
72890000
72890003
72890006
72890015
72890012
72890009
72890018
72890021
72890024
72890027
72890030
72890033
72890057
72890054
72890051
72890048
72890045
72890042
72890039
72890036
72890060
72890063
72890066
72890069
72890072
72890075
72890078
72890081
72890105
72890099
72890096
72890093
72890084
72890120
72890117
72890114
72890111
72890108
72890102
72890090
72890087
72890123
72890126
72890129
72890132
72890135
72890138
72890141
72890144
72890147
72890180
72890177
72890174
72890171
72890168
72890165
72890162
72890159
72890150
72890156
72890153
72890183
72890186
72890189
72890192
72890195
72890201
72890198
72890204
72890207
72890210
72890213
72890246
72890243
72890240
72890237
72890234
72890231
72890228
72890225
72890222
72890219
72890216
72890249
72890252
72890255
72890258
72890270
72890267
72890264
72890261
72890280
72890283
72890286
72890289
72890292
72890295
72890298
72890301
72890304
72890307
72890310
72890313
72890316
72895000
72895002
72895004
72895006
72895008
72895010
72895012
72895014
72895016
72895018
72895020
72895022
72895024
72895026
72895028
72895030
72895032
72895034
72895036
72895038
72895040
72895042
72895044
72895046
72895048
72895050
72895052
72895054
72895056
72895058
72895060
72895062
72895064
72895066
72895068
72895070
72895072
72895074
72895076
72895078
72895080
72895082
72895084
72895086
72895088
72895090
72895092
72895094
72895096
72895098
72895100
72895102
72895104
72895106
72895108
72895110
72895112
72895114
72895116
72895118
72895120
72895122
72895124
72895126
72895128
72895130
72895132
72895134
72895136
72895138
72895140
72895142
72895144
72895146
72895148
72895150
72895152
72895154
72895156
72895158
72895160
72895162
72895164
72895166
72895168
72895170
72895172
72895174
72895176
72895178
72895180
72895182
72895184
72895186
72895188
72895190
72895192
72895194
72895196
72895198
72895200
72895202
72895204
72895206
72895208
72895210
72895212
72895214
72885620
72885622
72885624
72885626
72885628
72885630
72896600
72896602
72896604
72896606
72896608
72896610
72896612
72896614
72896616
72896618
72896620
72896622
72896624
72896626
72896628
72896630
72896632
72896634
72896636
72896638
72896640
72896642
72896644
72896646
72896648
72896650
72896652
72896654
72896656
72896658
72896660
72896662
72896664
72896666
72896668
72896670
72896672
72896674
72896676
72896678
72896680
72896682
72896684
72896686
72896688
72896690
72896692
72896694
72896696
72896698
72896700
72896702
72896704
72896706
72896708
72896710
72896712
72896714
72896716
72896718
72896720
72896722
72896724
72896726
72896728
72896730
72896732
72896734
72896736
72896738
72896740
72896742
72896744
72896746
72896748
72896750
72896752
72896754
72896756
72896758
72896760
72896762
72896764
72896766
72896768
72896770
72896772
72896774
72896392
72896390
72896388
72896386
72896384
72896382
72896380
72896378
72896376
72896374
72896372
72896370
72896368
72896366
72896364
72896362
72896360
72896358
72896356
72896354
72896352
72896350
72896348
72896346
72896344
72896342
72896340
72896338
72896336
72896334
72896332
72896330
72896328
72896326
72896324
72896322
72896320
72896318
72896316
72896314
72896312
72896310
72896308
72896306
72896304
72896302
72896300
72897604
72897606
72897612
72897620
72897624
72897608
72897614
72897622
72897626
72897628
72897610
72897616
72897618
72897600
72897602
72896134
72896132
72896130
72896128
72896126
72896124
72896122
72896120
72896086
72896084
72896082
72896080
72896078
72896076
72896074
72896072
72896070
72896068
72896058
72896056
72896054
72896052
72896050
72896092
72896094
72896096
72896098
72896100
72896090
72896064
72896062
72896060
72896066
72896088
72896118
72896136
72896116
72896114
72896112
72896110
72896108
72896106
72896104
72896102
72896400
72896402
72896404
72896406
72896408
72896410
72896412
72896414
72896416
72896418
72896420
72896422
72896424
72896426
72896428
72896430
72896432
72896434
72896436
72896438
72896440
72896442
72896444
72896446
72896448
72896450
72896452
72896454
72896456
72896458
72896460
72896462
72896464
72896466
72896468
72896470
72896472
72896474
72896476
72896478
72896480
72896482
72896484
72896486
72896488
72896490
72896492
72896494
72896496
72896498
72896500
72896502
72896504
72896506
72896508
72896510
72896512
72896514
72896516
72896518
72896520
72896522
72896524
72896526
72896528
72896530
72896532
72896534
72896536
72896538
72896540
72896542
72896544
72896546
72896548
72896550
72896552
72896554
72896556
72896558
72896560
72896562
72896564
72896566
72896568
72896570
72896572
72896574
72897529
72897531
72897533
72897501
72897503
72897505
72897507
72897509
72897511
72897513
72897515
72897517
72897519
72897521
72897523
72897525
72897527
72897574
72897576
72897578
72897580
72897582
72897584
72897586
72897588
72897540
72897542
72897544
72897546
72897548
72897550
72897552
72897554
72897556
72897558
72897560
72897562
72897564
72897566
72897568
72897570
72897572
72898899
72880230
72880233
72880260
72880263
72880266
72880269
72880272
72880275
72880278
72880236
72880239
72880242
72880245
72880248
72880251
72880254
72880257
72880191
72880227
72880200
72880197
72880194
72880224
72880221
72880218
72880215
72880212
72880209
72880206
72880203
72880281
72880284
72880311
72880314
72880317
72880287
72880290
72880293
72880296
72880299
72880302
72880305
72880308
72880140
72880164
72880170
72880173
72880176
72880179
72880182
72880185
72880188
72880161
72880158
72880155
72880152
72880149
72880146
72880143
72880167
72880350
72880353
72880359
72880362
72880356
72880365
72880368
72880371
72880374
72880377
72880040
72880043
72880070
72880073
72880076
72880079
72880082
72880046
72880049
72880052
72880055
72880058
72880061
72880064
72880067
72880380
72880398
72880401
72880395
72880392
72880389
72880386
72880383
72880443
72880470
72880458
72880449
72880446
72880473
72880476
72880479
72880452
72880467
72880464
72880461
72880455
72880404
72880410
72880437
72880440
72880407
72880413
72880416
72880419
72880422
72880425
72880428
72880431
72880434
72880490
72880492
72880518
72880520
72880494
72880496
72880498
72880500
72880510
72880512
72880514
72880516
72880522
72880526
72880544
72880546
72880548
72880524
72880528
72880530
72880532
72880534
72880536
72880538
72880540
72880542
72880550
72880554
72880572
72880574
72880576
72880578
72880580
72880582
72880584
72880552
72880556
72880558
72880560
72880562
72880564
72880566
72880568
72880570
72880586
72880588
72880606
72880608
72880610
72880612
72880590
72880592
72880594
72880596
72880598
72880600
72880602
72880604
72880660
72880662
72880680
72880682
72880684
72880686
72880664
72880666
72880668
72880670
72880672
72880674
72880676
72880678
72880614
72880616
72880634
72880636
72880638
72880640
72880642
72880644
72880646
72880648
72880650
72880652
72880618
72880654
72880656
72880658
72880620
72880622
72880624
72880626
72880628
72880630
72880632
72880688
72880692
72880710
72880712
72880714
72880716
72880718
72880720
72880722
72880724
72880726
72880728
72880694
72880730
72880690
72880696
72880698
72880700
72880702
72880704
72880706
72880708
72881078
72881128
72881110
72881108
72881106
72881104
72881102
72881100
72881098
72881096
72881094
72881092
72881126
72881090
72881088
72881086
72881084
72881080
72881130
72881082
72881124
72881122
72881120
72881118
72881116
72881114
72881112
72881000
72881020
72881010
72881008
72881006
72881004
72881002
72881030
72881032
72881034
72881036
72881038
72881022
72881040
72881042
72881044
72881064
72881062
72881060
72881058
72881056
72881054
72881052
72881024
72881050
72881048
72881046
72881066
72881068
72881070
72881072
72881074
72881076
72881026
72881028
72881018
72881016
72881014
72881012
72880092
72896164
72896162
72896160
72896158
72896156
72896154
72896152
72896150
72896188
72896186
72896184
72896182
72896180
72896178
72896176
72896174
72896172
72896170
72896168
72896166
72896212
72896210
72896208
72896206
72896204
72896202
72896200
72896198
72896196
72896194
72896192
72896190
72896234
72896232
72896230
72896228
72896226
72896224
72896222
72896220
72896218
72896216
72896214
72896258
72896256
72896254
72896252
72896250
72896248
72896246
72896244
72896242
72896240
72896238
72896236
