73802055
73802483
73803376
73805259
73805465
73805620
73805830
73807055
73808195
73808228
73813480
73808795
73808820
73814510
73808475
73807840
73808489
73808192
73808640
73814065
73803020
73803030
73809018
73803050
73803060
73807810
73814025
73805165
73801425
73807625
73801215
73801480
73801140
73807200
73813745
73813750
73803075
73803135
73807825
73805835
73803263
73805355
73813780
73808616
73801290
73813101
73808626
73801170
73801350
73807503
73807310
73801330
73801200
73803269
73814185
73814035
73807720
73814155
73809032
73803328
73808618
73802408
73805360
73814045
73813030
73807623
73804620
73813789
73802431
73802480
73805265
73805470
73805615
73807070
73808175
73808232
73808435
73808740
73808810
73814520
73809022
73802209
73802056
73807842
73807165
73807660
73809006
73813783
73809000
73813785
73813401
73813040
73813540
73814525
73815012
73807510
73807645
73813880
73813020
73809016
73803312
73803316
73801120
73807105
73803266
73801340
73802010
73809002
73801310
73813010
73813011
73813550
73805320
73803640
73808602
73805226
73807243
73814500
73815035
73813888
73808307
73808650
73814003
73809012
73807580
73807411
73807412
73802449
73802458
73802210
73805283
73805460
73805635
73807075
73808190
73808236
73808325
73808815
73814530
73802481
73807377
73802057
73808182
73801160
73807600
73807730
73803380
73813774
73813791
73807274
73802406
73803070
73807678
73803656
73808612
73814180
73807735
73808256
73813801
73814135
73803332
73802020
73802175
73802200
73802401
73803035
73803210
73803301
73805305
73805075
73805170
73805207
73805535
73807765
73808284
73813170
73813465
73808850
73808030
73809670
73813014
73801660
73803045
73804100
73803658
73803260
73805825
73807532
73801640
73813776
73807685
73808294
73808705
73808044
73803304
73805545
73801680
73807701
73814001
73808604
73805010
73801130
73803356
73802410
73803308
73807120
73801570
73801575
73813501
73813782
73807185
73807195
73805204
73805455
73805670
73807080
73808185
73808240
73808825
73814535
73814140
73801180
73804125
73803295
73801490
73814050
73805180
73814160
73805185
73807775
73813740
73801230
73807060
73808165
73808244
73814540
73803072
73807620
73814205
73801460
73803287
73801280
73803348
73814515
73803173
73813884
73803342
73808201
73807630
73805695
73808080
73808155
73808248
73813705
73814545
73809665
73801020
73807175
73807325
73807330
73807397
73805875
73809010
73808072
73801390
73807205
73813250
73807360
73814105
73802504
73813742
73801050
73801060
73814170
73805750
73807275
73808076
73814550
73808865
73807399
73803275
73814240
73813786
73808622
73813787
73807210
73806205
73807605
73807640
73813260
73803645
73807225
73809028
73807725
73803372
73805745
73808068
73808405
73814555
73808870
73808484
73803388
73807610
73808600
73814230
73801260
73803352
73803215
73801450
73801455
73814010
73801210
73805740
73808064
73808145
73808565
73808830
73814560
73807402
73807300
73804105
73803278
73814130
73801300
73802488
73813015
73808652
73813018
73807110
73803176
73809004
73808606
73809014
73807145
73813050
73807065
73801165
73805755
73808060
73808135
73808560
73808835
73814565
73807403
73813775
73805380
73807830
73813777
73813773
73805315
73809030
73808624
73809024
73801190
73803015
73801500
73814030
73814075
73813772
73813110
73813210
73813470
73813120
73808303
73807745
73814005
73807695
73801630
73805112
73807401
73813180
73814150
73807100
73801040
73807190
73814220
73808202
73804072
73814235
73807273
73814250
73814107
73814120
73801110
73805040
73807528
73807780
73807650
73807710
73807705
73803055
73803010
73814260
73814095
73801270
73813090
73813055
73808203
73813797
73808840
73814570
73814195
73805785
73808052
73808125
73808555
73814575
73808478
73814505
73801320
73813370
73809008
73801550
73807790
73814255
73804120
73803293
73801360
73814201
73801670
73807665
73801540
73805350
73809020
73801030
73807170
73804032
73807770
73807295
73814190
73805330
73813142
73801440
73807400
73808056
73805790
73808115
73808550
73814580
73814015
73807703
73814225
73803290
73801250
73813130
73807655
73807715
73807835
73803556
73804115
73813798
73814605
73807320
73807675
73813490
73803531
73813483
73807450
73814175
73814173
73813788
73813805
73807501
73814265
73803281
73801620
73807635
73803364
73803650
73814115
73801530
73801380
73807345
73808545
73814585
73808107
73807250
73807285
73814110
73814210
73808048
73808105
73808540
73814590
73801370
73803105
73805201
73807615
73801070
73801080
73805050
73801400
73807800
73807335
73808530
73814595
73808102
73803368
73813660
73803320
73803660
73807140
73808400
73809375
73802486
73805475
73805480
73805805
73813814
73805183
73813070
73813060
73807755
73807750
73813799
73813793
73803648
73807160
73807680
73813190
73801595
73814060
73805505
73805015
73801690
73805520
73813784
73807785
73808365
73809350
73803655
73808610
73803334
73802472
73813795
73802464
73803360
73805375
73803065
73801010
73807220
73805005
73801655
73805055
73805105
73805310
73805650
73805853
73805550
73808095
73808096
73808097
73801600
73803384
73803541
73802470
73802468
73803526
73808520
73814597
73813725
73813720
73813715
73813710
73813730
73813735
73801090
73808260
73808510
73814599
73803272
73813485
73804110
73803284
73803040
73803205
73804130
73803654
73803652
73807670
73805845
73814125
73814100
73813778
73809201
73809205
73809210
73809215
73809240
73809245
73809260
73809265
73809270
73809280
73809285
73809300
73809305
73809330
73809335
73815010
73815020
73815030
73815040
73815050
73815060
73815070
73815080
73815090
73815100
73815110
73815120
73815130
73815140
73815150
73815160
73815170
73815180
73815190
73815200
73815210
73804555
73804560
73804565
73804570
73804575
73804580
73804585
73804590
73804595
73804600
73804605
73804610
73804615
73803167
73803169
73803171
73803175
73803177
73803178
73803180
73803179
73803181
73807455
73805430
73801220
73816899
73808264
73807404
73813781
73814055
73803344
73807795
73813779
73807410
73801410
73807740
73813160
73813080
73814085
73814165
73808091
73808092
73808093
73808094
73802444
73802447
73802450
73813794
73801420
73805405
73805188
73807355
73807365
73814245
73813876
73809026
73808614
73808268
73808620
73802005
73802489
73814040
73807245
73807270
73814145
73813796
73808628
73813790
73807135
73807490
73801650
73807805
73801430
73801520
73801560
73813792
73807815
73807820
73808272
73807346
73803324
73808276
73801610
73808855
73807180
73801100
73805340
73807347
73805335
73803340
73807525
73805325
73801155
73804010
73804015
73804020
73804025
73804030
73804035
73804040
73804045
73804050
73804055
73804060
73804065
73804070
73804075
73804080
73804085
73804090
73804095
73801150
73807733
73802160
73802443
73807690
73805345
73813670
73814020
73813510
73808280
73814215
73801580
73802100
73802471
73803080
73803130
73803220
73805045
73805110
73805253
73805365
73805410
73805610
73805640
73805850
73805895
73807005
73807155
73807405
73807550
73807760
73808001
73808204
73808715
73813270
73813601
73808430
73813701
73813804
73808860
73802273
73802423
73814070
73814275
73802150
73802250
73802445
73803160
73805070
73805125
73805268
73805720
73807305
73807577
73808036
73808252
73813201
73808320
73813645
73808765
73813848
73805235
73808867
73802446
73808476
73808477
73802155
73802255
73802404
73805210
73805705
73807255
73808040
73808101
73808315
73813440
73813650
73813852
73803506
73808769
73815043
73808770
73804062
73813653
73813665
73802260
73802442
73803165
73805080
73805120
73805277
73805370
73805510
73805605
73805710
73807583
73808110
73808310
73813450
73813655
73808775
73813856
73801590
73805232
73805555
73808862
73802441
73802265
73802419
73805213
73805701
73807260
73808120
73808305
73813520
73813530
73808780
73813860
73809625
73815045
73813768
73805810
73802280
73802439
73805195
73805271
73805715
73807586
73808130
73808505
73808300
73813460
73808785
73813858
73805115
73802440
73802285
73802421
73805216
73805725
73807265
73808140
73808515
73813220
73813770
73808845
73809620
73814328
73805815
73804082
73802422
73802288
73802436
73805244
73805730
73808150
73808525
73813230
73808370
73808790
73802435
73802434
73802290
73802424
73805219
73805735
73807280
73808160
73808535
73808701
73813240
73808375
73802476
73809615
73802433
73805241
73805760
73808170
73808710
73813280
73808380
73809630
73802473
73809701
73809706
73802165
73802474
73805221
73805765
73807290
73808180
73813290
73808385
73808805
73809610
73802452
73814335
73802105
73802270
73802466
73803090
73803140
73803225
73803230
73803235
73805145
73805415
73805560
73805630
73805690
73805890
73807010
73807115
73807125
73807150
73807230
73807513
73807553
73808004
73808208
73813301
73813430
73813605
73808420
73808720
73813820
73805252
73803516
73803536
73807773
73814338
73814080
73805150
73807340
73805155
73807343
73802430
73805238
73805770
73813310
73808390
73808800
73809635
73809328
73805223
73805775
73807350
73808084
73813320
73808395
73809605
73803025
73802170
73802427
73805229
73805780
73813340
73809640
73808425
73802428
73807370
73808440
73813350
73802416
73808445
73813360
73809645
73802413
73807375
73808465
73813380
73808450
73802407
73802027
73809650
73802405
73802030
73808470
73813390
73807380
73802035
73802060
73813755
73809655
73813806
73808483
73801385
73802015
73802025
73807385
73813762
73808485
73805801
73802110
73802469
73803085
73803125
73803250
73805035
73805160
73805262
73805440
73805625
73805645
73805885
73807015
73807130
73807240
73807507
73807522
73807556
73808008
73808212
73813330
73808360
73813610
73808725
73813824
73805795
73803511
73803521
73805557
73802274
73807774
73814090
73803005
73801510
73808415
73803110
73802040
73809660
73813763
73808487
73802045
73802240
73807390
73802050
73802220
73809662
73802065
73802215
73807393
73802070
73802205
73809664
73802075
73802115
73802275
73802460
73803145
73803245
73805140
73805250
73805420
73805655
73805880
73807395
73807559
73808012
73808296
73808355
73813615
73808730
73813828
73803501
73813150
73808410
73808880
73813864
73813868
73809711
73809716
73815193
73809721
73802120
73802225
73802463
73803120
73803240
73805030
73805175
73805274
73805425
73805660
73805870
73807504
73807562
73808016
73808216
73808350
73813620
73808735
73813832
73804018
73815022
73808351
73813872
73802125
73802230
73802454
73803150
73805060
73805135
73805256
73805450
73805530
73805665
73805820
73805865
73807565
73808020
73808455
73808292
73813410
73813625
73808745
73813836
73807505
73814270
73808345
73808875
73808456
73809726
73813816
73813812
73813808
73802130
73802135
73802235
73802457
73803115
73805025
73805190
73805280
73805435
73805525
73805675
73805860
73807235
73807516
73807568
73808024
73808220
73813420
73808340
73813630
73813840
73815032
73808460
73808750
73802140
73802218
73802448
73803155
73805065
73805130
73805247
73805445
73805540
73805680
73805840
73805855
73807315
73807519
73807571
73808028
73808288
73808335
73813635
73808755
73813842
73803546
73807050
73813140
73808872
73802145
73802245
73802451
73805020
73805286
73805515
73805685
73807215
73807574
73808032
73808224
73808330
73813640
73808760
73813844
73805686
73813295
73815041
73802477
73813760
73813765
