75360223
75360193
75360174
75367466
75369198
75361760
75360246
75365494
75362105
75362326
75362084
75360342
75360255
75369109
75365580
75368203
75361512
75367463
75367060
75362206
75367021
75362221
75368170
75362179
75364195
75367430
75365556
75361506
75365812
75360818
75360336
75362081
75362099
75365176
75367440
75362078
75362318
75367653
75368333
75365418
75365170
75365144
75360836
75360315
75360330
75360120
75360048
75362150
75365194
75373092
75360830
75360288
75360309
75367452
75360581
75364240
75362324
75360404
75368164
75367890
75372651
75372657
75372624
75372660
75372669
75372627
75372672
75372735
75372726
75372732
75372738
75372741
75372744
75372747
75372639
75372642
75372645
75372723
75372729
75372663
75372675
75372654
75372666
75372750
75373000
75372687
75372684
75372702
75372714
75372606
75372512
75372630
75372699
75372720
75372717
75372711
75372705
75372708
75372696
75372693
75372690
75372681
75372560
75372636
75372615
75372576
75372482
75372600
75372597
75372594
75372618
75372588
75372591
75372585
75372582
75372579
75365614
75360663
75367887
75367827
75361867
75362310
75367881
75373740
75363122
75362027
75360171
75367469
75369222
75361756
75360258
75362009
75371650
75369259
75369276
75360884
75362063
75362191
75362141
75360021
75363315
75364207
75364054
75365500
75365359
75360006
75362147
75360887
75368330
75368282
75373315
75360033
75372570
75372419
75372387
75372603
75372464
75365403
75365323
75365676
75365593
75364216
75365568
75360845
75362060
75362322
75362033
75362194
75362117
75368327
75369150
75369070
75369066
75360168
75367481
75361754
75360261
75364222
75360893
75360872
75365886
75362093
75362036
75369076
75360009
75360147
75362126
75360345
75365856
75365842
75360821
75360566
75361876
75371834
75370048
75370217
75361888
75368176
75360765
75364042
75363291
75360848
75360878
75360279
75360756
75371638
75371876
75362087
75365836
75365862
75365794
75369018
75369262
75370322
75370057
75367842
75367015
75365126
75360768
75372333
75369270
75369258
75365362
75365520
75365504
75369318
75373894
75367455
75362042
75367039
75360851
75365538
75371720
75371684
75362176
75362006
75362173
75361846
75360015
75362120
75365123
75365197
75371666
75365320
75365310
75369273
75365365
75365368
75365377
75365480
75365415
75365371
75365338
75365325
75365327
75365328
75365339
75365340
75363070
75365342
75360162
75367487
75361752
75360249
75362051
75367382
75360318
75365782
75363125
75367027
75361585
75369154
75369085
75373083
75360800
75360792
75373731
75373688
75373846
75373716
75373803
75373763
75369260
75369272
75365311
75365321
75365312
75373006
75373300
75365185
75367647
75368179
75361852
75360584
75361840
75361718
75361661
75361750
75361797
75360159
75367645
75367490
75360264
75368173
75365182
75369006
75368146
75367896
75365559
75362159
75361573
75367033
75367848
75365135
75360774
75364225
75362096
75365159
75367012
75364210
75368152
75365859
75360156
75367472
75361748
75363176
75363128
75360827
75371646
75362320
75362054
75370181
75369254
75367406
75367354
75373101
75364231
75369060
75368324
75369015
75368312
75369030
75369012
75368309
75369009
75368306
75369003
75368303
75368300
75368297
75368408
75368405
75368402
75369063
75368381
75368399
75368390
75368396
75368384
75368270
75368393
75368378
75368279
75368387
75368375
75368276
75368369
75368372
75368366
75369051
75368321
75368363
75368360
75368357
75368354
75368348
75368351
75368345
75368342
75368339
75368273
75369054
75369045
75368318
75369048
75369033
75368315
75369036
75369039
75360815
75360475
75373713
75373685
75367651
75367806
75365574
75367006
75360454
75360472
75360478
75360484
75360487
75360451
75360469
75360439
75360442
75360466
75360457
75360460
75360463
75360445
75367475
75361746
75367024
75371654
75364264
75362135
75365779
75362224
75367809
75367845
75367054
75367048
75367333
75367421
75367655
75367600
75367449
75360839
75365165
75360783
75362030
75362218
75365688
75362045
75362200
75363217
75361609
75361636
75360202
75361500
75373670
75361570
75361606
75362000
75363179
75363226
75363240
75364000
75364070
75364130
75365586
75365590
75365670
75365770
75367000
75367460
75367800
75368140
75368210
75369073
75370070
75370430
75371747
75372200
75372330
75372621
75373080
75373240
75373420
75373480
75373520
75361530
75365850
75365839
75365827
75361624
75362156
75367830
75365682
75365757
75365742
75365596
75365721
75365724
75365679
75365700
75365703
75365727
75365730
75365733
75365685
75365706
75365748
75365751
75365754
75365691
75365709
75365697
75365712
75365715
75365718
75365736
75365739
75365745
75363320
75365760
75367484
75361744
75367860
75367839
75367833
75367836
75365529
75367857
75367014
75369057
75362102
75362185
75367493
75361762
75363149
75361575
75361563
75363161
75363119
75365120
75362018
75363173
75369042
75363158
75371642
75360569
75360436
75362066
75362328
75363170
75361740
75361730
75373749
75360165
75363064
75363140
75363110
75360057
75367854
75363167
75363143
75363146
75372836
75372790
75367336
75363152
75360424
75363164
75373243
75367415
75361742
75365324
75362312
75365806
75360416
75362209
75364249
75367446
75361858
75362090
75365577
75368336
75367602
75369027
75367649
75363243
75364003
75365550
75367872
75365553
75368158
75360786
75365156
75367009
75365179
75367869
75361600
75363232
75360205
75360183
75361542
75361503
75365541
75365544
75369021
75365162
75360603
75370193
75365547
75369000
75368294
75365523
75367051
75365374
75367424
75360024
75360190
75360129
75367057
75365877
75365188
75365791
75365853
75368288
75365880
75363061
75360054
75362129
75360303
75360291
75360306
75367496
75366012
75365889
75373722
75367821
75361843
75365776
75367478
75369097
75361515
75373734
75365785
75365571
75373743
75362132
75362215
75365815
75365565
75365508
75365433
75367030
75367815
75368188
75363329
75365605
75363323
75363356
75363362
75363365
75363368
75363371
75363374
75363377
75363419
75363380
75363383
75365608
75363335
75363386
75363389
75363392
75363395
75363398
75363401
75363425
75363428
75363431
75363434
75363437
75365611
75363338
75363359
75363404
75363410
75363413
75363416
75363422
75363440
75365617
75363341
75365620
75363344
75363347
75363350
75366072
75363332
75363326
75363353
75367499
75367403
75367348
75362182
75365865
75365797
75360282
75362039
75361855
75360575
75362072
75360771
75369210
75365535
75365147
75367875
75373737
75373719
75373691
75365583
75368291
75360333
75365141
75365191
75368167
75365773
75368182
75361870
75362269
75360018
75362069
75360854
75360777
75367851
75367342
75360208
75361640
75361615
75360220
75371634
75367357
75367409
75367373
75360226
75373089
75365818
75362012
75365824
75365673
75373697
75367345
75360803
75369339
75370039
75370006
75367803
75371870
75371867
75371864
75371858
75371855
75371852
75371888
75371849
75371846
75371843
75371840
75371837
75371831
75371861
75371873
75371879
75371885
75371882
75371744
75371741
75371738
75371819
75371822
75371825
75371816
75371828
75371813
75371735
75371798
75371804
75371732
75371726
75371723
75371771
75371768
75371750
75371753
75371756
75371759
75371762
75371765
75371774
75371777
75371780
75371783
75371786
75371729
75371789
75371792
75371795
75371801
75371807
75371810
75365562
75368143
75367893
75362316
75368185
75362203
75362015
75365492
75365694
75360753
75360408
75361891
75360857
75364267
75362138
75367400
75367363
75360860
75362048
75362188
75360560
75360481
75373541
75360572
75365871
75367418
75360030
75360339
75360027
75360806
75372573
75372363
75361560
75361603
75361588
75373694
75365173
75373700
75363199
75363113
75371891
75367003
75360123
75360060
75360430
75360412
75360036
75360890
75362227
75361849
75360025
75373559
75361861
75361873
75361879
75368161
75373098
75360833
75373072
75373018
75373036
75373048
75373015
75373033
75373069
75373003
75372854
75373009
75373012
75373021
75373024
75373027
75373030
75373042
75373039
75373045
75373051
75373054
75373057
75373060
75373063
75373066
75360866
75367818
75360759
75372203
75362239
75372413
75372422
75372437
75372440
75372443
75372446
75372449
75372458
75372485
75372491
75372494
75372497
75372500
75372530
75372545
75372533
75372503
75372506
75372509
75372830
75372521
75372416
75372428
75372452
75372425
75372434
75372461
75372431
75372455
75372467
75372470
75372473
75372476
75372479
75372488
75372515
75372524
75372527
75372536
75372539
75372542
75372548
75372551
75372554
75372557
75360327
75362123
75362314
75362153
75372336
75372648
75372410
75373746
75373426
75373435
75373438
75373444
75373447
75373450
75373453
75373456
75373462
75373465
75373423
75373441
75373429
75369306
75367427
75362230
75362236
75362248
75362251
75362245
75362257
75362260
75362242
75362263
75362266
75362254
75362272
75362278
75362281
75362284
75362287
75362290
75362296
75362299
75362302
75362305
75362293
75362275
75365833
75360152
75360270
75360243
75361612
75360199
75360180
75360276
75360273
75360433
75360400
75372851
75372848
75372845
75372842
75372839
75372833
75372808
75372805
75372802
75372799
75372817
75372796
75372769
75372766
75372763
75372775
75372793
75372760
75372811
75372814
75372772
75372778
75372781
75372857
75372820
75368258
75368191
75368255
75368194
75368252
75368197
75368249
75368200
75368237
75368246
75368225
75368234
75368243
75368240
75368231
75368222
75368219
75368216
75368228
75369279
75369309
75369312
75369315
75369282
75369285
75369288
75369291
75369294
75369297
75369300
75369303
75360578
75367370
75367330
75368213
75362170
75362021
75360012
75373516
75373632
75373526
75373629
75373550
75373610
75373662
75373840
75373710
75373760
75373676
75373544
75373659
75373604
75373547
75373598
75373553
75373592
75373556
75373638
75373568
75373673
75373523
75373565
75373562
75373583
75373529
75373589
75373601
75373575
75373641
75373574
75373849
75373635
75373644
75373571
75373653
75373656
75373679
75373532
75373650
75373580
75373535
75373586
75373682
75373538
75373607
75373852
75373888
75373891
75373897
75373772
75373876
75373879
75373855
75373858
75373861
75373864
75373867
75373870
75373873
75373882
75373885
75365830
75367863
75373899
75360126
75360051
75362114
75365599
75362075
75365821
75365868
75365803
75365800
75360762
75360875
75373246
75373330
75373276
75373318
75373279
75373333
75373285
75373336
75373339
75373288
75373354
75373255
75373291
75373357
75373249
75373252
75373294
75373297
75373303
75373282
75373306
75373309
75373258
75373312
75373321
75373327
75373342
75373345
75373351
75373348
75373459
75373360
75373261
75373264
75373267
75373324
75373270
75373273
75365313
75371660
75371690
75371669
75371696
75371672
75371675
75371678
75371681
75371687
75371693
75371663
75371699
75371702
75371708
75371705
75371711
75371630
75365602
75367042
75360448
75365105
75362003
75372212
75372215
75372206
75372221
75372218
75372209
75362024
75360809
75373104
75367036
75368155
75360869
75360780
75373647
75373577
75365788
75370436
75370439
75370442
75370445
75370448
75370451
75370454
75370433
75370463
75373483
75373468
75373623
75373513
75370457
75370460
75373626
75373471
75370466
75373432
75373620
75373486
75370469
75373489
75373492
75373495
75373498
75373501
75373504
75373507
75373510
75373725
75361518
75367443
75360863
75372339
75372342
75372345
75372348
75372381
75372351
75372354
75372357
75372378
75372360
75372366
75372372
75372369
75372375
75372384
75372609
75372390
75372633
75372399
75372393
75372612
75372396
75360297
75365883
75360812
75361882
75365874
75360842
75373107
75361841
75370054
75370319
75370543
75370519
75370498
75360300
75360059
75361885
75362111
75362212
75373728
75367351
75365496
75365356
75370483
75369082
75370555
75369133
75370558
75369136
75370501
75370561
75370510
75369142
75370504
75369145
75370507
75369079
75370522
75369088
75370567
75370525
75369091
75370079
75369130
75369124
75365488
75365353
75370486
75369094
75369139
75370528
75370489
75365350
75369100
75370513
75370492
75365344
75369103
75370516
75370495
75369106
75365336
75370546
75369112
75365330
75360003
75365322
75370564
75369115
75370549
75369118
75370552
75369127
75369121
75360312
75363116
75360001
75363190
75363155
75361658
75367878
75369024
75367379
75367339
75367360
75367412
75367376
75373086
75360881
75373095
75367388
75360824
75367045
75368149
75367884
75362057
75362197
75367385
75367018
75360420
75360285
75373843
75373775
75360294
75367812
75367866
75366060
75367657
75367659
75365430
75363060
75367661
75367663
75367665
75367667
75367669
75367671
75367673
75364133
75364124
75365304
75365230
75365484
75365424
75365532
75365332
75369178
75367824
75373766
75370356
75370073
75365090
75364204
75363276
75363223
75363043
75363079
75361715
75361554
75360738
75360363
75360324
75360150
75365485
75364100
75364219
75364157
75360196
75360177
75361533
75361509
75370088
75360735
75363261
75367675
75364009
75370118
75369214
75366027
75365117
75365252
75364237
75364121
75363220
75363100
75360690
75360621
75360387
75364015
75364021
75364024
75364027
75364030
75364033
75364036
75364039
75364045
75373821
75370115
75369206
75366030
75365129
75367677
75365249
75364243
75364088
75364145
75363300
75363202
75360660
75360642
75364048
75364051
75364018
75364057
75360390
75360600
75360590
75370359
75370238
75373809
75373790
75369230
75366033
75365132
75367679
75365243
75364246
75364091
75364148
75363258
75360669
75360351
75360666
75365200
75367681
75365307
75373769
75370241
75366036
75364261
75364094
75364151
75360672
75360618
75365206
75367683
75365240
75373830
75370124
75369234
75366000
75365150
75364258
75364097
75364154
75363255
75361646
75360675
75360615
75370121
75365221
75367685
75365289
75365246
75373824
75370127
75366015
75365153
75364255
75364103
75361664
75360699
75360612
75365218
75373827
75370130
75365138
75367687
75366066
75365258
75365283
75364252
75364106
75363252
75361649
75360702
75360636
75364180
75364109
75373833
75370133
75369238
75366075
75361652
75360708
75360609
75367628
75370136
75369226
75366003
75364139
75363249
75361682
75360714
75367604
75360717
75370139
75369242
75366069
75364142
75360720
75361650
75367606
75360563
75360372
75365526
75365335
75369182
75373778
75370362
75370091
75369162
75366021
75365096
75365227
75364186
75364079
75363273
75363229
75363085
75360132
75361706
75361633
75361545
75360732
75360627
75365301
75370142
75369218
75364136
75363246
75361685
75360678
75367630
75370148
75364166
75361779
75361667
75360681
75367608
75370145
75370151
75369250
75364163
75363285
75361782
75361764
75360684
75367610
75364183
75364160
75370154
75361785
75361673
75367612
75367624
75370157
75363294
75361788
75367614
75370160
75361800
75361670
75367618
75370211
75363297
75361791
75367620
75361794
75370163
75361803
75361676
75367622
75370166
75363303
75361806
75367626
75370082
75361809
75361679
75367616
75370076
75360360
75360321
75361576
75361551
75365329
75369186
75373781
75360045
75370365
75370094
75366063
75365099
75365427
75365224
75364198
75364112
75363279
75363214
75363049
75363082
75360135
75361864
75361724
75361630
75360729
75360630
75360561
75365298
75370085
75363407
75363306
75361812
75361815
75361691
75364012
75363312
75370190
75361818
75370196
75361821
75370199
75361824
75370202
75361827
75370205
75361830
75360651
75361833
75360750
75370063
75370310
75370220
75361798
75362233
75360789
75370350
75370223
75361773
75361758
75370226
75360348
75360252
75361548
75361627
75361582
75363196
75363134
75365273
75365215
75369190
75373784
75360042
75370368
75370097
75369166
75365102
75365421
75366006
75365295
75364192
75364118
75363270
75363058
75363073
75361700
75360726
75360606
75360366
75360138
75365326
75370229
75361770
75370232
75361776
75370328
75370244
75370235
75370277
75370480
75370340
75370540
75370169
75370172
75370175
75370178
75370247
75361557
75361688
75361579
75364006
75363309
75373800
75373787
75365341
75360039
75370353
75370100
75369158
75365093
75365412
75366048
75365212
75365270
75365292
75364189
75364115
75363211
75363052
75363088
75361703
75361621
75360711
75360633
75360369
75360229
75360141
75369174
75370250
75370253
75370256
75370259
75370262
75370265
75370268
75370271
75370274
75370280
75361655
75361618
75363193
75363131
75364073
75364060
75373812
75370106
75369170
75365409
75366054
75365209
75365267
75365286
75364213
75363267
75363046
75363091
75361709
75360705
75360645
75360375
75370283
75370331
75370286
75370334
75370289
75370337
75370292
75370313
75370295
75370051
75370316
75370298
75370184
75370187
75370214
75370325
75370060
75370045
75370042
75369366
75370030
75370003
75373815
75373793
75370103
75369194
75366018
75365108
75365406
75365203
75365264
75364076
75363282
75363208
75363055
75363097
75361712
75361536
75360693
75360648
75360378
75360144
75360230
75369348
75369333
75370033
75369330
75369246
75370036
75369336
75370009
75369342
75370012
75369345
75370018
75369354
75370015
75370027
75370021
75369357
75360240
75360232
75373806
75370112
75365111
75365400
75366039
75365261
75364228
75364082
75363264
75363094
75361721
75360696
75360624
75360381
75360153
75363154
75363115
75363191
75366009
75366042
75370024
75370001
75369363
75369351
75365343
75363076
75363040
75373818
75370109
75369202
75366024
75365114
75365255
75365280
75364234
75364085
75363288
75363205
75363182
75361727
75360687
75360639
75360384
75366045
75360723
