75834375
75835025
75837647
75830150
75832092
75832088
75832027
75830294
75837895
75837780
75832065
75831262
75831194
75834440
75833236
75834398
75833318
75837877
75835212
75831154
75831214
75831182
75834155
75836509
75836549
75836033
75836666
75836108
75833101
75832320
75832204
75831234
75831186
75834214
75834151
75836188
75836057
75836084
75830341
75835095
75830008
75830089
75830197
75830202
75836174
75836540
75836036
75836099
75836145
75836670
75830169
75836020
75833266
75834268
75837837
75830230
75830054
75830442
75830323
75830398
75831252
75831188
75833216
75831026
75832294
75836105
75832326
75833438
75836093
75836602
75836662
75838072
75836506
75836548
75836035
75832280
75832640
75832274
75835041
75835029
75833047
75833052
75836005
75837751
75830290
75831260
75831192
75830107
75835294
75830164
75831064
75832005
75832036
75832072
75835407
75833032
75835001
75835133
75836062
75836196
75836222
75836008
75836056
75833024
75830148
75835214
75833440
75836043
75830498
75831162
75834464
75832094
75834410
75830333
75837894
75832127
75838048
75832226
75836238
75832073
75831065
75830165
75834406
75832634
75834320
75833472
75836652
75837654
75836693
75837629
75837587
75838062
75833398
75833358
75832276
75832348
75832631
75832270
75831170
75830080
75836698
75837834
75833234
75835139
75832232
75834363
75835023
75837645
75832029
75830300
75837782
75837643
75833312
75835158
75834318
75833336
75833330
75835152
75830031
75836023
75833238
75832200
75838064
75830317
75832214
75832619
75834172
75834169
75834159
75831178
75830142
75831114
75831242
75832055
75830475
75833386
75838068
75830472
75831096
75833366
75830299
75834089
75834437
75835043
75836013
75836037
75835135
75832302
75830166
75831061
75830192
75832112
75832121
75832082
75831124
75834058
75837165
75834595
75836709
75832637
75833316
75835170
75834577
75834583
75834567
75834582
75834561
75834584
75834555
75834587
75834552
75834590
75834546
75834579
75834558
75834522
75834534
75834513
75834540
75834495
75834564
75834519
75834528
75834510
75834580
75834537
75834492
75834543
75834501
75834525
75834488
75834549
75834483
75834516
75834578
75834507
75834504
75834498
75834490
75834484
75834593
75834531
75834576
75834585
75834570
75835015
75837641
75830298
75837784
75837739
75837605
75834294
75834033
75833132
75833144
75834300
75833436
75834012
75833354
75832625
75833240
75834316
75834023
75833368
75838058
75831216
75831204
75834137
75837843
75832256
75834070
75830345
75832628
75833356
75834308
75834037
75833310
75834064
75835191
75830321
75832368
75831248
75831168
75831228
75831202
75835179
75830046
75830392
75830394
75834274
75837744
75830287
75837758
75830303
75836604
75836690
75836678
75836596
75836566
75831256
75831300
75831102
75832572
75832569
75832615
75832272
75832622
75834013
75834357
75830154
75832013
75832040
75832080
75833045
75835049
75833018
75833056
75835031
75832180
75836543
75836024
75836503
75830111
75836032
75836102
75836694
75830012
75837728
75837625
75836199
75834449
75834458
75831310
75830050
75831002
75830215
75831120
75831160
75831118
75831145
75832290
75833306
75837822
75838002
75830319
75838054
75835203
75832152
75832074
75833232
75835141
75832238
75837770
75830293
75831008
75831055
75838078
75833372
75833426
75830163
75832085
75832366
75832352
75832330
75832350
75832328
75832346
75832344
75832342
75832340
75832338
75832324
75832364
75832362
75832360
75832356
75832336
75832354
75832334
75832332
75835013
75837601
75837599
75830296
75837786
75836010
75835055
75835101
75835081
75831132
75833244
75838040
75834066
75830448
75832071
75834377
75830140
75830070
75832166
75832146
75832108
75832541
75832534
75832030
75832512
75833124
75830018
75830110
75833016
75833118
75833095
75834007
75833116
75836068
75836054
75836012
75830006
75830116
75833091
75833041
75833072
75833054
75833122
75833380
75833105
75833074
75833158
75833126
75832068
75832070
75834324
75830281
75833220
75833352
75834292
75834031
75833394
75838010
75834367
75830210
75830194
75832506
75832007
75837754
75837698
75836047
75836198
75834330
75834068
75834452
75830078
75834373
75832530
75832504
75831017
75836016
75837609
75830292
75835014
75837788
75836090
75833442
75834296
75830144
75832056
75831067
75830168
75831230
75831200
75832178
75832078
75834428
75834141
75834422
75834178
75834167
75838056
75832300
75832318
75832106
75832208
75834304
75834027
75832058
75831092
75835173
75834111
75834095
75831116
75831244
75832057
75833149
75834021
75833373
75836684
75836600
75836578
75834446
75837852
75836087
75830458
75831330
75834473
75835009
75836038
75837613
75832304
75835099
75836545
75832358
75831258
75831190
75831218
75832202
75833272
75833115
75832565
75837766
75830313
75830347
75834147
75830305
75830224
75835007
75836708
75837716
75837631
75837627
75832610
75833374
75838042
75831220
75833218
75832104
75833269
75832224
75833242
75832316
75832081
75830490
75834046
75833246
75831122
75832240
75837742
75837737
75831011
75834298
75833364
75836048
75836014
75837891
75837160
75837738
75837648
75837823
75837779
75838000
75832314
75834009
75834011
75833308
75830295
75830172
75837591
75837611
75837621
75837720
75837623
75834408
75830446
75834414
75836041
75836190
75833376
75835103
75830456
75836040
75833224
75835131
75832234
75837615
75834117
75832322
75833452
75835182
75835057
75836680
75836598
75836572
75832613
75834153
75834205
75833087
75834039
75834290
75834381
75834392
75834279
75834003
75834042
75834113
75833067
75835093
75832607
75832236
75838011
75832262
75833333
75830297
75836700
75834143
75837607
75837619
75832286
75831104
75831126
75833275
75832230
75832616
75832264
75832288
75833314
75835185
75830440
75830445
75833142
75833138
75836546
75836668
75836042
75836046
75836096
75836594
75836563
75836676
75836045
75836677
75830494
75837849
75835091
75831250
75831184
75831010
75831254
75831176
75834115
75834098
75830450
75837850
75834135
75837831
75834262
75836058
75836176
75836640
75836696
75830460
75830087
75834145
75838015
75837855
75837846
75831264
75831196
75830466
75837858
75838008
75834470
75831360
75834482
75835332
75834280
75835266
75835090
75835087
75836235
75834175
75834133
75831023
75832551
75838038
75830074
75834165
75834149
75837861
75830315
75836682
75830469
75831236
75831180
75834119
75837888
75830024
75830032
75837662
75832510
75833002
75832017
75834395
75832563
75830041
75837870
75832190
75831098
75831315
75835292
75835280
75835290
75835282
75835276
75835288
75835286
75835274
75835278
75835284
75835270
75835268
75835272
75835240
75835264
75835220
75835242
75835222
75835244
75835228
75835248
75835252
75835230
75835250
75835258
75835234
75835254
75835232
75835256
75835260
75835262
75830462
75838066
75837756
75835200
75833070
75833085
75831052
75831084
75831041
75834306
75833360
75834271
75838014
75834417
75834573
75831164
75831151
75831133
75834060
75834048
75835167
75834086
75830454
75833258
75831134
75831142
75832228
75833281
75835075
75835047
75834277
75835226
75831112
75830327
75836688
75836592
75836581
75835059
75836006
75835021
75835085
75833324
75835188
75836683
75833260
75832595
75832292
75832308
75835096
75830030
75831366
75832553
75835210
75834072
75837760
75836039
75833103
75833222
75835143
75832220
75830335
75830309
75837708
75832076
75837874
75830311
75838074
75831088
75831058
75832575
75830452
75835410
75834412
75830334
75831232
75831198
75835218
75833304
75833284
75834056
75837840
75835333
75835062
75834314
75830048
75831238
75831070
75831090
75834074
75835246
75830404
75836541
75836664
75834015
75832282
75833088
75834044
75832060
75831094
75830400
75830090
75832006
75832306
75832268
75833370
75831029
75832084
75830170
75832137
75832110
75834371
75830212
75830072
75832019
75832022
75833081
75833068
75835070
75833010
75835063
75836569
75837764
75830301
75836626
75836642
75836628
75836656
75836654
75836650
75836630
75836648
75836636
75836634
75836646
75836638
75836644
75831108
75831246
75830113
75833093
75833120
75833044
75833388
75833406
75833020
75833066
75830016
75833166
75834369
75830065
75830185
75830146
75832543
75832034
75834163
75834202
75834462
75837768
75830291
75833486
75834434
75834443
75830095
75834379
75832532
75832508
75833089
75835060
75833006
75835083
75834092
75834161
75830492
75833226
75834431
75830496
75830478
75832604
75838005
75832266
75835164
75837772
75830325
75834310
75834017
75838070
75835137
75832198
75831035
75834341
75834338
75832298
75830337
75834080
75831322
75831110
75836074
75836050
75836194
75835140
75832559
75831032
75837835
75837675
75837749
75837664
75833444
75836186
75832592
75831106
75832310
75833384
75834332
75838046
75834343
75834425
75832278
75836624
75837603
75837589
75831308
75831268
75833230
75833339
75834050
75834045
75834065
75834062
75831306
75831100
75831266
75834157
75833362
75834302
75834035
75833418
75832601
75831093
75834025
75834083
75837155
75830022
75830221
75830062
75836232
75837175
75833327
75835197
75836071
75835051
75835003
75835077
75836019
75836051
75832002
75830086
75834349
75830098
75833008
75833099
75830104
75833012
75833097
75834353
75835155
75830191
75830167
75830206
75832581
75832011
75832561
75832522
75832514
75838076
75834019
75834345
75830004
75836018
75836044
75830182
75830132
75830174
75830122
75833112
75833109
75830481
75836706
75833488
75833490
75833492
75833494
75833502
75833504
75833506
75833498
75833508
75833510
75833512
75833514
75833524
75833526
75833528
75833530
75833532
75833516
75833518
75833520
75833522
75833484
75833482
75830487
75831342
75835206
75835161
75833448
75830388
75835216
75830386
75834312
75833434
75834322
75835404
75835392
75835362
75835338
75837617
75837743
75837719
75837681
75835368
75835383
75833476
75834328
75833480
75835398
75835401
75835341
75835371
75835386
75835374
75835365
75835350
75835359
75835389
75835353
75835380
75835347
75834460
75835344
75835377
75835395
75833474
75834326
75833500
75830349
75837825
75830372
75830355
75835356
75832578
75832584
75832587
75830484
75837707
75831128
75833263
75832218
75834416
75830020
75830112
75838899
75833164
75833148
75833152
75833146
75833396
75833169
75833162
75833167
75833160
75833156
75833154
75836674
75838060
75837872
75838017
75837867
75832567
75831226
75830043
75837672
75837701
75837639
75837666
75831095
75837646
75837573
75833402
75833412
75833408
75833432
75833454
75833456
75833458
75833460
75833462
75833464
75833466
75833400
75833470
75833430
75833468
75833392
75833404
75833424
75833422
75833420
75833416
75833414
75834265
75831038
75831053
75830173
75832164
75832545
75832139
75832142
75831212
75831206
75834139
75835224
75835150
75834467
75837185
75837190
75837195
75837182
75837180
75837170
75830082
75830134
75832557
75832024
75832528
75834359
75832129
75830156
75830162
75830204
75832086
75832096
75830060
75830188
75836197
75830138
75832555
75832028
75837750
75830285
75836192
75836172
75836150
75836255
75836225
75836707
75834361
75830218
75830068
75832015
75832042
75832052
75833064
75832150
75835045
75833014
75832176
75830101
75830136
75833026
75832026
75836004
75832001
75833446
75834217
75834131
75837828
75831210
75831208
75830092
75832003
75833113
75832524
75833004
75832502
75837864
75838044
75830396
75830038
75831364
75831348
75831346
75831344
75831340
75831338
75831336
75831324
75831320
75831318
75831314
75831362
75831105
75831304
75831302
75831358
75831328
75831356
75831326
75831354
75831352
75831350
75831086
75832284
75836704
75831240
75835176
75832098
75830390
75836022
75830084
75830010
75830329
75832054
75832148
75832258
75832124
75832102
75834029
75836702
75834334
75831073
75830171
75831082
75831014
75836658
75836686
75831166
75832100
75834355
75830152
75832009
75832038
75832066
75836200
75833038
75835011
75831316
75833022
75830014
75830227
75830040
75837704
75837635
75832526
75834351
75830076
75832505
75830208
75835194
75833228
75834419
75832196
75831148
75834347
75837660
75837752
75837695
75834054
75838032
75837748
75837678
75832216
75837652
75837649
75834365
75830402
75833150
75833377
75833496
75833428
75832598
75832312
75830002
75830119
75833083
75835061
75836002
75833058
75833035
75835027
75833062
75836034
75833130
75833107
75833135
75833134
75833128
75831130
75833214
75832206
75832212
75837595
75837583
75837585
75837571
75837593
75837575
75837577
75837579
75837581
75832158
75832547
75832131
75832182
75832133
75832549
75832156
75832172
75832154
75832174
75832135
75832144
75832125
75832170
75832123
75832162
75832168
75832192
75832184
75837885
75831020
75836052
75836065
75836257
75832260
75832643
75830289
75830550
75830463
75830384
75830343
75830331
75832194
75832210
75830374
75834121
75834211
75831135
75831034
75836049
75830564
75834181
75837722
75837633
75832222
75834220
75833168
75833136
75833382
75833410
75830380
75834129
75834208
75835017
75830562
75837597
75836622
75836616
75833378
75830465
75831003
75830382
75834127
75830560
75830376
75834125
75837713
75835054
75835005
75835097
75835079
75834210
75836691
75830558
75836632
75830378
75834123
75834199
75830556
75836606
75836608
75836610
75836612
75836575
75836614
75834196
75837731
75836701
75830554
75834193
75837734
75836703
75831005
75834001
75833114
75836692
75834190
75837710
75830283
75830342
75834005
75832032
75834187
75837725
75837637
75835335
75834184
75830307
75837762
75830340
75830339
