72980070
72980090
72984295
72986420
72980345
72986690
72986515
72986125
72982145
72980335
72986750
72986455
72986000
72980110
72984510
72986135
72980155
72982500
72986285
72986255
72982505
72982565
72986705
72984515
72986505
72986145
72982030
72982050
72980255
72980065
72986425
72980340
72986240
72982285
72982560
72982300
72982430
72984010
72984020
72986530
72984135
72984045
72980285
72980230
72986260
72980080
72986015
72980675
72980100
72980140
72984140
72984495
72984265
72984395
72984210
72982060
72982325
72982495
72982415
72986490
72986740
72980490
72980185
72986635
72986480
72982510
72984000
72980250
72982305
72982265
72980060
72986415
72982155
72982170
72982375
72986485
72982080
72986085
72986010
72986645
72982045
72982205
72982115
72980515
72984505
72986150
72980630
72980525
72980105
72980120
72982250
72982240
72980055
72986430
72986735
72980001
72980085
72986510
72986230
72986025
72984065
72980665
72980265
72980050
72986390
72980645
72980198
72980125
72980270
72980350
72984090
72980045
72986295
72986155
72986470
72982460
72982340
72986500
72986780
72980610
72980505
72980035
72984525
72980620
72980680
72984540
72984545
72986450
72980695
72986495
72984175
72982515
72984430
72986310
72986770
72986630
72986760
72986540
72986245
72986410
72986400
72986280
72986305
72980075
72982100
72982090
72980415
72982260
72982385
72984500
72986520
72986640
72986375
72980400
72982015
72986445
72984280
72984330
72984325
72986525
72982315
72982270
72982220
72986755
72982035
72982175
72980175
72982200
72982350
72980145
72982330
72984560
72984080
72982210
72986775
72982230
72984095
72982485
72986545
72980020
72986745
72980190
72984100
72984490
72984270
72984150
72984370
72984425
72984165
72982235
72986385
72984075
72984405
72980640
72980520
72986715
72984225
72984355
72984255
72984400
72980385
72980365
72980030
72982390
72980485
72980420
72980005
72980235
72980160
72982185
72982150
72984275
72984185
72982420
72984320
72986120
72984375
72984335
72980655
72982020
72982065
72982105
72984005
72982255
72982380
72982225
72982075
72984530
72986475
72984575
72986300
72984170
72984120
72982180
72984410
72984420
72986095
72984290
72980280
72980195
72980205
72980215
72986650
72984550
72984180
72984345
72984310
72984245
72980015
72984520
72986535
72980690
72980275
72980095
72982370
72982295
72986710
72980260
72986695
72986460
72980165
72986270
72986440
72980010
72986550
72986265
72986020
72986110
72986100
72986165
72984415
72986725
72984590
72982140
72980550
72980180
72984155
72984105
72984145
72984260
72984235
72986290
72986235
72984570
72986465
72984585
72980545
72986580
72980240
72982135
72982095
72980540
72980200
72984115
72984025
72984030
72984190
72984125
72986160
72980410
72980405
72980395
72980380
72980535
72982290
72982465
72982360
72986220
72982520
72980220
72982055
72982455
72982335
72982160
72980245
72988899
72982555
72982125
72986225
72984220
72984350
72984250
72982365
72982025
72982195
72984055
72982320
72982480
72982275
72982040
72984060
72982190
72984200
72980135
72986395
72980625
72980660
72982395
72980500
72980495
72982525
72982345
72984340
72984300
72980635
72984110
72980170
72982490
72984230
72986140
72984315
72984240
72982165
72984385
72982215
72982010
72980210
72984380
72986380
72984390
72980115
72980615
72982110
72982120
72982085
72982400
72982425
72984595
72984535
72982570
72984160
72986730
72986720
72980150
72982130
72982005
72984565
72984050
72980685
72986370
72980305
72980330
72980670
72982280
72982310
72982550
72986620
72986700
72982445
72986565
72986590
72982450
72986585
72986560
72982070
72980130
72980290
72982355
72982545
72984205
72984305
72986005
72986080
72986115
72986250
72986615
72984215
72984130
72980225
72980310
72980370
72980375
72980510
72982475
72982540
72984085
72984580
72986130
72986610
72980315
72980360
72982535
72986090
72986605
72980040
72980320
72980390
72980480
72980650
72982470
72982530
72984070
72986595
72980325
72982435
72986600
72980300
72980530
72984360
72986625
72982000
72984040
72984015
72980295
72982440
72986575
72982410
72986570
