73906231
73900676
73903006
73906132
73902012
73906030
73902051
73906135
73906138
73906159
73904259
73904140
73900664
73904360
73906415
73902473
73900646
73902027
73900046
73904036
73904045
73900562
73900019
73904039
73904072
73902069
73900433
73900370
73906114
73904122
73902851
73902508
73902048
73906358
73902006
73906042
73906129
73906397
73904078
73900565
73900031
73902054
73902456
73906096
73906081
73902063
73902848
73904099
73904125
73904473
73904018
73902437
73902502
73904134
73904174
73902836
73900061
73900550
73902413
73906349
73906120
73900682
73900139
73900670
73902216
73902210
73902201
73904102
73904150
73904399
73902797
73902866
73900580
73900124
73902024
73900043
73902845
73902425
73902189
73902842
73902219
73904143
73904195
73902818
73902511
73904372
73904375
73904381
73904384
73904393
73904396
73904402
73904417
73904420
73904438
73904444
73904447
73904450
73904453
73904456
73902599
73902602
73902605
73902608
73902611
73902614
73902617
73902620
73902623
73902635
73902638
73902641
73902644
73902590
73902626
73902632
73902647
73902650
73902653
73902731
73902728
73902725
73902722
73902719
73902716
73902713
73902710
73902707
73902704
73902701
73902698
73902695
73902689
73902683
73902680
73902677
73902674
73902671
73902668
73902665
73902662
73902659
73902686
73902692
73900208
73902204
73902195
73906147
73902869
73906111
73904198
73904210
73904146
73903015
73906403
73902499
73900103
73904156
73902827
73902830
73902505
73906153
73906123
73906394
73906361
73906316
73906400
73900193
73902833
73900592
73902419
73902875
73900685
73900142
73902800
73900106
73902788
73902036
73904256
73900285
73900270
73900300
73900291
73904027
73904268
73904060
73900318
73906295
73902453
73900276
73900205
73906117
73906367
73906319
73906364
73906307
73900321
73904289
73906286
73906185
73906379
73900091
73904009
73906141
73904012
73906162
73900145
73902480
73906388
73906036
73902496
73900040
73900577
73900076
73900136
73902045
73906412
73906310
73906382
73902072
73900082
73900148
73902192
73904084
73900115
73902526
73902884
73900607
73900613
73902440
73902422
73902490
73900616
73902443
73902470
73902593
73902773
73902450
73903000
73902483
73902824
73902794
73906352
73900199
73906376
73906385
73904030
73900583
73900151
73904131
73904171
73904054
73906346
73902066
73900154
73900448
73904119
73902815
73900478
73902198
73902514
73904162
73902821
73906409
73902410
73900058
73902060
73906298
73906370
73906024
73900007
73900610
73902854
73900658
73904090
73900094
73900118
73900037
73906150
73904081
73906033
73904298
73900640
73900631
73900649
73904087
73904066
73900586
73900109
73900049
73906322
73904274
73900025
73906003
73900133
73900652
73906173
73906210
73900571
73900073
73900085
73906328
73900001
73902015
73900100
73906000
73904476
73904105
73904110
73904096
73904034
73902057
73900013
73900556
73906018
73904075
73904189
73904470
73906048
73904128
73902003
73904015
73904228
73902180
73906102
73900157
73904042
73904277
73900070
73900430
73900273
73900130
73900327
73906099
73906072
73904051
73904048
73904405
73904408
73904435
73904432
73904459
73904441
73904462
73904465
73904423
73904426
73904429
73904411
73904414
73900604
73906289
73900214
73902042
73906304
73902629
73902809
73900475
73904271
73902207
73904295
73902186
73902812
73900589
73904165
73904057
73904021
73906108
73906009
73906355
73900355
73900088
73904003
73904253
73906340
73906280
73906093
73906171
73906078
73906373
73906069
73906090
73906283
73906246
73906182
73902222
73900445
73900211
73900028
73902018
73900112
73902021
73900034
73902596
73902779
73902459
73900079
73900574
73900016
73906015
73902428
73900559
73904033
73900190
73900288
73900202
73900303
73904063
73900279
73902075
73906165
73904000
73902839
73902009
73904183
73902431
73904186
73902791
73902493
73904116
73900352
73904153
73904250
73904213
73902517
73902078
73902656
73902803
73902039
73902183
73902770
73904159
73902857
73902878
73902881
73902213
73904262
73903009
73903003
73906234
73900166
73900309
73904180
73900282
73906292
73900673
73900010
73906021
73902416
73900553
73906156
73904006
73904177
73904137
73906126
73902776
73904192
73900022
73906006
73900655
73900568
73906012
73906105
73908899
73900121
73902030
73900052
73902863
73900643
73906406
73900004
73906027
73902000
73902520
73900436
73906391
73900196
73904283
73906066
73904286
73903012
73906264
73906194
73900324
73900466
73902860
73900297
73902523
73900601
73902225
73904265
73906144
73906343
73906334
73902434
73900598
73904292
73904363
73904366
73904369
73904378
73904387
73904390
73900294
73900312
73902872
73904168
73904113
73900315
73904280
73906325
73900306
73900097
73900340
73900330
73900127
73906301
73906054
73902446
73906313
73906063
73904093
73906331
73900595
73900688
73900691
73900451
73900472
73900454
73900457
73900463
73900460
73900679
73900169
73900358
73900361
73900439
73900619
73900625
73900661
73902782
73900187
73906240
73904240
73906060
73900667
73904243
73904069
73906258
73906243
73906261
73906191
73906252
73900469
73906267
73906270
73906197
73900163
73906273
73906200
73900055
73902033
73900172
73900364
73906219
73900442
73900622
73902785
73906057
73906216
73906170
73906051
73906213
73906176
73906039
73906045
73900175
73900373
73900367
73906075
73900628
73904216
73900178
73900343
73906225
73904222
73900181
73900349
73906249
73904225
73900184
73900346
73906228
73904231
73906222
73900160
73906255
73906188
73904234
73906237
73904237
73904219
