75907140
75912356
75912323
75909618
75912766
75911278
75903422
75901060
75904120
75900590
75902175
75902308
75912084
75911349
75900300
75909802
75910128
75911383
75906444
75906821
75906735
75911180
75912456
75907673
75909222
75909060
75911284
75905510
75904843
75905380
75901160
75900009
75901727
75901700
75905602
75905460
75903185
75905670
75905724
75906260
75905704
75909490
75904280
75906141
75912490
75904226
75904842
75904431
75903003
75913266
75903120
75905300
75911398
75912500
75912484
75906432
75906500
75911367
75904140
75901150
75900012
75901737
75901690
75913264
75906313
75906280
75900538
75908836
75908800
75911016
75906165
75900508
75908040
75911424
75906894
75906770
75909035
75912441
75909477
75908854
75908680
75902235
75903030
75906876
75900541
75901750
75901007
75902547
75901723
75900513
75904160
75912374
75906600
75906148
75906360
75905855
75906560
75909811
75913220
75904233
75902641
75902711
75902831
75903130
75904350
75908020
75902201
75910170
75910072
75906760
75910069
75912417
75900516
75909818
75902130
75902050
75905894
75903174
75902550
75900055
75900129
75900159
75902340
75912063
75900324
75912470
75906830
75909822
75900100
75904221
75902837
75902843
75902750
75903418
75911280
75908212
75904669
75904810
75904365
75910248
75909546
75900531
75900570
75910122
75911339
75906700
75906714
75907075
75907127
75912185
75911361
75906800
75910024
75900568
75912405
75912478
75912578
75912508
75909529
75909514
75909520
75909526
75909532
75909496
75909523
75909517
75909511
75909505
75909502
75909493
75909499
75909508
75909453
75912460
75911182
75901654
75901460
75901575
75901315
75901638
75901776
75901590
75910587
75910335
75910456
75910412
75903370
75901030
75900522
75910557
75908110
75901140
75900070
75900141
75901735
75902470
75901695
75910221
75904420
75911190
75900572
75913268
75906120
75907150
75912359
75912326
75912754
75912438
75904197
75904170
75906765
75910021
75913272
75906485
75905845
75906423
75906543
75905640
75900206
75900176
75902100
75909675
75913256
75912750
75912623
75910540
75910383
75910300
75904340
75904841
75912261
75912606
75904443
75900306
75908839
75908805
75910560
75912642
75912264
75912652
75904330
75901004
75905500
75912303
75906610
75911436
75900545
75900575
75911049
75903070
75906606
75912482
75912582
75912512
75912158
75906708
75901070
75903423
75901005
75906712
75912182
75906698
75905760
75911186
75902876
75910164
75910042
75912128
75906730
75911046
75912170
75911421
75912167
75906428
75902580
75911343
75904840
75906131
75905600
75911890
75905025
75906605
75905190
75906705
75902225
75910146
75910060
75912060
75912447
75911341
75912668
75912702
75910824
75910832
75910834
75910836
75910838
75910840
75910842
75910822
75910820
75910818
75910816
75910812
75910810
75910808
75910806
75910802
75910826
75910830
75910844
75910828
75906110
75907160
75912362
75912329
75912756
75908820
75901680
75901740
75906737
75908115
75908038
75913260
75913276
75911440
75911396
75907580
75907801
75907795
75907641
75907386
75901670
75900505
75904250
75909816
75908010
75912130
75912134
75912136
75912138
75912132
75908120
75908030
75900218
75905360
75902110
75909834
75913043
75909185
75911379
75913200
75911004
75913270
75910030
75912435
75902690
75902851
75905340
75905236
75900245
75904663
75904795
75905250
75912704
75912706
75912708
75912710
75912712
75912714
75912716
75912718
75912720
75912722
75912724
75912726
75912728
75912730
75912732
75906584
75900123
75900049
75902316
75902221
75906790
75910033
75912402
75900561
75904425
75912377
75912312
75906343
75910420
75910306
75904375
75910370
75908237
75903413
75906144
75906833
75906745
75912426
75900584
75910294
75911252
75910251
75904070
75904442
75904127
75904110
75910119
75904111
75904060
75904441
75904125
75906694
75912188
75912146
75904058
75903024
75904427
75904124
75910590
75913245
75913222
75901265
75906581
75911168
75910351
75906575
75912536
75910239
75904390
75909020
75904222
75903139
75902867
75902760
75902841
75901640
75907133
75907135
75907137
75907139
75907131
75910236
75904380
75904270
75906696
75906716
75912152
75909824
75905040
75911411
75911394
75904116
75903608
75902712
75905035
75902261
75903565
75903465
75904615
75912240
75912200
75910855
75901050
75905623
75903280
75901550
75908211
75908070
75900571
75913039
75910018
75900576
75905610
75905604
75905470
75902390
75900085
75904426
75900544
75900582
75907280
75912365
75912332
75912758
75904025
75903137
75902839
75902865
75902770
75907792
75907500
75913051
75901773
75901010
75904675
75903390
75902548
75910520
75907610
75905375
75900330
75907805
75908794
75908640
75900182
75906275
75906168
75905800
75911260
75911305
75911111
75911113
75911115
75905721
75905680
75901075
75911294
75913214
75913237
75904782
75904899
75912450
75902643
75901380
75906577
75912300
75906050
75907364
75907270
75912368
75912376
75912343
75912768
75911172
75901230
75913035
75907791
75912452
75904613
75904445
75908780
75904436
75904010
75904107
75904850
75900534
75904290
75912464
75910134
75909754
75909781
75906711
75912179
75906697
75911428
75900314
75909853
75900554
75906429
75906441
75911091
75911093
75911095
75903127
75904224
75902820
75902857
75911410
75902245
75913037
75904830
75911401
75913530
75900580
75902647
75900068
75902700
75902829
75902850
75906449
75906375
75906484
75906421
75906461
75906320
75905847
75906545
75906147
75906273
75900170
75903178
75901253
75904080
75901505
75901540
75904128
75904050
75904440
75904121
75910525
75911101
75911121
75911080
75913055
75906070
75907260
75907770
75912371
75912335
75912769
75910209
75909549
75911435
75911413
75911402
75913070
75912454
75908750
75909394
75908796
75909826
75900328
75909735
75910155
75910051
75906880
75906818
75909552
75911347
75906896
75906780
75911353
75911296
75911311
75902160
75908848
75908720
75911377
75905580
75902170
75903080
75905606
75905480
75904893
75904770
75902853
75902670
75912458
75907630
75905490
75906080
75907250
75912762
75904240
75911176
75910140
75904300
75911355
75913254
75905605
75905450
75904028
75903136
75902863
75902780
75904108
75913047
75900316
75901097
75902615
75903170
75903179
75907490
75901100
75903424
75902545
75905750
75905727
75913278
75905420
75912480
75912580
75912510
75911025
75911034
75911254
75910291
75911309
75912462
75911408
75901295
75904234
75902720
75902644
75902833
75909693
75910850
75910800
75910592
75911406
75909620
75909812
75909624
75909626
75909636
75909622
75909628
75909634
75909630
75909632
75908225
75908043
75904015
75904846
75904432
75903002
75904814
75904670
75908045
75910003
75912420
75911019
75901465
75901310
75907240
75912760
75903010
75911184
75910550
75904235
75902834
75902847
75902730
75913280
75911270
75908790
75908830
75908649
75901270
75907376
75906640
75901391
75900527
75911031
75900566
75902121
75900326
75911258
75906490
75901275
75906445
75906431
75909070
75904100
75905835
75906590
75911363
75901350
75900535
75907230
75912752
75908261
75908263
75908265
75908267
75909737
75908760
75909391
75909165
75908793
75906725
75905050
75912444
75902215
75910149
75910057
75906820
75906775
75900578
75900564
75900557
75900560
75911327
75912600
75912650
75912625
75912627
75912700
75912602
75912604
75912608
75912612
75912610
75912614
75912616
75912621
75912635
75912637
75912629
75912631
75912633
75900221
75905350
75900532
75913247
75913224
75909660
75902827
75902710
75902849
75900015
75901722
75913235
75913212
75904896
75904780
75904881
75904740
75911426
75902195
75909593
75901180
75900003
75901720
75910015
75908770
75907220
75910309
75910432
75910388
75910430
75910385
75910426
75910459
75910423
75910303
75910373
75910321
75910444
75910400
75910450
75910327
75910406
75910453
75910330
75910318
75910441
75910397
75910315
75910438
75910394
75910312
75910435
75910391
75910227
75904410
75906883
75906810
75910066
75912399
75911319
75910860
75910853
75910206
75910131
75904710
75911103
75911123
75911070
75911422
75911067
75911357
75900585
75913252
75906886
75906795
75910116
75910063
75912393
75912564
75901511
75906755
75910006
75912414
75907620
75909483
75904460
75901210
75905790
75903425
75900194
75908695
75909796
75909459
75900310
75910530
75909805
75912243
75912273
75912258
75912270
75912267
75912288
75912246
75912282
75912249
75912279
75912252
75912276
75912255
75904650
75900224
75905280
75904818
75909456
75910113
75904090
75904129
75911264
75905645
75905430
75907590
75908015
75908200
75909462
75906630
75912320
75912353
75907825
75911381
75903495
75903270
75901570
75901767
75901652
75901595
75901658
75904875
75904720
75902650
75902855
75904422
75912448
75905540
75908690
75909799
75912514
75912466
75908160
75907510
75904630
75905270
75900227
75904655
75908795
75908833
75908646
75908785
75908650
75908802
75902645
75910555
75906480
75906440
75902180
75902060
75908845
75908730
75904055
75903022
75904123
75909808
75901650
75906370
75901170
75900006
75901725
75901710
75905590
75901220
75903518
75910565
75907677
75905550
75910288
75911250
75910218
75911202
75911315
75911390
75908700
75908025
75908190
75904890
75904760
75911028
75912338
75906690
75912345
75900542
75900581
75904887
75904781
75909836
75909845
75901610
75909215
75909040
75909760
75901273
75900304
75904150
75905859
75906580
75908740
75909751
75909397
75908799
75912072
75902840
75902852
75910535
75909050
75903125
75903110
75908816
75906140
75906620
75912350
75912306
75909828
75904245
75908140
75909080
75908180
75900525
75907210
75901370
75900510
75908053
75907200
75902878
75902880
75902882
75902884
75902886
75902872
75906719
75912161
75906709
75908035
75908170
75911375
75901130
75902510
75903067
75900573
75911288
75909091
75911365
75912584
75912468
75910595
75901515
75901450
75901509
75903068
75904884
75904750
75909793
75900521
75909847
75905395
75910212
75910270
75911392
75902869
75902870
75912309
75906670
75900586
75911337
75913258
75912239
75912285
75905560
75901662
75901630
75900540
75900502
75902210
75911433
75902630
75901110
75903145
75903212
75902530
75904155
75904020
75904844
75904437
75905205
75911385
75903129
75904038
75903012
75904114
75907190
75907674
75910009
75904048
75904119
75900515
75900555
75906828
75910814
75909766
75905732
75905700
75906452
75906155
75905230
75905701
75907675
75902266
75902306
75911351
75913282
75912001
75905831
75905001
75906717
75913053
75911290
75909778
75911198
75905853
75906550
75912341
75906650
75907840
75909775
75906826
75909790
75913049
75904035
75903006
75903132
75902800
75902859
75904113
75900523
75911037
75909820
75901366
75908842
75908812
75908660
75911174
75906570
75901420
75905857
75904610
75904040
75901325
75904439
75904115
75908851
75908710
75901580
75901764
75901653
75901597
75901656
75911022
75911425
75901340
75912488
75912344
75906660
75910510
75911387
75900512
75901025
75900308
75901758
75902490
75913031
75910339
75913202
75910276
75911329
75906582
75911064
75900526
75911188
75907640
75905603
75905440
75904130
75907678
75906805
75910110
75910036
75912408
75900565
75911061
75901063
75911040
75911196
75912155
75906707
75904231
75909832
75900320
75905009
75910242
75907180
75906720
75911286
75904045
75903016
75904118
75907798
75907679
75904236
75902835
75902845
75902740
75901760
75900018
75909857
75909769
75908130
75911266
75904878
75904730
75901245
75911359
75901120
75903065
75903150
75902520
75907480
75906350
75906145
75901240
75906340
75903260
75903230
75906430
75906443
75906470
75901675
75901730
75911052
75913204
75900094
75900030
75905780
75907681
75907170
75911268
75907810
75910137
75913230
75904030
75904438
75904109
75904855
75900501
75900553
75904450
75912474
75903066
75900110
75902714
75902500
75901757
75900132
75900150
75901133
75902265
75902304
75909543
75900332
75913066
75913064
75902312
75901285
75901475
75901520
75900509
75911331
75907671
75912476
75912576
75912506
75900215
75905370
75901020
75903380
75904673
75901635
75905520
75911371
75900091
75900027
75904062
75904435
75904126
75903860
75911007
75906740
75900528
75910505
75903566
75910000
75906788
75911333
75910143
75906576
75912140
75906692
75908818
75904847
75904210
75904428
75903005
75904260
75903421
75905405
75905740
75900230
75905733
75909370
75910224
75904400
75904424
75910158
75910048
75900036
75900097
75902140
75911192
75902120
75909665
75912492
75912572
75901363
75913045
75908570
75910515
75901507
75901648
75908819
75901545
75900500
75900551
75907452
75911262
75911307
75903060
75904849
75904434
75903001
75910233
75904360
75903131
75904223
75902810
75902255
75906593
75902858
75911412
75907680
75907690
75907700
75907710
75907720
75907730
75907740
75907750
75907760
75907780
75907790
75904834
75904690
75904590
75903570
75911274
75904870
75904667
75904800
75904790
75904665
75904872
75905265
75905245
75905650
75905240
75905393
75906149
75906316
75900179
75900203
75906270
75900322
75901280
75900506
75910585
75906750
75912423
75908000
75910203
75912496
75904600
75903560
75903548
75903605
75904165
75910230
75906785
75910161
75910045
75912396
75901620
75912149
75906695
75913284
75904220
75904429
75903013
75904444
75904421
75903123
75903100
75910012
75906733
75910215
75910282
75911321
75911068
75911072
75911074
75911430
75911097
75911078
75911117
75911432
75911099
75911119
75911076
75911434
75913550
75911860
75907830
75909838
75911313
75910409
75910354
75910357
75910360
75910333
75910336
75910342
75910345
75910348
75910376
75910379
75910382
75905220
75913241
75913218
75910200
75904419
75909030
75909400
75909115
75902713
75904232
75906583
75904580
75903580
75910580
75901290
75901300
75909685
75909720
75905860
75905861
75905863
75905864
75905866
75905870
75905872
75905873
75905875
75905876
75909690
75905878
75905879
75905881
75905882
75905883
75905884
75905885
75905886
75905887
75909695
75905871
75905874
75905865
75905868
75905877
75905880
75905862
75905888
75909700
75905889
75905890
75905891
75905892
75905893
75905895
75905896
75905897
75905898
75905899
75909655
75909703
75909705
75909707
75909710
75909711
75909713
75909715
75909717
75909668
75909677
75909745
75909740
75909730
75909727
75909725
75909723
75900302
75909680
75905390
75905829
75900242
75904230
75904845
75904430
75903004
75912069
75911292
75911010
75906868
75906852
75906878
75906858
75906856
75906854
75906849
75906847
75906838
75906836
75906865
75906824
75906871
75906874
75906875
75906841
75906844
75906891
75906889
75906862
75906860
75906853
75901330
75909763
75900518
75904191
75904190
75907360
75909170
75905330
75910152
75910054
75905851
75906540
75912380
75912315
75903026
75904052
75905410
75904122
75903018
75909474
75901187
75911438
75907600
75900587
75906706
75909757
75907815
75900040
75902410
75901755
75902115
75902251
75912087
75902874
75911373
75913274
75901260
75904423
75913041
75909235
75909010
75901530
75906125
75902495
75905660
75905707
75900200
75901250
75913899
75909100
75912640
75909110
75912644
75912646
75909120
75912648
75909130
75912654
75909140
75912658
75909150
75912660
75909160
75912662
75912664
75912666
75912670
75912672
75912674
75912676
75912678
75912684
75912680
75912682
75912686
75912688
75912690
75912692
75912694
75909859
75909861
75909863
75909865
75909869
75909873
75909877
75909881
75909883
75909887
75909830
75909891
75909895
75909899
75909897
75909893
75909889
75909885
75909879
75909875
75909871
75909867
75909849
75900312
75909851
75909855
75911404
75904370
75905690
75900318
75900082
75900144
75900021
75906710
75912192
75912164
75904032
75903134
75902861
75902790
75904112
75912390
75902241
75903050
75905051
75905057
75905059
75905053
75905055
75900537
75901320
75912078
75909670
75912472
75912570
75912502
75905695
75906252
75913062
75907796
75911862
75911864
75911866
75911868
75911870
75911874
75911878
75911880
75911876
75913552
75911872
75913554
75913556
75913564
75913562
75913560
75913558
75913559
75913249
75913226
75909784
75905530
75901555
75901600
75900520
75900562
75904200
75910125
75911323
75906885
75913228
75901065
75907670
75904570
75903590
75911194
75910804
75912475
75912574
75912504
75904848
75903015
75904005
75904433
75905570
75910279
75911325
75902231
75902301
75906595
75910074
75910076
75910078
75910080
75910082
75910084
75910086
75910088
75910090
75911400
75910273
75911335
75911416
75910027
75912411
75906815
75903240
75903250
75912764
75906010
75905612
75904666
75904820
75912429
75908100
75904825
75904680
75904805
75905290
75907643
75907649
75907644
75907647
75907645
75907793
75902640
75902540
75901090
75903176
75906420
75906587
75906466
75906409
75905837
75906339
75910289
75911256
75911303
75913250
75913243
75903020
75902320
75900103
75904310
75908050
75904660
75905242
75905260
75904633
75910245
75910545
75904838
75904700
75900024
75900088
75912209
75912186
75912176
75903121
75903090
75900212
75905620
75905030
75904225
75902830
75902856
75911399
75913216
75913239
75905233
75901255
75900106
75902642
75907660
75911013
75911055
75910285
75911317
75903040
75911397
75904320
75902660
75902854
75911272
75900588
75902300
75902233
75911369
75908090
75908060
75908210
75905630
75900209
75900173
75909340
75905320
75911058
75912383
75908810
75913210
75913231
75909090
75911418
75909540
75908435
75909468
75909560
75901360
75906691
75909280
75909290
75909300
75909310
75909320
75909330
75909350
75909360
75909380
75909390
75900001
75902228
75901190
75901001
75902105
75902310
75909651
75902090
75912532
75903412
75904042
75903014
75904117
75909787
75906146
75906288
75906318
75908855
75905310
75903290
75901040
75901551
75907800
75908420
75913060
75908844
75913001
75901605
75908814
75902305
75902150
75902036
75902200
75902080
75902307
75912562
75912546
75912544
75912520
75912548
75912534
75912542
75912538
75912540
75912530
75912526
75912566
75912524
75912528
75912522
75912568
75912560
75912558
75912556
75912554
75912552
75912550
75912143
75906693
75907672
75912656
75902034
75902190
75902070
75906242
75906282
75906256
75905693
75906163
75905823
75906164
75909555
75913028
75913025
75913022
75913019
75913016
75913013
75913010
75913007
75913004
75909480
75907650
75900589
75902264
75902302
75911345
75913262
75909814
75901560
75901770
75901651
75901615
75901660
75904601
75904194
75904180
75910324
75910447
75910403
75911414
75900530
75908150
75903180
75908425
75911276
75911282
75904448
75903648
75903668
75903575
75910167
75911001
75910039
75908080
75908048
75910575
75910570
75909772
75907794
75905060
75906843
75906842
75902122
75907251
75907581
75907328
75907453
75907032
75907460
75905010
75904636
75904620
75903584
75903600
75900153
75902420
75902101
75902012
75901470
75905618
75905615
75901761
75909440
75908801
75908647
75900041
75912019
75912049
75912234
75912118
75906323
75909575
75909578
75909205
75907676
75905011
75907380
75905867
75905180
75906220
75909220
75904550
75900126
75900052
75902040
75909599
75902135
75900188
75905825
75907048
75912043
75906345
75912103
75913233
75913205
75913206
75913208
75905090
75908631
75908430
75908440
75908410
75908220
75908415
75908400
75908350
75908445
75908450
75907256
75900191
75905820
75906180
75907084
75907020
75907320
75907444
75904560
75912004
75912219
75906346
75905080
75908460
75909465
75909195
75908643
75908470
75908480
75908490
75908500
75908510
75908520
75908530
75908540
75908550
75907255
75906150
75907050
75907326
75907450
75909230
75904562
75900058
75900147
75912007
75912100
75912081
75903165
75902639
75900067
75905070
75908560
75908245
75908280
75908310
75908290
75908300
75908320
75908330
75908340
75908580
75908370
75906160
75907440
75900061
75902590
75907252
75904564
75912013
75912066
75907088
75907018
75912217
75906723
75900039
75905200
75908590
75908600
75908380
75908610
75908390
75908630
75908235
75908270
75908633
75908260
75908250
75907254
75905770
75903190
75900197
75906170
75907055
75907340
75907438
75909240
75902600
75904566
75900064
75912046
75903200
75903411
75905210
75908240
75908230
75907092
75907015
75907324
75907430
75903420
75904007
75903455
75904567
75912016
75912215
75902610
75903410
75901015
75903564
75903435
75903400
75903160
75903493
75903220
75906190
75907060
75909250
75904569
75911200
75907096
75907012
75907290
75903360
75903461
75912075
75912212
75903462
75903426
75905730
75905713
75900233
75903500
75905830
75903340
75905400
75907065
75907310
75909260
75903563
75905312
75903505
75903330
75900236
75905710
75907104
75907010
75907330
75912237
75912194
75912173
75900239
75905720
75906130
75907374
75907390
75907420
75907520
75909180
75905020
75904618
75904640
75904490
75903676
75903610
75900043
75902430
75902103
75902014
75901480
75907257
75905619
75905595
75905617
75909437
75912022
75912090
75907845
75907035
75912203
75912115
75909581
75905003
75906325
75905869
75901490
75905170
75907068
75907350
75909486
75909270
75903320
75903561
75905313
75904773
75903510
75912190
75907378
75907108
75907850
75907008
75907370
75905315
75903310
75903562
75903515
75907070
75907372
75903520
75904103
75907853
75907005
75907362
75903530
75904104
75907080
75907877
75907073
75903540
75904105
75903550
75906380
75906450
75906460
75905843
75906406
75906488
75906531
75907856
75904106
75907880
75907090
75906395
75906475
75906542
75905841
75906463
75906407
75906483
75906143
75906341
75906408
75906541
75906385
75906465
75905839
75907007
75907859
75907883
75907100
75906410
75906586
75905836
75906442
75906424
75906337
75907862
75907271
75906020
75906247
75906310
75907030
75907530
75904470
75903620
75902440
75900046
75900120
75902107
75902016
75901500
75909434
75909403
75912025
75912231
75912121
75909572
75905608
75905013
75905160
75906400
75906585
75905833
75906426
75906335
75907886
75907110
75906390
75906427
75906333
75906331
75906401
75907889
75907120
75906434
75906433
75906510
75907892
75907130
75905849
75906520
75907895
75907125
75907451
75906254
75901512
75907038
75907540
75909190
75904480
75903674
75903630
75902460
75903140
75902109
75902018
75901510
75907258
75907655
75909431
75912010
75912206
75912112
75909569
75905015
75905005
75905614
75903606
75905150
75907274
75906030
75906277
75906250
75907028
75907550
75904500
75903655
75903640
75902022
75909225
75905616
75907665
75907820
75909429
75909406
75912028
75912228
75902546
75906332
75912124
75909566
75901477
75905017
75910462
75910500
75902480
75901733
75900073
75900156
75900138
75905140
75907275
75905683
75906251
75906040
75907040
75907470
75907560
75909200
75904510
75903672
75903650
75902119
75902026
75909426
75909409
75900076
75912031
75912109
75909563
75905019
75911170
75905130
75903567
75903430
75907276
75906090
75906284
75906240
75907025
75907570
75904520
75903660
75902010
75900079
75912034
75912225
75912127
75905007
75909420
75906571
75905120
75903569
75903440
75903450
75903460
75903576
75903470
75903578
75903480
75903582
75903490
75903466
75903572
75903464
75904102
75903467
75903574
75903463
75904101
75903690
75903700
75907272
75906060
75907045
75909210
75904530
75903670
75903657
75902020
75909595
75902027
75909423
75912037
75912106
75905110
75907273
75906286
75906253
75906100
75907022
75907300
75904540
75903680
75909597
75902030
75909189
75909450
75909285
75907835
75912040
75912222
75900185
75905100
