72900322
72900692
72900694
72900696
72900698
72900390
72900386
72900380
72900378
72900376
72900374
72900382
72900384
72900388
72900200
72900192
72900190
72900392
72900396
72900372
72900434
72900436
72900344
72900442
72900438
72900432
72900398
72900212
72900370
72900342
72900340
72900300
72900296
72900292
72900290
72900266
72900430
72900400
72900226
72900368
72900346
72900338
72900302
72900298
72900294
72900268
72900264
72900256
72900402
72900202
72900366
72900348
72900304
72900286
72900270
72900262
72900404
72900364
72900350
72900334
72900210
72900306
72900284
72900272
72900260
72900362
72900332
72900320
72900318
72900308
72900282
72900208
72900206
72900204
72900194
72900274
72900360
72900354
72900330
72900316
72900310
72900280
72900276
72900358
72900328
72900326
72900314
72900312
72900278
72900182
72900184
72900156
72900178
72900172
72900170
72900228
72900158
72900176
72900174
72900168
72900160
72900188
72900196
72900198
72900218
72900216
72900230
72900214
72900220
72900224
72900236
72900234
72900232
72900238
72900426
72900424
72900416
72900240
72900414
72900408
72900406
72900448
72900450
72900452
72900446
72900428
72900422
72900420
72900418
72900412
72900410
72900130
72900152
72900150
72900148
72900146
72900144
72900142
72900468
72900470
72900476
72900474
72900472
72900466
72900464
72900460
72900462
72900458
72900444
72900456
72900454
72900258
72900180
72900186
72900154
72900166
72900164
72900162
72900222
72900250
72900248
72900242
72900244
72900246
72900252
72900254
72900394
72900132
72900134
72900140
72900136
72900138
72900017
72900019
72900021
72900023
72900015
72900013
72900009
72900011
72900007
72900005
72900001
72900003
72900030
72900036
72900084
72900086
72900060
72900062
72900064
72900066
72900068
72900070
72900072
72900074
72900076
72900078
72900080
72900082
72900093
72900090
72900108
72900106
72900102
72900104
72900110
72900122
72900124
72900126
72900128
72900628
72900622
72900626
72900620
72900624
72900642
72900644
72900658
72900652
72900654
72900656
72900650
72900648
72900646
72900640
72900670
72900672
72900674
72900676
72900678
72900680
72900686
72900688
72900684
72900690
72900682
72900700
72900730
72900732
72900734
72900736
72900738
72900740
72900742
72900770
72900773
72900776
72900779
72900782
72900810
72900813
72900816
72900819
72900866
72900864
72900862
72900860
72900872
72900874
72900870
72900868
72900876
72900878
72901400
72901405
72901410
72901415
72901420
72901425
72901430
72901440
72901435
72901445
72901450
72901455
72901475
72901460
72901465
72901470
72901515
72901510
72901505
72901480
72901485
72901490
72901495
72901500
72901520
72901590
72901588
72901586
72901584
72901582
72901570
72901572
72901574
72901576
72901578
72901580
72901556
72901558
72901560
72901562
72901564
72901568
72901566
72901554
72901550
72901548
72901546
72901544
72901542
72901540
72901538
72901536
72901552
72901530
72901532
72901534
72901600
72901603
72901606
72907074
72907072
72907070
72907068
72907066
72907064
72907076
72907082
72907084
72907060
72907016
72907014
72907000
72907078
72907080
72907086
72907058
72907018
72907012
72907002
72907004
72907092
72907090
72907088
72907056
72907022
72907010
72907008
72907006
72907024
72907026
72907028
72907094
72907096
72907098
72907054
72907104
72907102
72907100
72907052
72907106
72907108
72907050
72907112
72907110
72907048
72907038
72907036
72907034
72907032
72907030
72907136
72907134
72907120
72907138
72907140
72907118
72907116
72907114
72907062
72907046
72907042
72907044
72907142
72907144
72907146
72907148
72907238
72907240
72907242
72907232
72907234
72907236
72907230
72907228
72907226
72907224
72907244
72907222
72907220
72907246
72907248
72907156
72907154
72907152
72907150
72907212
72907214
72907216
72907218
72907250
72907252
72907158
72907162
72907166
72907170
72907174
72907210
72907208
72907206
72907204
72907202
72907160
72907164
72907168
72907172
72907176
72907178
72907180
72907200
72907198
72907182
72907184
72907188
72907190
72907196
72907186
72907192
72907194
72907020
72907040
72907130
72907128
72907132
72907126
72907122
72907124
72901624
72901622
72901620
72901618
72901616
72901614
72901612
72901610
72901640
72901638
72901636
72901634
72901630
72901628
72901626
72901660
72901658
72901656
72901654
72901652
72901650
72901648
72901646
72901644
72901642
72901696
72901694
72901688
72901686
72901680
72901678
72901672
72901670
72901664
72901662
72901698
72901692
72901690
72901684
72901682
72901676
72901674
72901668
72901666
72901726
72901724
72901722
72901720
72901718
72901716
72901714
72901712
72901710
72901708
72901706
72901704
72901702
72901700
72902052
72902054
72902056
72902058
72902060
72902062
72902064
72902080
72902092
72902090
72902088
72902084
72902112
72902110
72902114
72902116
72902118
72902120
72902122
72902124
72902126
72902128
72902130
72902200
72902202
72902204
72902206
72902208
72902210
72902212
72902214
72902216
72902218
72902220
72902222
72902224
72902226
72902228
72902230
72902232
72902234
72902236
72902238
72902244
72902246
72902252
72902254
72902250
72902248
72902240
72902242
72902264
72902258
72902256
72902268
72902270
72902272
72902274
72902276
72902278
72902280
72902282
72902284
72902286
72902266
72902288
72902290
72902292
72902294
72902296
72902298
72902300
72902302
72902260
72902328
72902320
72902360
72902362
72902364
72902358
72902322
72902326
72902324
72902356
72902366
72902368
72902354
72902330
72902338
72902332
72902352
72902370
72902372
72902350
72902334
72902336
72902348
72902374
72902376
72902346
72902344
72902390
72902388
72902386
72902384
72902382
72902380
72902378
72902400
72902402
72902404
72902406
72902408
72902410
72902412
72902414
72902416
72902418
72902420
72902422
72902424
72902426
72902428
72902430
72902432
72902434
72902438
72902444
72902448
72902436
72902442
72902446
72902450
72902454
72902456
72902458
72902460
72902462
72902464
72902466
72902452
72902468
72902470
72902472
72902474
72902476
72902478
72902480
72902482
72902484
72902486
72902488
72902490
72902492
72902494
72902496
72902498
72902500
72902502
72902504
72902506
72906770
72906772
72906774
72906776
72906778
72906780
72906782
72906784
72906810
72906812
72906822
72906824
72906826
72906820
72906814
72906808
72906786
72906788
72906790
72906792
72906794
72906796
72906798
72906800
72906806
72906816
72906818
72906828
72906804
72906802
72902670
72902672
72902674
72902676
72902678
72902680
72902682
72902684
72902686
72902688
72902690
72902694
72902696
72902698
72902700
72902702
72902704
72902706
72902708
72902710
72902712
72902714
72902716
72902718
72902720
72902722
72902724
72902726
72902728
72902730
72902732
72902734
72902736
72902738
72902740
72902742
72902744
72902746
72902748
72902750
72902752
72902760
72902762
72902764
72902766
72902768
72902770
72902772
72902774
72902776
72902778
72902780
72902782
72902784
72902786
72902788
72902790
72902792
72902794
72902796
72902798
72903000
72903002
72903004
72903006
72903008
72903010
72903012
72903014
72903016
72903018
72903020
72903022
72903024
72903026
72903028
72903030
72903032
72903034
72903036
72903038
72903040
72903042
72903044
72903046
72903048
72903050
72903052
72903054
72903056
72903058
72903060
72903062
72903064
72903066
72903068
72903070
72903072
72903074
72903076
72903078
72903080
72903082
72903084
72903086
72903088
72903090
72903092
72903094
72906718
72906716
72906720
72906712
72906714
72906722
72906724
72906726
72906710
72906706
72906708
72906688
72906694
72906690
72906692
72906696
72906698
72906700
72906702
72906704
72906672
72906686
72906684
72906682
72906680
72906678
72906676
72906674
72906670
72906668
72906654
72906656
72906664
72906666
72906652
72906658
72906650
72906660
72906662
72904182
72904230
72904258
72904250
72904248
72904252
72904254
72904256
72904232
72904234
72904238
72904236
72904240
72904242
72904244
72904246
72904214
72904212
72904216
72904218
72904220
72904222
72904226
72904224
72904228
72904184
72904180
72904186
72904188
72904192
72904190
72904194
72904196
72904198
72904200
72904210
72904208
72904206
72904202
72904168
72904170
72904176
72904178
72904174
72904172
72904166
72904164
72904162
72904160
72904158
72904156
72904154
72904152
72904150
72904148
72904144
72904146
72904142
72904140
72904092
72904094
72904090
72904088
72904086
72904082
72904084
72904080
72904078
72904076
72904074
72904072
72904070
72904068
72904066
72904062
72904060
72904064
72904058
72904056
72904054
72904052
72904096
72904098
72904050
72904100
72904102
72904104
72904106
72904108
72904110
72904116
72904114
72904112
72904204
72904118
72904120
72904122
72904124
72904126
72904128
72904130
72904134
72904132
72904136
72904138
72904048
72904046
72904044
72904042
72904040
72904038
72904036
72904034
72904032
72904030
72904026
72904028
72904024
72904022
72904020
72904018
72904016
72904014
72904012
72904010
72904008
72904004
72904002
72904000
72904006
72904260
72904268
72904272
72904276
72904274
72904266
72904264
72904262
72904270
72906052
72906053
72906054
72906050
72906045
72906040
72906035
72906030
72906115
72906110
72906120
72906100
72906090
72906060
72906055
72906025
72906020
72906065
72906085
72906130
72906105
72906125
72906140
72906095
72906135
72906080
72906075
72906070
72906206
72906203
72906200
72906215
72906212
72906209
72906242
72906239
72906227
72906224
72906221
72906218
72906230
72906233
72906236
72906270
72906250
72906254
72906252
72906256
72906268
72906266
72906262
72906264
72906260
72906258
72906272
72906274
72906276
72906278
72906280
72906282
72906284
72906286
72906292
72906294
72906290
72906288
72906306
72906296
72906298
72906300
72906302
72906304
72906454
72906456
72906452
72906458
72906450
72906448
72906436
72906438
72906430
72906434
72906432
72906464
72906466
72906462
72906460
72906446
72906444
72906442
72906440
72906428
72906426
72906424
72906422
72906420
72906468
72906470
72906472
72906474
72906476
72906406
72906408
72906410
72906412
72906414
72906416
72906418
72906308
72906310
72906488
72906490
72906486
72906484
72906480
72906482
72906492
72906494
72906400
72906496
72906404
72906402
72906398
72906396
72906394
72906312
72906314
72906316
72906318
72906320
72906322
72906324
72906566
72906564
72906560
72906562
72906558
72906556
72906478
72906510
72906506
72906508
72906504
72906500
72906498
72906502
72906390
72906388
72906392
72906334
72906336
72906332
72906330
72906326
72906328
72906600
72906568
72906574
72906602
72906570
72906572
72906554
72906552
72906550
72906548
72906512
72906514
72906516
72906382
72906386
72906360
72906358
72906362
72906338
72906340
72906342
72906344
72906592
72906594
72906598
72906596
72906578
72906576
72906540
72906546
72906542
72906544
72906520
72906518
72906522
72906384
72906380
72906364
72906366
72906356
72906368
72906354
72906348
72906346
72906350
72906590
72906588
72906586
72906584
72906582
72906580
72906538
72906536
72906534
72906532
72906530
72906526
72906524
72906378
72906376
72906374
72906372
72906370
72906352
72908899
72906051
72900395
72906066
72906067
72906068
72900120
72902040
