75261035
75264670
75257396
75250065
75251342
75260612
75264751
75253724
75253405
75253642
75251368
75251326
75251122
75254176
75251330
75253764
75261405
75261303
75255492
75257482
75257608
75253232
75252670
75251415
75251422
75250760
75255247
75250775
75252042
75251336
75253788
75259805
75263235
75253268
75255235
75255066
75256493
75256458
75264310
75263746
75251036
75252044
75251360
75253630
75251612
75263036
75263138
75255488
75263230
75263250
75250748
75262292
75261477
75251356
75255743
75263808
75253451
75250020
75256481
75256431
75261698
75256448
75256472
75254668
75252018
75253635
75251092
75255815
75255687
75260616
75264748
75251134
75262601
75251358
75253625
75252024
75255451
75251497
75251446
75254863
75254818
75262523
75261692
75261662
75258772
75259187
75259022
75258846
75250802
75256005
75259752
75259742
75254200
75253700
75262379
75260246
75261132
75261098
75254592
75250778
75253339
75255466
75264570
75252030
75250190
75261156
75261322
75261282
75252022
75263085
75254400
75255474
75250135
75250062
75262248
75253335
75251124
75261501
75250198
75255879
75251088
75259861
75255450
75251606
75259654
75257399
75256440
75251298
75259833
75263234
75254556
75253744
75257378
75253784
75262589
75251338
75262376
75260660
75260656
75260658
75260678
75260680
75260702
75260682
75260684
75260686
75260688
75260662
75260664
75260666
75260668
75260672
75260674
75260676
75260654
75261029
75260222
75260132
75253490
75251044
75253505
75253351
75253728
75253638
75254461
75254635
75254535
75264625
75254186
75251350
75264535
75253463
75262252
75262260
75255882
75254352
75250150
75261143
75254392
75260620
75260736
75258435
75253343
75253515
75259009
75259025
75259028
75259031
75259034
75259037
75259040
75259074
75259071
75259068
75259043
75259012
75259065
75259062
75259059
75259056
75259086
75259083
75259080
75259014
75259016
75259018
75259003
75259100
75259077
75259006
75259020
75254162
75251364
75253692
75253664
75262577
75262732
75262634
75262343
75252540
75254525
75254501
75259870
75263236
75254677
75254437
75261364
75259730
75253256
75253244
75264194
75261408
75261309
75252674
75250173
75255858
75251494
75251443
75251455
75261380
75254360
75254689
75259815
75250104
75264540
75260724
75250050
75254580
75251506
75251473
75259830
75254830
75253545
75262264
75259839
75251372
75255250
75259853
75263277
75254680
75254457
75260286
75260402
75253323
75253752
75257071
75264595
75264760
75264590
75258760
75258796
75258799
75258802
75258843
75258805
75258813
75258745
75258754
75258748
75258825
75258822
75258816
75258763
75258896
75258828
75258834
75258831
75258840
75258837
75258849
75258852
75258855
75258861
75258766
75258864
75258867
75258870
75258873
75258893
75258884
75258889
75258769
75258775
75258778
75258781
75258790
75258793
75261023
75255069
75255024
75255115
75255127
75255027
75255030
75255048
75255042
75255045
75255054
75255057
75255060
75255063
75255168
75254368
75253375
75255839
75253776
75259666
75253704
75253646
75260626
75253301
75253595
75254166
75251312
75253688
75254370
75259690
75253620
75251232
75262244
75262232
75264565
75255448
75262216
75262212
75253510
75250214
75259699
75255657
75262355
75255692
75255808
75255845
75255888
75256015
75256207
75256212
75256464
75256490
75256512
75256602
75256612
75255672
75253590
75252515
75251020
75252555
75262568
75255873
75254522
75250220
75255253
75255288
75259721
75251132
75251270
75251024
75251098
75253447
75255446
75254565
75254485
75264635
75264715
75253748
75251128
75254533
75250163
75259687
75262541
75254644
75262571
75250201
75255675
75250038
75262240
75260618
75260720
75260700
75251110
75263108
75252002
75252575
75255516
75261232
75257212
75257207
75251300
75251100
75255478
75262272
75254354
75262276
75254364
75254394
75262208
75262604
75256636
75254527
75252014
75250754
75256505
75250159
75250207
75264162
75264067
75251604
75251609
75251560
75251579
75251582
75251569
75251573
75251563
75251600
75251602
75251597
75251594
75251591
75251588
75251566
75251571
75252510
75253520
75254586
75251037
75250605
75250448
75256010
75255821
75252282
75252320
75250113
75260636
75264736
75262535
75250107
75259876
75264585
75252550
75254396
75254686
75255412
75253780
75262388
75254695
75263280
75252006
75261020
75254168
75251296
75253565
75263144
75255482
75259124
75259675
75256639
75259242
75259240
75259238
75259236
75259246
75259248
75259250
75259234
75259254
75259256
75259258
75259260
75259262
75259264
75259288
75259290
75259292
75259294
75259274
75259298
75259300
75259272
75259276
75259270
75259278
75259280
75259282
75259284
75259286
75259302
75259314
75259316
75259312
75259310
75259318
75259308
75259306
75259304
75259320
75250212
75251246
75259809
75263232
75253216
75250225
75250368
75250742
75250641
75250652
75250382
75256615
75253228
75254386
75250799
75258757
75262547
75253004
75252620
75255861
75254577
75255418
75253660
75251224
75261014
75255470
75251006
75255422
75252016
75255282
75261142
75261206
75251425
75259642
75259718
75261026
75261306
75261432
75251403
75250047
75259770
75250386
75252570
75263816
75250153
75259663
75259818
75263237
75256502
75256455
75259803
75263238
75250056
75253768
75253396
75251428
75251509
75251470
75254562
75252004
75252012
75264575
75253495
75262256
75250210
75250276
75251332
75253236
75254583
75261005
75255186
75263784
75263706
75263750
75263758
75264290
75264250
75264003
75263762
75263754
75263722
75251514
75263772
75255183
75263710
75255180
75263776
75263714
75255177
75263718
75255174
75263742
75255171
75263726
75255165
75263738
75263734
75263730
75254559
75264640
75251106
75261651
75251256
75257121
75251374
75262382
75256432
75250745
75250181
75256478
75262607
75251242
75259751
75253393
75251130
75261520
75251040
75254759
75254782
75259847
75259724
75263291
75251262
75261331
75261291
75250059
75253439
75253390
75251344
75251346
75254174
75254172
75261510
75261568
75260638
75262280
75260650
75261671
75264665
75251316
75262169
75253696
75253423
75259106
75251238
75254665
75259849
75263239
75261642
75264222
75255834
75255438
75261607
75250805
75262538
75261091
75261695
75261414
75261346
75263105
75253002
75253615
75261032
75255313
75255316
75255307
75255304
75255310
75255341
75255347
75255350
75255356
75255359
75255362
75255365
75255368
75255353
75255329
75255326
75255344
75255332
75255335
75255338
75253293
75253208
75253319
75251314
75253684
75262420
75250766
75253580
75255824
75253525
75254806
75259296
75259791
75255238
75261447
75261680
75251515
75263111
75251340
75256496
75256461
75258444
75259693
75251248
75253540
75253645
75262423
75254160
75251304
75251434
75256830
75252535
75254692
75254671
75252565
75251461
75251406
75262559
75262562
75254735
75256499
75259684
75251500
75251449
75262625
75262610
75251620
75251725
75257270
75250248
75250223
75262204
75262167
75259779
75263240
75251258
75255414
75262600
75261312
75261417
75261386
75261038
75259782
75257518
75257539
75257486
75257491
75257497
75257500
75257506
75257509
75257512
75257503
75257536
75257530
75257524
75257527
75257521
75257533
75257485
75257494
75262583
75261620
75255256
75261441
75251444
75251038
75261337
75261297
75251352
75257680
75259845
75263244
75256438
75256530
75254182
75251334
75259851
75263245
75261041
75261116
75250053
75250155
75260722
75251810
75251786
75251788
75251780
75251792
75251800
75251802
75251798
75251794
75251818
75251808
75251806
75251814
75251812
75251804
75251816
75251782
75251784
75251790
75251096
75250035
75259888
75252505
75254653
75254647
75255678
75251376
75260624
75260734
75260728
75257590
75257614
75257617
75257620
75257635
75257632
75257629
75257626
75257623
75257644
75257641
75257515
75257587
75257638
75258614
75257701
75257647
75257650
75257653
75257692
75257686
75257683
75257725
75257698
75257731
75257728
75257593
75257722
75257719
75257716
75257713
75257710
75257704
75257707
75257746
75257749
75257752
75257596
75257758
75257755
75257761
75257764
75257695
75257599
75257605
75257611
75257581
75257602
75253760
75264615
75264650
75264545
75253331
75264550
75251116
75253636
75264721
75264724
75264730
75254178
75251320
75259800
75263283
75255291
75259669
75258784
75263265
75251431
75251400
75251397
75250026
75254641
75251385
75250005
75255440
75259843
75263243
75250072
75250032
75251391
75250029
75251388
75250023
75251394
75251382
75250008
75259894
75250717
75257008
75257167
75257272
75258450
75257175
75264226
75262556
75263088
75261044
75261113
75261101
75262580
75255112
75255124
75255130
75253756
75250017
75252600
75264580
75260630
75251114
75252605
75261668
75259812
75256434
75254638
75261426
75250242
75250229
75251290
75254151
75254152
75251354
75253680
75253610
75258447
75255818
75255681
75260628
75251112
75253315
75255894
75251545
75251530
75251512
75251521
75251518
75251542
75251539
75251548
75251536
75251551
75251524
75251527
75251576
75251554
75252671
75252672
75252673
75252675
75252676
75252677
75252678
75252679
75252680
75252681
75252682
75252683
75252684
75252685
75252686
75252687
75252688
75252689
75252690
75252691
75250655
75250353
75250689
75250332
75250359
75250365
75250245
75250251
75250254
75250257
75250280
75250283
75250176
75250292
75250362
75250286
75250289
75250295
75250322
75250298
75250319
75250301
75250304
75250307
75250310
75250356
75250658
75250316
75250661
75250664
75250667
75250673
75250670
75250686
75250714
75250772
75250738
75250735
75250350
75250732
75250723
75250729
75250726
75250711
75250703
75250701
75250699
75250705
75250708
75250344
75250697
75250695
75250692
75250720
75250341
75250338
75250335
75250347
75264605
75260614
75253435
75251126
75260670
75250078
75253006
75253008
75253010
75253012
75253014
75253016
75253018
75253020
75253022
75253024
75253026
75253028
75253030
75253032
75253034
75253036
75253038
75253040
75253042
75253044
75253046
75253048
75253050
75253052
75253054
75253056
75253058
75259196
75259184
75259181
75259178
75259157
75259154
75259151
75259148
75259145
75259142
75259103
75259166
75259112
75259115
75259118
75259232
75259121
75259133
75259266
75259136
75259127
75259175
75259172
75259169
75259163
75259160
75259193
75259190
75256135
75256179
75256155
75256175
75256119
75256171
75256167
75256159
75256131
75256163
75256123
75256452
75256195
75256147
75256111
75256139
75256107
75256115
75256104
75256098
75256101
75256084
75256072
75255842
75256183
75256075
75255833
75256078
75256095
75256081
75256191
75256127
75256187
75256199
75256203
75256151
75256221
75256224
75256227
75256239
75256213
75256245
75256248
75256233
75256263
75256242
75256236
75256251
75256447
75256516
75256475
75256210
75256230
75256449
75256254
75256446
75256215
75256266
75256275
75256269
75256272
75256282
75256260
75256218
75254744
75262502
75262360
75262554
75259000
75261529
75261686
75250790
75262304
75262592
75255294
75259715
75259705
75261450
75256426
75254753
75250817
75263702
75263792
75263780
75250157
75253252
75250167
75259678
75262544
75250811
75259702
75254798
75261383
75263123
75261110
75261184
75261120
75261328
75261288
75251002
75251082
75261683
75262316
75261674
75259788
75259130
75261633
75258810
75258751
75262442
75262435
75262454
75262448
75262451
75262457
75262460
75262463
75262466
75262472
75262469
75262484
75262493
75262490
75262487
75262481
75262478
75262475
75251141
75251142
75251143
75251144
75251145
75251146
75251147
75251148
75251149
75251150
75251151
75251152
75251153
75251154
75251155
75251156
75251157
75251158
75251159
75251160
75251161
75251162
75251163
75251164
75251165
75251166
75251167
75251168
75251169
75251170
75251171
75251172
75263032
75263135
75252046
75252610
75254047
75254026
75254029
75254038
75254041
75254032
75254074
75254044
75254050
75254053
75254056
75254005
75254059
75254062
75254065
75254068
75254071
75254083
75254080
75254008
75254002
75254011
75254014
75254017
75254020
75254023
75261047
75253200
75253212
75255259
75259660
75261107
75261050
75255442
75263102
75255864
75254180
75254350
75262220
75250011
75251308
75254571
75257384
75250769
75253204
75250075
75253485
75250014
75251310
75254188
75253427
75262432
75254546
75254425
75251370
75253555
75255426
75262517
75252028
75250751
75260652
75255244
75259268
75259139
75257372
75254794
75261444
75255005
75257375
75263242
75264232
75264218
75263114
75261053
75256144
75263256
75254802
75253550
75259885
75251318
75263286
75253372
75253676
75259773
75260632
75253297
75251094
75250068
75253402
75253575
75257387
75261648
75257192
75257162
75257381
75261689
75261660
75250195
75256257
75255241
75261601
75261538
75251366
75262385
75257402
75253272
75253285
75256508
75258858
75258787
75261658
75263796
75261656
75256429
75261334
75261294
75261654
75251796
75253240
75251274
75250184
75250165
75252595
75259785
75254826
75264234
75264210
75252050
75251240
75264214
75251085
75261352
75261423
75264757
75255852
75261440
75256487
75250578
75250608
75250614
75250611
75250623
75250629
75250743
75250632
75250638
75250635
75250626
75250762
75250620
75250617
75250581
75250584
75250587
75250590
75250593
75250826
75250599
75250596
75250575
75250602
75258462
75258490
75258477
75258499
75258511
75258514
75258517
75258742
75258819
75258520
75258508
75258505
75258474
75258502
75258496
75258471
75258493
75258532
75258465
75258468
75255460
75252560
75252034
75254362
75259882
75261104
75261420
75261349
75253530
75254674
75254790
75254738
75262598
75250044
75251104
75255430
75263126
75253224
75264610
75253720
75253644
75251090
75254388
75263259
75251280
75251032
75251264
75264630
75250138
75262643
75262586
75251230
75251278
75254659
75254473
75257578
75257542
75263038
75263129
75254390
75254834
75254838
75254846
75254850
75254860
75254858
75254872
75254854
75254866
75254822
75254869
75254810
75254875
75254814
75253000
75253359
75261062
75262236
75251018
75254531
75254382
75253220
75261027
75250187
75252032
75254366
75261002
75259776
75255484
75264745
75254568
75254786
75250110
75250217
75253431
75253381
75259879
75263231
75257247
75252380
75261011
75261665
75261677
75257393
75261639
75253355
75256633
75250170
75250116
75257584
75253736
75261623
75262565
75255444
75252020
75259109
75254170
75251306
75262391
75253570
75261636
75261489
75261325
75261285
75253260
75256436
75251226
75261095
75261059
75256306
75256323
75256341
75256338
75256335
75256332
75256329
75256326
75256303
75256297
75256300
75256294
75256291
75256288
75256285
75256320
75255710
75255728
75255740
75255758
75255755
75255752
75255761
75255713
75255716
75255703
75255722
75255707
75255612
75255731
75255749
75255746
75255725
75255737
75255719
75255698
75255633
75255701
75255624
75255695
75255705
75255615
75252500
75252630
75264660
75253327
75253384
75264718
75251102
75263289
75251048
75251026
75259657
75251084
75253792
75264742
75264600
75253455
75264733
75251028
75255855
75260265
75259230
75260375
75257840
75254650
75259681
75259864
75251228
75255436
75264754
75262429
75253419
75264655
75250796
75254741
75254698
75250820
75253668
75253459
75251252
75255830
75259736
75259708
75254766
75254756
75251034
75262532
75255285
75259651
75256484
75261429
75261355
75255002
75262553
75262508
75264240
75264318
75264260
75261411
75261343
75259645
75253248
75250808
75258438
75260622
75253289
75253378
75252525
75251488
75261580
75261483
75252495
75252520
75252580
75252522
75260730
75253535
75251046
75254164
75251322
75253585
75255867
75252635
75251272
75253415
75254378
75254356
75255885
75252585
75252625
75255891
75251008
75260634
75264560
75254683
75254154
75252048
75259794
75251022
75254543
75262197
75262173
75262175
75262187
75262177
75262193
75262185
75262181
75262191
75262189
75262195
75262171
75262199
75262179
75262183
75259891
75263233
75264071
75263812
75254150
75251294
75253605
75252305
75255827
75250041
75250084
75250095
75250313
75251001
75250793
75251222
75254402
75252000
75250683
75261471
75258566
75258596
75258594
75258572
75258590
75258588
75258586
75258584
75258582
75258580
75258578
75258576
75258564
75258562
75258570
75258568
75258560
75258556
75258554
75258550
75258552
75258534
75258546
75258542
75258536
75258540
75258538
75258544
75258548
75258558
75258574
75258612
75258610
75258600
75258602
75258598
75258604
75258606
75258608
75261008
75261532
75261526
75261480
75251302
75253600
75254035
75251118
75256621
75255464
75251042
75261065
75261093
75263804
75261595
75261535
75264206
75262550
75250144
75251004
75260378
75260405
75260396
75260411
75260447
75260414
75260423
75260432
75260453
75260459
75260381
75260384
75260399
75260450
75260408
75260444
75260456
75260420
75260438
75260417
75260435
75260387
75263800
75254537
75264555
75254529
75250141
75254632
75254540
75251503
75251467
75262628
75262631
75262637
75262730
75262640
75254842
75254445
75254429
75254481
75254493
75254497
75254505
75254453
75254465
75254477
75254489
75254469
75254441
75254433
75254449
75254755
75254774
75258530
75264620
75255476
75254770
75263091
75251012
75251234
75259841
75263262
75254380
75259672
75262361
75264190
75264135
75254156
75251362
75255486
75251254
75259873
75260289
75264030
75260231
75264055
75260228
75264083
75260225
75264087
75260216
75260240
75264246
75264091
75260237
75264256
75264095
75260234
75264230
75264107
75260268
75264099
75260219
75264103
75264242
75264123
75260090
75259244
75260213
75260198
75264119
75260271
75264033
75260204
75264182
75264115
75264131
75260195
75260144
75260201
75260159
75264004
75264005
75260168
75259252
75260210
75260207
75264006
75260138
75264252
75264001
75260093
75264008
75260096
75264009
75260099
75264013
75260102
75264254
75264011
75260274
75264039
75260105
75264010
75260108
75264012
75260111
75260114
75260120
75260117
75260123
75260126
75260129
75260165
75260277
75264014
75260162
75260156
75260153
75260150
75260147
75260135
75260141
75260280
75264036
75260283
75264002
75260249
75264042
75264079
75260243
75264075
75257124
75257106
75257103
75257068
75257065
75257059
75257056
75257053
75257047
75257044
75257041
75257100
75257038
75257035
75257032
75257029
75257005
75257026
75257023
75257020
75257017
75257014
75257130
75257011
75257062
75257127
75257118
75257115
75257112
75257109
75262712
75262702
75262714
75262716
75262704
75262706
75262686
75262688
75262690
75262682
75262692
75262694
75262695
75262696
75262720
75262724
75262718
75262708
75262710
75262722
75262700
75262684
75264899
75251192
75251014
75251190
75251196
75251198
75251202
75251200
75251194
75251204
75251206
75251208
75251212
75251210
75251214
75251216
75251217
75251219
75261017
75250385
75250493
75250490
75250517
75250529
75250424
75250541
75250514
75250572
75250565
75250421
75250397
75250469
75250388
75250418
75250391
75250427
75250430
75250433
75250394
75250436
75250439
75250442
75250406
75250457
75250460
75250463
75250412
75250496
75250472
75250400
75250415
75250499
75250475
75250466
75250454
75250505
75250481
75250502
75250508
75250484
75250559
75250511
75250487
75250562
75250520
75250523
75250526
75250547
75250550
75250553
75250556
75250532
75250535
75250538
75250409
75250478
75250451
75250403
75250445
75252545
75251266
75263832
75263820
75253500
75251120
75251328
75254398
75253672
75253640
75261361
75251491
75254574
75250781
75251437
75252530
75264645
75260726
75251260
75252036
75251533
75255428
75255645
75255621
75255618
75255651
75255648
75255654
75255642
75255639
75255636
75255630
75255627
75254376
75250787
75250784
75251458
75251412
75263120
75259739
75261435
75261358
75251220
75255468
75256627
75264812
75255420
75256208
75256433
75261645
75255812
75255684
75251108
75256624
75260610
75260441
75264675
75259797
75261592
75261604
75261589
75261586
75261583
75261577
75261574
75261571
75261598
75253347
75264712
75251236
75259834
75250814
75257656
75252590
75253399
75251276
75251030
75254714
75254729
75254711
75254705
75254702
75254708
75254723
75254720
75254726
75254732
75262511
75262520
75256598
75256594
75262514
75252026
75254662
75258441
75264727
75253467
75253363
75259855
75263268
75263271
75258887
75259858
75259727
75255432
75260704
75260706
75260708
75260710
75260712
75260714
75254358
75261012
75255036
75255109
75255118
75255121
75255133
75255136
75255139
75255033
75255279
75255051
75255021
75255072
75255078
75255075
75255100
75255103
75255106
75253264
75253387
75253740
75255870
75255424
75264244
75264262
75264284
75264282
75264280
75264276
75264274
75264272
75264264
75264296
75264248
75264300
75264266
75264270
75264298
75264302
75264278
75264255
75264268
75264294
75264292
75264288
75264286
75264322
75264320
75264314
75264312
75264316
75264324
75259837
75255416
75255008
75250823
75263132
75259046
75258592
75252040
75255472
75251016
75262622
75262616
75255434
75261300
75261402
75261340
75250147
75250101
75251244
75263147
75254374
75254372
75256630
75254656
75251722
75255876
75251348
75262426
75262595
75259648
75255494
75259867
75251140
75263253
75261056
75256443
75263274
75256618
75253172
75252038
75260732
75263040
75263099
75263141
75262228
75259696
75262268
75261438
75262284
75262328
75262373
75262445
75262740
75262505
75262646
75262652
75262680
75262496
75252615
75251025
75255490
75251010
75252010
75262613
75251268
75254384
75262224
75250081
75252008
75263435
75263215
75263440
75263220
75263445
75263225
75263450
75263205
75263455
75263200
75263465
75263460
75259733
75255836
75250192
75255011
75253443
75250161
75254158
75251324
75254778
75262394
75251440
75251292
75254184
75253560
75250757
75251250
75255480
75254145
75254135
75254130
75254125
75254115
75254120
75254110
75254140
75254105
75254100
75254095
75254090
75250098
75263096
75262574
75251409
75263030
75257390
75263117
75263042
75263044
75263046
75263048
75263050
75263052
75263054
75263056
75263058
75263060
75263062
75263064
75263066
75263068
75263070
75263072
75263074
75263076
75257274
75257282
75257278
75257292
75257280
75257300
75257284
75257308
75257286
75252300
75252345
75253196
75255524
75254747
75255788
75256805
75260390
75257252
75261196
75261468
75262679
75263034
75262698
75261362
75254750
75255784
75261474
75257202
75257152
75261211
75262738
75257312
75262322
75262307
75262301
75262364
75262352
75262346
75264166
75264059
75262319
75262310
75262295
75262298
75257197
75261214
75262736
75257290
75261205
75261092
75262313
75262349
75262331
75264170
75264063
75264174
75262334
75262337
75264178
75264111
75262340
75264186
75264127
75262358
75264238
75264198
75264139
75262325
75264236
75264202
75257142
75257267
75257177
75261202
75262734
75257304
75251464
75251485
75255772
75257187
75261217
75262742
75257294
75261220
75255796
75261199
75257205
75257296
75255804
75261193
75257298
75255800
75257147
75261190
75257288
75255792
75257157
75257182
75261187
75257302
75261235
75257318
75255780
75261250
75257306
75252290
75252375
75253180
75255520
75256815
75260393
75257257
75261178
75261486
75262676
75261492
75261181
75257320
75261244
75257310
75261175
75257322
75261208
75257314
75257276
75261159
75257316
75261147
75261144
75261141
75252285
75252370
75253184
75256810
75257262
75261229
75261498
75262667
75261138
75254757
75254762
75261150
75261153
75261135
75261123
75261126
75261129
75252295
75252365
75253188
75255512
75256820
75257242
75260426
75261238
75261504
75262661
75253164
75255776
75256825
75257232
75260429
75261226
75261507
75262658
75252325
75252360
75252315
75253168
75256835
75257222
75261241
75261523
75262744
75262655
75252350
75252310
75253192
75257227
75261223
75261541
75262664
75251482
75251452
75264770
75252355
75253176
75257237
75261565
75261544
75261253
75262673
75257217
75261247
75262670
