76052126
76054128
76054483
76054536
76054512
76054526
76054666
76056021
76056033
76056084
76056090
76056110
76057768
76055152
76055211
76052225
76050246
76053239
76055410
76055395
76055027
76055896
76057083
76054100
76055282
76055009
76057104
76050223
76054882
76055887
76054076
76054067
76058008
76057027
76057086
76057061
76050030
76052012
76055024
76050182
76050326
76050093
76050656
76050626
76050372
76052415
76057089
76052374
76056413
76056398
76056358
76056662
76057886
76050399
76050147
76058010
76054530
76054562
76054541
76050697
76056866
76056852
76056844
76056780
76050321
76050087
76054043
76050339
76050213
76050645
76050174
76053059
76053015
76052746
76052734
76050051
76050172
76050105
76050477
76050369
76052242
76050540
76052368
76056666
76056639
76057759
76056414
76054668
76056772
76050411
76056826
76057012
76050596
76052129
76056015
76055161
76054158
76050248
76053236
76054091
76055003
76055239
76057043
76056675
76056642
76052254
76052350
76056410
76052395
76057802
76050178
76053266
76050474
76056806
76054073
76052690
76052404
76055207
76055198
76057101
76052362
76052263
76050420
76050357
76050436
76050453
76056808
76055196
76055202
76057006
76055116
76054495
76056732
76053101
76054520
76054548
76054568
76054532
76050226
76052144
76056018
76056100
76056093
76055158
76054170
76054876
76054879
76054891
76054888
76054885
76053233
76055122
76050186
76050202
76050303
76050381
76056161
76050393
76050430
76050459
76050543
76057756
76056422
76050097
76050315
76050117
76053107
76056730
76052371
76057040
76056672
76057033
76057052
76050724
76056416
76052021
76050036
76050101
76056392
76056648
76057882
76056664
76056383
76050471
76056810
76050322
76050090
76050679
76050623
76050650
76050342
76050224
76050593
76052230
76055131
76052334
76057774
76055015
76054024
76056654
76057055
76052380
76055125
76052138
76056072
76056012
76055143
76054167
76052223
76050244
76053209
76055866
76050418
76056735
76054180
76054116
76050300
76050098
76050258
76050345
76050390
76057880
76056869
76056770
76050221
76056750
76057799
76056848
76056143
76056704
76052222
76050110
76050242
76058000
76056793
76052713
76056103
76056096
76052135
76056069
76056009
76055185
76054190
76054131
76053198
76053186
76053212
76052006
76050695
76054021
76054088
76055001
76057107
76054646
76053146
76053027
76055383
76052024
76050323
76050710
76054529
76054560
76054538
76057092
76055893
76050214
76050220
76050066
76050194
76052159
76056063
76056006
76053185
76053158
76054125
76055205
76055195
76053218
76058006
76055119
76050611
76054501
76050614
76050688
76050719
76052686
76050762
76052383
76050742
76053098
76050608
76050048
76050123
76050104
76053065
76053039
76056733
76052722
76055419
76055398
76055425
76052162
76053182
76053155
76054164
76053227
76052359
76050722
76053125
76057095
76050480
76050555
76050576
76056782
76056890
76057009
76057885
76057750
76057790
76050720
76058400
76057112
76057067
76050798
76056824
76055860
76057015
76054664
76056661
76052156
76053179
76053152
76054161
76050682
76056777
76056755
76056766
76056816
76056822
76054535
76056140
76054662
76056170
76054554
76054884
76050096
76050218
76050375
76050573
76050629
76050662
76050673
76050713
76050730
76050753
76054040
76054070
76054486
76054580
76056000
76056030
76050615
76050180
76050200
76050776
76054566
76053250
76053199
76053230
76052165
76054122
76053224
76056407
76054610
76054592
76050703
76050716
76056408
76056686
76056865
76057777
76056630
76050685
76054498
76055428
76050192
76056731
76052141
76054660
76054119
76054182
76054184
76054185
76054193
76054187
76053221
76056340
76056346
76056343
76056355
76056361
76056367
76050324
76050363
76050442
76050465
76054507
76056773
76056818
76056660
76056633
76055113
76055213
76050325
76050366
76050445
76050456
76052257
76056380
76056349
76056669
76053262
76053030
76056794
76057110
76050676
76057018
76055049
76054027
76052015
76052027
76055890
76055869
76052716
76055384
76055413
76053252
76055422
76052377
76056164
76050396
76050433
76050462
76050546
76056789
76056728
76056863
76056680
76056060
76058004
76053215
76056775
76056812
76054152
76052883
76053176
76053205
76053095
76058012
76056078
76050121
76056075
76052030
76052050
76052725
76050481
76052251
76050413
76054155
76052342
76052446
76053206
76052452
76052443
76052455
76052449
76056645
76057046
76053024
76053062
76053033
76056034
76053116
76057765
76055359
76054622
76054583
76050184
76050204
76057887
76057771
76057796
76056719
76050099
76056872
76050219
76056146
76056740
76056788
76056790
76056846
76056837
76055030
76055270
76055881
76055043
76050723
76050700
76055895
76053260
76050039
76050102
76055021
76055046
76053254
76054097
76055012
76054870
76056404
76056657
76050215
76050176
76052245
76052339
76052719
76052413
76052398
76054202
76054149
76052886
76053018
76058014
76054873
76050691
76053036
76053086
76052892
76053054
76054140
76054200
76056066
76053258
76057098
76054146
76054003
76054079
76054055
76054006
76054018
76054015
76054012
76054000
76050602
76054504
76055209
76054595
76055362
76054625
76053122
76050360
76054094
76055006
76054631
76054601
76050483
76050382
76050552
76050384
76050561
76050778
76056804
76050405
76050468
76056795
76052401
76050060
76050120
76050217
76050206
76050119
76056389
76056352
76056663
76056636
76055434
76055382
76052356
76054009
76055018
76055040
76054082
76056386
76052389
76050003
76055228
76056426
76055140
76054613
76055389
76054181
76055431
76056106
76055350
76056401
76056364
76057000
76056887
76055273
76052392
76050306
76050279
76050190
76056210
76056211
76056205
76056199
76056190
76056202
76056196
76053042
76053068
76053170
76053089
76053140
76052895
76052889
76053006
76056758
76056703
76056683
76056729
76050045
76050103
76050112
76054143
76054188
76054137
76050225
76050081
76050312
76050006
76052000
76050027
76052009
76050033
76052003
76052018
76050078
76050232
76050276
76050069
76050150
76050054
76050024
76050015
76050126
76050012
76050001
76050072
76050153
76050009
76052068
76052208
76052071
76052062
76052059
76052056
76052053
76053050
76053012
76054628
76054598
76055242
76055245
76055248
76055224
76055251
76055254
76055257
76055260
76055230
76055233
76055236
76055220
76055226
76057868
76057856
76057877
76057859
76057862
76057865
76057871
76057874
76056114
76050210
76050063
76053113
76050168
76050114
76050100
76050309
76050348
76056774
76050417
76052266
76052407
76050115
76056800
76050084
76050212
76050320
76050336
76052239
76050170
76050264
76050351
76052201
76052233
76052880
76055201
76053200
76055173
76052206
76052224
76053000
76055102
76055111
76052343
76050252
76053003
76053083
76055276
76055380
76053051
76050288
76050018
76050318
76050328
76050354
76052248
76050107
76057024
76057058
76057030
76057064
76050297
76057003
76050075
76050285
76050111
76056112
76050333
76052260
76052353
76050402
76050439
76050450
76050549
76050796
76056208
76056779
76056743
76056764
76056791
76056838
76056802
76050694
76055365
76055368
76055371
76055374
76058016
76054030
76055052
76055000
76054085
76052269
76052330
76052410
76053256
76057793
76057889
76057762
76050822
76050802
76050814
76050812
76050808
76050820
76050816
76050818
76050834
76050836
76050782
76050842
76050844
76050846
76050848
76050830
76050828
76050824
76050838
76050786
76050788
76050790
76050794
76050784
76050799
76054586
76054652
76054649
76054640
76054637
76055353
76054616
76058899
76052001
76052002
76050116
76050118
76050151
76050106
76054134
76052416
76052419
76052425
76052428
76052431
76052434
76052422
76052680
76052365
76053119
76056820
76056771
76050408
76050486
76057753
76057021
76057080
76057070
76056839
76056792
76053110
76056403
76050291
76050240
76050756
76050765
76050768
76050775
76050759
76050774
76050771
76050772
76056081
76055884
76055279
76056419
76056370
76052236
76052336
76052710
76053009
76053149
76053128
76053197
76053053
76052345
76055872
76050273
76054510
76054552
76054550
76054556
76054558
76054514
76054516
76054518
76054570
76054523
76054564
76054542
76054546
76054544
76056424
76057850
76050800
76052683
76052692
76052689
76052698
76054634
76054604
76055101
76055110
76056421
76056423
76055392
76055416
76055386
76053080
76053056
76050386
76050558
76052386
76054589
76055356
76054619
76050188
76054064
76054061
76054058
76054052
76054049
76054046
76050733
76050725
76058002
76055863
76057810
76057853
76057840
76057813
76057808
76057822
76057816
76057819
76057825
76057828
76057834
76057843
76057837
76057831
76054643
76050726
76050750
76050617
76053104
76057049
76056651
76050378
76050582
76056172
76056158
76050780
76056395
76050021
76050113
76055222
76055149
76056734
76052203
76052202
76050164
76056174
76050162
76050109
76055035
76050160
76056176
76050166
76052192
76052220
76052205
76050250
76053162
76056178
76050108
76052221
76050135
76050620
76050590
76052065
76052186
76052123
76056778
76056709
76055875
76055036
76053161
76054110
76053192
76056814
76052198
76056884
76055188
76052209
76055191
76052211
76053264
76055194
76052212
76055200
76052215
76052214
76057805
76052728
76050132
76050632
76053164
76053092
76056149
76056875
76056746
76056700
76052132
76052189
76055146
76055878
76055033
76057120
76056785
76056840
76056830
76052743
76052731
76050129
76050579
76050635
76050599
76053167
76053194
76052195
76055155
76056712
76050792
76050638
76053143
76053191
76050641
76050585
76056152
76056749
76056706
76052153
76056878
76055164
76050140
76056760
76056786
76056843
76056832
76050388
76050138
76050570
76050647
76055167
76053188
76054113
76050652
76052163
76050605
76050644
76050653
76052180
76052147
76056860
76055170
76050671
76050139
76056762
76056787
76056850
76056834
76050270
76050141
76050670
76050659
76052120
76055176
76053190
76050144
76052183
76052171
76056881
76055179
76052150
76055182
76052740
