72870004
72878606
72878627
72878648
72870508
72874256
72875010
72870574
72873013
72876360
72873019
72873009
72870539
72879284
72875060
72870007
72878609
72878630
72878651
72870548
72874230
72876241
72876242
72876243
72876244
72876245
72876246
72876247
72876101
72870506
72870518
72874505
72874220
72873011
72872476
72870001
72870301
72870405
72870424
72874313
72874190
72870010
72870016
72878612
72878633
72878654
72870251
72870275
72870321
72870502
72870514
72870540
72870562
72875062
72870522
72874565
72873003
72870564
72870660
72871150
72874305
72874460
72876070
72879400
72879401
72879403
72879405
72879407
72879409
72879420
72879421
72879423
72879425
72879427
72879429
72879431
72879433
72879435
72879437
72879439
72878335
72870083
72870086
72870089
72870136
72870135
72870137
72870134
72878482
72876102
72876104
72876106
72876108
72876110
72876112
72876114
72876501
72876502
72876503
72876504
72874055
72872800
72872801
72872802
72872803
72872804
72872805
72872806
72872807
72872808
72872810
72872811
72872812
72872813
72872814
72872815
72872816
72872817
72872818
72872819
72872820
72872822
72872823
72872824
72872825
72872826
72872827
72872828
72872829
72872830
72872832
72872833
72872834
72872835
72872836
72872837
72872838
72872839
72872840
72872841
72872842
72872844
72872845
72872846
72872847
72872848
72870013
72878615
72878636
72878657
72875005
72878618
72878639
72878660
72870014
72872451
72872452
72872453
72872454
72872455
72872456
72872457
72872458
72872459
72872460
72875301
72870546
72870019
72878621
72875025
72879278
72875080
72870022
72878624
72875066
72873005
72870536
72870558
72870534
72870556
72870025
72878642
72870028
72878645
72874070
72874045
72878481
72876035
72878337
72879282
72875082
72874010
72875020
72874040
72874035
72874020
72874030
72870031
72878663
72875070
72875072
72873414
72875058
72874317
72870034
72878666
72874218
72870037
72878669
72879270
72874216
72879290
72873029
72875304
72870040
72874202
72875076
72875074
72879274
72879276
72870510
72870552
72873017
72872003
72872010
72872011
72878003
72878018
72878603
72874101
72874050
72870524
72873007
72870512
72870550
72879286
72873015
72872474
72870043
72870501
72875015
72874224
72878235
72875084
72870554
72873027
72870570
72870520
72873021
72875054
72870528
72870542
72874222
72875035
72874270
72870568
72873023
72875052
72874060
72875064
72874210
72874250
72875320
72875030
72878300
72878301
72878302
72878303
72878304
72878305
72878310
72878311
72878312
72878313
72878314
72878315
72878316
72878317
72878318
72878319
72878320
72878321
72878322
72878323
72878324
72878325
72878326
72878327
72878328
72878330
72878331
72878332
72878340
72878341
72878342
72878343
72878344
72878345
72878350
72878351
72878352
72878353
72878354
72878355
72878360
72878361
72878370
72878362
72878363
72878364
72878365
72878366
72878367
72878368
72878369
72878381
72878371
72878372
72878373
72878374
72878375
72878390
72878391
72878392
72878393
72878394
72878395
72878400
72878401
72878402
72878403
72878404
72878405
72873386
72878201
72878202
72878203
72878204
72878205
72878206
72878207
72878208
72878209
72878210
72878211
72878212
72878213
72878214
72878215
72878216
72878217
72878218
72878219
72878220
72878221
72878222
72878223
72878224
72878225
72878226
72878227
72878228
72878249
72878251
72878252
72878253
72878254
72878255
72878260
72878261
72878270
72878271
72878272
72878273
72878274
72878262
72878263
72878264
72878265
72878266
72878267
72878268
72878269
72878280
72878281
72878442
72878458
72878410
72878446
72878505
72878180
72878182
72878184
72878186
72878188
72870101
72870102
72870103
72870104
72870105
72870106
72870107
72870108
72870109
72870110
72870111
72870112
72870113
72870114
72870115
72870116
72870117
72870118
72870119
72870120
72870121
72870122
72870123
72870124
72870125
72870126
72870133
72870127
72870128
72870129
72870130
72870131
72870132
72876001
72876005
72876008
72876011
72876015
72876018
72876021
72876024
72876027
72876030
72876033
72876036
72876039
72876042
72876045
72876048
72876051
72876054
72876057
72876060
72876063
72876066
72876069
72876072
72876075
72876078
72876081
72876084
72876118
72876120
72876122
72876124
72876126
72876128
72876130
72876132
72876134
72876136
72876138
72876140
72876142
72876144
72876146
72876148
72876150
72876152
72876154
72876156
72876158
72876160
72876162
72876164
72876166
72876168
72876170
72876172
72876174
72876176
72876178
72876201
72876202
72876203
72876204
72876205
72876206
72876207
72876208
72876209
72876210
72876211
72876212
72876213
72876214
72876215
72876216
72876217
72876218
72876219
72876220
72876221
72876222
72876223
72876224
72876225
72876226
72876227
72876228
72876229
72876301
72876302
72876303
72876304
72876305
72876306
72876307
72876308
72876309
72876310
72876311
72876312
72876313
72876314
72876315
72876316
72876317
72876318
72876319
72876320
72876321
72876322
72876323
72876324
72876325
72876326
72876327
72876328
72876329
72876363
72876365
72876330
72876331
72876332
72876333
72876334
72876335
72876336
72876337
72876338
72876339
72876367
72876369
72876342
72876343
72876346
72876347
72876348
72876349
72876371
72876373
72876350
72876351
72876352
72876353
72876354
72876355
72876356
72876379
72876381
72876340
72876341
72876405
72876410
72876415
72876420
72876425
72876430
72876435
72876440
72876445
72876450
72876455
72876460
72876465
72876470
72876475
72876480
72876485
72876505
72876510
72876515
72876520
72876525
72876530
72876535
72876540
72876545
72876550
72876555
72876560
72876565
72876570
72876575
72876580
72876585
72878407
72871503
72871505
72871507
72871509
72871511
72871513
72871515
72871517
72871519
72871521
72871523
72871525
72871527
72871529
72871531
72871533
72871535
72871537
72871539
72871541
72871543
72871545
72871563
72871565
72871567
72871569
72871571
72871573
72871575
72871577
72871579
72871581
72871583
72871585
72871587
72871589
72871591
72871593
72871595
72871597
72871599
72871633
72871635
72871637
72871639
72871641
72871643
72871645
72871647
72871649
72871651
72871653
72871655
72871657
72871659
72871661
72871663
72871665
72871667
72871669
72871671
72871673
72871675
72871677
72871679
72871681
72871683
72871685
72871687
72871689
72871691
72879300
72879301
72879305
72879310
72879353
72879361
72879363
72879365
72879373
72879375
72879355
72879367
72879357
72879369
72879359
72879371
72874650
72874655
72874660
72874665
72874670
72874675
72874680
72874685
72874690
72874695
72874700
72874705
72874710
72870091
72870092
72870093
72870094
72870095
72870096
72875150
72875155
72875160
72875165
72875170
72875175
72871818
72871814
72871816
72871808
72871820
72871800
72871806
72871802
72871804
72871810
72871812
72871822
72871824
72871828
72871826
72871830
72871832
72871836
72871834
72879505
72879510
72873360
72873366
72873350
72873352
72873358
72873354
72873356
72873364
72873370
72873372
72873374
72873382
72873376
72873380
72873384
72873378
72873368
72873362
72879050
72879053
72879056
72879059
72879062
72879080
72879090
72872100
72872102
72872104
72872106
72872108
72872110
72872112
72872114
72872116
72872118
72872120
72872122
72872124
72872126
72872128
72872130
72872132
72872134
72872136
72872138
72872140
72872142
72872144
72872146
72872148
72872150
72872152
72872154
72873151
72873153
72873172
72873173
72873174
72873175
72873176
72873177
72873178
72873179
72873180
72873181
72873182
72873183
72873157
72873159
72873161
72873163
72873165
72873167
72873169
72873171
72878583
72874214
72872500
72872501
72872502
72872503
72872504
72872505
72872506
72872507
72872508
72872515
72872520
72872521
72872522
72872523
72872524
72872525
72872526
72872790
72872792
72872794
72872796
72872798
72872560
72872561
72872562
72872563
72872564
72872566
72872600
72872601
72872602
72872603
72872604
72872605
72872610
72872611
72872612
72872613
72872614
72872615
72872700
72872701
72872702
72872703
72872704
72872705
72872720
72872721
72872722
72872723
72872724
72872725
72872780
72872781
72872782
72872783
72872784
72874208
72874254
72871152
72870526
72870544
72874212
72874252
72870572
72873025
72879899
72876601
72879280
72871401
72871402
72871403
72871404
72874065
72872348
72874025
72875078
72875056
72874015
72870530
72870566
72874226
72870532
72870538
72870560
72870504
72870516
72874490
72874491
72874492
72874228
72873001
72870578
72879288
72870201
72870223
72870303
72870401
72870404
72870416
72870612
72870651
72870657
72871001
72872006
72872016
72872017
72874258
72876675
72878095
72876705
72875068
72875242
72874271
72873201
72873319
72875331
72873416
72874283
72874373
72870245
72870336
72870363
72870407
72870426
72870618
72871010
72872066
72874238
72874353
72874410
72876630
72878027
72878081
72876750
72875210
72874280
72873229
72873309
72873434
72871100
72872396
72871101
72872397
72871102
72872398
72871103
72872399
72871104
72872400
72871105
72872401
72871106
72872404
72871107
72872403
72871108
72872402
72871109
72872405
72870243
72870339
72870366
72870408
72870427
72870621
72871011
72872063
72874234
72874357
72874420
72876625
72878030
72878084
72875212
72874281
72873205
72873311
72873436
72871110
72872406
72871111
72872407
72871112
72872408
72871113
72872409
72871114
72872410
72871115
72872412
72871116
72872413
72871117
72872414
72871118
72872415
72871119
72872416
72870342
72870369
72870409
72870624
72871012
72872060
72874361
72874430
72874570
72876620
72878033
72878087
72874282
72873233
72873297
72873438
72871120
72872417
72871121
72872418
72871122
72872419
72871123
72872420
72871124
72872421
72871125
72872422
72871126
72872423
72871127
72872424
72871128
72872425
72871129
72872426
72870241
72870345
72870372
72870410
72870627
72871013
72872054
72874365
72876615
72878036
72873207
72873295
72873440
72872427
72872428
72872429
72872430
72872431
72872432
72872433
72870209
72870253
72870348
72870375
72870411
72870630
72871014
72872057
72874369
72874560
72876610
72878039
72873235
72873293
72873442
72870211
72870255
72870412
72870633
72871015
72872045
72876605
72878042
72870374
72870344
72873209
72873283
72873444
72874309
72874470
72870213
72870257
72870413
72870636
72871016
72872039
72872042
72876680
72878045
72873237
72873285
72873446
72870215
72870259
72870414
72870639
72871017
72872036
72876690
72878048
72873241
72873287
72873448
72870217
72870261
72870415
72870642
72871018
72872033
72874510
72876685
72878051
72873211
72873289
72870219
72870263
72870645
72871019
72872301
72874156
72874515
72878054
72873239
72873291
72870046
72870049
72870052
72870203
72870225
72870306
72870402
72870417
72870428
72870429
72870615
72870654
72870669
72871002
72871145
72871155
72872009
72872023
72874321
72876670
72876710
72875244
72874272
72873217
72873317
72875334
72873418
72874284
72879315
72870221
72870265
72870648
72871020
72872302
72874154
72874520
72878006
72878021
72873213
72873281
72873215
72870231
72870277
72871021
72872303
72874152
72874525
72878009
72878066
72873279
72870233
72870279
72871022
72872304
72874150
72874530
72878015
72878069
72873277
72870235
72870281
72871023
72872305
72874148
72874535
72878072
72873273
72870237
72870283
72871024
72872306
72874146
72874540
72878078
72878090
72873275
72870239
72870285
72871025
72872307
72874144
72874545
72878075
72878093
72873269
72874450
72871026
72872308
72874142
72874550
72873271
72871027
72872312
72874140
72874555
72873265
72871028
72872313
72874138
72873267
72871029
72872314
72874136
72873261
72870055
72870205
72870227
72870309
72870403
72870418
72871003
72871160
72872012
72872309
72872310
72872326
72874325
72876665
72876715
72875246
72874273
72873219
72873307
72875337
72873420
72871030
72872315
72874134
72873263
72871031
72872316
72874132
72876359
72871032
72872317
72874130
72871033
72872318
72874128
72871034
72872319
72874126
72871035
72872320
72874124
72871036
72872322
72874122
72871037
72872323
72874120
72871038
72872325
72874118
72871039
72872324
72874116
72870058
72870061
72870207
72870229
72870312
72870419
72870666
72871004
72871165
72872015
72872311
72874206
72874248
72874329
72876660
72876720
72879322
72879323
72879325
72879326
72879327
72879328
72879329
72879331
72879332
72879333
72879334
72879335
72879336
72879337
72879338
72879339
72879340
72879341
72879342
72879343
72879345
72879346
72879347
72879324
72879348
72879349
72879350
72879351
72879330
72875248
72874274
72873221
72873305
72873422
72879320
72871040
72872327
72874114
72871041
72872328
72874112
72871042
72872329
72874110
72871043
72872330
72874108
72871044
72872331
72874106
72871045
72872332
72874102
72871046
72872333
72874104
72872334
72871047
72872347
72871048
72872346
72872344
72872345
72871049
72872353
72870267
72870315
72870420
72870663
72871005
72872018
72874246
72874333
72876655
72876725
72874275
72873223
72873303
72873424
72871050
72872359
72872360
72872434
72871051
72872335
72871052
72872336
72871053
72872337
72871054
72872339
72871055
72872340
72871056
72872341
72871057
72872342
72871058
72872343
72871059
72872352
72870064
72870067
72870080
72870269
72870324
72870421
72871006
72872021
72872321
72872338
72872390
72872391
72874204
72874244
72874337
72876650
72876730
72875202
72874276
72873225
72873301
72873426
72871060
72872351
72871061
72872350
72871062
72872349
72871063
72872356
72871064
72872355
72871065
72872357
72871066
72872354
72871067
72872358
72871068
72872361
72871069
72872362
72870271
72870327
72870354
72870422
72870603
72871007
72872024
72874242
72874341
72876645
72878001
72878057
72870090
72876735
72875254
72874277
72873227
72873299
72873428
72874232
72874301
72874440
72871070
72872363
72871071
72872364
72871072
72872368
72871073
72872369
72871074
72872371
72871075
72872372
72871076
72872370
72871077
72872366
72871078
72872367
72871079
72872379
72872411
72870249
72870273
72870318
72870330
72870357
72870423
72870606
72871008
72874240
72874345
72876640
72878012
72878060
72870081
72876740
72875256
72874278
72873203
72873315
72873430
72871080
72872383
72871081
72872373
72871082
72872374
72871083
72872375
72871084
72872376
72872365
72871085
72872377
72871086
72872378
72871087
72872380
72871088
72872381
72871089
72872382
72870247
72870333
72870360
72870406
72870425
72871009
72872069
72874236
72874349
72876635
72878024
72878063
72876745
72875208
72874279
72873231
72873313
72873432
72870609
72871090
72872384
72871091
72872385
72871092
72872386
72871093
72872387
72871094
72872388
72871095
72872389
72871096
72872392
72871097
72872393
72871098
72872394
72871099
72872395
