77816340
77824640
77824760
77828220
77828330
77809580
77809570
77813720
77813444
77818372
77823345
77816555
77826653
77817736
77817738
77820030
77820188
77820314
77814325
77827150
77816780
77827380
77828414
77808573
77828530
77824366
77826100
77814020
77828540
77822582
77826400
77824140
77813230
77804115
77804120
77803040
77819006
77805120
77824868
77818090
77809380
77809260
77822672
77817710
77813420
77809250
77826180
77824230
77818822
77814210
77824375
77817195
77825772
77825773
77814170
77827510
77813380
77819014
77816710
77828538
77822408
77809680
77828536
77815330
77818080
77807150
77805080
77805085
77824878
77825780
77825022
77818046
77815868
77808650
77826170
77808040
77803110
77825766
77818820
77825004
77827290
77829185
77822604
77820000
77808637
77827271
77817630
77828392
77827690
77816670
77813490
77819008
77824090
77814380
77827540
77825460
77829248
77829294
77829314
77829312
77829234
77829236
77817150
77813376
77823756
77823668
77813580
77813245
77828556
77827110
77824854
77819018
77823500
77809200
77813601
77822618
77819224
77817200
77824030
77824234
77825640
77828398
77807110
77808110
77826530
77818355
77826710
77805200
77820478
77818832
77818190
77828582
77808600
77824250
77826080
77808490
77825016
77825790
77816180
77816630
77824050
77827010
77808090
77814680
77814510
77826590
77824785
77819000
77826706
77819228
77829200
77825040
77816040
77818070
77813290
77825030
77808682
77825796
77825560
77808270
77817110
77805218
77818840
77817749
77817747
77822602
77827710
77814180
77813630
77822450
77808641
77824125
77827130
77824850
77828576
77808632
77828510
77827630
77817660
77818600
77822576
77815320
77815321
77822564
77823580
77824100
77822414
77822484
77825769
77808602
77808579
77824818
77818480
77808572
77825470
77807065
77820174
77820398
77818630
77824650
77824770
77826456
77828230
77828340
77809590
77818615
77826656
77817740
77817756
77820044
77820202
77827400
77824834
77826020
77827240
77822594
77809190
77808570
77826010
77827680
77827720
77809400
77814290
77813700
77817343
77809530
77803150
77813265
77817290
77824767
77822432
77824260
77816130
77815832
77816720
77828546
77825540
77829244
77829300
77829302
77829308
77823680
77813320
77813280
77824110
77809470
77813270
77808560
77807040
77824880
77816218
77825006
77823758
77822430
77822658
77822632
77824320
77813480
77809090
77825410
77823762
77823672
77826556
77824410
77824838
77816150
77824020
77824795
77822424
77818340
77818161
77825000
77816212
77814840
77814297
77815808
77815872
77816192
77818232
77825062
77826026
77823650
77823712
77826070
77808240
77828322
77824550
77805135
77813240
77817510
77822600
77824080
77826522
77808706
77813650
77813180
77819004
77808578
77815862
77814360
77826498
77826566
77805173
77826665
77820072
77814780
77820226
77816640
77817080
77817380
77828404
77828548
77808292
77808684
77808640
77822492
77823391
77823630
77825061
77817291
77814291
77815810
77816200
77816800
77814571
77813842
77815820
77824580
77824590
77824600
77824610
77824620
77824630
77818140
77817530
77828300
77822580
77824816
77822482
77826150
77825763
77827190
77814295
77824368
77808610
77808634
77824822
77817420
77824210
77824660
77824780
77826468
77828240
77828350
77809600
77813730
77818640
77826659
77817742
77817760
77820058
77819115
77824692
77820208
77820328
77822642
77808290
77808690
77808643
77827370
77826420
77814100
77818180
77817470
77822572
77827750
77826484
77827620
77826040
77822440
77808250
77827746
77827530
77817320
77818680
77828534
77808604
77823540
77824060
77824270
77817140
77823670
77825555
77818806
77822692
77809510
77814250
77826524
77808616
77823330
77824866
77824105
77824290
77824545
77824455
77816610
77818610
77826270
77809050
77813445
77822690
77814220
77815824
77827410
77824832
77813530
77809490
77823020
77816080
77827740
77824374
77818020
77824560
77805110
77813030
77824360
77824365
77813345
77819212
77816060
77816260
77813200
77808140
77813590
77817280
77826260
77827220
77808390
77824814
77814240
77827100
77824856
77827270
77816680
77808370
77813690
77824872
77814807
77822682
77827440
77818810
77818792
77826526
77826382
77815850
77827450
77803082
77808664
77817601
77805176
77827500
77809352
77826538
77825490
77817160
77818260
77819020
77825247
77825800
77825014
77825786
77809310
77814335
77826536
77823375
77818255
77818703
77823065
77824232
77808606
77824470
77825010
77825820
77824655
77825798
77822500
77822410
77828310
77828554
77827420
77815822
77815840
77823045
77809350
77827640
77822674
77813260
77804160
77813820
77829186
77822586
77827662
77814140
77808608
77828516
77808220
77826491
77823370
77823600
77823360
77823652
77826550
77818100
77804090
77803080
77818826
77822590
77824340
77824812
77808130
77826714
77808642
77818650
77824670
77826472
77828250
77809610
77828352
77826662
77817744
77819120
77824722
77819220
77814160
77817365
77818040
77818050
77817700
77818800
77823662
77827700
77809255
77808590
77813390
77803050
77816215
77826510
77822562
77814350
77807200
77808415
77805130
77824870
77809690
77808649
77815836
77808630
77809025
77804070
77808628
77822697
77824680
77826474
77828260
77809620
77818700
77813755
77817746
77827360
77814333
77805170
77818520
77822644
77825750
77829183
77822612
77809500
77818690
77813520
77823656
77824810
77809322
77809320
77813190
77822478
77820316
77822404
77808588
77808700
77808315
77820280
77817450
77822660
77808180
77826702
77808635
77818804
77822650
77816100
77820176
77824690
77826476
77828270
77809630
77818435
77817748
77827280
77825600
77807290
77805020
77826345
77809360
77808702
77818345
77808592
77808305
77809014
77808170
77827580
77808515
77816540
77817100
77817610
77813410
77808420
77805221
77828402
77818045
77813378
77813315
77813425
77813522
77809235
77807285
77808699
77826615
77826585
77808633
77822696
77818816
77828416
77814010
77823682
77809020
77807180
77814230
77818660
77816760
77818828
77828558
77803020
77805209
77826514
77826060
77808120
77808620
77808674
77826712
77828584
77825440
77809060
77808470
77808525
77824300
77808280
77823320
77824390
77819012
77808160
77823770
77822402
77827030
77826532
77824665
77826165
77807045
77819216
77808260
77818430
77824700
77809640
77813740
77826478
77828280
77817750
77825550
77817130
77823754
77823666
77807035
77822640
77828514
77809330
77808210
77823322
77823510
77808295
77804020
77827748
77828580
77808571
77828544
77826235
77813505
77828424
77828512
77814130
77808676
77827350
77818772
77816580
77817060
77824430
77813620
77824208
77820452
77818130
77818230
77814340
77813600
77826582
77819002
77818160
77805060
77807130
77809440
77818844
77817460
77822680
77826190
77823772
77822468
77826310
77817180
77809080
77817620
77827600
77827590
77814150
77827560
77824806
77827480
77824808
77809220
77826520
77822598
77822596
77808636
77819010
77824710
77828290
77809650
77817752
77822592
77817720
77813430
77809230
77813125
77803160
77828405
77823774
77822400
77822624
77808626
77808658
77828418
77808575
77818675
77828542
77828570
77816730
77825630
77807060
77817540
77823778
77822474
77813830
77824720
77809660
77817754
77814320
77814814
77827390
77808294
77826110
77827730
77824130
77808410
77826340
77814300
77826512
77822462
77822436
77826540
77817090
77826300
77824804
77826330
77823788
77822464
77813640
77813450
77824376
77828408
77827080
77824862
77823560
77824222
77822442
77817640
77822444
77822472
77818110
77813060
77809180
77807030
77817010
77816265
77817351
77822458
77808200
77823784
77822698
77825781
77825432
77825672
77825012
77816217
77816600
77813570
77824730
77809670
77813750
77828474
77817758
77810068
77826660
77817385
77827170
77827490
77828466
77810016
77828480
77824574
77829191
77822626
77826220
77826250
77822684
77827160
77827060
77828524
77828550
77814050
77826320
77828426
77823610
77827090
77824858
77828578
77829252
77829288
77829230
77826090
77810062
77810064
77810004
77810006
77810010
77810012
77810020
77826360
77822452
77808584
77828481
77828473
77828472
77828482
77828471
77828470
77828483
77828465
77828463
77828484
77828462
77828469
77810066
77828485
77828468
77828467
77828464
77828461
77810014
77810008
77810018
77817270
77826528
77808100
77826708
77825510
77809040
77807160
77816790
77818842
77804010
77805010
77823152
77820008
77820160
77820300
77823660
77807073
77808020
77816160
77819236
77819234
77824010
77805206
77825650
77816070
77828356
77825005
77808245
77808190
77822448
77817020
77808150
77808580
77816275
77807085
77818778
77808672
77817040
77826534
77816305
77816110
77813400
77813140
77818530
77808666
77807025
77817360
77824310
77817440
77825670
77828394
77816225
77817375
77808692
77824802
77826200
77817210
77817250
77808012
77808460
77825520
77826030
77826370
77817355
77818450
77818580
77813800
77816170
77824740
77813760
77824576
77817490
77822518
77822568
77808060
77815870
77808230
77829334
77829206
77829208
77815852
77827025
77816020
77809370
77818770
77809450
77809240
77822496
77823550
77824070
77814370
77822652
77813325
77815856
77817480
77808612
77814200
77816700
77828410
77808574
77828528
77822460
77822416
77815800
77816190
77808070
77826502
77816255
77809015
77815830
77819226
77828560
77817670
77827650
77818830
77817050
77816010
77819210
77824450
77826542
77809150
77826546
77814329
77808668
77824160
77827470
77827200
77824400
77813210
77807140
77805070
77827180
77817690
77804180
77824800
77822420
77824840
77815858
77828552
77822454
77808618
77808652
77826280
77824394
77824330
77824226
77826160
77828572
77827021
77825765
77827330
77804110
77817430
77808686
77809420
77808576
77817762
77816245
77818240
77808694
77809410
77814172
77828422
77816782
77817030
77816285
77813015
77818540
77809010
77817350
77817340
77813670
77813330
77813235
77826290
77822654
77815860
77822620
77817390
77818250
77823355
77824846
77822648
77819232
77809300
77817235
77809290
77822694
77808698
77817730
77819214
77822498
77816210
77808704
77825018
77825768
77827670
77827070
77824864
77822412
77825784
77816620
77822470
77818410
77818400
77825760
77825660
77813020
77818420
77822502
77822578
77817680
77818590
77813300
77822426
77809270
77818776
77826380
77807020
77826390
77825480
77824170
77804170
77822662
77822428
77824370
77826095
77813540
77804060
77824572
77823025
77817805
77824022
77808450
77807100
77825740
77829184
77822614
77824460
77808322
77808330
77808646
77808324
77808300
77808582
77809035
77823792
77823620
77809710
77817335
77809285
77808480
77822466
77816230
77817255
77823530
77818846
77824180
77815848
77808321
77818824
77816090
77823490
77824440
77813340
77825002
77827460
77803010
77823055
77814060
77816740
77828420
77828520
77818802
77808648
77819230
77813370
77826508
77824190
77827430
77805212
77827660
77827610
77824364
77827230
77804080
77817345
77809295
77824362
77827570
77808662
77829190
77822566
77818818
77814190
77816750
77824240
77816590
77809170
77827050
77829181
77822608
77809210
77803100
77813310
77823674
77822418
77827140
77814015
77827210
77817330
77808310
77817070
77809160
77808340
77826548
77816295
77817220
77825430
77827121
77809280
77824040
77817260
77826035
77824228
77808010
77808638
77817300
77817310
77813170
77816690
77807080
77825420
77822636
77824372
77827320
77817170
77825450
77827550
77818060
77823380
77824150
77824750
77825530
77828180
77808500
77814500
77814030
77826516
77824115
77809045
77813850
77826650
77826545
77808639
77810002
77822516
77822486
77828302
77810060
77809520
77826482
77828200
77826668
77813851
77813853
77809540
77825620
77825758
77809560
77825610
77826452
77826450
77828190
77816270
77816280
77828360
77816290
77828370
77816300
77828380
77816310
77816320
77816330
77818120
77808320
77824570
77813150
77814330
77814804
77826552
77827250
77826292
77825400
77813510
77828574
77829266
77829276
77829278
77829328
77829214
77829216
77813470
77825680
77824836
77825720
77826230
77822688
77823794
77822480
77813070
77808296
77824280
77807070
77823340
77822584
77818620
77808030
77829187
77822630
77818836
77823766
77823676
77823796
77820162
77820362
77822406
77817370
77827310
77815834
77823570
77824775
77824224
77818570
77803140
77808647
77809730
77809430
77814310
77815844
77824200
77822686
77818716
77818714
77818710
77818712
77818718
77818746
77818762
77818758
77818760
77818742
77820484
77820490
77820491
77820550
77820486
77820496
77820538
77820548
77820558
77820502
77820498
77820536
77820530
77820528
77820522
77820556
77820504
77820514
77820520
77820584
77820586
77820552
77820494
77820540
77820546
77820532
77820524
77820510
77820518
77820476
77820464
77820462
77820460
77820456
77820458
77820580
77820582
77820588
77820590
77820592
77820474
77820472
77820468
77820470
77820466
77820454
77820560
77820562
77820488
77820554
77820492
77820542
77820544
77820500
77820534
77820526
77820512
77820516
77818756
77818750
77818754
77818748
77818752
77818738
77818740
77818734
77818720
77818722
77818724
77818726
77818730
77818732
77818728
77818764
77818766
77818768
77818744
77818736
77823310
77807050
77824882
77822666
77826130
77824820
77825762
77808430
77807075
77804100
77803070
77824245
77817500
77824641
77827015
77817240
77808678
77808670
77818812
77818791
77828320
77828354
77818790
77824380
77822622
77808654
77813858
77813864
77816120
77809070
77808380
77824392
77813847
77813848
77813852
77809012
77816030
77809100
77813846
77813862
77813854
77826350
77813844
77813866
77813856
77813868
77813870
77813845
77813550
77809550
77825755
77807090
77805040
77826215
77826521
77828400
77817800
77822476
77813250
77809110
77818774
77815854
77818670
77808577
77828522
77817120
77825570
77822570
77822638
77807190
77805030
77813205
77834899
77825700
77822488
77823798
77813350
77825590
77823658
77803060
77813220
77827340
77815826
77817190
77824420
77816220
77828588
77808622
77814070
77813535
77813610
77826535
77822574
77817520
77805150
77818010
77826140
77825764
77808688
77807055
77804150
77808624
77826511
77822664
77813080
77820048
77818150
77804040
77814052
77827300
77813560
77809700
77822438
77816240
77823015
77825003
77818838
77809480
77826210
77809460
77808696
77808586
77805100
77826554
77827120
77824852
77828586
77822656
77822560
77823800
77803090
77829258
77829282
77829320
77829222
77829224
77824480
77824490
77824500
77824510
77824520
77824525
77816140
77813500
77826240
77826050
77822670
77813160
77814110
77827520
77824844
77824830
77824350
77808400
77826544
77824345
77818773
77824120
77826120
77824824
77826490
77824675
77827665
77825767
77809030
77807170
77820450
77820594
77820596
77825794
77823350
77818550
77825060
77827020
77808080
77803120
77814670
77815802
77826045
77826704
77818437
77818030
77816235
77816050
77813660
77826493
77809412
77824828
77818390
77823040
77807120
77805050
77823150
77823130
77804140
77823140
77805160
77823060
77823030
77823120
77818210
77823110
77818560
77803130
77823090
77823050
77823100
77823080
77823070
77813440
77813515
77808645
77823325
77805140
77824874
77824826
77825580
77823768
77823678
77808050
77814040
77828406
77828532
77815838
77822446
77824530
77824540
77816650
77816660
77825500
77826410
77824860
77824220
77814293
77825710
77829182
77822610
77813460
77813525
77824848
77818808
77822646
77813680
77809340
77829188
77822628
77808680
77815864
77818834
77808614
77815866
77815842
77818814
77825050
77825792
77809720
77824768
77822422
77813360
77825730
77827260
77815828
77813050
77804030
77823035
77805090
77817230
77804130
77803030
77808350
77824876
77816250
77804050
77823335
77808360
77809390
77815846
77814080
77828412
77828518
77808660
77818200
77816770
77823520
77814090
77818220
77825690
77807010
77814390
77813040
77813840
77818440
77828390
77826654
77819218
77828396
77813371
77817550
77817560
77818330
77817570
77817580
77817590
77817600
77813372
77813373
77813374
77813375
77813377
77825020
77825782
77814120
77817650
77809120
77818470
77818460
77823390
77823590
77822668
77808656
77819222
77825858
77825070
77826492
77826580
77826604
77826614
77824645
77826155
77816550
77818350
77818490
77823160
77823400
77828010
77813010
77808510
77807210
77815170
77814690
77814260
77813770
77818635
77823700
77808445
77824205
77819016
77827621
77814782
77820080
77820164
77820364
77829002
77825880
77825770
77822002
77822504
77807022
77807024
77815180
77820004
77825848
77825160
77826578
77824685
77826175
77815270
77823250
77823430
77828100
77814540
77814824
77820012
77823594
77829020
77825898
77829304
77822020
77822678
77820014
77820304
77822200
77822202
77822204
77822206
77820320
77822208
77820338
77822210
77820336
77822212
77820334
77822214
77820332
77822216
77820342
77822218
77825860
77825170
77826584
77826454
77815280
77818270
77823260
77823440
77828110
77814580
77814822
77820016
77826591
77829022
77822022
77822220
77822222
77822224
77822226
77822228
77822230
77822232
77822234
77822236
77822238
77826458
77825846
77825180
77826586
77826592
77826185
77815290
77818280
77823270
77823450
77828120
77814760
77813790
77814820
77820018
77823592
77829024
77825881
77822024
77822240
77822244
77822248
77822250
77822252
77822254
77822256
77822258
77826460
77825862
77825190
77826594
77815300
77818290
77823280
77823460
77828130
77814590
77826561
77825001
77814818
77820020
77829026
77825883
77825305
77822026
77826658
77823165
77822260
77822262
77822264
77822266
77822268
77822270
77822272
77822274
77822276
77822278
77826462
77825838
77825200
77826616
77826195
77815310
77816350
77818300
77823290
77823470
77828140
77814550
77814812
77820022
77829028
77829338
77822028
77826655
77822280
77822282
77822284
77822286
77822288
77822290
77822292
77822294
77822296
77825864
77825210
77826464
77826618
77826105
77815340
77818310
77823300
77823480
77828150
77814600
77814810
77820024
77829030
77825887
77822030
77829336
77829202
77829204
77822300
77822302
77822304
77822306
77822308
77822310
77822312
77822314
77822318
77825836
77825220
77826466
77826205
77815350
77818320
77828160
77814770
77814802
77820026
77829032
77825889
77822032
77822320
77822322
77822324
77822326
77822328
77822330
77822332
77822334
77822336
77822338
77825866
77826085
77815360
77816360
77825230
77828170
77814610
77818235
77814800
77829034
77825891
77822034
77829268
77829274
77829330
77829332
77829210
77829212
77822340
77822342
77822344
77822346
77822348
77822350
77822352
77822354
77822356
77822358
77825834
77825806
77815370
77816370
77825240
77814560
77814796
77829036
77822036
77808594
77822360
77822362
77822364
77822366
77822368
77822370
77822372
77822374
77822376
77822378
77825868
77825804
77826075
77815380
77816380
77825250
77814620
77814792
77829038
77822038
77829260
77829264
77829280
77829322
77829326
77829218
77829220
77822380
77822382
77822384
77822386
77825245
77825856
77825080
77826494
77825802
77826574
77826612
77824765
77826015
77816560
77818170
77818360
77818500
77823170
77823410
77828020
77813090
77809140
77808520
77807220
77815190
77814700
77814520
77814270
77813735
77818645
77823705
77808455
77827622
77814798
77823780
77820006
77824165
77820178
77820302
77829004
77825882
77825771
77829240
77822004
77822506
77820010
77825832
77815390
77816390
77825260
77814790
77820034
77807289
77829040
77822040
77822676
77825870
77826275
77815400
77816400
77825270
77814630
77814788
77820036
77829042
77822042
77829254
77829256
77829284
77829286
77829318
77829226
77829228
77825830
77815410
77816410
77825280
77814786
77820038
77829044
77822044
77825872
77826265
77815420
77816420
77825290
77814640
77814784
77820040
77829046
77822046
77816425
77829250
77829290
77829292
77829316
77829232
77825828
77815430
77816430
77825300
77829048
77822048
77825874
77826255
77815440
77816440
77825310
77814650
77829050
77822050
77829246
77829296
77829298
77829310
77829238
77825824
77815450
77816450
77825320
77829052
77822052
77825876
77826245
77815460
77816460
77825330
77814660
77829054
77822054
77829242
77829306
77825822
77815470
77816470
77825340
77829056
77822056
77826225
77815480
77816480
77825350
77814400
77829058
77822058
77825844
77825090
77826496
77826572
77826610
77824755
77826145
77816570
77818370
77818510
77823180
77828030
77813100
77809130
77808530
77807230
77815200
77814710
77814280
77813780
77823710
77808465
77814816
77823764
77820002
77820186
77820344
77829006
77825884
77822006
77822508
77823782
77823790
77820028
77825808
77815490
77816490
77825360
77820050
77829060
77822060
77815500
77816500
77825370
77814410
77820052
77829062
77822062
77815510
77816510
77825380
77820054
77829064
77822064
77815520
77816520
77825390
77814420
77829066
77820053
77822066
77815530
77816530
77829068
77822068
77815540
77814430
77829070
77822070
77815550
77829072
77822072
77815560
77814440
77825015
77829074
77822074
77815570
77829076
77822076
77815580
77814450
77829078
77822078
77825854
77825100
77826500
77826570
77826608
77824745
77826025
77818380
77823190
77828040
77813110
77808540
77807240
77815210
77814720
77823715
77808475
77814806
77823786
77820088
77820190
77820340
77829008
77825886
77829270
77822008
77822510
77820032
77815590
77820060
77829080
77822080
77815600
77814460
77820062
77829082
77822082
77815610
77820064
77829084
77822084
77815620
77814470
77820216
77829086
77822086
77815630
77820214
77829088
77822088
77815640
77814480
77820212
77820400
77829090
77822090
77815650
77820210
77829092
77822092
77815660
77814490
77829094
77822094
77822494
77815670
77829096
77822096
77815680
77820206
77829098
77822098
77825842
77825110
77826504
77826568
77826606
77824735
77826135
77823200
77828050
77813120
77808550
77807250
77815220
77814730
77813745
77818701
77823725
77808485
77814808
77823760
77820200
77820318
77829010
77825888
77822010
77822512
77823776
77808644
77805203
77820042
77815690
77820068
77829100
77822100
77815700
77820070
77829102
77822102
77815710
77820224
77829104
77822104
77815720
77820222
77829106
77822106
77815730
77818175
77818702
77820220
77829108
77822108
77815740
77820218
77829110
77822110
77818704
77815750
77820198
77829112
77822112
77815760
77820196
77829114
77822114
77815770
77820194
77829116
77822116
77815780
77820192
77829118
77822118
77825852
77825120
77826506
77826564
77826602
77824725
77826055
77823210
77828060
77813130
77808440
77807260
77815230
77814740
77813710
77813825
77823730
77814828
77820066
77820204
77820326
77829012
77825890
77822012
77822514
77820046
77815790
77820078
77829120
77822120
77815010
77820076
77829122
77822122
77815020
77820074
77829124
77822124
77815030
77820234
77829126
77822126
77815040
77820232
77829128
77822128
77815050
77820230
77829130
77822130
77815060
77820228
77829132
77822132
77815070
77820180
77829134
77822134
77815080
77820182
77829136
77822136
77822434
77815090
77820184
77829138
77822138
77825840
77825130
77826562
77826600
77824715
77826125
77815240
77823220
77828070
77807270
77814750
77823735
77826495
77814830
77820312
77829014
77825892
77822014
77822509
77818668
77815100
77820082
77829140
77822140
77815110
77820084
77829142
77829189
77822142
77822606
77815120
77820086
77829144
77822144
77815130
77820242
77829146
77822146
77820246
77820388
77815140
77820240
77829148
77822148
77815150
77820238
77829150
77822150
77822616
77815160
77820236
77829152
77822152
77822634
77820172
77820396
77822154
77820170
77820394
77822156
77820168
77820392
77822158
77825850
77825140
77826560
77826598
77824705
77826065
77815250
77823230
77823420
77828080
77807280
77814530
77823740
77820324
77829016
77829272
77822016
77822507
77820166
77820390
77822160
77820386
77822162
77820384
77822164
77820382
77822166
77820380
77822168
77820378
77822170
77820376
77822172
77820374
77822174
77807095
77820372
77822176
77820370
77822178
77825826
77825150
77826576
77826596
77824695
77826115
77815260
77823240
77828090
77814570
77813810
77823745
77814826
77823752
77823664
77829018
77825896
77822018
77805215
77820368
77822180
77820366
77822182
77820346
77820348
77822186
77820350
77822188
77822190
77820352
77822192
77820310
77822194
77820308
77822196
77820306
77822198
