27113350
27130350
27145440
27164130
27170560
27160048
27115170
27170001
27155187
27143225
27120340
27120367
27110150
27135040
27140265
27140070
27155025
27150280
27163010
27140240
27170410
27115360
27150410
27113080
27155265
27120280
27143320
27115060
27150380
27130330
27110210
27135220
27123130
27135270
27135540
27143110
27140530
27123250
27150440
27140220
27113210
27115200
27145155
27170130
27120470
27113270
27170480
27130420
27164065
27110340
27123340
27110090
27150420
27115085
27115550
27140350
27140510
27143550
27143530
27123150
27164009
27115110
27145080
27110240
27164058
27110260
27113030
27115130
27110030
27115540
27150370
27110040
27155175
27110250
27143213
27140320
27123220
27150140
27130150
27140460
27143580
27135110
27115490
27115480
27143310
27110020
27115400
27170150
27140470
27130490
27135260
27135570
27115056
27160128
27140230
27150000
27115300
27170180
27150350
27163570
27143220
27150070
27150520
27110080
27165070
27170220
27145000
27110140
27164210
27150080
27120110
27110350
27113075
27163005
27110450
27110170
27135340
27113540
27140030
27150530
27135345
27155241
27140052
27140053
27140055
27140054
27140340
27170320
27123190
27123080
27115250
27170570
27135400
27113000
27155031
27135153
27160192
27160056
27135530
27115420
27113500
27143210
27113620
27143610
27164072
27164230
27170510
27160040
27150150
27145030
27155049
27143227
27155073
27155079
27120125
27163220
27163330
27163460
27113015
27170260
27150470
27163020
27115140
27140290
27140295
27113380
27113381
27113383
27113384
27120540
27135440
27150270
27150310
27110330
27163560
27170290
27120335
27163810
27163860
27160184
27163001
27163030
27163100
27163280
27163430
27163730
27113390
27113510
27113630
27164093
27164290
27170520
27170725
27160136
27110000
27145260
27150030
27113045
27120550
27110400
27110100
27123100
27135050
27140060
27155205
27120350
27170040
27115070
27130290
27145270
27143060
27123040
27123410
27110060
27113100
27145330
27150340
27170100
27120430
27145360
27140040
27115230
27135410
27145490
27120320
27164044
27170800
27170350
27163670
27113110
27113090
27143560
27140270
27143229
27143005
27135020
27135070
27130380
27155013
27163200
27163620
27155139
27120345
27123240
27170240
27130110
27143390
27164310
27170540
27145050
27113610
27165020
27143138
27163410
27143090
27150210
27135620
27130285
27155001
27115080
27170750
27140090
27164190
27170550
27143100
27163680
27120420
27150250
27155289
27170160
27140250
27113140
27110270
27150065
27113290
27164037
27150260
27155055
27120360
27140330
27130040
27130120
27165040
27135100
27140130
27170140
27140170
27170070
27140300
27113180
27163630
27170530
27145430
27145310
27163015
27115052
27145040
27120480
27110310
27110320
27113170
27120120
27145160
27155037
27135010
27113095
27123460
27163340
27123005
27170300
27130460
27150060
27120347
27155235
27130050
27163044
27164250
27143520
27113410
27120220
27150540
27130220
27155115
27115175
27150570
27155313
27110230
27135390
27135480
27145190
27120200
27110475
27115470
27120355
27113160
27113150
27120425
27120180
27110220
27163450
27120100
27140150
27140415
27135380
27140280
27135310
27135630
27135320
27150180
27135170
27170825
27163835
27150130
27123440
27163815
27163850
27163874
27163855
27163881
27163500
27163690
27135000
27120210
27120140
27130580
27115050
27143420
27164270
27113600
27123170
27123030
27164079
27130170
27150390
27135290
27110050
27160168
27115030
27163720
27145120
27145200
27145380
27155271
27120357
27113120
27155109
27123420
27155181
27135600
27115460
27145350
27135450
27140310
27120080
27130600
27143430
27164150
27170080
27130135
27150480
27130500
27150040
27135350
27140200
27123175
27143020
27150220
27145420
27145070
27150450
27163540
27130590
27120150
27150230
27120130
27143570
27163650
27123070
27160120
27150490
27150050
27123160
27143440
27164170
27170340
27110470
27163590
27170330
27123320
27120000
27164110
27164100
27120325
27170360
27113295
27130470
27140450
27115350
27163120
27164016
27143505
27130160
27164030
27110180
27120366
27120343
27170090
27130060
27143040
27110130
27150510
27120090
27120440
27150120
27115290
27115520
27145470
27163610
27160032
27143250
27164023
27165050
27130510
27155091
27113190
27110420
27163840
27115020
27115205
27130390
27145170
27143410
27143380
27135240
27170030
27150290
27110280
27150360
27113320
27163700
27115450
27135090
27160104
27135150
27145090
27160024
27120170
27140420
27150240
27143330
27143470
27163520
27135025
27140110
27170190
27155121
27130560
27163867
27110290
27135460
27140390
27115040
27113340
27115405
27163550
27155145
27163830
27140413
27170370
27163079
27160072
27160064
27143080
27170650
27170210
27115010
27113590
27115090
27113250
27130270
27145370
27143000
27145010
27113560
27140405
27145240
27113440
27130030
27140380
27140140
27130610
27130530
27130100
27170280
27145100
27123155
27150375
27115053
27115120
27130360
27113020
27120530
27135190
27123350
27123400
27113060
27113300
27115180
27170010
27115560
27120250
27123470
27150430
27140260
27120560
27145180
27155007
27113310
27145060
27140430
27135640
27155157
27120570
27120500
27150595
27163072
27113130
27140410
27140100
27130300
27143130
27123290
27135060
27110120
27143280
27110300
27113323
27155097
27143340
27145020
27123010
27130370
27150215
27130200
27143300
27130450
27135140
27113570
27163380
27150242
27115005
27170470
27155193
27155199
27143035
27163820
27113200
27140210
27145410
27135300
27170420
27163025
27110360
27110560
27115190
27113580
27123050
27115055
27130140
27115000
27145150
27145400
27110500
27120370
27170230
27113260
27120190
27143160
27163580
27170500
27165060
27163086
27163180
27163290
27163440
27113430
27150580
27145210
27110390
27113450
27115340
27163058
27135580
27130520
27123360
27135633
27135482
27110025
27123180
27140180
27145140
27150560
27145220
27150320
27113330
27163845
27115570
27123230
27135470
27150015
27143120
27123300
27135520
27113280
27113230
27113490
27143190
27115410
27170250
27150400
27120580
27155085
27115280
27160096
27110410
27143136
27150515
27135610
27115407
27135230
27163320
27163160
27115510
27143240
27163600
27163530
27120400
27143350
27163037
27155307
27115370
27163710
27110110
27115100
27140190
27143460
27150010
27120060
27165030
27135080
27135510
27143180
27150305
27130180
27123173
27123110
27113070
27135180
27120310
27155067
27155283
27170310
27123270
27135210
27113010
27130340
27143030
27150300
27170430
27170440
27150020
27130020
27120590
27155229
27120040
27135030
27130430
27130090
27150330
27115310
27170270
27155043
27135490
27110190
27170390
27123370
27145450
27120240
27155211
27130240
27163490
27150590
27143360
27123020
27113460
27130130
27160088
27160112
27115054
27120030
27143480
27115051
27115320
27115380
27160144
27163660
27110160
27150155
27140120
27150241
27120260
27140160
27113240
27155103
27120195
27120160
27115260
27164002
27143070
27155301
27135420
27130070
27130260
27143270
27155277
27120020
27170120
27123140
27160008
27120510
27113050
27145460
27115430
27120460
27120337
27135590
27145340
27130320
27130410
27123450
27145130
27120330
27123380
27143425
27123120
27140000
27143050
27115390
27143150
27164086
27130505
27113420
27150200
27113400
27170590
27170675
27170450
27143215
27110490
27123060
27140080
27135330
27145390
27145231
27145232
27150192
27150191
27123210
27143195
27143010
27110370
27150110
27130080
27120365
27170580
27170400
27123000
27145110
27135130
27150373
27110153
27150377
27130190
27155247
27170490
27110200
27143223
27135360
27115253
27135160
27135223
27135560
27135430
27140370
27120270
27170200
27123090
27155151
27150550
27155169
27170020
27150460
27115150
27113040
27130210
27165001
27155295
27120010
27120410
27115240
27120300
27135200
27163470
27120070
27113550
27130230
27155019
27160176
27120520
27120490
27120450
27143290
27150899
27160080
27120600
27140010
27155259
27120055
27123280
27120230
27170460
27150170
27113220
27170875
27150005
27123260
27170060
27150160
27130400
27143370
27130550
27163260
27163310
27163510
27163480
27145096
27170050
27170170
27170850
27163065
27140490
27155163
27143510
27163825
27164051
27163051
27160018
27143170
27150600
27120380
27143230
27123330
27170380
27123200
27115210
27115220
27110520
27123390
27155253
27170775
27145320
27113265
27143450
27150090
27110380
27155217
27130250
27135500
27110070
27135280
27150500
27163790
27163888
27163895
27163300
27163140
27163240
27170075
27135550
27160001
27165010
27163770
27143200
27163640
27155127
27155133
27140360
27140400
27145290
27143500
27130440
27170110
27135370
27163400
27163370
27163360
27115530
27163350
27163390
27113565
27155061
27135120
27143590
27120290
27143140
27115270
27120050
27160152
27160160
27143400
27163420
27163750
27113370
27115500
27115160
27140020
27113360
27120610
27120628
27120630
27120632
27120634
27170700
27155223
27120636
27120612
27120614
27120616
27120618
27120620
27120622
27120624
27120626
