28687190
28690330
28681690
28681710
28691010
28691860
28692011
28684030
28684270
28684390
28692100
28690370
28680125
28680440
28680045
28680670
28682020
28690660
28684110
28680405
28683650
28681520
28687122
28692376
28690510
28685620
28681052
28686535
28691420
28682010
28691235
28681350
28682258
28680475
28686500
28682198
28691312
28686580
28691760
28692560
28680110
28687108
28686635
28693850
28692424
28686010
28692392
28686545
28681460
28686880
28680804
28691520
28690380
28692130
28680810
28680065
28692033
28681472
28681631
28681680
28681530
28686310
28686440
28681561
28692456
28683730
28691600
28686510
28686600
28686590
28686655
28686110
28680888
28680435
28681496
28686475
28691214
28681820
28680480
28690700
28680610
28682000
28693010
28686465
28685700
28681484
28681640
28692150
28682204
28685640
28686515
28686505
28680370
28681108
28692648
28692680
28692672
28681700
28691000
28684420
28686650
28681360
28691221
28681610
28686455
28680445
28690450
28691460
28692710
28693030
28686100
28686670
28684260
28681502
28691580
28693870
28680816
28685720
28691640
28692190
28690650
28681068
28681720
28690890
28684430
28686090
28690600
28681275
28683670
28680880
28683600
28683870
28684330
28686525
28681568
28683590
28684450
28691277
28680822
28686070
28687272
28690390
28690400
28681290
28681004
28680390
28680160
28680828
28692730
28692432
28684250
28692400
28685680
28690640
28690550
28690710
28691540
28681730
28690880
28684410
28690540
28682350
28692090
28680798
28686660
28681890
28680640
28681490
28681060
28681132
28687312
28683680
28690410
28680786
28687264
28683780
28684010
28684080
28684090
28686610
28691800
28693790
28684050
28691298
28692210
28692320
28687344
28683720
28686530
28681740
28691740
28681370
28684230
28686460
28687115
28687180
28686320
28684400
28681380
28681020
28686485
28681028
28690680
28694010
28681800
28680590
28690340
28681840
28681650
28691020
28681870
28680010
28680756
28694070
28683660
28691070
28690690
28690430
28690580
28693890
28684380
28686450
28680035
28691242
28681540
28680165
28680660
28682192
28681340
28686625
28691880
28692000
28692408
28692352
28681850
28682222
28692544
28680460
28694030
28692180
28681092
28692488
28680792
28680005
28690460
28690870
28691720
28691040
28683690
28692512
28681860
28680070
28691291
28681589
28680020
28686665
28682234
28682040
28684350
28690530
28680140
28680105
28690320
28681750
28682186
28686890
28680425
28682246
28691680
28696780
28692384
28692592
28692080
28691050
28681790
28684360
28696300
28680650
28691080
28681044
28690520
28692616
28682440
28680375
28681076
28686555
28681315
28681575
28680834
28680896
28691620
28680400
28686860
28681365
28680145
28680090
28680385
28681554
28686540
28681596
28680630
28686060
28683880
28686565
28686675
28685760
28680015
28680470
28686595
28681300
28692600
28680095
28692160
28691270
28692170
28691060
28691840
28692044
28692584
28684300
28687101
28680620
28684370
28691326
28691360
28686630
28684100
28681310
28694050
28680415
28681525
28691820
28692055
28696540
28681084
28686645
28692480
28680100
28696420
28681330
28686080
28681400
28692336
28692140
28692552
28690350
28683770
28691030
28686570
28691480
28680780
28686840
28687087
28681305
28682470
28683640
28682030
28692472
28690590
28680840
28686520
28686615
28686560
28692528
28684280
28681603
28680060
28692440
28681395
28686480
28681660
28682228
28680080
28680050
28680380
28681012
28685740
28693810
28693830
28693020
28686870
28690610
28680768
28681285
28680030
28680130
28691660
28680450
28684290
28682216
28692520
28692576
28692504
28681617
28681880
28696660
28686495
28680055
28680762
28691340
28686810
28680465
28684440
28681100
28680135
28686040
28686850
28686605
28683750
28680120
28683610
28691440
28686820
28692416
28692568
28681547
28686575
28691207
28692360
28686030
28680774
28680395
28681760
28691284
28681355
28681466
28692536
28681478
28690310
28680600
28680690
28687320
28692328
28691256
28687296
28681582
28692070
28687328
28681810
28691700
28692496
28690630
28680680
28682060
28681335
28681280
28691333
28686550
28693770
28691560
28690620
28692368
28690570
28681770
28692120
28692688
28691305
28692110
28692696
28682252
28682050
28681116
28681124
28684040
28686020
28686470
28681375
28687080
28686445
28692200
28681390
28681830
28687220
28687240
28687280
28690420
28683710
28686120
28680420
28691380
28692720
28680025
28686640
28693730
28680155
28680846
28686680
28686800
28687230
28687248
28681148
28687670
28690300
28682180
28682320
28682680
28683620
28691090
28691200
28691400
28692464
28684060
28684220
28685600
28686000
28690720
28686130
28691249
28692344
28681260
28681265
28681140
28682070
28682430
28681320
28680410
28690670
28692448
28687200
28681624
28680001
28680750
28699899
28693750
28692608
28680150
28681345
28686620
28686490
28686050
28681270
28691319
28692022
28687210
28687288
28690360
28680075
28687304
28684070
28684240
28681295
28691228
28684320
28687256
28690470
28682210
28683630
28682460
28684020
28687336
28683700
28690480
28690490
28690500
28691500
28681325
28691347
28684340
28691263
28691780
28680115
28682450
28684000
28680455
28692624
28686830
28683890
28686585
28682240
28683760
28690560
28683740
28690440
28692640
28681385
28692632
28681036
28681780
28680430
28687094
28680040
28692656
28685660
28692664
28684310
28681670
28681508
