28040685
28090530
28085735
28070050
28060532
28085375
28020849
28040200
28020870
28080450
28020205
28013560
28030095
28070220
28085772
28026130
28085520
28085610
28085620
28085630
28085640
28085650
28085530
28085540
28085550
28085560
28085570
28085580
28085590
28085600
28022140
28020197
28085501
28021730
28016203
28025853
28073559
28022560
28083150
28024729
28083200
28013472
28013473
28021397
28053650
28040010
28085050
28025600
28080500
28024510
28027143
28016210
28055050
28022690
28021396
28013015
28015556
28020130
28051320
28073740
28053640
28024600
28015020
28013630
28027620
28010810
28024707
28035280
28055090
28035093
28030100
28060140
28020440
28016811
28016812
28015621
28015622
28013601
28013602
28040445
28010500
28020881
28010116
28010117
28035581
28035582
28051286
28051287
28053586
28053587
28013075
28085360
28030185
28027150
28085130
28040385
28010283
28020865
28055070
28053115
28090410
28060120
28022020
28020884
28083160
28085784
28030020
28090010
28010380
28053250
28060365
28021386
28030115
28085750
28055110
28030175
28073676
28080235
28055120
28024110
28015670
28053140
28015280
28030090
28083730
28055210
28085140
28013130
28025570
28030085
28053000
28035125
28035185
28016410
28093100
28060310
28073220
28016330
28055180
28024090
28013440
28030070
28053130
28035030
28040185
28060320
28016455
28025770
28040000
28070326
28090017
28026093
28051340
28040118
28085582
28083030
28021560
28022223
28083465
28022820
28022660
28025630
28020050
28022210
28083015
28027035
28070785
28070030
28015490
28010030
28016470
28022743
28040130
28080214
28021283
28016100
28053220
28020887
28083310
28025190
28025650
28015554
28010300
28053646
28021490
28035130
28080720
28080460
28021060
28020732
28051050
28060160
28021200
28025357
28026420
28013080
28013090
28073050
28085781
28030273
28030335
28080400
28053644
28025851
28022085
28080515
28080525
28050003
28027050
28030345
28026060
28025240
28080490
28060203
28021050
28085315
28020301
28060840
28020247
28080080
28090660
28022260
28083320
28080190
28026501
28027157
28055080
28010120
28026800
28083620
28060208
28083610
28021115
28020305
28060020
28020190
28035140
28024101
28024102
28027321
28027322
28022070
28073460
28090250
28020126
28021467
28021373
28080255
28055270
28060270
28025170
28080610
28020750
28090515
28021281
28013470
28083140
28022160
28083110
28026280
28021309
28024500
28015220
28013065
28080230
28020165
28013510
28080165
28040280
28073730
28085395
28070526
28026112
28080480
28090420
28035630
28020834
28035225
28030530
28083495
28083045
28020230
28035000
28083080
28083622
28021320
28024720
28080195
28021055
28053200
28022322
28013037
28025852
28020575
28080660
28085660
28020250
28080050
28020854
28015325
28020025
28053010
28020340
28055030
28021101
28027255
28073170
28073235
28085120
28030107
28085210
28030040
28015150
28024130
28020831
28085769
28053480
28090400
28015210
28027160
28083190
28022360
28026120
28020857
28010090
28051255
28090540
28085740
28083770
28090040
28090050
28020670
28040210
28060533
28083327
28080212
28085376
28024419
28022350
28060450
28035272
28035273
28035274
28035275
28010110
28035119
28085628
28085629
28020350
28080410
28020856
28027460
28051060
28060216
28080390
28060210
28080267
28080547
28060223
28073165
28027120
28080570
28025110
28027817
28027818
28026591
28026592
28025811
28025812
28057290
28070021
28070022
28070530
28070531
28070516
28070517
28022240
28020864
28020366
28020080
28020861
28040590
28027190
28050014
28024040
28090140
28022790
28035290
28051276
28051277
28053511
28053512
28053510
28055223
28055224
28085245
28026070
28022225
28080176
28035063
28013110
28035340
28030215
28022310
28060380
28010040
28070540
28020875
28060630
28021395
28090240
28073155
28070660
28035003
28060600
28093000
28085380
28035045
28020267
28040220
28085105
28060534
28085377
28021370
28026510
28070515
28030285
28020827
28015300
28013305
28085390
28020850
28026220
28035135
28021455
28073070
28020843
28022100
28021374
28021020
28085700
28070011
28070010
28070599
28070598
28030050
28060750
28073705
28073475
28073476
28073706
28040093
28021420
28053020
28024111
28027170
28085627
28070650
28060505
28025490
28026495
28040325
28024010
28013461
28013462
28010801
28010802
28035044
28035042
28027030
28070410
28013094
28013095
28024492
28024491
28080376
28015440
28013043
28060001
28060002
28070271
28070272
28073507
28073506
28020273
28060100
28035590
28085110
28053626
28030276
28070778
28060730
28035155
28035165
28010020
28010241
28010242
28027181
28027182
28060215
28013023
28013045
28060660
28080424
28080425
28083510
28085710
28090115
28080387
28024727
28024167
28025486
28025487
28024168
28020800
28083650
28021140
28010243
28030275
28026150
28013044
28026450
28070550
28080240
28016130
28040405
28060110
28020859
28053210
28026140
28060430
28013340
28051005
28025150
28010390
28060500
28083664
28030269
28020690
28016190
28083165
28022838
28021550
28015530
28060300
28083162
28010483
28057273
28010480
28021387
28021090
28090220
28025553
28060290
28085350
28021600
28090030
28073720
28055065
28085165
28024706
28025120
28035047
28035620
28021390
28040085
28020885
28030268
28040105
28010370
28025560
28021394
28060070
28073470
28027280
28053610
28040710
28021286
28085370
28035023
28070000
28050270
28027315
28024728
28060590
28027260
28085490
28022850
28021307
28020430
28040122
28073710
28093500
28051271
28053226
28053227
28051272
28030460
28020225
28013270
28090475
28070777
28024060
28027183
28027060
28027465
28073251
28073252
28070577
28070576
28051240
28022570
28010490
28027095
28073553
28060225
28085060
28073150
28025551
28090550
28026580
28040230
28060537
28060205
28021398
28060130
28083767
28010440
28055400
28016030
28016050
28085150
28020874
28025386
28016200
28060370
28083600
28083035
28060340
28083621
28010280
28051030
28021650
28051120
28055075
28053135
28021720
28021710
28022750
28053120
28024440
28090430
28021391
28013620
28053622
28040455
28013570
28073040
28080020
28085250
28070040
28021570
28073580
28093130
28073700
28055055
28085510
28085167
28083142
28083331
28020848
28015500
28021210
28013083
28090150
28070595
28013085
28024140
28021393
28070345
28093070
28022275
28021670
28083640
28025440
28024430
28060255
28090560
28040240
28060538
28090658
28021110
28022720
28050450
28051280
28090100
28083210
28024715
28022190
28010410
28026840
28021278
28040150
28070246
28093035
28070245
28083420
28016230
28080585
28022270
28015410
28051230
28010310
28027149
28080385
28030125
28090290
28020076
28090690
28051205
28020685
28030590
28093041
28015540
28020836
28016205
28013200
28053040
28027291
28020700
28030580
28030245
28030365
28020206
28083470
28021410
28020840
28053050
28051070
28080575
28040350
28020880
28060420
28060030
28060105
28083410
28020867
28015160
28055240
28024450
28073410
28051305
28083220
28060080
28060740
28015510
28020825
28090570
28090740
28040250
28060545
28083325
28035205
28055260
28040630
28051220
28025550
28013140
28060360
28020056
28083130
28055280
28055130
28020260
28090230
28085623
28021385
28021284
28073090
28057283
28020385
28053070
28025183
28051195
28022337
28040650
28025520
28027313
28020085
28010166
28010167
28010162
28010161
28073570
28025856
28020847
28060810
28073565
28030355
28025538
28051215
28055040
28055200
28027350
28085260
28085621
28070640
28010230
28025370
28025380
28080265
28027500
28030225
28040083
28093010
28073420
28080810
28080000
28083430
28073190
28053600
28010430
28020195
28022340
28026240
28083335
28020335
28024420
28080355
28024460
28015270
28024716
28027314
28040175
28024470
28090580
28016070
28040260
28073678
28024417
28021375
28035020
28027145
28035120
28020315
28085290
28093030
28016420
28024416
28025855
28080286
28020680
28020310
28020290
28030315
28010470
28010541
28010542
28035642
28035641
28015140
28020829
28021247
28025165
28010400
28060377
28083055
28060785
28080035
28060550
28085230
28015025
28040495
28051150
28020400
28021400
28070216
28073225
28013310
28051000
28013266
28010460
28027231
28027232
28026602
28026601
28030271
28035025
28025537
28053025
28040100
28026160
28060800
28070350
28013260
28021382
28020330
28030266
28051080
28030295
28080625
28080700
28060547
28060552
28090590
28083830
28040270
28060553
28083328
28085255
28080170
28021308
28024418
28090270
28040145
28040120
28040070
28030440
28022760
28060180
28024731
28070590
28073060
28035600
28024700
28010350
28035085
28020846
28080156
28020490
28080305
28020805
28022330
28013210
28051180
28021240
28060050
28051235
28021340
28025854
28015200
28083435
28021350
28085775
28016800
28015253
28060355
28035013
28025510
28020710
28020275
28026040
28083340
28022080
28083371
28083372
28085007
28085006
28055320
28013120
28022030
28026815
28026520
28055100
28080550
28060790
28090600
28080100
28083780
28040310
28060554
28021371
28040020
28070420
28025857
28015380
28015130
28040365
28070625
28040030
28040040
28040073
28020235
28010010
28010025
28021306
28083460
28080635
28051025
28060393
28035005
28015055
28085330
28021377
28026180
28024151
28024152
28027092
28027091
28020858
28080205
28070496
28027455
28010571
28010572
28027141
28027142
28026149
28026148
28070497
28070636
28070430
28013170
28073100
28070085
28070086
28070596
28070597
28040060
28022345
28083485
28073490
28090610
28040320
28060557
28060515
28083462
28060535
28022800
28026560
28085690
28024703
28090440
28026790
28020095
28020257
28021230
28022390
28020873
28027130
28020115
28026375
28025830
28093120
28026230
28021378
28080440
28060330
28027070
28055020
28083060
28080095
28027325
28021280
28027316
28055540
28055420
28053230
28016060
28020822
28020306
28010050
28016120
28073110
28015472
28015471
28020255
28055520
28055170
28021285
28060571
28055150
28083475
28080784
28090120
28016840
28040395
28073180
28070726
28010330
28040290
28022087
28022343
28022280
28020410
28085180
28027310
28022780
28020160
28053180
28060710
28010250
28060670
28030075
28027305
28020240
28030120
28053160
28020220
28055000
28026210
28070305
28021615
28016140
28040635
28015420
28080430
28035010
28020265
28080540
28073030
28027390
28051400
28053400
28010060
28030375
28021475
28021070
28015390
28021100
28083880
28016300
28053085
28090020
28085763
28021384
28090450
28055440
28090520
28025610
28083445
28016350
28021302
28025496
28025497
28026621
28026622
28026620
28035612
28035611
28010021
28020300
28083480
28020320
28053035
28022700
28022220
28051315
28024120
28020285
28020296
28020720
28080791
28080792
28083102
28083101
28083463
28083426
28013390
28020180
28040190
28051330
28040295
28053060
28053642
28021260
28021303
28083120
28025621
28085040
28010385
28010520
28040425
28035231
28035232
28030002
28030001
28021520
28080145
28080169
28073101
28053095
28010290
28025620
28021276
28055530
28022083
28083050
28053150
28024732
28025345
28016110
28016040
28016280
28030235
28090640
28083440
28021565
28016315
28055250
28016220
28083630
28021740
28021460
28085320
28080217
28026193
28060696
28040160
28083164
28073200
28024705
28053645
28090180
28021010
28055190
28013480
28020046
28020304
28022230
28090016
28060280
28010450
28015370
28040415
28083170
28025858
28093040
28073680
28040075
28021369
28025305
28013073
28053652
28083360
28020140
28085008
28010180
28053080
28080470
28085766
28085280
28016260
28027311
28085200
28013030
28015155
28080745
28080168
28020010
28010130
28090490
28080750
28083800
28060558
28051210
28010076
28010077
28010072
28010071
28021367
28051325
28035211
28035212
28030012
28030011
28035200
28020878
28080015
28060690
28026735
28021305
28051290
28021235
28020868
28021530
28057330
28027300
28025580
28085725
28060581
28060040
28026090
28030385
28093060
28070330
28060375
28060641
28026611
28026612
28027432
28027431
28025445
28060206
28040640
28016080
28090260
28024415
28010210
28093080
28022680
28040300
28020303
28051020
28022670
28015830
28080065
28040610
28051075
28015170
28025640
28027323
28030165
28083400
28035115
28013698
28051160
28090500
28083810
28060559
28073020
28025140
28085631
28027040
28027085
28070593
28021310
28060373
28070066
28013100
28035080
28080545
28020871
28085170
28015400
28030055
28024123
28030405
28020839
28016270
28080320
28080800
28055501
28010420
28060170
28021160
28013650
28080365
28024020
28090730
28015555
28060250
28026820
28060260
28013220
28013580
28020832
28025295
28080171
28090110
28025530
28026095
28080685
28030490
28020824
28021250
28021255
28027205
28060525
28083455
28020837
28020838
28020882
28060353
28055300
28035015
28027400
28026855
28027800
28060207
28025193
28022380
28040600
28070710
28013063
28085778
28080375
28083166
28022250
28020308
28025160
28090280
28080551
28080785
28080199
28025540
28090190
28026115
28070020
28022227
28080185
28035095
28060391
28013115
28021170
28035070
28027155
28035055
28026320
28073010
28085090
28025552
28083350
28030270
28021376
28021282
28020505
28026110
28040720
28073450
28024718
28051310
28053638
28030205
28030080
28060201
28093090
28025355
28080213
28073430
28025820
28025359
28025205
28051175
28070250
28021290
28021300
28080075
28051190
28026050
28021080
28080686
28025285
28060510
28027340
28027535
28021430
28025180
28085625
28040335
28053090
28080225
28013025
28090511
28053614
28080210
28015480
28020186
28060470
28035301
28035302
28030362
28030361
28070790
28030265
28051245
28021289
28013590
28021301
28021270
28020737
28085010
28026300
28060780
28070390
28053630
28013230
28057345
28070237
28070238
28060412
28060411
28070235
28013033
28024000
28070525
28090200
28090510
28070475
28070385
28070387
28090620
28083820
28030030
28030155
28060190
28093110
28025335
28060347
28020841
28020100
28060390
28060202
28060204
28070205
28040345
28070770
28015351
28015352
28013692
28013691
28020877
28080530
28026290
28020828
28060385
28073501
28020395
28021245
28022180
28021473
28010045
28030035
28013003
28013053
28021120
28090670
28015550
28090480
28022290
28027093
28026460
28030195
28090130
28026810
28073400
28020853
28057360
28020844
28090000
28070025
28090710
28021640
28051110
28073563
28070335
28085000
28020852
28080270
28030105
28083825
28090630
28027010
28021630
28073560
28051100
28057315
28020276
28021366
28020375
28020245
28025532
28027153
28015165
28083020
28022740
28021130
28016310
28015075
28080125
28035240
28035105
28010320
28016290
28016380
28073210
28013670
28021660
28051130
28020302
28030255
28090210
28035083
28030274
28022370
28013700
28021380
28026080
28015558
28060350
28026760
28060616
28020465
28026270
28030111
28030112
28035627
28035626
28051015
28020060
28030267
28016444
28020466
28055310
28083040
28090460
28016090
28021275
28015190
28020456
28020295
28021440
28013680
28010140
28051225
28021040
28013290
28020879
28021450
28085776
28055230
28070287
28070585
28060115
28085009
28060480
28070565
28070466
28060460
28085615
28013370
28015450
28085070
28060580
28020886
28060490
28015305
28040683
28021304
28060650
28021760
28013520
28083300
28080600
28080850
28085100
28070077
28090770
28021368
28020823
28085440
28022335
28015180
28040435
28022050
28083010
28053460
28027075
28027250
28040245
28010403
28035175
28035053
28027410
28021220
28021470
28080783
28030430
28060235
28083473
28060440
28035040
28083330
28070505
28013250
28024730
28030135
28030305
28026200
28073130
28060700
28024722
28083726
28020510
28030045
28053618
28010530
28035145
28070060
28020866
28083145
28026550
28051065
28085655
28080760
28085270
28060395
28090015
28020835
28085665
28085635
28083670
28080782
28026605
28085645
28026725
28020735
28020833
28021277
28083065
28020733
28080377
28020734
28020736
28020855
28085020
28026100
28013430
28010510
28021690
28083890
28024726
28021590
28083710
28085178
28073735
28083168
28020863
28013240
28021700
28083720
28010550
28035100
28051550
28073160
28020842
28080665
28013035
28040375
28030350
28021383
28051265
28093020
28060060
28060230
28013314
28013315
28015311
28015312
28021381
28027290
28060220
28025850
28055330
28013320
28024725
28080730
28022810
28010080
28070780
28083450
28013450
28020876
28060620
28051335
28051165
28020155
28021379
28070645
28035220
28070160
28060345
28021030
28015430
28055470
28083390
28051170
28051040
28015175
28035060
28035190
28022730
28030140
28085220
28055290
28083070
28035035
28085030
28085670
28085500
28020889
28020830
28022110
28016440
28021005
28021001
28021002
28022321
28022323
28030570
28085240
28080215
28040505
28080106
28010005
28013000
28093050
28015230
28099899
28090160
28080670
28080590
28035090
28055490
28051035
28013021
28013022
28010272
28010271
28053030
28021480
28055220
28035310
28026530
28025195
28085340
28051045
28060335
28053634
28027097
28026170
28035160
28010000
28085777
28010220
28070310
28090525
28090012
28085505
28085125
28080645
28015590
28021150
28027530
28027015
28060150
28020263
28015360
28024045
28060240
28022170
28024030
28021610
28083765
28073550
28024710
28025625
28013180
28020860
28085160
28020826
28020851
28073555
28070406
28083175
28073679
28090243
28025470
28021620
28053176
28073540
28090235
28021128
28030470
28013331
28013332
28010562
28010561
28024080
28080135
28024070
28020883
28035050
28020862
28030060
28027270
28027080
28027320
28090266
28016730
28030415
28051250
28060090
28060195
28040095
28055140
28027370
28083195
28016480
28055265
28026190
28030131
28030130
28010015
28013013
28013540
28060570
28027312
28060010
28080680
28053648
28035065
28080420
28020298
28085680
28016490
28030272
28022041
28022042
28020801
28020802
28020715
28083090
28085080
28025595
28030395
28051185
28080310
28026540
28022545
28015166
28024050
28013055
28010190
28070520
28051055
28035150
28020015
28020869
28020210
28035216
28035217
28051202
28051201
28010485
28070455
28020297
28025535
28070365
28021580
28083775
28073530
28085175
28083333
28021680
28022830
28083155
28010260
28025675
28080690
28020845
28027005
28070700
28055045
28090680
28093530
28085176
28083143
28073557
28055095
28085786
28080667
28040050
28025215
28022150
28040110
28083490
28060610
28040475
28073120
28073185
28040125
28055293
28053100
28083474
28040065
28051155
28083180
28051010
28085760
28040115
28020175
28022710
28090470
28021180
28057285
28030083
28080296
28083147
28025840
28083148
28080197
28070267
28024414
28020309
28053185
28060520
28025685
28025780
28085480
28085425
28060540
28053155
28085430
28085420
28020740
28085410
28053165
28060530
28027510
28085450
28035166
28085310
28085300
28085460
28085400
28053195
28053145
28010170
28083740
28022090
28020286
28020307
28085470
28080046
28070016
28020299
28027110
28035260
28030260
28020216
28030145
28073140
28055160
28021372
28085495
28060720
28085115
28080336
28030065
28026825
28026570
28080565
28030585
28055500
28035033
28015630
28016453
28024480
28060560
28060555
28021510
28080110
28020176
28080735
28093025
28080615
28026260
28025665
28013038
28020480
28055060
28030325
28083000
28083735
28083461
28020888
