25940235
25949340
25949265
25948820
25949100
25942215
25949135
25948200
25942756
25946076
25943730
25943850
25943268
25946488
25949180
25948145
25948185
25946604
25949210
25940315
25942365
25943232
25941165
25946626
25942652
25943539
25941480
25949230
25949305
25949075
25946124
25946223
25943569
25940146
25943629
25946446
25946538
25948524
25940730
25943632
25940140
25946286
25946289
25946610
25940795
25940695
25943389
25943638
25942205
25949020
25943350
25943485
25940755
25945424
25946157
25943383
25949550
25948100
25942636
25940740
25946616
25940104
25940050
25946580
25947045
25942390
25946544
25943518
25940630
25940720
25942708
25945877
25946607
25946331
25940645
25943284
25946205
25946506
25945594
25946265
25942895
25943392
25943590
25946455
25946535
25946509
25946349
25946500
25946298
25947042
25940470
25943762
25949165
25942460
25945562
25949535
25949405
25948150
25942716
25942720
25940232
25949270
25948825
25949105
25942210
25949140
25948170
25948210
25942760
25946073
25946085
25943524
25943617
25945340
25945356
25946440
25946631
25946151
25948420
25946070
25944012
25940440
25940128
25949205
25946175
25949565
25943662
25943515
25948516
25948405
25940615
25947039
25947066
25947065
25943419
25949185
25949345
25949410
25945432
25942712
25940226
25949275
25948830
25942235
25949120
25949145
25948175
25948205
25948236
25942772
25946082
25943738
25943858
25944110
25942305
25949245
25945428
25948260
25949415
25949170
25947064
25942632
25940270
25946091
25949390
25949130
25949460
25945396
25942875
25946184
25942350
25942728
25942510
25946178
25946166
25949435
25945300
25943234
25947047
25943233
25948650
25945534
25949510
25940515
25944070
25942736
25940380
25940365
25940320
25940350
25940345
25940310
25940330
25940305
25940325
25940370
25940425
25940355
25940405
25940460
25940430
25940395
25940360
25946295
25949425
25940211
25946622
25943810
25942310
25949865
25941510
25942265
25942430
25942490
25942688
25943491
25945546
25941400
25940670
25940770
25941410
25942200
25944140
25945360
25940335
25943578
25940575
25946334
25946565
25946494
25940131
25949555
25948280
25948284
25948125
25946100
25948730
25946473
25947057
25940155
25940585
25940160
25940187
25945420
25947059
25949530
25949200
25944011
25948885
25943608
25949570
25948115
25943654
25940220
25949355
25949250
25948835
25949115
25949150
25948244
25942776
25943620
25943862
25945372
25946160
25946271
25946491
25948640
25940086
25940208
25946325
25943244
25945412
25946280
25946244
25945856
25940134
25940098
25945570
25941640
25942275
25941540
25941450
25941470
25941460
25949880
25949315
25942260
25942445
25942465
25942664
25947774
25940113
25940435
25949290
25941650
25942295
25940229
25949260
25948815
25949110
25946526
25946553
25948240
25942768
25943362
25943746
25943866
25945368
25946274
25945586
25940122
25943626
25943527
25943395
25940125
25943658
25946220
25940660
25943512
25940790
25947048
25940800
25940062
25948890
25946247
25946169
25949520
25945413
25949005
25943674
25943224
25943228
25943854
25945889
25945620
25944020
25946485
25945862
25946340
25940650
25945384
25945331
25945578
25943236
25943593
25949000
25940223
25949085
25946556
25948180
25942764
25943611
25943750
25943870
25940137
25943230
25943413
25940300
25940560
25946217
25940610
25945344
25949360
25949235
25949350
25943276
25946476
25946253
25942724
25943377
25946479
25940655
25941140
25940705
25945328
25949440
25946193
25940217
25949365
25949090
25946559
25948256
25942752
25943754
25945404
25940700
25940205
25946523
25949445
25949220
25948508
25942240
25942885
25943575
25946301
25943296
25942370
25946541
25943758
25942405
25945320
25945380
25948110
25943682
25940238
25949370
25949080
25948220
25943690
25945859
25943623
25949155
25946562
25948130
25946154
25945364
25946127
25942495
25946142
25948155
25949380
25948700
25948775
25949095
25947110
25948248
25946181
25940053
25942744
25949050
25948725
25948735
25947070
25948690
25948780
25947080
25946080
25945590
25945440
25945436
25948272
25945610
25948385
25943404
25940107
25949040
25949420
25947020
25942672
25942325
25946292
25946680
25943584
25946133
25943264
25945416
25946187
25946232
25946256
25948264
25946262
25946231
25946199
25948720
25948750
25947090
25946482
25940119
25948665
25948800
25941150
25946601
25940620
25949055
25949375
25942748
25949475
25943678
25945865
25946595
25940143
25942620
25942400
25949225
25947069
25949470
25949465
25943599
25942320
25945304
25945392
25944016
25945883
25944080
25940805
25942220
25944010
25940685
25945348
25945874
25946214
25943572
25946532
25943292
25943554
25943587
25943686
25943566
25940760
25946313
25943596
25946700
25940680
25946235
25945892
25943304
25946705
25946268
25946277
25942732
25948860
25946088
25947062
25940570
25943666
25943401
25942644
25943308
25943560
25940565
25942696
25940710
25946695
25940275
25940375
25949125
25943386
25946343
25940580
25942624
25946464
25946145
25940690
25940765
25946229
25940280
25943300
25945871
25943288
25947000
25946685
25940095
25942380
25943316
25949400
25945550
25940178
25940110
25949560
25948120
25943416
25940199
25948228
25948510
25943650
25943397
25943521
25946449
25943272
25949325
25943551
25948224
25946529
25940665
25942375
25948514
25946304
25941080
25940725
25940290
25942648
25949045
25943602
25946458
25948532
25949025
25948630
25948410
25949545
25940089
25943479
25949070
25942385
25949455
25943536
25942340
25944017
25940071
25942355
25940737
25943470
25946461
25948845
25946550
25947063
25946613
25942700
25948140
25947067
25949160
25945598
25943734
25943410
25940775
25942680
25946547
25946346
25945880
25940715
25943557
25942230
25944018
25942335
25940605
25949430
25942360
25945336
25947061
25940635
25947055
25943670
25940340
25940080
25943356
25940077
25949065
25946130
25944060
25940640
25940175
25947040
25946103
25944001
25944019
25946619
25940101
25946470
25940116
25946190
25940625
25946112
25940166
25942395
25940595
25943614
25943503
25949320
25944130
25946310
25946202
25949500
25942628
25946211
25940675
25941185
25943353
25946259
25949255
25940065
25948840
25943260
25947068
25946208
25943482
25946307
25947010
25946148
25949335
25940480
25940190
25945850
25940202
25946238
25946097
25943533
25946109
25947053
25946172
25949850
25941620
25942280
25942415
25942676
25940525
25940390
25940535
25940420
25940415
25940400
25940385
25940410
25940445
25940530
25948252
25943359
25943635
25941110
25940475
25940455
25941105
25940520
25941085
25940505
25940465
25941090
25940450
25949845
25949280
25941610
25942285
25942410
25945538
25943563
25943280
25949330
25949300
25941630
25942505
25942668
25946690
25942515
25943252
25941170
25948655
25949540
25948195
25943407
25946118
25940068
25946497
25947052
25942500
25940056
25946503
25946094
25943422
25940196
25949215
25946163
25949840
25947790
25948395
25948400
25945554
25947060
25942330
25946592
25944015
25945332
25946139
25941155
25948232
25941175
25946136
25945530
25948850
25943874
25944150
25948165
25944120
25942315
25944021
25945853
25941145
25942640
25941180
25945868
25942880
25946337
25949485
25949195
25946568
25942740
25946328
25949450
25949505
25942225
25943500
25944100
25940193
25946443
25943256
25947043
25943374
25947044
25943240
25943248
25943488
25946597
25943473
25943235
25942455
25943497
25946599
25948855
25943545
25946596
25946241
25943380
25941065
25941420
25941070
25941440
25941430
25941060
25949240
25941660
25946583
25949885
25941120
25948880
25941490
25942250
25942435
25942475
25947782
25945542
25948645
25940590
25941550
25949285
25941160
25940540
25943506
25940083
25942245
25947058
25946322
25946319
25946586
25944000
25943548
25945388
25941075
25946226
25943200
25946079
25945886
25947049
25942704
25940785
25945558
25948190
25948865
25949899
25949515
25948105
25942890
25943476
25946628
25949495
25940092
25948276
25946452
25942870
25943320
25943398
25943530
25948500
25945566
25948160
25948268
25948380
25945324
25943509
25940181
25949190
25943581
25940600
25946250
25943542
25949015
25946520
25946283
25949860
25949310
25948875
25941590
25942270
25942425
25942485
25942660
25943494
25945582
25946598
25940510
25941135
25949855
25941600
25942290
25942420
25942480
25940545
25941125
25940485
25941115
25940490
25941130
25940550
25940500
25941100
25940495
25941095
25940555
25940285
25942656
25948513
25947786
25940149
25947046
25948415
25948870
25940163
25949060
25949395
25949490
25943605
25949385
25944050
25945376
25945312
25945400
25947056
25940172
25944014
25942345
25944013
25948511
25949870
25949295
25942255
25942440
25942470
25947778
25942692
25942300
25942520
25946589
25948895
25940750
25940745
25940735
25941500
25949175
25949875
25942450
25947770
25948135
25943312
25940184
25948695
25948740
25947100
25947050
25946196
25940295
25943371
25940152
25947041
25948390
25940169
25940074
25942684
25940059
25940780
25940214
25948715
25948745
25945316
25948710
25948770
25948705
25948785
25949480
25941560
25941570
25941530
25941580
25941520
25949525
25949010
25946467
25943368
25949035
25947051
25949030
25945574
25945408
25946106
25948635
25948675
25948805
25943365
25948660
25948810
25948670
25948790
25948680
25948795
25948685
25948765
25948755
25948760
25948512
25945308
25943742
25946316
