28963085
28968130
28965375
28963155
28968694
28968800
28966482
28963288
28968662
28967043
28967019
28961595
28962244
28967436
28961002
28968075
28962308
28965692
28968240
28968250
28968658
28968020
28967422
28966092
28960017
28967079
28965140
28969225
28963834
28960870
28962188
28964010
28960670
28961302
28966000
28965668
28963092
28968140
28963078
28968010
28969155
28961508
28962080
28960474
28968160
28960790
28966152
28962010
28965200
28960009
28961098
28960530
28960838
28964042
28966056
28968390
28966040
28963260
28968500
28966468
28968400
28963407
28966036
28969290
28960554
28964074
28965225
28966531
28968686
28961819
28965190
28960490
28969245
28960434
28969125
28960402
28960886
28967004
28961882
28963211
28960177
28961130
28961140
28960161
28961158
28965320
28965584
28963754
28967058
28960305
28969285
28967345
28965480
28963344
28960185
28960878
28960113
28961200
28968365
28966384
28968666
28960686
28966898
28962252
28965370
28960710
28967464
28961679
28963642
28965724
28966244
28967007
28967387
28968295
28960313
28965110
28968110
28965275
28967275
28968360
28960033
28968485
28968585
28968640
28966447
28966871
28967408
28968430
28967100
28969090
28965812
28967070
28966084
28967010
28967106
28961515
28969080
28960726
28968070
28964376
28967471
28968790
28963894
28963148
28962324
28960321
28960330
28963414
28963490
28965495
28968035
28968260
28967097
28966874
28964296
28961854
28961424
28961574
28968095
28960386
28960418
28966265
28963316
28967037
28960057
28968235
28963762
28960273
28965115
28966440
28966258
28965385
28965684
28968190
28968420
28966272
28965160
28965310
28960129
28961188
28961466
28961833
28964272
28965788
28969180
28966685
28966370
28966580
28965680
28968185
28961602
28966868
28964082
28966148
28966712
28969175
28966096
28966524
28967317
28961487
28966363
28965025
28961224
28963218
28965215
28965568
28961106
28963204
28968646
28962260
28966156
28966160
28969095
28968870
28968654
28965616
28965744
28968718
28963253
28968795
28968530
28962059
28960498
28963570
28968415
28963578
28966405
28963674
28960610
28966377
28965055
28968265
28960450
28963506
28963225
28961637
28968135
28965250
28965170
28965220
28968825
28963770
28963176
28965175
28968708
28963602
28968664
28968670
28966124
28962292
28966136
28965350
28965340
28961473
28961543
28961560
28968270
28961784
28967049
28961693
28966044
28961242
28960193
28961122
28966356
28962284
28966601
28965876
28961431
28961672
28964368
28967492
28968510
28963197
28966538
28968684
28968215
28963309
28967082
28965872
28965808
28961308
28968850
28963786
28966132
28966072
28960862
28962340
28963554
28960506
28966251
28966012
28963730
28967091
28969375
28965070
28966510
28965505
28969210
28967094
28965764
28966028
28965085
28966892
28969200
28965235
28965896
28968145
28965884
28968682
28969135
28961770
28965050
28961742
28969235
28963706
28965080
28965716
28966426
28960354
28962300
28961644
28965045
28966068
28960774
28960153
28968370
28968550
28968642
28960338
28966216
28966307
28966862
28966328
28967073
28966709
28960750
28961248
28969140
28961375
28961791
28961686
28965736
28968875
28969240
28961875
28961494
28962045
28960538
28965195
28965165
28968688
28963050
28968674
28966865
28965075
28969195
28961403
28963071
28960734
28965848
28960169
28961152
28960089
28964320
28968672
28969145
28966587
28968445
28965205
28968712
28963634
28965150
28961658
28964304
28964328
28965820
28965300
28965816
28961480
28966004
28969250
28963365
28966676
28965696
28960458
28967001
28967485
28960137
28961146
28968345
28965240
28961082
28967040
28968395
28965500
28961749
28965065
28968230
28968120
28966144
28960854
28968885
28962316
28960105
28960578
28960806
28964018
28967303
28963722
28960394
28965440
28966673
28968565
28961050
28963698
28967064
28963514
28960410
28965772
28963190
28968085
28968350
28965892
28961707
28968040
28962268
28961368
28966419
28967022
28967088
28962276
28960073
28965010
28968380
28968555
28963113
28967085
28966877
28968676
28966314
28961260
28963530
28965800
28965290
28960217
28960638
28962087
28961665
28966391
28969190
28964256
28965000
28960209
28960654
28963337
28965636
28963183
28966608
28965420
28968435
28965260
28965355
28961459
28963162
28965708
28966174
28968706
28963281
28967013
28960233
28960570
28968580
28969260
28965490
28965325
28961452
28965608
28962108
28960846
28967055
28965580
28967061
28963714
28965430
28968325
28966615
28960798
28963169
28965720
28968710
28961066
28965105
28968465
28963666
28966116
28962031
28961529
28966412
28964026
28968855
28965100
28963141
28965700
28963134
28969215
28969270
28962101
28963546
28961868
28963738
28960482
28968410
28965660
28960241
28960546
28968375
28963400
28966545
28966895
28965768
28965688
28968220
28960602
28960742
28961438
28960426
28961588
28963826
28968115
28966100
28962017
28961018
28965672
28968180
28960514
28963858
28963870
28968470
28968765
28968290
28965465
28961026
28961278
28968225
28966461
28965095
28965435
28968495
28968025
28960586
28961236
28961266
28965405
28968090
28966886
28966088
28964058
28965596
28960694
28968335
28968540
28968475
28968200
28965365
28960049
28963658
28968560
28961847
28965460
28967034
28963064
28968005
28968716
28961623
28965712
28963650
28969160
28961194
28968775
28960822
28964264
28965265
28965455
28964344
28966181
28966706
28967296
28968696
28965130
28965728
28965270
28967268
28968150
28968678
28961763
28969085
28968525
28961805
28961417
28962066
28966559
28963379
28961114
28961756
28966715
28969105
28960646
28966112
28966279
28968704
28961272
28961361
28963246
28965090
28961326
28961340
28962180
28969275
28969185
28963302
28964050
28966120
28960378
28961389
28969280
28965784
28965656
28961074
28966060
28961581
28965844
28968060
28966104
28960265
28960346
28963372
28966454
28968050
28966517
28961700
28963586
28967067
28969255
28967109
28967240
28965796
28965804
28968405
28965588
28967289
28968805
28968692
28965360
28960281
28960442
28965475
28966052
28964384
28961410
28960145
28961176
28965345
28966342
28961777
28962073
28963810
28967352
28966300
28966433
28968080
28965315
28963106
28965640
28962003
28960662
28968030
28964034
28964002
28968195
28963562
28963878
28967046
28961861
28968702
28968845
28961034
28963594
28963330
28960097
28966321
28965888
28965620
28965285
28963690
28964066
28967324
28968520
28966883
28967366
28968210
28960718
28967282
28963850
28966566
28968680
28960782
28968355
28965676
28968175
28961798
28968385
28968055
28965425
28961840
28960025
28968205
28961230
28965380
28965415
28968700
28968440
28968545
28960257
28960370
28964352
28967401
28966682
28965600
28966679
28961445
28965776
28961058
28967310
28968810
28965624
28965450
28963120
28966024
28968644
28960594
28963778
28965280
28965652
28961170
28965485
28964280
28960466
28963498
28965824
28963626
28963818
28968310
28968714
28968760
28969120
28966048
28968490
28965400
28965410
28968065
28968255
28965330
28968570
28960678
28968460
28960081
28961182
28961735
28967394
28965155
28968575
28965445
28966293
28965255
28963267
28968505
28968015
28968515
28966703
28961212
28968320
28965335
28966195
28963794
28965035
28965040
28960249
28960562
28960766
28968275
28968815
28964248
28968165
28961254
28965005
28966064
28965245
28963127
28966167
28968690
28963358
28961728
28968820
28965632
28961501
28965576
28964312
28967052
28961721
28965704
28960121
28963057
28968000
28960065
28961010
28960001
28961206
28961396
28961609
28968300
28968770
28965832
28968860
28969070
28966880
28966140
28965752
28962038
28961382
28969165
28962024
28962236
28965395
28966398
28961090
28963099
28965648
28968045
28966080
28969110
28968330
28963386
28967331
28961320
28961347
28962196
28965060
28968652
28963295
28965592
28968698
28961896
28965572
28965792
28961550
28961567
28967103
28965020
28965860
28965185
28965030
28965664
28966020
28965864
28966209
28963351
28965756
28967429
28963274
28967016
28966286
28969205
28965305
28966108
28968105
28966489
28967025
28966335
28965628
28966188
28967415
28965604
28963232
28965564
28969370
28965836
28965515
28967076
28967261
28968425
28967457
28963682
28961218
28968155
28961714
28961042
28963618
28968480
28966223
28969265
28965210
28968840
28967338
28961812
28965740
28963842
28965125
28961630
28966688
28966076
28965145
28969230
28969100
28961164
28969115
28966349
28965390
28968835
28966237
28960362
28963323
28962052
28968785
28966814
28965612
28966724
28965760
28966573
28966670
28968660
28967443
28966128
28965470
28960758
28965852
28961314
28961354
28962332
28968668
28966721
28964336
28965732
28960225
28960618
28960630
28960297
28966496
28968648
28965180
28969130
28968100
28960201
28960894
28969170
28968650
28961536
28961296
28966700
28968305
28961651
28966503
28966230
28968656
28968285
28965828
28960041
28963522
28967373
28968450
28965748
28966475
28962094
28966016
28966032
28965120
28968890
28969075
28969150
28966594
28965868
28967028
28966718
28965015
28965135
28968315
28967450
28967380
28961522
28961284
28966552
28967031
28963538
28963610
28964288
28967478
28963239
28963802
28964106
28964240
28965510
28965560
28966727
28966202
28969220
28964360
28966008
28968125
28960289
28961290
28968830
28968880
28968280
28965780
28968340
28967359
28966889
28963746
28965840
28960814
28968535
28963886
28960522
28961616
28960830
28968170
28960702
28965644
28966697
28965230
28961826
28965880
28965295
28968780
28961889
28963393
28968455
28965856
