27959860
27931886
27971671
27945250
27933440
27932351
27915250
27965170
27964130
27972833
27925210
27966762
27916020
27946070
27920150
27966777
27966050
27930400
27971226
27940490
27965041
27971731
27960139
27946131
27931087
27940590
27971211
27925384
27949100
27945201
27943485
27925410
27963748
27933382
27931199
27964110
27960091
27971336
27915210
27946271
27972103
27972043
27971319
27964001
27977011
27913300
27945415
27933196
27949485
27937540
27913370
27966584
27940480
27966671
27966638
27972206
27966503
27937250
27966542
27920430
27977060
27960328
27971258
27961200
27963776
27961804
27915080
27977328
27933445
27979062
27972236
27960316
27943290
27936611
27972145
27913050
27946080
27961276
27946186
27945650
27933378
27945401
27945402
27946381
27946382
27963550
27940610
27945410
27961084
27910130
27913250
27960043
27971797
27971311
27933255
27960022
27966783
27946125
27965052
27945180
27946132
27933340
27971266
27949396
27963830
27923060
27910190
27963592
27936520
27963784
27960162
27971316
27949364
27940580
27971227
27915340
27977341
27930763
27960337
27923510
27960343
27931057
27963008
27977322
27963012
27946110
27945720
27945225
27966560
27930801
27931205
27930840
27937110
27930560
27916050
27971699
27960158
27916180
27961066
27963708
27943500
27973541
27963752
27971253
27945200
27925515
27960035
27933190
27946120
27971635
27910070
27910590
27910600
27946187
27948100
27972821
27943400
27923420
27920025
27961214
27965250
27966150
27925290
27932050
27963150
27970020
27964056
27948075
27931172
27963571
27963820
27965045
27966058
27966630
27960151
27966518
27946113
27966778
27963668
27913310
27948341
27940090
27945425
27977104
27966549
27920480
27949312
27944751
27971795
27965046
27971186
27963742
27960152
27937570
27963780
27948076
27915260
27946297
27977625
27977555
27937280
27979072
27971293
27937008
27933195
27971262
27932105
27943623
27963574
27966868
27945170
27966550
27923090
27966522
27971764
27963076
27930803
27936115
27945570
27963110
27960110
27949402
27931103
27933060
27963652
27940530
27945420
27915270
27937410
27910170
27925527
27971725
27920440
27960134
27947570
27948890
27963582
27963502
27963576
27963578
27963770
27963772
27961296
27915020
27948374
27945520
27971230
27971655
27946130
27937465
27963842
27971326
27965040
27960068
27915120
27940390
27964036
27960062
27966811
27972025
27971214
27971613
27963816
27961042
27965155
27971695
27946390
27946770
27946780
27945230
27963624
27920560
27971274
27963612
27946220
27923160
27971713
27925030
27949189
27966035
27961830
27966880
27960358
27961000
27977354
27935150
27963044
27973016
27935560
27960077
27960403
27935230
27910640
27966544
27966530
27932110
27948102
27966546
27961210
27936010
27971754
27910240
27931136
27960304
27971667
27947210
27930070
27963520
27960146
27965075
27940570
27931072
27977344
27933670
27946100
27946090
27964105
27937580
27925070
27971653
27979074
27971156
27963696
27961036
27963806
27965042
27945500
27930145
27933010
27966502
27966509
27925373
27920093
27960301
27937210
27960009
27910010
27943370
27916130
27963552
27930804
27971623
27972124
27937320
27959865
27972818
27931220
27949380
27944703
27944747
27920325
27920390
27961081
27913390
27946309
27971760
27961034
27925389
27971651
27913330
27913020
27960289
27946280
27972121
27946680
27961076
27960031
27971209
27947568
27949474
27979070
27965047
27946289
27966510
27943540
27960106
27961834
27960138
27940170
27972215
27940690
27930685
27935050
27936150
27971305
27960041
27966512
27960130
27966798
27961208
27972148
27945030
27971278
27946299
27979140
27966540
27949378
27964135
27948317
27966580
27944711
27947010
27949322
27920160
27944769
27977585
27966621
27966513
27966562
27966627
27913230
27966604
27948316
27944729
27972040
27946249
27949167
27944755
27937240
27910100
27946136
27933030
27972827
27935310
27972010
27966644
27936445
27971750
27935250
27977640
27935530
27963756
27940285
27925310
27961224
27971641
27963518
27963580
27963710
27916070
27961212
27932115
27961302
27960355
27913000
27925523
27920525
27916040
27961250
27947205
27977595
27971733
27925520
27944783
27925170
27961235
27964011
27972151
27915040
27916170
27937004
27966686
27949444
27949400
27946244
27925375
27946316
27944705
27963560
27933350
27966846
27960034
27963006
27960346
27935290
27935572
27960052
27960010
27964051
27960104
27949372
27936100
27949432
27935610
27966645
27966646
27966760
27932302
27949344
27963519
27960144
27915051
27964066
27972037
27946248
27946361
27930030
27949388
27964115
27960286
27949352
27931133
27966779
27966758
27949300
27960295
27966052
27963642
27963644
27963664
27963666
27947750
27946225
27960176
27972013
27920300
27925535
27966714
27966735
27961812
27966632
27966029
27972033
27935365
27971282
27963074
27959870
27966005
27966011
27960364
27913190
27949374
27961818
27979088
27920070
27948070
27946040
27966650
27960298
27966651
27963538
27960274
27966652
27931170
27971783
27966825
27930765
27960094
27961048
27972106
27936185
27949382
27967055
27949394
27948313
27960292
27961068
27960409
27966576
27920110
27966623
27920320
27947280
27971315
27967074
27935578
27966575
27935430
27910210
27959875
27966624
27966625
27972085
27966551
27960032
27936265
27949476
27935220
27935041
27937050
27935075
27944704
27966007
27935340
27971691
27945730
27971711
27910380
27959880
27966802
27949446
27966633
27960210
27966634
27935570
27913240
27963048
27967057
27966635
27966565
27966862
27930650
27966740
27915190
27943450
27943620
27940710
27925533
27971292
27948072
27961320
27971272
27940290
27937590
27947000
27940640
27963628
27971637
27947554
27943210
27972067
27963630
27966756
27971208
27931229
27966636
27960018
27960011
27947594
27947588
27966603
27971302
27967061
27949350
27960122
27916010
27966637
27949201
27931196
27977605
27966852
27945790
27946251
27933180
27946020
27966062
27916080
27964140
27966639
27967076
27936510
27935030
27960277
27943031
27943032
27940353
27940352
27966572
27960136
27963456
27966056
27948079
27940560
27945070
27946230
27963014
27930460
27946000
27971263
27946250
27960143
27973034
27960391
27930520
27930120
27930043
27930545
27925395
27925010
27960394
27961052
27946710
27943300
27945010
27947614
27948007
27972154
27915000
27933675
27966687
27963000
27977575
27949314
27977510
27930775
27979006
27930540
27948322
27936490
27966538
27979086
27948010
27947650
27946155
27949000
27920540
27966527
27971194
27940600
27923380
27949386
27949354
27944731
27930055
27925405
27930750
27972203
27966792
27960367
27931190
27965120
27949181
27977334
27930660
27949171
27935435
27937221
27937222
27935422
27935421
27977324
27933680
27948373
27945690
27977009
27971390
27946790
27960379
27966709
27966640
27948379
27949420
27972233
27960271
27923520
27946242
27947590
27966642
27966643
27933410
27930270
27966845
27960046
27960280
27960008
27966647
27966532
27977346
27930771
27966649
27966605
27945780
27966001
27945140
27964155
27960020
27971705
27977335
27966567
27966706
27966568
27966741
27966874
27977315
27966799
27966759
27972079
27966589
27960212
27945430
27961808
27971270
27961038
27961800
27945680
27940210
27971267
27971298
27947622
27944733
27948309
27979084
27966796
27949185
27966574
27935090
27960406
27971158
27966495
27913210
27937260
27935320
27963676
27960265
27913360
27940100
27936505
27963117
27931885
27971701
27949466
27949151
27930809
27931232
27963714
27965150
27966027
27963809
27943110
27946298
27930811
27944771
27930757
27946283
27966721
27972112
27963524
27961002
27961314
27930420
27931039
27963670
27948077
27913280
27910180
27915530
27971729
27966730
27961340
27910310
27931106
27966755
27949472
27966588
27945670
27949175
27940220
27935580
27930040
27971752
27933430
27963779
27931130
27947552
27971277
27949203
27936455
27960259
27946362
27936440
27930032
27971811
27930620
27971715
27948000
27936610
27960262
27960090
27915030
27963746
27947670
27935620
27946750
27966102
27948385
27972045
27937715
27937600
27931223
27947700
27960112
27948096
27948080
27972014
27973543
27972004
27963638
27930806
27966569
27944715
27966587
27971285
27930561
27961004
27923550
27948358
27966571
27949197
27931179
27949448
27946281
27977023
27963698
27937070
27965058
27949199
27930550
27945220
27945745
27925440
27971649
27963018
27937015
27977005
27925378
27971222
27945510
27963586
27971310
27960150
27965105
27971265
27930046
27923280
27966848
27966021
27947580
27973420
27943670
27944777
27948003
27915170
27960015
27937390
27963530
27960253
27940050
27960155
27925360
27948364
27937350
27923360
27913350
27960194
27946133
27971229
27965005
27940200
27963460
27977339
27977331
27961328
27913530
27931226
27963604
27943240
27943842
27966826
27930630
27946285
27971719
27943675
27963594
27960079
27960001
27946270
27971283
27931139
27946262
27971269
27923260
27965195
27960268
27966524
27931193
27972070
27943284
27977345
27947602
27966088
27977615
27966724
27977610
27966851
27966499
27948310
27936480
27935500
27965110
27977317
27965130
27963554
27949157
27966878
27945530
27972091
27931078
27933090
27945280
27979082
27940110
27940111
27936050
27966506
27972160
27910280
27966064
27946343
27916230
27960132
27949462
27960006
27944717
27947606
27979080
27949418
27945130
27916060
27937150
27940161
27933300
27946030
27947760
27947690
27933257
27945770
27965035
27946279
27966864
27961040
27972118
27944727
27910230
27940385
27940312
27940410
27940215
27937185
27937345
27963658
27948349
27946272
27943465
27963716
27949416
27960128
27930555
27977029
27963636
27940470
27943700
27940370
27946370
27933150
27972227
27935200
27960051
27937360
27966711
27967000
27949101
27932007
27966660
27913080
27946400
27966508
27960054
27947290
27960114
27960058
27961080
27931004
27913570
27963626
27948355
27949153
27910390
27910030
27913460
27966787
27948090
27949464
27966803
27944719
27964072
27946050
27964150
27971271
27971703
27933170
27961826
27949434
27966734
27960074
27913340
27966610
27920200
27935350
27977350
27977580
27935540
27944780
27947598
27936080
27940318
27945205
27925526
27946410
27925524
27945380
27948307
27945320
27932120
27963782
27944763
27963728
27915280
27961088
27945290
27963522
27943790
27972029
27971281
27963602
27966108
27915290
27963508
27910200
27936065
27963608
27963744
27961204
27966707
27963528
27931021
27946134
27920240
27966854
27945740
27972019
27960118
27920410
27937270
27963101
27940270
27966501
27944781
27963111
27937310
27947596
27966493
27960213
27960214
27946245
27946190
27946122
27945100
27963105
27920385
27972209
27946135
27971735
27915041
27949430
27925528
27931173
27923030
27960016
27930010
27961282
27932330
27937380
27913490
27961840
27963500
27961832
27966585
27965100
27966877
27937690
27930845
27961238
27943141
27943142
27943382
27943381
27930812
27977326
27947624
27916030
27923215
27920360
27963109
27947740
27925350
27935300
27966074
27966810
27949187
27910610
27923400
27963462
27949173
27963107
27935574
27940130
27971756
27979064
27963113
27923220
27960215
27961824
27966617
27972224
27933230
27966838
27920060
27933240
27920090
27960370
27966814
27937120
27979076
27971196
27964016
27937720
27947300
27966869
27971205
27961054
27923311
27923470
27965054
27940280
27972809
27946188
27945050
27966763
27946293
27940401
27947560
27966800
27940402
27949159
27960172
27945120
27963828
27947612
27925540
27960218
27930580
27949163
27933320
27972001
27946150
27966520
27931238
27932125
27973542
27960166
27948368
27910620
27933270
27961242
27961806
27963067
27963826
27946290
27977110
27961072
27963506
27963774
27963840
27945300
27963634
27943560
27930810
27966608
27936470
27947556
27965180
27948325
27960216
27966729
27972163
27966504
27961836
27949340
27966690
27935565
27963055
27940700
27936529
27935535
27979068
27965000
27937420
27945630
27935045
27933370
27977645
27973031
27945700
27971203
27961326
27930773
27945370
27966618
27913140
27960211
27966612
27966525
27930180
27977000
27963011
27966613
27979000
27964080
27971317
27966665
27963016
27966614
27915310
27971225
27944782
27971324
27977600
27936040
27966754
27966752
27966592
27966682
27930075
27933377
27960039
27963513
27964145
27930430
27930779
27946060
27960256
27966750
27947660
27963810
27963075
27963814
27937020
27913170
27973028
27948340
27925420
27977013
27972047
27960219
27936524
27979015
27925534
27960221
27971279
27910530
27931000
27949346
27960325
27966594
27977635
27977340
27966596
27966600
27966837
27920120
27966840
27966841
27936060
27972176
27966842
27930710
27963730
27960222
27960220
27966844
27977319
27977565
27977550
27966839
27960397
27966847
27960142
27960400
27966672
27960283
27932300
27971717
27943130
27931063
27945550
27915480
27963706
27946302
27931066
27946321
27936210
27930778
27960148
27930233
27930490
27971217
27932001
27916220
27967032
27963702
27946295
27937060
27943020
27966883
27946296
27966683
27946177
27937170
27966816
27967070
27949348
27971303
27943270
27913400
27971789
27937630
27940190
27966653
27923290
27931051
27931241
27947619
27971673
27960019
27916100
27916300
27972073
27966674
27930440
27966723
27966533
27966863
27966685
27966541
27940180
27960026
27961006
27937710
27933330
27965200
27963598
27947558
27930730
27972803
27915050
27960070
27943750
27943740
27915100
27940150
27913181
27913182
27915092
27915091
27966626
27971284
27923370
27944773
27963077
27963588
27946292
27949404
27913070
27910300
27913540
27963660
27933065
27963740
27972830
27944735
27960102
27930480
27961218
27933160
27935190
27936410
27936530
27945760
27972094
27963836
27920600
27945600
27971707
27971805
27961030
27913060
27960036
27910540
27972016
27937200
27964046
27948098
27913440
27944709
27972088
27933155
27963718
27910520
27971259
27972022
27915070
27925543
27960038
27913201
27913200
27913296
27913295
27972170
27947420
27963700
27971206
27964021
27920230
27963020
27946720
27963788
27923150
27947230
27960186
27971681
27945294
27963686
27961064
27946261
27971254
27925382
27948361
27963542
27920290
27972182
27966875
27940550
27947030
27910071
27961322
27971250
27913410
27923560
27915140
27925040
27971320
27915300
27923261
27946182
27913130
27971693
27931054
27963795
27920260
27925330
27943430
27977035
27947582
27910120
27930360
27910410
27946265
27923320
27964100
27971340
27923191
27946383
27937675
27971295
27940585
27979005
27943622
27932325
27925180
27943230
27943350
27916090
27965015
27947450
27933400
27963512
27930800
27964041
27923130
27930755
27940030
27935370
27933310
27930591
27966586
27961230
27930263
27920550
27937160
27931084
27943170
27971809
27963540
27943681
27943682
27940332
27940331
27961222
27930042
27943420
27943530
27966517
27937450
27965025
27940400
27963732
27966751
27930610
27963838
27920010
27977338
27961266
27963684
27971255
27963546
27930530
27972109
27949165
27963564
27920590
27979011
27963822
27963596
27948092
27948055
27977505
27936180
27971621
27971639
27947618
27963632
27923250
27971220
27920570
27971683
27963640
27943665
27946180
27971273
27931018
27963844
27930820
27910040
27965010
27963750
27947730
27971645
27947070
27915160
27913510
27913010
27961202
27972188
27933372
27971251
27971689
27963680
27933660
27963846
27910080
27971677
27923140
27923240
27945190
27933450
27960361
27925415
27944745
27930047
27966590
27923530
27932005
27947564
27963674
27925385
27945540
27963656
27947565
27940620
27913161
27913162
27916212
27916211
27972115
27945640
27910370
27930680
27930150
27925050
27963556
27972212
27937290
27966631
27960322
27963002
27963521
27961216
27946430
27977102
27930076
27979138
27960334
27979132
27971611
27966609
27960223
27972250
27948005
27947285
27971289
27933420
27971155
27971617
27937730
27943280
27920310
27930000
27966080
27920130
27972035
27971256
27966675
27961008
27963103
27913311
27965095
27966676
27949600
27949336
27940315
27940160
27925190
27963606
27971629
27931151
27932350
27933373
27967012
27960500
27948008
27977500
27943771
27966801
27923315
27971297
27930640
27943283
27964120
27971663
27925430
27963534
27931115
27971261
27947735
27961286
27943619
27945241
27971737
27946277
27971741
27971287
27932100
27937750
27971329
27948060
27972097
27960050
27971657
27945045
27963778
27943631
27943632
27940461
27940462
27943220
27945330
27923120
27937080
27925460
27963088
27960027
27979078
27960003
27944775
27925230
27925392
27966641
27971264
27977347
27945260
27944721
27977336
27966677
27972173
27943180
27966033
27943760
27963082
27920220
27972255
27963061
27913560
27916200
27960024
27961821
27949302
27949450
27979002
27915130
27949440
27936090
27936110
27943205
27936525
27940695
27936527
27948377
27945040
27949306
27936521
27966505
27936522
27949316
27963688
27971286
27960081
27946243
27972031
27966570
27933690
27960014
27933265
27963834
27930830
27930815
27925000
27971260
27925374
27971323
27945000
27963790
27943250
27945490
27923450
27923200
27916160
27923080
27935130
27946246
27913260
27925383
27963572
27971201
27930050
27971216
27966100
27940162
27971330
27960159
27930769
27930813
27930759
27971296
27931012
27931211
27910400
27961070
27937430
27923490
27925150
27925370
27923190
27960047
27966678
27931174
27979003
27966023
27944779
27971723
27949408
27965205
27966694
27935330
27910580
27964061
27937100
27916140
27963692
27966679
27944723
27966805
27965160
27963090
27949304
27913040
27963115
27966578
27963800
27966696
27949209
27966579
27966009
27966697
27961838
27935110
27966629
27967014
27973410
27966692
27925525
27966726
27966693
27945360
27947050
27940520
27910350
27930073
27960084
27930425
27930045
27945470
27910220
27946800
27916150
27943010
27910260
27961086
27973245
27961226
27923110
27937180
27971223
27961050
27966516
27963796
27946138
27948337
27963544
27966573
27920180
27931118
27931109
27935390
27966835
27963030
27960188
27966076
27963032
27971204
27963827
27943195
27916155
27925200
27925160
27971276
27937340
27963766
27977003
27925470
27944700
27960033
27972185
27940225
27936170
27977015
27961822
27966037
27946304
27944761
27960087
27963832
27971224
27913420
27930825
27915220
27963694
27935040
27977108
27947608
27965175
27925480
27963085
27965030
27915061
27966728
27960313
27961274
27971697
27965125
27945202
27971721
27971679
27949169
27977329
27960180
27971631
27920575
27931009
27963760
27925397
27931075
27948057
27933260
27971207
27965065
27947204
27925396
27945560
27977337
27963777
27946340
27946240
27945295
27937770
27937370
27945695
27930768
27963762
27930760
27971300
27971294
27948304
27925386
27932376
27960185
27937030
27925220
27965140
27971299
27963034
27971661
27972036
27930015
27966695
27910250
27948367
27963038
27966820
27947566
27945416
27946307
27963824
27963084
27963081
27960187
27966753
27930450
27937440
27910160
27910480
27943090
27979007
27949179
27932305
27971799
27971685
27971687
27961298
27910560
27948308
27971395
27972800
27963654
27946313
27932379
27947620
27971213
27933375
27925390
27963511
27947600
27975290
27971290
27943006
27971157
27963548
27949412
27960145
27930670
27943621
27963793
27966680
27972812
27966804
27960108
27937760
27960168
27960005
27946300
27966086
27910270
27946360
27930590
27945090
27946247
27971743
27930510
27930651
27943845
27961316
27949183
27931235
27971219
27931127
27960025
27963536
27960160
27966599
27946160
27963059
27945450
27913500
27925530
27925545
27972133
27966698
27930170
27966699
27966628
27923310
27949318
27979130
27944737
27966684
27925377
27961342
27966742
27972127
27945270
27966700
27960053
27963042
27966876
27949426
27971394
27943120
27966104
27963078
27931145
27966066
27966701
27966514
27943100
27966547
27965185
27946288
27971785
27963678
27960037
27947567
27971215
27943080
27925140
27967030
27971619
27944749
27966003
27946170
27943625
27944767
27943841
27966702
27966703
27966704
27973010
27945110
27979066
27949376
27966717
27949442
27930690
27913090
27966716
27966715
27966607
27949366
27966670
27977300
27963610
27930135
27964031
27963040
27960179
27966822
27964006
27966813
27966812
27960184
27977325
27947604
27960157
27932002
27946175
27971787
27971807
27963650
27963568
27947202
27948343
27949406
27961010
27930005
27971772
27948346
27946284
27949424
27935170
27920420
27971647
27960192
27966718
27961258
27966830
27973013
27948352
27966856
27946308
27971812
27931081
27971762
27949155
27963818
27925490
27963712
27931208
27977348
27932301
27947616
27965020
27946311
27948301
27979017
27972061
27966110
27963510
27936155
27945226
27960060
27977323
27947207
27966719
27972130
27961310
27961228
27931007
27936475
27949452
27960059
27972046
27923390
27966866
27925388
27971801
27931069
27945620
27925372
27932003
27966720
27971312
27943800
27965090
27971321
27960030
27971322
27910630
27971228
27946260
27915230
27966712
27946301
27966809
27963600
27966806
27963083
27973025
27971808
27946314
27936000
27966887
27916270
27960088
27949328
27966597
27960092
27966743
27966738
27966669
27971140
27960099
27949338
27949310
27935180
27971328
27966598
27960098
27946278
27937740
27966622
27961308
27949177
27960093
27933390
27977007
27963646
27913312
27971345
27923340
27966025
27963069
27930200
27971318
27960045
27977327
27930835
27966732
27963046
27930752
27960002
27972136
27935205
27940420
27946315
27940230
27930720
27945240
27949161
27946815
27946364
27949320
27945020
27945580
27971327
27931217
27936190
27943190
27961828
27971198
27977332
27931100
27930805
27949370
27946286
27943330
27963558
27943410
27940650
27960124
27977027
27947040
27963526
27930802
27961220
27930290
27961046
27967059
27961032
27946282
27923170
27963523
27965055
27946440
27960340
27971150
27930500
27932352
27966733
27949207
27947586
27966710
27949422
27961810
27930790
27960073
27971160
27977305
27972218
27966747
27966736
27971170
27966068
27966748
27966889
27966739
27960217
27966070
27920080
27966744
27937230
27949326
27966850
27930300
27972007
27966745
27966662
27963802
27971180
27966019
27960097
27937006
27964073
27971643
27966746
27960055
27946287
27966648
27966084
27960096
27963690
27944739
27971770
27977017
27971338
27930230
27966615
27971759
27931036
27961306
27947562
27963724
27966749
27930260
27930310
27972038
27977570
27966843
27960086
27966519
27948094
27966616
27925532
27944757
27940501
27930600
27948334
27966855
27966761
27960076
27932353
27943340
27931033
27963004
27930370
27930780
27963764
27971185
27963071
27971190
27966765
27963073
27966526
27949332
27966681
27913110
27972100
27932315
27947020
27965190
27965115
27935210
27947200
27948331
27940240
27966780
27971280
27961056
27949390
27960164
27966766
27920548
27949468
27966767
27966054
27963063
27932004
27966689
27966770
27960100
27960140
27910570
27960000
27966757
27977590
27930035
27966885
27960382
27963459
27963616
27972082
27963758
27930130
27943580
27966511
27966583
27966774
27973000
27966772
27966764
27966031
27935360
27935590
27966591
27960349
27966013
27966768
27966870
27935070
27966769
27971188
27949362
27966886
27966771
27966888
27967072
27971189
27949360
27931148
27949454
27915180
27960042
27945750
27930808
27963848
27960044
27963614
27960310
27967010
27948319
27920170
27940250
27966784
27946730
27966106
27970350
27937520
27949480
27966789
27972230
27972142
27925060
27936550
27960250
27910020
27913220
27966543
27920280
27943310
27935520
27936230
27933140
27966795
27977310
27936380
27972076
27965085
27966790
27972028
27949205
27923050
27923270
27946305
27963450
27972139
27961074
27977320
27971159
27935160
27966497
27947203
27971184
27961278
27971803
27971325
27946137
27966791
27967050
27966534
27960126
27971154
27945242
27930860
27932000
27963786
27931015
27966793
27946276
27935100
27966782
27977330
27920100
27966078
27966595
27966060
27966072
27964071
27960048
27971210
27977349
27965051
27920270
27977100
27932310
27933685
27925400
27948328
27961082
27931175
27910000
27931042
27947220
27946210
27920450
27971627
27931060
27966705
27966722
27937670
27971333
27930080
27971268
27966515
27948382
27965053
27949392
27945060
27932355
27937700
27931157
27937480
27943260
27966082
27960174
27960040
27946241
27966577
27965048
27961816
27930262
27931176
27925398
27973022
27963672
27923500
27965070
27937300
27971172
27961247
27940310
27945150
27963722
27940260
27977351
27910361
27910362
27915011
27915012
27915185
27910330
27979899
27977352
27963036
27920470
27963704
27963738
27971288
27972200
27966865
27966785
27913150
27971313
27961294
27940440
27930767
27966776
27966673
27920210
27940380
27944759
27925500
27943150
27966786
27935080
27945440
27961206
27960182
27960004
27966788
27943810
27964026
27949470
27913030
27960017
27931112
27963070
27961270
27966564
27910090
27949384
27966017
27966879
27960082
27943390
27943200
27966548
27913313
27973440
27930190
27961057
27945660
27945480
27920535
27963648
27966807
27971202
27977106
27937560
27963682
27977343
27966601
27971197
27923100
27971709
27966602
27925020
27933380
27972017
27960012
27932354
27966620
27945080
27960116
27960388
27946140
27946255
27971727
27973560
27910320
27960170
27949368
27949324
27937010
27949308
27963562
27910340
27943840
27973037
27930740
27931214
27972034
27949010
27961262
27963622
27930350
27966713
27948073
27943071
27940076
27940077
27943072
27960178
27972194
27966858
27930090
27930100
27967016
27946319
27946332
27931121
27971252
27973019
27965060
27960200
27960066
27930060
27960224
27963726
27925450
27966582
27977560
27966859
27965086
27979013
27966823
27963514
27963516
27963618
27963620
27963734
27963736
27960307
27960153
27966498
27933040
27937400
27966691
27949438
27943440
27946820
27946819
27946818
27930770
27966611
27967018
27947592
27965101
27910110
27915095
27916000
27961254
27910060
27972824
27972157
27972806
27965145
27965165
27915110
27937090
27966872
27944753
27925544
27949195
27935140
27916172
27966688
27979136
27947584
27966500
27960154
27931024
27944741
27964125
27963452
27923540
27915060
27961324
27933050
27966708
27963454
27949191
27944743
27940070
27949334
27949478
27930020
27925531
27936540
27949456
27948376
27966882
27946740
27937510
27963053
27943050
27943040
27972221
27937460
27935270
27966593
27961814
27933020
27949428
27940010
27940120
27948006
27971669
27960331
27960373
27965050
27948035
27960319
27971200
27933280
27945460
27946115
27937490
27966794
27966507
27960080
27930140
27963065
27966824
27935410
27920140
27963079
27940450
27977321
27946273
27963086
27936450
27936220
27966581
27966853
27963010
27947208
27931027
27961078
27931030
27963057
27966536
27916290
27960385
27972064
27949410
27936500
27940140
27963532
27930160
27960149
27949342
27961290
27966545
27966737
27940320
27972839
27971192
27960064
27913100
27949436
27949458
27972836
27966808
27963754
27931202
27977620
27946817
27966849
27949398
27910140
27945390
27948104
27948040
27960376
27944725
27971212
27965135
27920190
27930250
27936130
27973550
27971776
27937330
27913270
27961802
27960078
27963566
27935120
27971659
27971675
27949414
27946200
27977630
27946275
27963584
27935315
27966537
27946274
27977021
27960072
27960120
27946010
27948370
27948053
27977333
27945610
27961318
27963662
27971802
27930495
27963804
27932320
27971625
27915200
27947550
27961044
27971781
27966535
27932373
27948030
27925387
27971768
27971758
27972179
27925380
27945581
27910050
27966727
27979134
27925393
27963812
27948045
27971791
27971665
27963808
27947610
27963720
27971633
27971615
27973540
27971334
27920250
27966775
27949330
27943520
27960056
27971291
27915285
27946306
27931142
27946185
27931154
27966523
27963504
27946165
27946303
27931182
27946317
27966725
27963022
27946312
27946310
27943645
27936460
27923070
27936120
27971187
27946330
27948025
27913290
27960352
27971774
27971275
27963798
27913550
27966606
27937190
27949193
27930807
27971766
27966781
27963080
27948020
27971739
27971221
27931045
27977353
27966619
27971751
27946810
27971335
27946320
27971793
27931124
27932370
27966867
27971218
27960013
27966857
27940314
27963768
27940316
27930777
27945243
27940500
27971257
27946318
27977342
27960028
27960085
27966773
27963590
27972815
27947626
27947628
