25937180
25936875
25900808
25901750
25902785
25903028
25903487
25936565
25936780
25937008
25937040
25904606
25937208
25937460
25904738
25937800
25938045
25905590
25905630
25932045
25905870
25906012
25932155
25932195
25906840
25932545
25935220
25935290
25935366
25935410
25910268
25935474
25919339
25927160
25927272
25927308
25930600
25922324
25924520
25924730
25914234
25924012
25916416
25924229
25900490
25900109
25900705
25925546
25925884
25902718
25936260
25921093
25921280
25922672
25917120
25900620
25903670
25935670
25917010
25921240
25911105
25900052
25903036
25903113
25914213
25908800
25908683
25912027
25931482
25900153
25900156
25919261
25932585
25916580
25900865
25932798
25922388
25927136
25907124
25935828
25925460
25938345
25905550
25911216
25922224
25903122
25935848
25922120
25900031
25927064
25932085
25901599
25919429
25931738
25901390
25932130
25922508
25922308
25900820
25926492
25907587
25936095
25900049
25927890
25926520
25926510
25903530
25919324
25900064
25922496
25907140
25900067
25914231
25900121
25900124
25906028
25916520
25911210
25911213
25919240
25924150
25924450
25901366
25906026
25914030
25916220
25931846
25931306
25900403
25936030
25936315
25931892
25936100
25902064
25931258
25922240
25931702
25900264
25931246
25904630
25911150
25933160
25933255
25900532
25936190
25932535
25922852
25932645
25900412
25931218
25938015
25900079
25924280
25903590
25937820
25912048
25900025
25900040
25917160
25901130
25900695
25900700
25904330
25936750
25919483
25936715
25922136
25924620
25902190
25932270
25931894
25901246
25933150
25924680
25914050
25926346
25900748
25907596
25902196
25921195
25901592
25927068
25922856
25902199
25935662
25925669
25919430
25927116
25900106
25932180
25907060
25931196
25921215
25901660
25936820
25938183
25919381
25933580
25933590
25925552
25903557
25927092
25925260
25936350
25926726
25932345
25933155
25919345
25912021
25912024
25914216
25927124
25936170
25932100
25907016
25907020
25908594
25935478
25926858
25926861
25914210
25916070
25916190
25932230
25917170
25931890
25916400
25900168
25931534
25932255
25912212
25912215
25904290
25935346
25935184
25931634
25900538
25936825
25925540
25912003
25912006
25925315
25927096
25912173
25912176
25900862
25922500
25903566
25925516
25922300
25900294
25926306
25937004
25935272
25919279
25933275
25905875
25917255
25922148
25932520
25900240
25900590
25937710
25933550
25900213
25911130
25911140
25919456
25906730
25916223
25926258
25932185
25932650
25917090
25932635
25914160
25933640
25936050
25937700
25935256
25935240
25900685
25936085
25938285
25938230
25938325
25931526
25900234
25932886
25916452
25932890
25931834
25901134
25907623
25922184
25936090
25935426
25926708
25937830
25924470
25935530
25912191
25901234
25907626
25931168
25922196
25931184
25902690
25902780
25927080
25900787
25927842
25925250
25924410
25916226
25933510
25935001
25935442
25936670
25936045
25936575
25936660
25935510
25933265
25933765
25922344
25935554
25922152
25936740
25901004
25907593
25917150
25900488
25937216
25936870
25900805
25901753
25902790
25903032
25903499
25936560
25936790
25904612
25937464
25937780
25938050
25905575
25905640
25905710
25905865
25932050
25906020
25932160
25932200
25906845
25908483
25935370
25935414
25910276
25910334
25935562
25927148
25921005
25927276
25927304
25922320
25924530
25925869
25919327
25914237
25924006
25916412
25924223
25924725
25904639
25902722
25902726
25932640
25933140
25922680
25925245
25905610
25910300
25925687
25900742
25931366
25925375
25926330
25926266
25926270
25906745
25900850
25900847
25935422
25922512
25925525
25925528
25902720
25904520
25926723
25926529
25922844
25925435
25925652
25900556
25902716
25937500
25931120
25935402
25936700
25935638
25926302
25905620
25935762
25916208
25935020
25903694
25935754
25919474
25922644
25930825
25905560
25932680
25922260
25935522
25935646
25931766
25933250
25931422
25926369
25906720
25922548
25938020
25919303
25933790
25927040
25921295
25924260
25903760
25935640
25922704
25916250
25930885
25900177
25911198
25911279
25911282
25901016
25907052
25903739
25907072
25933120
25931294
25924270
25900733
25907638
25936685
25905660
25907581
25900751
25931802
25931778
25900838
25936675
25916570
25916202
25931238
25919309
25914126
25916211
25900486
25937220
25936865
25900802
25901756
25903496
25936555
25936795
25904618
25937468
25937770
25938055
25905580
25906022
25932205
25935302
25935390
25910288
25935566
25927280
25927300
25922316
25922540
25924550
25924720
25925878
25919333
25914240
25924003
25916404
25902072
25937066
25904636
25902724
25907572
25908704
25911180
25911183
25906725
25936735
25922348
25922228
25900055
25922468
25931742
25935706
25937260
25937204
25937124
25920525
25938200
25903664
25926714
25918020
25933115
25901408
25936325
25921190
25925696
25907546
25925564
25900650
25922180
25916232
25901180
25907522
25908588
25930715
25917180
25926813
25926816
25916428
25903643
25903578
25904450
25933650
25922836
25925350
25925355
25930895
25930845
25931806
25907569
25922160
25933125
25922156
25936005
25907004
25931678
25904300
25926541
25937720
25926310
25919420
25926477
25924610
25935260
25922816
25919393
25900823
25938295
25919288
25931164
25935714
25936340
25922840
25906790
25904621
25907088
25916508
25912163
25930820
25937146
25927854
25916550
25900174
25916448
25904400
25927008
25900127
25907116
25922868
25925678
25916460
25901270
25922636
25928172
25919378
25911170
25933730
25900165
25900100
25905545
25933530
25910248
25911243
25932145
25931322
25936710
25922684
25922480
25931838
25936365
25925561
25926025
25935702
25931862
25926498
25927224
25933180
25926870
25926876
25926885
25926879
25927264
25927252
25927260
25926639
25926630
25926651
25926633
25926636
25926645
25927248
25926675
25926660
25926672
25926642
25926654
25926657
25926669
25926666
25924540
25931148
25933235
25930590
25907068
25907012
25916247
25916193
25907144
25919408
25922820
25919300
25901184
25902085
25902745
25902815
25903463
25937024
25937492
25932055
25935015
25908570
25908806
25910325
25930670
25931132
25931406
25931626
25925726
25926408
25914040
25926568
25900523
25902305
25908495
25926792
25928035
25901774
25902290
25926663
25902320
25901689
25926681
25901765
25926687
25901720
25902285
25926693
25926696
25901762
25926648
25902310
25902315
25908498
25906865
25931598
25927076
25936185
25935506
25937228
25936855
25936250
25912015
25912018
25935698
25922256
25916310
25935654
25916420
25920530
25918010
25911222
25931594
25900255
25919423
25900599
25900303
25900400
25900492
25900520
25900596
25900665
25906875
25901000
25901090
25901200
25904603
25904730
25906030
25900871
25925330
25925335
25901122
25938190
25930850
25935718
25919477
25922200
25917230
25925624
25932215
25907112
25922804
25904410
25925010
25926350
25926360
25936265
25921180
25921255
25930810
25932285
25901210
25936510
25930560
25910232
25900736
25922700
25927232
25935398
25935406
25933215
25933220
25935378
25910236
25916229
25933720
25935650
25900484
25937224
25936860
25902805
25903024
25903493
25936550
25936800
25904510
25904615
25937472
25937790
25938060
25905585
25906018
25935306
25935382
25935450
25910292
25910316
25935570
25927296
25921250
25922288
25922332
25922532
25925872
25919330
25914243
25916408
25924220
25907563
25937150
25921075
25900249
25925558
25927152
25916444
25938315
25922220
25935164
25900859
25925390
25907599
25933230
25922248
25900276
25919369
25935502
25902160
25902735
25937052
25908531
25935050
25908816
25926831
25930690
25926583
25935176
25926747
25921045
25930780
25926550
25908547
25932040
25928184
25908510
25935095
25926756
25921030
25930695
25902151
25908507
25935160
25926744
25930700
25928180
25902166
25908513
25935180
25926741
25926852
25928105
25930775
25931226
25919459
25916440
25931554
25935168
25926538
25926465
25932605
25911306
25919372
25935236
25931180
25900541
25920535
25931810
25901164
25901188
25902830
25903008
25903472
25937036
25937480
25904876
25932070
25932685
25935070
25908579
25908822
25910008
25910337
25911189
25926738
25926891
25927176
25920620
25930630
25931394
25931458
25925714
25926366
25911309
25926399
25914145
25916030
25928160
25931222
25933205
25900058
25901012
25932792
25935248
25936295
25919267
25931250
25902154
25902750
25937064
25908525
25935065
25926825
25921015
25928085
25930710
25931144
25938275
25919387
25901402
25911155
25901238
25931690
25919312
25911125
25936570
25907056
25937268
25936850
25903040
25936545
25904500
25904609
25904754
25937760
25906016
25935310
25935386
25910296
25935574
25927292
25922352
25922524
25925875
25919336
25924000
25924232
25902079
25932325
25902245
25921055
25912009
25912012
25911237
25931774
25936080
25911312
25900868
25901564
25922284
25936155
25932265
25916235
25906870
25932620
25936225
25919243
25931506
25916456
25936385
25931762
25901396
25931858
25931676
25936125
25919366
25912200
25924630
25926432
25900195
25937166
25937112
25922452
25925519
25919246
25919273
25935686
25912030
25932580
25931602
25931606
25912039
25931152
25925230
25920565
25919375
25938320
25907108
25922232
25916289
25900130
25926504
25937162
25900162
25937154
25907128
25922504
25922506
25932625
25916268
25901222
25901160
25916238
25936380
25936130
25938340
25933810
25926005
25902712
25931842
25926507
25920540
25931826
25922216
25911270
25927084
25900019
25903581
25937280
25936840
25903481
25903584
25936540
25904490
25937184
25904758
25905700
25906014
25935322
25910280
25935610
25927312
25922024
25922356
25925863
25924226
25932095
25914155
25919291
25916492
25931658
25916590
25927836
25926474
25908603
25931654
25925270
25902076
25924400
25906000
25905715
25925370
25931722
25936060
25902145
25908450
25933520
25922516
25922520
25900183
25931770
25926020
25933710
25924009
25924330
25907498
25900766
25901771
25900826
25930875
25900832
25936690
25925365
25925440
25926254
25916530
25936810
25926523
25912158
25912026
25935626
25907084
25932590
25907578
25931878
25932575
25900757
25931350
25906775
25932190
25935746
25922628
25906750
25926250
25932565
25916265
25901670
25901680
25932125
25935458
25922048
25925300
25925240
25932105
25925425
25922864
25931160
25926290
25926450
25903587
25931574
25921230
25902094
25908456
25925310
25932882
25937292
25932700
25919321
25931358
25900180
25927100
25904370
25931414
25936135
25931338
25900013
25926577
25936535
25904470
25937248
25904762
25905705
25906024
25935326
25910284
25922016
25922360
25925860
25938220
25907514
25936285
25927024
25932675
25931342
25931695
25930865
25936355
25914120
25914125
25912161
25902775
25931286
25931314
25932794
25932140
25933620
25900593
25925470
25925475
25936160
25933165
25931586
25933245
25901557
25900112
25907132
25922252
25926322
25926326
25907096
25927128
25935844
25919306
25916080
25933630
25936290
25916432
25902740
25931706
25936215
25933490
25933280
25922108
25902043
25937134
25925708
25920520
25918060
25925567
25924140
25924380
25916253
25932570
25925549
25922172
25903673
25922340
25907602
25910252
25910328
25938215
25908731
25935618
25919492
25912209
25922132
25900632
25931782
25931378
25931370
25932220
25931670
25931374
25932670
25931686
25931522
25926849
25926855
25925660
25900022
25916488
25906755
25926537
25935710
25902049
25902058
25933680
25933225
25936530
25904460
25937264
25905695
25906820
25935330
25927268
25925866
25902172
25931430
25931518
25937072
25935722
25925735
25935808
25936150
25935504
25933690
25931334
25931546
25901230
25927860
25911219
25900629
25938305
25926486
25901634
25931650
25931814
25900285
25937000
25936880
25926495
25916274
25903658
25924300
25931750
25924440
25907620
25919363
25936330
25921096
25917140
25935884
25916283
25936525
25935334
25935486
25925265
25900028
25900611
25922616
25910272
25925430
25919357
25912182
25921170
25926393
25926690
25926532
25930580
25926444
25907632
25916205
25916271
25901360
25908725
25931618
25931622
25905685
25907575
25907605
25936255
25903709
25926867
25931590
25932235
25903548
25903478
25932884
25900267
25900270
25926897
25905670
25906885
25925290
25937288
25914222
25936200
25919270
25901747
25919249
25917030
25903652
25902040
25927830
25921175
25919441
25908686
25912164
25932170
25902193
25900291
25903697
25903715
25912194
25903736
25919438
25916256
25919285
25908695
25903724
25911160
25903688
25904310
25911315
25936705
25900605
25935888
25924710
25935518
25922376
25922492
25903484
25936520
25937272
25906815
25922000
25933170
25904380
25931830
25931558
25904260
25919495
25931630
25904280
25921070
25919480
25903128
25931242
25936180
25931714
25916259
25904480
25907530
25935294
25936755
25928176
25921225
25936245
25901102
25901106
25907474
25927132
25902118
25914225
25904390
25900769
25937100
25937200
25937130
25901192
25922688
25917210
25937240
25935832
25925522
25925543
25931580
25936885
25901613
25901620
25902714
25927044
25931794
25933560
25926000
25926015
25901138
25919435
25933610
25917060
25922800
25922608
25922612
25932290
25932030
25903580
25926441
25930655
25900535
25920560
25922888
25904320
25935742
25922708
25922604
25901606
25932000
25900097
25900550
25900300
25919489
25937158
25933800
25926873
25935800
25902073
25926274
25935276
25931426
25922456
25933750
25935025
25912051
25935690
25927848
25903703
25911273
25938005
25937870
25900297
25931214
25900835
25908591
25931614
25925380
25933276
25935374
25931410
25926732
25936105
25902106
25902730
25908597
25935418
25922292
25931474
25916480
25917190
25916196
25924460
25925663
25927866
25926804
25903602
25926378
25904240
25932240
25931176
25931673
25914080
25922440
25922444
25922488
25935244
25933050
25932305
25903649
25907032
25916005
25926429
25901146
25900010
25900730
25900660
25903646
25924490
25925890
25925513
25933110
25926384
25935394
25911100
25928073
25911201
25935438
25935730
25935658
25936640
25935820
25922384
25925340
25926381
25922380
25936000
25926864
25938030
25932310
25926489
25931382
25900198
25937730
25912042
25932880
25931442
25906860
25907100
25926735
25917260
25926453
25903502
25903536
25922824
25916464
25904430
25906810
25927156
25922040
25925275
25931734
25936655
25906805
25935224
25935490
25926286
25903778
25902112
25927000
25907538
25908716
25907635
25900282
25914130
25936805
25931570
25917220
25936345
25931718
25900118
25937256
25936115
25937138
25935726
25932610
25936310
25901150
25903766
25903769
25937252
25938205
25932250
25902127
25937188
25900070
25902136
25917070
25922528
25916280
25900258
25933200
25935362
25921099
25919282
25931210
25933145
25905890
25926699
25936305
25921220
25917130
25916217
25930800
25932660
25932655
25907044
25922460
25900133
25900626
25925531
25925510
25925495
25925500
25902100
25933540
25926471
25936775
25930835
25900844
25925001
25926526
25902103
25902115
25908600
25927052
25924640
25926459
25904624
25931200
25919276
25922692
25926334
25900670
25903599
25924110
25900273
25902124
25903545
25936785
25900608
25936360
25936010
25907104
25907008
25931510
25935170
25936650
25906760
25924480
25908710
25912152
25903748
25900115
25926544
25900739
25900004
25931822
25938070
25937690
25932330
25905565
25906855
25908701
25900220
25907611
25901354
25911291
25911294
25937276
25936845
25912000
25912036
25921245
25935766
25911285
25911288
25931486
25900680
25901020
25936580
25900856
25932280
25903617
25931470
25932888
25912140
25912054
25912057
25912203
25926462
25901571
25922476
25900781
25900279
25926711
25935298
25922276
25922280
25903116
25938184
25902202
25900113
25933270
25936015
25919444
25900763
25907614
25901262
25932515
25936240
25924650
25935816
25931646
25936275
25921160
25917100
25932120
25927284
25924660
25925305
25900814
25937212
25936890
25904382
25901214
25904627
25926010
25935812
25926387
25935466
25910224
25902052
25931850
25933770
25931674
25932010
25932015
25924360
25900829
25935434
25931418
25932165
25931346
25926435
25919399
25922128
25926438
25926480
25931672
25911234
25902205
25903551
25931490
25912179
25933260
25900547
25927060
25910228
25931726
25924500
25931290
25938040
25935350
25917280
25936205
25908707
25926030
25901024
25900675
25924430
25938195
25926729
25916476
25931746
25900201
25937840
25902211
25919351
25914060
25900526
25921080
25935268
25919318
25919294
25901420
25919390
25932005
25931254
25933700
25935358
25935188
25919402
25921065
25922600
25916472
25919360
25919354
25932175
25920585
25922892
25901348
25903781
25900219
25924090
25926562
25924240
25937116
25937174
25937244
25937196
25930570
25931818
25922372
25932110
25932115
25933130
25935482
25916540
25933185
25922404
25907608
25903754
25900723
25916262
25926338
25931298
25931302
25933600
25931866
25931870
25930790
25917250
25925648
25901254
25932525
25910240
25926483
25937750
25930550
25921205
25931854
25908689
25911225
25911228
25922400
25925534
25922536
25930830
25936120
25933210
25922192
25933195
25907036
25937142
25919465
25925480
25917000
25917020
25917080
25925666
25926468
25907048
25906830
25922808
25902070
25900076
25912146
25926846
25922832
25936645
25906765
25935342
25927144
25922008
25926447
25932630
25911145
25936335
25922392
25922848
25932560
25933570
25930860
25925887
25910220
25935682
25932540
25904360
25925537
25936040
25936280
25935836
25903533
25936230
25936210
25936165
25936020
25900784
25936235
25937810
25901786
25932150
25932245
25932665
25917072
25903539
25903542
25900710
25900790
25924700
25922296
25922472
25922124
25938010
25937880
25900088
25900085
25907136
25922188
25912167
25912170
25935252
25925280
25931466
25936025
25900116
25903751
25901683
25908698
25935630
25900544
25903669
25919255
25932790
25931262
25932020
25916298
25916307
25911120
25901585
25903655
25908719
25904633
25906850
25902163
25937048
25908534
25935045
25908814
25926834
25920600
25928055
25930685
25925405
25912185
25926580
25924375
25927208
25927236
25927220
25927228
25927240
25927244
25927216
25927212
25901242
25906770
25935318
25927140
25901126
25900246
25925672
25931156
25924340
25902335
25927164
25902355
25927188
25927172
25927204
25902325
25927200
25927184
25927192
25927196
25927180
25902330
25927168
25922664
25902755
25937060
25908537
25935035
25908812
25926837
25920605
25928030
25930680
25925720
25926417
25914010
25924370
25904750
25931682
25911231
25928148
25900745
25925395
25900261
25927056
25936145
25903640
25914228
25932300
25935750
25901738
25902157
25903020
25937056
25908528
25935060
25908818
25926840
25928080
25930725
25926556
25928152
25938300
25903575
25900602
25935354
25925681
25931192
25907629
25931172
25935264
25936273
25927104
25916424
25922464
25917270
25918050
25905570
25933135
25935614
25935494
25900189
25912206
25930805
25907566
25919450
25927020
25900853
25935314
25935232
25935498
25900760
25907617
25930855
25919396
25907458
25922312
25918000
25916500
25922668
25904340
25907080
25919405
25936300
25921275
25911249
25911252
25901250
25931886
25916244
25932320
25931638
25901218
25901336
25932090
25932335
25910340
25911135
25903571
25922116
25907040
25930815
25936680
25904734
25910264
25922100
25924420
25907490
25932315
25933500
25922368
25931642
25931786
25936065
25931882
25922632
25901258
25901342
25938335
25907024
25922648
25931542
25925675
25900799
25901008
25910000
25935666
25922876
25931498
25924690
25901118
25919432
25931514
25931754
25903772
25900210
25903119
25902400
25900007
25902214
25917200
25900082
25902055
25931698
25938025
25910244
25920595
25925285
25933780
25904720
25936035
25902109
25907092
25922696
25900016
25916496
25903784
25927288
25924290
25926894
25935880
25932530
25925490
25908832
25901226
25911258
25901414
25904746
25900482
25900415
25905540
25926278
25926282
25927120
25916199
25900480
25925255
25907540
25901266
25910256
25926262
25908722
25926559
25917050
25932555
25932615
25922624
25901094
25904770
25905530
25905860
25905720
25905600
25901098
25907590
25921165
25936760
25938330
25901650
25901550
25903560
25903563
25908692
25912197
25903572
25924390
25907482
25924670
25916295
25935622
25903642
25902810
25906740
25903721
25935738
25922640
25917240
25905880
25916214
25919462
25905885
25927012
25938035
25920580
25919315
25936730
25903775
25900772
25932500
25931326
25925320
25932135
25900775
25936765
25932505
25900778
25936725
25932510
25902700
25906008
25925345
25925628
25936770
25902710
25925360
25925325
25902692
25903611
25905675
25925640
25918030
25937080
25937084
25937088
25937092
25937096
25937104
25937108
25937120
25902708
25905690
25902706
25905650
25931730
25902698
25905680
25925644
25938245
25938250
25902702
25906006
25918080
25902704
25937012
25906002
25938255
25903614
25906004
25925415
25925632
25938265
25902694
25903608
25906010
25931318
25925636
25918040
25938270
25931694
25938260
25936830
25922264
25936720
25906795
25902260
25926801
25908477
25902270
25926777
25902300
25908492
25926789
25928045
25908489
25926786
25902275
25908474
25908480
25902280
25908486
25926783
25926780
25902265
25926795
25902142
25937076
25908519
25935080
25908826
25926828
25921020
25928095
25930660
25925465
25901176
25902082
25902295
25902820
25903466
25937028
25937488
25932060
25932695
25908573
25908804
25910322
25926843
25926882
25927036
25920550
25930635
25931128
25931398
25931446
25925235
25925723
25926405
25914135
25926565
25916010
25924320
25907028
25902175
25908516
25935085
25908824
25926819
25921025
25928100
25930705
25911255
25931310
25926318
25936075
25907524
25906800
25935216
25900192
25935824
25922140
25933740
25935280
25903554
25935470
25933660
25916504
25922812
25900171
25900817
25932260
25935228
25936070
25926586
25927112
25926684
25924510
25935734
25922660
25937860
25925702
25903490
25932225
25936140
25931874
25900142
25900150
25911110
25931610
25925295
25900720
25931188
25936055
25931438
25931550
25922828
25900091
25901110
25926501
25900406
25920590
25926294
25901744
25911300
25911303
25903727
25935634
25901372
25911165
25905555
25907120
25922712
25903685
25903745
25904742
25911276
25922880
25936110
25937170
25902061
25900043
25935514
25935678
25931530
25926314
25926535
25926390
25925881
25933240
25924250
25902133
25922208
25935192
25935338
25930840
25924350
25916301
25904766
25900034
25922244
25919342
25900243
25932340
25931494
25916050
25916060
25922448
25936390
25925690
25936320
25921090
25921235
25921260
25921290
25930610
25917110
25904725
25926420
25926423
25921000
25936220
25900139
25907466
25932796
25926547
25924590
25922304
25926426
25939899
25916277
25922652
25935540
25904420
25900237
25921200
25900647
25900061
25900409
25922656
25927088
25936370
25935462
25919426
25938360
25933190
25931502
25931798
25900811
25903569
25903718
25925555
25902728
25938290
25903110
25904440
25904600
25906890
25907000
25907450
25907560
25908609
25908680
25910012
25910310
25920630
25921085
25922484
25922620
25924015
25924080
25930530
25937740
25938065
25938180
25903000
25930540
25937192
25931758
25930620
25936585
25903706
25903700
25935758
25903676
25903742
25935430
25938210
25908713
25901384
25912188
25914000
25916000
25932275
25900159
25937850
25921210
25937284
25936835
25907064
25900715
25908606
25917205
25925420
25922144
25902169
25912149
25900288
25902088
25902760
25902800
25903460
25937020
25937496
25908543
25935055
25908808
25910331
25927048
25920615
25928050
25930640
25931136
25925225
25925699
25926411
25926571
25924130
25931234
25931390
25931434
25902121
25900073
25922544
25922860
25932080
25918070
25933760
25903730
25910260
25916045
25925458
25901741
25902390
25926678
25901768
25902380
25901780
25902360
25901732
25901686
25902375
25901759
25902370
25901777
25902365
25901783
25902350
25901196
25902091
25902765
25902795
25937016
25935030
25908540
25908810
25926720
25920610
25930675
25931140
25925220
25926414
25914020
25926574
25925732
25938280
25938225
25931790
25901729
25902385
25901723
25902340
25902395
25902345
25901726
25900136
25901378
25902130
25901028
25900001
25905535
25932210
25900094
25900103
25906735
25916286
25926456
25903679
25927108
25925705
25925620
25921060
25903667
25935804
25925385
25916292
25900418
25901330
25908734
25922884
25919258
25935550
25922204
25919348
25900641
25900638
25938355
25906785
25922336
25931454
25900644
25922104
25906780
25903757
25916560
25908453
25903691
25930795
25926342
25903733
25938350
25935840
25927884
25931354
25919453
25900037
25927072
25938182
25935642
25908728
25912155
25900529
25936375
25907076
25932600
25904350
25931330
25930605
25900690
25908585
25916047
25901641
25902097
25916468
25925400
25935674
25900796
25925684
25931386
25911115
25904270
25919264
25914219
25903661
25936515
25927016
25927878
25936195
25927004
25901172
25902139
25902696
25902825
25903012
25903469
25936745
25937032
25937484
25932065
25932690
25935005
25908576
25908820
25910319
25911186
25926717
25926888
25920555
25930645
25931124
25931450
25925717
25926402
25914140
25916020
25924100
25924310
25930665
25919447
25925729
25931538
25911297
25921270
25902148
25937068
25908522
25935075
25908828
25926822
25921010
25928090
25930650
25920570
25931266
25930890
25902240
25908567
25928144
25902255
25908471
25926798
25902250
25908501
25926810
25902184
25927872
25908504
25926807
25902181
25908558
25928164
25922872
25903605
25903712
25911240
25921265
25900617
25900614
25900623
25922164
25922168
25922112
25930880
25935546
25927256
25903641
25900231
25903016
25900046
25900186
25901168
25902835
25903004
25903475
25937044
25937476
25904873
25932075
25906835
25935010
25908582
25908802
25910004
25910313
25911192
25927028
25920625
25930625
25931402
25931462
25925711
25926375
25926396
25912045
25914150
25916040
25924120
25900725
25920575
25926363
25937890
25938240
25938235
25938000
25933820
25906825
25907506
25916241
25935542
25922212
25919468
25922032
25925693
25902046
25902067
25900754
25925450
25925455
25903763
25933670
25924560
25916304
25930870
25900228
25919252
25935694
25926753
25901142
25935454
25932595
25926372
25903125
25903682
25931562
25908546
25935172
25926750
25921035
25928075
25930770
25926553
25908561
25935212
25926762
25928060
25930745
25932035
25931278
25902187
25902770
25908552
25935200
25921050
25928065
25930755
25924580
25930720
25931582
25908468
25926774
25932025
25931274
25931578
25930730
25902208
25908465
25926771
25911264
25908555
25935208
25928040
25930750
25924570
25926702
25908459
25935090
25926765
25930740
25931230
25908462
25935040
25926768
25930735
25931478
25908564
25935204
25926759
25930760
25924600
25932550
25928168
25928156
25902178
25908549
25935196
25921040
25928070
25930765
25926705
25928188
25931270
25928140
25931282
25936270
25921185
25901578
25900252
25920545
25919384
25936695
25900553
25922676
25907584
25921285
25901425
25931566
25906880
25935538
25922272
25922328
25911246
25911195
25903593
25903596
25904870
25938185
25935526
25912143
25935656
25919486
25917040
25912033
25904250
25914070
25919297
25933175
25925570
25925485
25922396
25901735
25922176
25900841
25938310
25922236
25932295
25927032
25916484
25901627
25935558
25900635
25922268
25900216
25935534
25926298
25931710
25925445
25900225
25922364
25916436
25936175
25925410
25919471
25900222
25911261
25900793
