26585740
26551290
26585141
26585000
26551390
26585520
26574190
26564400
26556360
26564450
26585530
26560563
26560560
26562011
26562010
26564500
26585340
26554130
26564600
26582360
26551180
26554560
26550820
26582280
26554020
26553375
26553010
26572510
26582120
26587300
26585650
26572090
26556010
26556215
26580250
26570450
26582310
26570350
26564440
26572080
26570030
26570031
26564050
26564051
26574721
26574720
26564380
26564360
26582370
26564200
26572040
26554520
26570070
26562050
26564030
26551340
26564460
26570320
26582130
26585150
26556520
26556205
26553055
26585160
26574540
26585540
26556500
26556510
26551330
26554540
26554680
26562220
26574090
26564160
26554550
26580380
26585550
26580230
26574100
26553150
26582140
26556130
26553080
26585560
26585570
26556030
26564170
26562150
26553495
26553450
26553451
26585711
26585710
26556480
26562140
26587330
26587335
26587340
26551110
26587280
26556440
26550780
26585450
26587750
26570040
26570041
26564061
26564060
26574711
26574710
26587791
26587790
26585041
26585040
26582380
26572110
26574680
26556250
26564420
26564560
26556320
26587290
26582150
26557710
26585350
26570090
26582160
26574660
26587007
26564430
26564530
26585580
26582515
26582390
26556005
26553065
26553064
26556000
26553460
26587030
26560581
26560580
26562021
26562020
26556460
26550030
26572000
26551551
26551552
26580290
26580291
26582400
26554760
26554640
26554075
26554655
26551360
26556060
26587310
26585170
26582410
26556140
26556150
26564260
26580430
26562090
26554490
26564100
26582320
26570180
26556455
26557680
26557690
26556470
26554140
26582170
26551461
26551460
26580061
26580060
26582290
26550210
26550795
26556450
26582420
26553400
26553430
26570341
26574150
26553410
26585360
26585370
26557670
26553380
26553390
26564550
26564551
26574021
26574020
26556370
26557650
26572145
26572530
26574461
26574460
26587025
26557700
26557600
26551410
26582222
26584170
26557720
26587320
26582224
26554060
26553440
26556390
26556350
26585180
26550050
26550051
26551161
26551160
26560590
26572400
26587560
26551200
26574780
26570000
26574395
26570441
26562421
26570442
26562420
26554070
26574430
26554330
26551480
26551481
26580010
26580011
26550120
26556070
26574390
26574391
26572481
26572480
26572015
26582430
26587770
26553221
26584041
26554065
26554073
26584040
26553220
26582020
26584001
26553295
26551301
26551300
26580280
26580281
26580137
26551310
26574730
26564230
26556120
26550750
26580270
26564000
26554300
26587100
26574520
26587570
26582440
26572120
26587550
26551570
26551510
26562130
26585590
26582450
26582460
26587140
26564180
26574751
26550770
26585100
26585200
26551070
26551071
26580111
26580110
26551100
26580020
26574110
26587350
26587850
26562310
26572010
26585030
26585031
26587781
26587780
26585070
26553110
26551060
26551061
26580121
26580120
26551090
26587200
26554450
26550810
26572330
26574220
26575000
26574495
26572300
26556170
26554720
26556340
26584125
26551170
26551380
26580205
26582010
26570140
26550007
26554430
26553190
26582228
26585220
26551320
26574600
26551208
26551520
26585390
26580220
26554440
26553000
26553420
26550710
26585750
26582330
26572270
26580200
26572260
26553030
26564190
26550220
26587110
26587111
26585021
26585020
26562250
26572050
26572370
26553050
26556230
26587005
26564140
26564150
26574550
26582700
26550020
26551000
26550070
26585230
26582470
26574560
26587810
26587811
26585060
26585061
26585380
26553060
26554310
26554790
26554660
26582180
26584010
26584011
26553291
26553290
26570230
26554700
26554690
26554390
26564040
26554570
26554580
26554710
26554260
26554590
26554370
26554600
26560571
26560570
26562001
26562000
26585080
26587090
26572340
26551150
26587580
26550760
26564590
26587080
26553130
26585047
26554110
26580180
26554200
26574130
26553500
26551040
26551041
26580131
26580130
26551050
26564480
26585240
26550720
26551491
26551490
26580051
26580050
26554210
26587360
26585610
26550200
26572060
26587590
26572290
26570370
26582525
26574705
26564390
26580240
26550190
26585210
26554180
26550180
26554610
26550170
26570250
26570130
26570150
26585620
26574770
26585090
26587070
26572020
26554170
26562360
26556050
26570270
26585250
26556400
26554400
26554100
26574703
26556160
26574084
26570240
26551250
26585470
26580070
26580150
26564330
26584160
26584161
26585661
26585660
26564280
26582070
26587600
26551530
26570410
26553180
26580360
26554780
26554420
26553170
26587060
26570160
26562270
26562280
26572220
26550100
26553120
26587210
26587220
26582480
26574040
26572440
26551230
26564290
26584250
26585320
26580080
26580260
26553140
26572100
26551010
26570440
26582190
26572282
26587370
26587610
26556200
26554280
26572180
26564410
26584020
26584021
26553161
26553160
26585400
26560541
26560540
26560542
26560543
26574050
26562370
26554410
26587230
26564470
26551370
26562120
26574140
26585010
26585260
26585045
26553490
26570080
26554230
26554340
26556240
26572540
26550010
26587050
26574630
26572360
26564130
26574670
26587620
26585410
26553100
26554480
26582490
26551560
26570280
26551140
26551120
26572140
26550730
26562110
26587000
26587003
26587010
26582500
26574160
26554770
26584200
26585420
26562070
26582200
26580420
26580410
26587630
26560520
26560561
26562400
26562440
26553350
26587040
26570120
26570430
26554500
26550110
26572310
26584210
26584211
26587020
26587021
26585510
26587755
26570220
26556180
26551550
26553281
26553280
26554160
26554161
26554290
26584120
26584121
26585680
26585681
26554351
26554350
26585761
26585760
26551500
26556260
26580440
26580690
26550800
26562060
26585270
26582520
26562300
26562290
26587105
26574490
26564300
26587640
26551400
26587240
26587390
26562190
26587400
26574480
26580160
26553070
26550740
26582040
26564070
26580375
26551220
26585280
26585290
26587120
26587650
26587660
26553480
26570100
26570020
26570021
26564021
26564020
26557660
26551020
26582530
26582540
26587830
26574580
26553260
26572520
26582000
26580000
26551470
26587380
26556300
26585771
26585770
26553231
26553230
26574470
26574440
26574400
26574420
26574620
26574510
26587680
26574120
26587250
26582550
26572320
26551430
26556040
26556213
26550060
26587670
26584140
26584141
26585670
26585671
26550040
26560500
26554080
26572470
26574530
26551270
26551271
26562380
26562381
26562160
26582090
26572190
26587410
26554510
26574690
26564090
26587690
26554360
26587420
26572170
26585430
26550160
26580370
26587130
26587260
26582050
26556110
26554730
26553377
26553020
26582560
26587430
26587440
26587700
26562350
26554650
26587270
26580135
26551240
26572030
26580140
26584180
26580210
26564120
26585730
26587840
26582210
26582570
26572240
26560507
26562330
26554320
26554630
26580100
26585015
26587450
26564310
26564220
26570310
26574000
26574010
26570110
26570210
26556490
26570420
26582226
26580170
26582030
26585630
26585635
26562100
26554150
26556090
26553333
26560510
26564490
26580330
26585121
26587720
26585110
26585300
26587740
26584230
26587023
26584035
26587710
26585120
26587730
26584240
26587022
26587024
26584037
26587460
26587470
26587331
26582340
26572460
26585310
26587540
26554270
26556100
26582580
26580190
26580125
26551210
26554530
26574030
26553340
26580350
26584150
26587150
26572250
26587480
26572150
26572230
26574570
26560550
26560551
26562030
26562031
26582590
26564510
26562180
26553370
26556430
26553320
26557610
26587160
26587490
26584260
26564320
26550115
26574640
26574450
26582220
26551420
26587801
26587800
26585051
26585050
26585130
26550790
26580400
26582600
26553040
26582610
26585190
26587510
26582230
26585440
26587170
26560460
26560461
26562410
26562411
26599899
26582620
26582630
26584030
26584031
26553211
26553210
26572280
26551130
26557620
26557630
26574750
26557640
26553045
26553360
26556310
26551440
26585640
26574610
26584130
26553250
26582240
26587500
26582250
26574410
26556280
26556290
26554030
26554040
26570300
26551540
26572284
26572160
26572045
26570330
26550080
26582260
26554090
26574200
26562240
26551228
26554470
26556220
26554220
26574210
26554670
26562320
26574590
26582350
26585480
26564340
26560480
26574060
26553470
26582640
26564010
26562040
26560495
26562230
26562390
26587820
26587855
26562170
26562200
26562210
26560490
26551190
26564210
26564240
26564241
26585330
26554120
26574760
26572420
26587180
26574070
26572380
26572410
26585460
26587190
26572450
26572130
26582650
26574650
26574700
26572350
26556190
26570200
26570340
26582660
26554460
26587520
26564080
26564081
26550230
26554155
26554000
26554010
26587530
26570290
26556080
26556210
26556017
26572390
26585500
26585490
26553270
26551350
26574500
26553200
26562260
26562080
26570050
26570170
26554190
26564270
26580255
26582080
26572070
26582100
26582060
26551580
26582110
26580377
26580378
26550150
26564110
26553240
26572200
26572210
26556330
26564350
26554740
26556515
26570060
26553090
26587760
26582270
26580390
26551081
26551080
26580091
26580090
26551450
26582670
26582680
26564520
26550130
