26540050
26510170
26545380
26540310
26525556
26520110
26535590
26510760
26520840
26525160
26530240
26545720
26521000
26521570
26525570
26525013
26520552
26520620
26525105
26535045
26535335
26535025
26535023
26545246
26520125
26510612
26510613
26510614
26510615
26520070
26515070
26525340
26545640
26535500
26520380
26535050
26521010
26510770
26545234
26510390
26545440
26545447
26515820
26545016
26525060
26510050
26510055
26521135
26510100
26515033
26510780
26525350
26510051
26521155
26545555
26521350
26510190
26525017
26545160
26540140
26535600
26521600
26520093
26515250
26545324
26535160
26510400
26525753
26525580
26515030
26510750
26520120
26540320
26545191
26545192
26540132
26540130
26510343
26530175
26525260
26525270
26515400
26520130
26521200
26525425
26540105
26510540
26525428
26535385
26520140
26525553
26521520
26510602
26530010
26521660
26515120
26520655
26535115
26520081
26520082
26520631
26520632
26540330
26540463
26521133
26545155
26510410
26525810
26510608
26510609
26510617
26510618
26515592
26515591
26510605
26535001
26535000
26535002
26535004
26520703
26525800
26545390
26525255
26525000
26515243
26540001
26540000
26540005
26540006
26521230
26520370
26520333
26515527
26545400
26535454
26535060
26535440
26515600
26520708
26545430
26510560
26525280
26525360
26510025
26525620
26540060
26545320
26545458
26526010
26521380
26520280
26535070
26525460
26515035
26510420
26535360
26521030
26545601
26510430
26515470
26515475
26520150
26525370
26525423
26535610
26521094
26520390
26521180
26510220
26525020
26545605
26520640
26525490
26535358
26510625
26535125
26510160
26545050
26545175
26540070
26545153
26535460
26525380
26521105
26535180
26520170
26545220
26520400
26525150
26525153
26535010
26515360
26510210
26540350
26540355
26521138
26521390
26521395
26515370
26520473
26515090
26510150
26525843
26520410
26521040
26521125
26530105
26530160
26545420
26545150
26545151
26545330
26521137
26510200
26521250
26545790
26540450
26520420
26525390
26535020
26545001
26545000
26545004
26545003
26545232
26540008
26521405
26521400
26530020
26525155
26525103
26545452
26510370
26515025
26515380
26515390
26525122
26525124
26521115
26521116
26535030
26525640
26515110
26520345
26540348
26525135
26540370
26521050
26510603
26515125
26515123
26521260
26525535
26521610
26520505
26510140
26520290
26545140
26515100
26525125
26521410
26530030
26515115
26511000
26545030
26540245
26545130
26515126
26521580
26520556
26510720
26520440
26520180
26530060
26521131
26515040
26515310
26535100
26510230
26520450
26545230
26535193
26540121
26540120
26540124
26540125
26515620
26545747
26510360
26540240
26545237
26521060
26510570
26545181
26545182
26540211
26540212
26540184
26535190
26535200
26525033
26521430
26515526
26521320
26520338
26540270
26525400
26520610
26515477
26515376
26520775
26510240
26510361
26510362
26520461
26520612
26525102
26525101
26520470
26510440
26520190
26525650
26525410
26515410
26515630
26525494
26525422
26525424
26521456
26521457
26520000
26510260
26540324
26521147
26545783
26540461
26525372
26545700
26510363
26520480
26520001
26515640
26525170
26515420
26540020
26540022
26540023
26540024
26540026
26540027
26520010
26510053
26535040
26545080
26515610
26525038
26515430
26535650
26545236
26525180
26510755
26540290
26540080
26535210
26515560
26515650
26515043
26510368
26520002
26535110
26515440
26521070
26520200
26515020
26515021
26520651
26520652
26510686
26521080
26515450
26510730
26520635
26535353
26515655
26535005
26545040
26540040
26515363
26521280
26515140
26521460
26525823
26525590
26521455
26510215
26510040
26515063
26535620
26510800
26515290
26510620
26545457
26535220
26525090
26525018
26540292
26510630
26510000
26510001
26525001
26525002
26521090
26510010
26510013
26510014
26510015
26510016
26525022
26525023
26525026
26525011
26525012
26510640
26545690
26526020
26530180
26525190
26525560
26520600
26525200
26540332
26520660
26535550
26515350
26521440
26521127
26525123
26525430
26535510
26540327
26535357
26535540
26515670
26515675
26510059
26525330
26525820
26540090
26520490
26545480
26520310
26521123
26510130
26525220
26520463
26545360
26521100
26515150
26545300
26540380
26520670
26515680
26535337
26525845
26525660
26510270
26540160
26525230
26515047
26545603
26525421
26545370
26535339
26540200
26510060
26545443
26525128
26510505
26510500
26545781
26535470
26515460
26510650
26545090
26521166
26525670
26545490
26510810
26545740
26525826
26535230
26515690
26535340
26535530
26540390
26545500
26515051
26515052
26510751
26510752
26520502
26520500
26545260
26525240
26535520
26515060
26521550
26540170
26545173
26510147
26520680
26510005
26520385
26545510
26510118
26510112
26510113
26510114
26510115
26510116
26525251
26525252
26520020
26525015
26525774
26510820
26510056
26510062
26510049
26510048
26520773
26521630
26520710
26515403
26520430
26520425
26510057
26525680
26525533
26545244
26530036
26510193
26510194
26515367
26515366
26535194
26525110
26530190
26545015
26535390
26545760
26540558
26520230
26525440
26515128
26520075
26545520
26545475
26520097
26521220
26545120
26545085
26510470
26535080
26540414
26515480
26521170
26545011
26545010
26545014
26545013
26545530
26515038
26515045
26545240
26520690
26520320
26521640
26510367
26535670
26520337
26521110
26515180
26515037
26525690
26525830
26520778
26530050
26515490
26520336
26521093
26545060
26515378
26515595
26520040
26510320
26520705
26520700
26540135
26535240
26515500
26525426
26545448
26545005
26545008
26535250
26545006
26510280
26515260
26510061
26515700
26515593
26545310
26510757
26535345
26545441
26545442
26540222
26540221
26545340
26510105
26510103
26535090
26535466
26515830
26520060
26525450
26521310
26510480
26525310
26521330
26540110
26520330
26510023
26515300
26525554
26515065
26515720
26545775
26545550
26545715
26545710
26540115
26521240
26520003
26545540
26520004
26535003
26535450
26525600
26525016
26525827
26520096
26520790
26510120
26510660
26526030
26525290
26510830
26515730
26520005
26515190
26525036
26525114
26525037
26515034
26535243
26520076
26510102
26525030
26515740
26510107
26540078
26535260
26525055
26545785
26540480
26521710
26535560
26535435
26515032
26520535
26515615
26535580
26521453
26526040
26525700
26540260
26525080
26525710
26520006
26510680
26510510
26515127
26515200
26525720
26521560
26510090
26520007
26525040
26510080
26545560
26520090
26510181
26510182
26515402
26515401
26545786
26545787
26540464
26540466
26535270
26530140
26525840
26526000
26535280
26545680
26545553
26515330
26540468
26520730
26520105
26510380
26510104
26520210
26515510
26515031
26515406
26515520
26525780
26510690
26535290
26520315
26535410
26520740
26521590
26515810
26535400
26510310
26515790
26545250
26545570
26545650
26510106
26545580
26515770
26535300
26515210
26510070
26520750
26510006
26525014
26520503
26515596
26521121
26545600
26545590
26520383
26521470
26540018
26540467
26515530
26540013
26520760
26520100
26540015
26510700
26525131
26525132
26521145
26521146
26515795
26510290
26535338
26520770
26521340
26535680
26535356
26530230
26535420
26510606
26545089
26545083
26545233
26535331
26535330
26535333
26535332
26525058
26520331
26520332
26520098
26520099
26521096
26540100
26535462
26525121
26530070
26535490
26510607
26525630
26535351
26535350
26535352
26535355
26535348
26521662
26521210
26525300
26540250
26530080
26520545
26510710
26526090
26535120
26540180
26520340
26545201
26545202
26540231
26540232
26525210
26545110
26545100
26510101
26521670
26515220
26520532
26510530
26515408
26520520
26510266
26545210
26540150
26545470
26545270
26521140
26515066
26530090
26520334
26525730
26510340
26530100
26545750
26535430
26515230
26515232
26545670
26535380
26535375
26540410
26510196
26525470
26545350
26515800
26525116
26520240
26521480
26530110
26545081
26521150
26525051
26525052
26520533
26520534
26535570
26545610
26530120
26520220
26520815
26510058
26510300
26530200
26515240
26520780
26520560
26525480
26521490
26545607
26535130
26515840
26520008
26515039
26525070
26510250
26545630
26521500
26540420
26515340
26515345
26545242
26515550
26520590
26510052
26535310
26530000
26545238
26525205
26540326
26545770
26540030
26545170
26540010
26515048
26515049
26520541
26520542
26545450
26535660
26515041
26525493
26530210
26530170
26530220
26525552
26549899
26535140
26510110
26510111
26515069
26515068
26521510
26525740
26530025
26521270
26525320
26525500
26525750
26510520
26545082
26510084
26545280
26520558
26540077
26515407
26510054
26520550
26520633
26510035
26545525
26545290
26540017
26530040
26535238
26525842
26521451
26525510
26540190
26520030
26520570
26520580
26535492
26520800
26525520
26530150
26520250
26520255
26526050
26525610
26520538
26510790
26521073
26515270
26521160
26521290
26525760
26510550
26521300
26515055
26520045
26521118
26545748
26525770
26521020
26535343
26540440
26520260
26510753
26545007
26515570
26521122
26521620
26510197
26540156
26545020
26525530
26545460
26545745
26525540
26530155
26535354
26540076
26530130
26520270
26530005
26510065
26510330
26520350
26510109
26510198
26525550
26510616
26525078
26535640
26520296
26510041
26510042
26510043
26510044
26510045
26510046
26525045
26525046
26525034
26525032
26515280
26535150
26545087
26520360
