24315650
24130670
24310230
24110780
24110460
24360000
24330070
24310120
24322440
24330360
24322490
24315050
24360070
24315180
24350098
24346176
24346099
24320155
24342691
24110060
24220009
24240010
24350510
24310420
24358740
24240520
24060036
24358613
24060030
24130250
24348170
24355150
24350093
24310527
24358716
24040130
24322430
24358080
24110490
24342110
24342441
24370390
24120480
24240440
24330385
24310040
24310505
24350325
24310395
24040250
24350150
24210385
24120020
24325063
24110090
24130080
24370310
24370309
24315571
24365240
24360002
24060033
24130030
24330085
24342050
24241410
24241415
24348180
24350332
24130020
24120130
24130025
24350324
24140330
24355390
24325270
24358646
24110570
24360360
24230460
24120100
24322410
24130170
24110410
24315000
24240550
24358230
24346127
24240750
24315120
24130270
24110292
24110180
24141080
24070040
24110000
24110064
24370330
24370335
24230000
24230001
24230002
24230003
24230004
24230005
24230006
24230007
24230008
24230009
24241110
24310430
24370020
24020300
24365170
24050150
24110350
24320150
24320190
24340107
24342073
24230120
24020230
24322155
24350330
24050350
24358090
24355260
24358409
24350059
24320230
24370580
24110150
24325170
24110630
24350129
24230125
24210200
24210220
24110440
24320615
24140210
24120110
24120115
24350066
24340080
24370405
24310357
24130700
24342675
24370214
24210500
24241270
24358110
24358700
24325015
24350400
24346134
24350270
24350420
24130676
24342010
24140380
24110001
24344109
24220020
24220021
24358640
24358330
24110020
24120070
24220360
24110210
24344000
24130360
24110533
24325064
24320097
24110493
24130210
24130215
24320010
24040100
24365100
24141365
24140005
24330286
24330281
24340040
24342415
24322420
24030111
24030110
24050130
24370170
24030080
24050030
24350350
24130230
24141100
24365040
24240630
24240510
24060049
24110400
24342645
24130801
24340320
24346054
24350590
24370190
24110801
24110548
24315687
24110532
24241350
24110690
24210050
24355090
24210000
24210001
24070000
24358611
24110802
24344561
24110448
24346041
24342000
24344562
24110370
24230520
24141120
24360210
24342820
24340185
24110710
24130444
24355200
24355030
24060010
24110637
24358120
24030200
24230485
24140630
24140310
24140580
24342670
24358585
24120330
24315690
24350580
24342395
24344101
24348350
24230590
24130420
24358711
24240270
24370283
24141335
24240400
24342140
24370436
24358619
24070120
24315384
24346111
24346084
24110640
24370291
24346082
24370402
24210320
24230030
24344586
24130580
24141000
24141005
24130175
24358550
24350242
24130802
24110549
24240355
24320405
24350314
24360140
24141333
24110130
24110135
24020030
24360340
24060035
24370271
24240140
24210070
24370192
24320485
24330170
24325062
24110530
24130211
24350020
24140190
24120180
24070110
24141280
24330030
24322535
24141465
24130370
24110546
24130735
24040016
24040010
24040015
24365145
24310400
24310020
24370110
24340020
24342230
24344574
24110120
24320151
24342076
24315450
24140500
24210160
24355300
24340200
24230320
24230322
24230321
24230323
24365160
24110286
24342392
24110250
24110670
24342410
24070090
24315280
24315270
24140280
24210540
24342141
24350490
24340290
24370211
24110230
24320140
24350145
24342075
24344160
24030340
24110462
24322150
24358460
24342240
24030150
24210560
24140180
24020110
24320610
24325150
24240680
24344010
24130619
24348030
24130650
24350160
24040006
24130675
24110785
24322445
24315680
24360003
24330330
24330075
24325060
24310110
24310160
24322495
24360075
24340005
24320100
24346055
24320091
24140063
24050184
24220045
24220041
24020130
24320530
24130200
24342020
24358350
24220040
24344100
24110635
24315272
24110803
24230130
24110804
24110660
24315550
24120450
24020150
24110040
24350277
24310470
24370193
24220190
24358629
24348040
24322350
24315185
24370590
24141163
24070160
24130035
24370060
24325210
24330130
24110170
24110290
24230200
24358190
24130380
24241265
24355080
24342418
24120043
24120040
24130205
24350013
24110013
24110002
24110070
24210390
24322340
24315350
24140150
24130803
24120315
24120310
24130638
24141170
24350075
24344504
24370600
24120035
24210396
24210395
24140460
24346000
24365010
24060040
24346053
24350348
24140040
24130005
24120196
24120191
24130001
24120192
24130223
24120344
24370610
24322040
24140010
24110574
24060000
24020320
24360160
24220390
24342480
24110200
24330300
24110636
24370270
24241130
24130475
24110003
24322020
24365090
24350010
24130435
24320280
24050260
24322446
24342680
24360570
24110233
24140230
24315160
24110805
24320180
24310270
24310150
24320470
24315140
24315685
24350125
24140064
24210170
24322220
24342220
24320030
24370160
24320570
24325005
24320505
24310405
24360170
24350300
24360190
24220290
24040005
24140440
24110136
24140160
24110284
24315580
24348150
24130620
24310000
24040310
24040320
24060005
24130807
24130805
24130806
24040330
24315405
24040160
24230270
24350209
24344190
24120050
24370150
24140314
24320000
24210410
24322130
24220000
24360010
24358020
24140285
24310095
24360230
24360320
24320290
24110405
24342770
24350056
24346065
24340270
24350730
24342250
24370195
24110076
24110075
24230310
24110695
24120440
24120000
24350090
24358705
24141460
24315150
24358370
24110065
24070005
24342180
24355310
24110463
24120510
24240770
24370470
24240220
24350390
24350080
24110100
24130677
24230140
24322310
24140410
24120400
24320050
24210440
24344150
24344590
24030260
24220010
24315655
24320310
24370275
24110160
24110256
24130678
24110800
24141015
24141010
24310350
24370130
24320020
24360014
24360013
24210340
24030050
24320540
24344566
24346010
24020094
24020091
24120320
24315320
24110300
24130570
24350031
24340150
24358430
24350287
24358140
24358253
24240580
24220080
24310650
24310516
24350175
24350203
24350205
24358293
24310630
24140370
24140375
24340105
24340100
24330285
24344520
24330280
24342702
24220340
24350235
24220180
24346113
24210460
24310545
24360530
24140640
24344508
24346160
24342079
24370320
24370325
24322530
24350115
24322000
24130290
24342234
24020020
24315274
24342170
24346020
24141230
24365270
24110700
24315540
24350272
24330105
24355305
24344145
24344106
24220110
24220111
24344555
24344554
24344556
24344557
24344551
24344588
24370278
24040050
24040055
24360120
24322160
24344580
24120170
24370015
24140050
24230010
24330290
24310140
24370155
24350342
24111160
24110665
24140395
24020200
24111040
24020090
24020080
24020081
24020082
24020083
24020084
24020085
24020086
24020087
24210080
24110027
24050215
24310290
24370280
24315750
24315389
24358412
24130110
24360004
24240800
24120060
24315390
24130808
24110205
24322470
24358450
24050080
24350280
24344110
24130330
24110610
24130809
24350077
24120485
24315070
24342738
24020330
24130780
24110340
24110495
24348070
24320440
24320200
24320094
24342685
24130637
24030000
24130446
24130447
24130445
24130308
24040200
24350530
24330450
24111090
24350000
24050280
24320090
24350022
24350306
24342785
24370440
24370445
24141430
24220197
24344543
24358693
24120030
24110786
24110531
24330340
24370340
24322496
24315605
24340310
24141095
24350323
24140065
24322345
24110025
24342086
24130100
24240135
24358635
24130770
24330080
24140555
24141500
24110465
24110464
24370370
24141390
24120190
24130810
24120055
24344542
24344060
24358480
24320320
24322080
24040180
24346144
24325070
24350326
24310100
24350130
24030060
24241360
24350152
24030310
24330111
24346043
24344165
24030280
24344492
24340265
24344486
24110550
24342397
24344117
24342394
24358607
24350275
24344118
24344490
24110675
24315480
24141340
24322170
24110026
24241260
24241250
24050040
24050045
24360090
24040045
24040040
24350045
24240020
24110451
24350087
24344488
24120054
24358605
24030205
24110806
24130440
24370220
24325090
24360015
24130240
24140250
24120300
24240190
24130630
24240390
24315510
24330102
24315273
24322153
24365273
24210090
24110453
24315031
24210270
24210271
24210206
24210180
24342210
24350405
24230040
24355190
24355180
24210325
24220090
24220091
24365274
24110555
24330113
24340225
24365275
24350085
24120120
24120125
24350107
24240210
24240211
24370125
24120034
24330350
24315610
24310260
24322497
24315686
24315034
24050183
24315382
24220165
24340240
24365190
24240340
24358651
24342442
24230180
24210330
24342080
24355240
24325030
24241280
24110760
24240720
24340130
24020340
24130550
24358250
24350201
24140600
24342805
24310300
24130590
24050165
24342743
24370282
24365180
24240760
24110560
24342072
24110496
24360130
24141164
24342078
24240690
24330220
24365200
24230560
24346103
24241140
24140420
24358420
24360450
24241160
24241100
24365146
24230058
24240480
24358170
24060011
24358417
24315156
24110220
24344030
24346050
24358040
24220220
24130460
24358615
24322070
24315620
24140345
24315155
24140360
24020070
24020074
24020075
24020071
24020072
24020076
24020077
24020073
24350680
24350135
24358530
24350232
24141190
24240370
24346121
24350740
24240230
24344506
24342200
24342656
24325240
24355050
24330110
24370292
24342400
24210120
24230550
24365210
24141200
24315656
24342806
24110697
24110415
24350011
24141337
24320096
24344592
24110515
24220210
24370284
24358622
24342746
24130811
24350250
24360480
24370375
24370090
24310625
24050180
24030190
24370380
24344102
24355060
24350320
24020280
24344040
24130720
24315040
24130442
24030270
24111140
24344050
24110442
24330380
24322498
24315675
24050181
24355000
24355230
24050090
24210520
24020240
24240170
24120305
24310440
24315700
24240250
24325280
24320420
24120275
24120270
24030013
24030014
24030012
24030011
24110638
24240145
24030001
24030103
24030104
24030105
24030107
24030106
24130812
24340280
24350240
24130443
24342460
24141160
24365150
24330060
24310103
24358085
24320270
24350070
24346107
24346114
24230160
24315570
24370530
24230450
24140215
24141180
24130634
24130610
24370212
24350344
24344540
24322330
24350064
24342730
24344070
24130085
24140216
24320380
24370289
24110280
24210450
24358580
24358660
24020295
24110450
24310595
24110175
24350540
24141030
24030020
24060020
24130635
24130636
24346060
24350137
24110455
24370395
24358395
24370200
24130375
24325220
24330120
24350057
24342414
24344175
24130060
24360280
24344112
24240430
24130813
24350068
24020270
24110655
24342420
24350310
24340000
24310585
24320330
24355185
24310340
24230260
24220150
24110390
24110720
24110653
24310560
24350052
24230350
24240410
24110547
24342795
24210465
24110050
24358760
24110645
24040230
24370660
24130500
24344480
24370196
24355210
24342074
24130804
24365030
24030030
24210345
24110255
24120036
24310240
24110443
24310060
24120037
24320220
24322499
24346064
24350327
24050182
24350062
24370287
24358540
24350237
24110260
24358416
24110004
24140353
24140350
24240030
24360600
24220100
24230090
24230100
24230091
24230101
24230102
24230092
24230103
24230093
24120005
24110124
24120335
24370279
24060045
24110125
24342280
24344559
24040270
24120430
24140385
24358639
24130710
24110575
24220380
24220381
24210250
24348060
24342082
24355290
24350082
24342427
24130814
24220007
24340110
24110807
24130086
24348360
24110565
24344500
24120080
24241220
24350060
24111100
24111070
24360350
24358418
24020310
24141240
24020069
24020068
24020067
24020066
24020065
24020107
24020109
24020108
24020112
24020111
24370290
24111180
24120160
24111020
24230370
24342260
24350260
24140130
24130378
24240380
24370630
24230360
24210370
24348080
24320260
24110808
24322480
24130775
24130130
24360310
24360290
24355010
24111220
24365120
24141040
24360390
24315660
24070006
24360150
24315640
24342744
24210175
24230070
24230071
24320410
24320370
24110305
24070010
24140590
24120260
24320225
24120038
24330390
24230490
24320390
24030230
24355302
24358645
24322290
24344563
24350065
24360540
24350215
24342725
24141360
24350072
24322250
24030350
24110497
24141070
24020335
24130470
24110257
24360080
24240350
24350410
24210130
24350650
24230230
24320153
24344589
24340220
24344170
24110815
24346051
24325200
24330150
24110015
24110010
24120233
24342741
24110030
24140550
24320430
24348160
24240470
24141168
24325285
24346068
24350328
24240310
24240730
24346106
24140376
24050210
24111210
24040090
24365110
24040020
24365255
24130026
24358165
24358166
24370250
24310330
24360580
24140680
24240780
24060037
24060039
24210290
24325180
24315300
24355130
24348090
24130815
24130816
24130817
24130300
24110620
24365260
24050110
24370272
24346040
24344035
24342391
24355140
24230126
24070035
24370640
24110545
24340072
24020098
24230135
24370404
24030090
24030091
24030092
24030093
24030095
24030094
24030097
24030096
24348010
24348095
24240130
24340330
24325160
24330190
24240100
24240070
24210406
24050160
24320226
24346073
24350329
24346104
24141260
24141250
24355380
24344565
24040000
24320215
24320152
24210530
24350720
24344120
24360017
24360016
24141400
24370273
24030220
24030221
24130386
24130381
24320092
24315385
24310190
24340030
24140320
24322370
24348190
24130690
24365147
24141185
24320580
24140048
24140100
24355195
24350370
24320450
24348100
24344570
24358050
24358600
24330160
24342290
24344550
24140318
24370350
24370401
24140316
24140315
24310355
24130243
24320340
24140319
24370540
24020040
24020041
24020042
24020146
24020145
24020147
24020047
24320285
24344125
24370010
24230330
24370450
24360060
24110038
24020141
24110288
24130520
24358150
24110810
24350690
24130385
24340271
24365060
24130087
24130088
24130082
24130083
24130081
24110491
24342760
24210405
24240740
24110115
24342160
24060080
24315030
24230480
24355070
24110216
24110217
24342081
24110534
24370050
24320250
24310460
24220130
24358220
24315165
24210288
24365015
24322270
24315387
24370480
24358650
24350470
24310535
24342060
24342755
24220330
24220331
24050120
24358210
24050050
24340070
24342705
24140000
24330000
24141380
24325330
24310200
24310515
24322360
24358160
24120470
24370670
24310320
24030056
24340232
24230390
24315110
24020095
24110225
24020160
24130410
24370100
24315630
24230541
24230540
24310500
24358630
24310533
24240415
24370281
24315470
24320240
24141085
24020120
24110449
24110499
24130320
24346109
24350139
24346098
24350710
24110730
24344546
24358616
24342087
24030180
24110811
24140295
24320350
24120325
24040120
24110678
24370680
24111075
24110537
24110535
24141480
24370213
24110218
24370216
24310050
24340260
24210230
24230410
24344180
24120230
24120235
24130730
24110444
24350340
24020102
24020103
24020105
24020104
24340300
24110809
24130480
24350700
24110080
24358620
24322280
24358735
24342300
24110646
24141565
24050330
24370296
24350210
24315010
24110556
24130450
24240500
24370294
24230423
24346078
24030055
24342825
24325020
24310475
24141300
24340045
24230022
24241310
24241320
24140390
24130510
24350053
24342393
24350220
24130275
24120333
24070045
24358626
24320400
24344116
24350050
24346102
24370297
24310565
24210315
24342750
24350285
24358440
24141167
24346061
24325310
24060070
24141520
24130305
24350640
24370276
24130206
24110466
24315386
24120150
24120337
24210210
24344538
24220200
24110137
24110441
24342115
24340155
24040030
24141510
24130640
24315212
24230580
24360065
24120039
24120006
24050140
24040170
24130242
24120075
24140650
24020260
24355250
24350318
24315318
24340250
24315383
24365020
24110445
24141150
24350190
24344583
24360040
24110110
24350027
24350308
24141270
24322450
24342130
24355270
24370197
24210455
24322380
24350095
24110035
24346074
24350670
24310570
24310130
24110446
24325065
24346076
24020096
24111010
24060046
24358652
24370420
24210590
24355183
24230170
24110812
24320070
24130280
24130285
24370300
24344130
24370295
24320515
24322140
24111130
24320235
24350142
24120135
24220370
24130660
24130665
24360110
24346165
24120210
24120215
24230131
24230136
24110498
24240775
24322180
24360550
24110540
24141162
24210286
24370040
24070195
24210205
24315410
24120340
24110126
24370285
24310352
24360005
24350450
24315420
24370080
24330400
24111120
24370277
24130430
24140173
24120350
24110140
24358419
24060050
24110145
24230525
24020205
24320460
24348200
24358240
24365130
24110122
24355370
24120096
24120090
24120095
24220070
24220071
24342077
24110036
24360420
24310170
24240195
24060027
24060028
24060002
24060008
24060025
24350172
24241210
24342700
24350071
24120390
24130276
24342040
24240360
24310210
24370135
24220160
24310360
24240590
24370550
24141310
24360510
24348110
24350110
24315670
24110146
24342692
24110666
24342735
24020170
24120220
24346080
24141420
24358614
24342660
24358680
24130600
24240560
24350225
24344509
24240290
24358634
24030123
24030124
24030125
24030121
24030127
24030128
24350100
24070030
24130286
24348050
24141410
24110310
24030330
24230570
24350180
24358638
24350042
24325000
24325040
24141560
24330140
24344552
24325066
24310180
24310590
24370400
24240080
24342360
24070200
24111190
24310105
24111000
24140400
24070170
24130306
24140020
24348210
24355020
24240040
24120010
24120015
24348260
24120360
24130376
24348230
24322115
24315290
24240050
24320154
24130000
24370274
24110676
24315220
24130160
24070180
24130040
24210150
24070100
24130010
24130530
24130465
24020097
24141140
24360520
24240420
24322400
24340060
24120290
24141336
24346137
24130150
24130273
24060006
24310010
24130355
24370305
24110467
24030290
24310620
24350401
24120045
24350336
24358390
24358260
24358400
24350092
24350610
24370490
24130377
24330010
24110235
24320500
24110651
24110715
24110679
24110650
24320265
24315060
24355235
24360490
24358270
24358609
24210201
24358636
24315400
24348220
24050250
24241190
24370500
24241275
24344587
24350061
24230425
24230500
24120007
24365050
24241230
24340160
24340170
24040240
24344507
24344032
24240260
24342235
24344581
24130277
24140305
24344541
24141440
24141450
24348270
24325130
24315033
24240710
24344200
24340190
24342390
24370035
24370286
24140670
24240110
24330270
24370421
24240650
24320510
24140490
24325120
24330325
24342426
24220270
24350037
24315130
24110375
24342450
24050340
24130490
24342310
24110500
24360590
24342340
24050290
24050105
24020140
24360007
24350014
24110215
24050200
24050190
24241020
24241000
24241002
24241001
24141490
24346220
24358360
24220120
24220121
24240180
24120250
24350316
24344119
24210400
24241050
24240705
24342090
24360006
24320520
24348000
24348280
24315460
24241040
24070020
24241150
24040280
24110320
24110282
24130400
24110539
24346090
24346056
24120336
24350660
24370199
24140070
24110576
24320550
24210580
24220260
24220261
24350047
24110813
24342084
24130050
24220060
24315166
24320055
24322200
24358633
24240540
24140223
24130337
24330210
24346100
24230240
24220008
24220002
24220001
24220003
24220004
24220005
24040260
24120317
24310425
24358000
24220410
24220195
24330410
24358180
24210346
24040140
24315215
24330310
24348240
24240035
24240060
24040025
24340245
24240790
24020350
24358649
24358290
24040300
24040305
24358060
24320040
24320110
24120460
24110105
24110106
24315230
24315190
24315310
24141110
24020250
24370120
24130310
24111170
24111175
24210145
24370360
24130680
24220153
24110155
24110639
24110139
24110821
24370315
24120280
24110325
24320080
24120490
24360410
24322520
24310580
24110447
24110529
24030160
24370288
24130278
24358500
24350212
24220350
24120046
24346110
24346132
24360180
24050285
24140675
24370460
24230440
24322385
24342720
24110520
24110005
24141330
24140090
24120295
24140290
24342320
24358280
24240004
24350460
24342740
24350570
24358675
24310410
24110147
24210260
24210480
24358715
24358665
24342637
24220320
24365250
24315271
24110468
24210300
24240185
24240182
24240181
24240183
24325230
24330200
24140045
24320590
24110577
24330109
24315669
24344149
24350017
24350293
24130750
24315616
24310220
24320227
24140220
24130818
24358637
24340010
24360330
24040150
24344582
24350025
24342408
24050286
24365276
24330108
24210100
24220050
24110816
24360240
24110580
24141435
24320130
24120016
24030170
24141130
24320060
24130745
24130740
24130746
24360500
24110740
24220240
24130819
24050310
24358625
24370403
24130315
24130309
24130345
24330112
24111050
24358300
24330420
24130207
24350200
24320600
24342715
24310540
24365230
24120047
24140620
24348250
24120395
24120048
24370030
24230470
24350040
24110008
24350055
24342380
24210190
24130209
24110590
24358413
24346058
24230210
24240330
24315330
24315340
24240670
24110294
24230190
24230191
24220300
24220301
24240570
24241290
24140060
24111200
24365220
24322510
24322500
24310520
24346086
24322190
24110258
24320093
24310090
24325300
24070140
24322320
24344591
24141320
24342030
24358470
24315710
24110677
24348290
24030210
24030215
24030211
24358415
24315380
24130260
24360018
24360008
24140530
24315720
24110790
24360085
24330020
24320490
24310370
24140164
24120017
24240120
24365070
24120018
24120019
24110355
24110156
24210240
24241090
24110787
24344505
24322095
24130356
24070070
24325340
24130820
24370560
24040115
24120065
24210445
24241200
24060007
24220401
24220400
24240000
24240001
24310556
24340210
24350030
24120240
24350625
24350016
24358685
24346180
24040290
24350097
24230050
24230060
24230061
24230062
24230051
24230063
24230052
24230053
24230064
24230054
24230065
24342430
24130216
24241300
24110066
24141090
24355120
24315740
24370298
24350295
24110360
24050010
24310380
24342747
24330260
24210470
24370620
24241120
24020054
24020053
24020055
24020058
24020057
24241400
24210360
24210010
24310080
24342765
24344115
24110595
24355220
24110680
24360560
24358691
24020210
24240300
24310390
24342650
24110380
24358407
24220065
24370198
24322230
24325100
24315560
24350500
24040220
24040060
24210030
24370215
24040110
24220030
24220031
24120044
24210431
24210430
24110510
24130350
24358670
24346052
24346112
24342404
24348310
24322390
24358320
24370255
24110657
24348330
24370410
24350211
24342835
24348320
24310353
24358310
24110365
24110366
24350302
24110475
24110470
24330430
24020010
24140570
24315090
24315100
24325190
24358560
24350247
24070050
24110067
24110068
24110817
24330320
24322260
24110006
24342790
24325140
24330100
24110007
24346066
24140465
24110226
24315730
24141020
24141600
24130821
24320545
24315430
24140317
24110009
24360086
24130773
24130736
24140505
24140506
24130307
24358570
24350252
24130540
24340074
24342745
24346088
24344544
24342640
24342635
24344537
24342655
24342665
24140030
24110566
24344482
24370650
24130244
24370240
24140155
24130245
24140255
24315530
24340230
24346124
24330104
24355304
24344144
24342836
24315008
24120370
24350094
24350331
24350091
24110770
24230220
24350265
24350255
24140430
24360022
24370001
24240320
24110557
24110579
24340255
24110037
24346130
24020125
24315216
24346092
24110814
24315590
24315591
24350018
24350343
24350219
24358520
24358405
24370025
24350170
24350630
24070080
24020190
24350480
24350051
24040070
24346140
24346150
24330050
24330040
24120410
24325067
24110469
24330370
24120200
24110818
24344104
24110480
24110476
24130425
24020099
24320480
24342780
24370435
24140170
24140185
24130426
24110149
24110085
24140286
24210280
24370256
24040080
24020000
24020007
24020001
24020002
24020003
24020004
24020005
24020006
24040065
24330250
24130246
24130247
24130241
24130190
24040190
24315240
24370510
24370293
24355340
24355245
24365080
24020336
24110028
24310070
24346057
24346108
24210310
24110206
24240700
24230150
24230165
24230161
24230151
24230152
24230153
24230162
24230163
24220006
24210375
24040210
24342070
24350520
24350245
24342190
24120216
24320156
24110538
24020011
24130560
24350360
24340090
24342830
24342085
24344510
24120500
24358510
24350217
24130225
24358655
24360100
24060026
24360066
24111150
24210140
24315360
24240703
24240706
24240225
24220420
24241030
24130336
24344548
24141540
24241010
24320465
24348120
24315210
24110127
24348340
24355110
24342402
24342810
24350230
24346125
24070060
24130070
24340085
24120195
24358340
24140256
24322100
24360440
24310005
24370070
24110069
24399899
24110138
24365278
24346094
24120297
24120296
24120056
24110296
24355350
24370165
24140200
24315658
24344553
24060047
24070150
24030040
24110420
24370257
24050070
24358654
24350120
24370260
24346170
24346072
24325010
24370520
24342775
24050060
24220280
24241080
24241085
24120420
24370700
24240150
24140167
24140166
24240660
24110647
24050100
24350304
24070190
24070205
24322300
24315485
24346200
24344484
24315001
24110656
24210035
24210110
24210060
24346190
24370690
24315370
24350105
24358200
24120306
24241180
24130734
24120316
24140466
24110236
24346129
24330106
24355306
24344146
24141220
24330090
24020206
24344105
24141370
24350140
24120140
24130208
24120059
24120057
24120058
24330440
24141350
24342405
24342403
24342406
24342433
24365279
24330107
24315667
24344114
24030058
24230250
24230252
24230251
24230253
24344579
24344578
24344577
24340050
24350430
24110356
24030005
24110157
24370265
24060060
24060048
24130265
24220170
24315600
24358710
24346175
24240460
24320620
24350005
24340180
24030130
24141050
24120307
24358750
24050046
24350202
24315381
24370180
24110705
24140450
24230400
24130220
24230530
24310280
24110558
24358690
24344564
24325250
24315260
24315265
24325320
24330180
24344536
24360025
24370005
24360030
24350620
24350112
24346096
24350290
24360220
24358410
24322255
24350380
24210380
24210350
24315409
24360380
24360200
24310490
24360370
24358414
24360050
24220215
24220211
24344140
24030085
24130616
24130614
24130615
24130617
24342800
24210490
24140405
24110237
24230110
24130790
24220140
24120338
24240160
24350177
24355160
24355170
24320120
24320210
24358631
24322375
24358130
24110238
24141060
24360250
24340325
24210510
24110477
24110765
24360300
24130006
24230510
24240450
24322120
24230380
24140510
24050085
24130448
24370230
24360019
24130248
24240196
24315520
24315615
24346122
24350167
24330103
24355303
24344503
24344103
24322154
24110706
24240600
24110707
24340235
24344487
24344545
24315055
24342695
24342690
24344547
24342815
24130379
24350131
24348130
24360012
24110165
24360270
24360260
24360400
24210550
24355100
24342100
24130449
24370210
24325068
24315005
24140156
24110648
24130249
24120308
24130639
24240395
24315500
24350162
24330101
24330305
24322152
24110708
24358730
24111110
24360445
24365140
24322060
24030081
24030084
24030083
24030082
24030072
24030073
24030161
24030075
24030077
24030076
24030079
24030078
24322065
24358070
24315200
24340140
24350600
24140470
24110270
24110819
24130340
24050300
24370266
24110330
24342232
24358425
24140080
24350207
24210327
24346105
24210347
24240396
24110240
24370570
24140270
24210570
24220213
24030057
24322210
24344020
24140168
24140169
24342443
24110430
24140006
24140007
24315635
24110395
24130747
24325069
24350032
24120380
24342425
24315440
24344122
24342071
24110176
24120049
24322460
24120318
24342239
24344535
24344108
24342238
24344539
24210121
24315170
24320360
24230155
24344107
24342470
24344523
24344123
24315735
24344121
24240005
24320555
24348300
24310175
24360425
24120276
24240383
24360009
24240280
24230265
24230340
24322110
24130390
24310555
24358406
24360610
24310525
24310526
24358590
24230420
24350015
24050170
24342411
24110128
24110129
24310510
24020290
24350102
24130105
24325061
24110820
24315375
24030250
24358490
24050295
24342710
24240490
24358720
24325050
24030140
24020220
24360045
24358695
24110600
24220230
24310530
24358100
24110190
24130733
24030240
24342370
24348140
24140300
24060009
24130135
24130140
24050270
24140610
24310550
24346210
24342440
