26063480
26050430
26033240
26023120
26030005
26035200
26277170
26082110
26088005
26083395
26298557
26290375
26299207
26089036
26060208
26070015
26276465
26265084
26294495
26033392
26277755
26023040
26263030
26061710
26083170
26263040
26083165
26010105
26260080
26088370
26052056
26087010
26290732
26041115
26010550
26298084
26292162
26298381
26265090
26275580
26255155
26260045
26297006
26290000
26290600
26291200
26294300
26277400
26279015
26250180
26271050
26083160
26084120
26260026
26032510
26277100
26277770
26061190
26087285
26040760
26042840
26010005
26297468
26299051
26295021
26290835
26291066
26010670
26298012
26291530
26281330
26023180
26297099
26290264
26230320
26040610
26053470
26299048
26010230
26010135
26020236
26292474
26011130
26230700
26262160
26060560
26272200
26010760
26010761
26216010
26290192
26272220
26041760
26099085
26215230
26083120
26041600
26010007
26010013
26286020
26250190
26279280
26050353
26010137
26030500
26020125
26063630
26291081
26088445
26290183
26030550
26298150
26051130
26032290
26033290
26086440
26085245
26089375
26290645
26051310
26280020
26298755
26051120
26285330
26087305
26035250
26053790
26041270
26041271
26050000
26053550
26090005
26087155
26298749
26010010
26279215
26065570
26271440
26266030
26225480
26030770
26210092
26265075
26265010
26280240
26260070
26255330
26070356
26272070
26299066
26042520
26042450
26050480
26298374
26299132
26291230
26084140
26297348
26260090
26298593
26050005
26042595
26040005
26012810
26215000
26061320
26279085
26286260
26281252
26086255
26277210
26015190
26051610
26087302
26011360
26013590
26292144
26060660
26082020
26272240
26020793
26220110
26030660
26085090
26011520
26085012
26033550
26089095
26088360
26070383
26083250
26292334
26276490
26271135
26293321
26070542
26277120
26030124
26277130
26041510
26030015
26041125
26030750
26296486
26022160
26225470
26210090
26271080
26285110
26052050
26051745
26070754
26022134
26286450
26262040
26296426
26280310
26051560
26255291
26089155
26080140
26082255
26011100
26041540
26297024
26255010
26065170
26255310
26013620
26086025
26087060
26030310
26281190
26277580
26080340
26030700
26298264
26255341
26083460
26083185
26276510
26083405
26296495
26065580
26262060
26087525
26087515
26266010
26279375
26030810
26290168
26265000
26087145
26032072
26220460
26033680
26033140
26080105
26042698
26265030
26010015
26292273
26083020
26061610
26296249
26262000
26032480
26270490
26296255
26062015
26292486
26293534
26013190
26012500
26225490
26296261
26088145
26225220
26020247
26011050
26292198
26083465
26041058
26220210
26261020
26042185
26088167
26221000
26260058
26070326
26255150
26290324
26297075
26063160
26053070
26299303
26286280
26291212
26291449
26070530
26225471
26262030
26012220
26080225
26272020
26011150
26086165
26086185
26050550
26279095
26099035
26265280
26271110
26290303
26050490
26291325
26060287
26065590
26011320
26210180
26262020
26061657
26280430
26053140
26031570
26291314
26281254
26087300
26080320
26293459
26292300
26271090
26297393
26040200
26085253
26299138
26010020
26010025
26230360
26020257
26050140
26280030
26277050
26052300
26260555
26290084
26061060
26041550
26262005
26080190
26298039
26030530
26061520
26220720
26053320
26265270
26060520
26052680
26011000
26011001
26060320
26080055
26279275
26279305
26272400
26276160
26293540
26220000
26033100
26266000
26050030
26010580
26277107
26087520
26021700
26061450
26041035
26210060
26087295
26295066
26063062
26225230
26275255
26298542
26050488
26275257
26023100
26030155
26031460
26285700
26061350
26050150
26050650
26087330
26292135
26255250
26220430
26051770
26087230
26298351
26089365
26277725
26262050
26041090
26286040
26221180
26276140
26285120
26216170
26231000
26088140
26225460
26294378
26040750
26070365
26220440
26271132
26032550
26062420
26295600
26070545
26012760
26030390
26250200
26022823
26281267
26041364
26041366
26296006
26290033
26295144
26277437
26293358
26087325
26033160
26088440
26080155
26278630
26272260
26033590
26277046
26088435
26032810
26260010
26277475
26086130
26260030
26292342
26280500
26088170
26294448
26083305
26292231
26278020
26279065
26276500
26282020
26280510
26030020
26279315
26290162
26298132
26292054
26280405
26291467
26032360
26290666
26277470
26070227
26278005
26051580
26255260
26020127
26087310
26042010
26070278
26280520
26032350
26084230
26290426
26032032
26030323
26089005
26277595
26272130
26083230
26277685
26280490
26087320
26275335
26041620
26032190
26061720
26021590
26281344
26041141
26022330
26062410
26052540
26291215
26012650
26290135
26270410
26050810
26089240
26050015
26050025
26298662
26297276
26262010
26265020
26276470
26040125
26290117
26051290
26270330
26033260
26043420
26030324
26086235
26265203
26070404
26020230
26041140
26040220
26013500
26052630
26065470
26298740
26060590
26279100
26023020
26089175
26030820
26031830
26050489
26051140
26022280
26021270
26277180
26030000
26030320
26285400
26023190
26022360
26020030
26280320
26021460
26285410
26291545
26022113
26061250
26040090
26040110
26022112
26277030
26286390
26012470
26040280
26030330
26099045
26080170
26083610
26086250
26033330
26030840
26062840
26263085
26281380
26050012
26070344
26279105
26260050
26216000
26088465
26089165
26041290
26085075
26010143
26297252
26266020
26296180
26299162
26070578
26052480
26020255
26260180
26022070
26031220
26220710
26275150
26010050
26035170
26032420
26082120
26088155
26085220
26298538
26294354
26092115
26285339
26285290
26011120
26020135
26255280
26297048
26230472
26230375
26010360
26012790
26276480
26285338
26275520
26042290
26030510
26086140
26031820
26021190
26021191
26086285
26087040
26082005
26089190
26043316
26290147
26082300
26291051
26261000
26290822
26291455
26292219
26041471
26030215
26250115
26261285
26255630
26270210
26062655
26280487
26285680
26280700
26280072
26022230
26065060
26065070
26042500
26010027
26291012
26042680
26087210
26010030
26082060
26256000
26225240
26210230
26275030
26292339
26083355
26298371
26255000
26041472
26022131
26260100
26083620
26070778
26020280
26089300
26082105
26082160
26053578
26216140
26061290
26082245
26294432
26296411
26052320
26013660
26012430
26088350
26215400
26215010
26255530
26282270
26291506
26215020
26062260
26010690
26041235
26050035
26041130
26270290
26033320
26022180
26022181
26041185
26230550
26099020
26033154
26040055
26040210
26285270
26220095
26011040
26298162
26082265
26088220
26088385
26295105
26010035
26285050
26292171
26022100
26296558
26276170
26285135
26266090
26297045
26088390
26088400
26088405
26299297
26298348
26064010
26296315
26299174
26088225
26013450
26087435
26012230
26087205
26088235
26285071
26051080
26299177
26051083
26086040
26088265
26086320
26088260
26088255
26220680
26012740
26088250
26086325
26088245
26070027
26050260
26061080
26030130
26083425
26293471
26083430
26220420
26296588
26083440
26080100
26277510
26087277
26083435
26083515
26290747
26010700
26298006
26089160
26087297
26220010
26092020
26297213
26282030
26062180
26292495
26278035
26296210
26088210
26250000
26064020
26215240
26261010
26050410
26032220
26296507
26296279
26296489
26263050
26082155
26088355
26083195
26052640
26215330
26086410
26083360
26042590
26276074
26030830
26281300
26051790
26298333
26276420
26270390
26031200
26290288
26010620
26294483
26298414
26275190
26053640
26043030
26030030
26083145
26279245
26064030
26294423
26052380
26031150
26030760
26015090
26041360
26020170
26285660
26070006
26070009
26070126
26070012
26299267
26290330
26083330
26052160
26015100
26023110
26023210
26089125
26087335
26276180
26294348
26013630
26032530
26086310
26266200
26276605
26272140
26062560
26292201
26290630
26064040
26070359
26297084
26063370
26053770
26052350
26041230
26275510
26041350
26085070
26092025
26296456
26276070
26291084
26050370
26063387
26210190
26282150
26220690
26041730
26265290
26225270
26270250
26215410
26215415
26216025
26255520
26022810
26030025
26010380
26255270
26050330
26225250
26210290
26041047
26061230
26023200
26220120
26279190
26292057
26299117
26275280
26279200
26292294
26089025
26087502
26280295
26087505
26085135
26086295
26053530
26220225
26011620
26051160
26279130
26089255
26050482
26290478
26022150
26051005
26299096
26290846
26221090
26225430
26053540
26297114
26295060
26051210
26063470
26033390
26031620
26023270
26061215
26082115
26080145
26298572
26277410
26299210
26298294
26089037
26070018
26022222
26030036
26276466
26294496
26023280
26070287
26052223
26032370
26021280
26085095
26282090
26293468
26235030
26031760
26286190
26060310
26282010
26061390
26292018
26298105
26070745
26022500
26010600
26280060
26279075
26277060
26292276
26280710
26013320
26296225
26290189
26060540
26297498
26062187
26062010
26290123
26255340
26053050
26297465
26298393
26277745
26062188
26297063
26278660
26297126
26297129
26050730
26085215
26070401
26061070
26083060
26299264
26296186
26070317
26282220
26086390
26050487
26296174
26297057
26053400
26296192
26070341
26087390
26082075
26290603
26065180
26062230
26031720
26210301
26210302
26215071
26215072
26015082
26015081
26052410
26052413
26012360
26292186
26291428
26070572
26296222
26080165
26265310
26298770
26280340
26286360
26295611
26296189
26089250
26090010
26298734
26296183
26271210
26265300
26052560
26051570
26260557
26030150
26051620
26083075
26051622
26052400
26290672
26023080
26295090
26051250
26290834
26299045
26295015
26092080
26050790
26281054
26012260
26052536
26041135
26051464
26070320
26061112
26061056
26052570
26275210
26062620
26088020
26087190
26083390
26292489
26033152
26033340
26292168
26266190
26220670
26087100
26086065
26296369
26040287
26061750
26062600
26070772
26061625
26042060
26061130
26012355
26280530
26262190
26042660
26062590
26281070
26021670
26070751
26088035
26277450
26035020
26086245
26276350
26022470
26282085
26298554
26270340
26041110
26285640
26070045
26293528
26262090
26070242
26063540
26050045
26061020
26250210
26250120
26064050
26070072
26052830
26296429
26020275
26062150
26080025
26063530
26062460
26010800
26012330
26041560
26255030
26292072
26266050
26296198
26278610
26278585
26296177
26041400
26022115
26062030
26065390
26216020
26052060
26255140
26262070
26262465
26062280
26083600
26298602
26299159
26262080
26294435
26290813
26298656
26031840
26277575
26099150
26275340
26050809
26279140
26297258
26276317
26294426
26021310
26088090
26022114
26285620
26285570
26064730
26063450
26297000
26292396
26291488
26020795
26298728
26021020
26293591
26255290
26010147
26294360
26275082
26064060
26030480
26020137
26062640
26215250
26052170
26291341
26298192
26298099
26294363
26087290
26083595
26089235
26276072
26050055
26298743
26299024
26065600
26092005
26293552
26286330
26280330
26297310
26277340
26053740
26070551
26070599
26070700
26298177
26063541
26064070
26296339
26033170
26035000
26035290
26035360
26296324
26070117
26290738
26296231
26011230
26061620
26090015
26291206
26295087
26084155
26260130
26041245
26042160
26279365
26062610
26064740
26215260
26013130
26082065
26089210
26275410
26042050
26291233
26292360
26070048
26052534
26286110
26291407
26061627
26015200
26086060
26298623
26051760
26022260
26293558
26298758
26290798
26279255
26266040
26278590
26278595
26086270
26275390
26299102
26010540
26281390
26298366
26282132
26262100
26060620
26033410
26030035
26030045
26035210
26080040
26080160
26298560
26297015
26277415
26299213
26298297
26070021
26082087
26294497
26299201
26299204
26296525
26080095
26030322
26220130
26086110
26292444
26291305
26290333
26291257
26220481
26299186
26220150
26053590
26065190
26063590
26063030
26011790
26020710
26083310
26087270
26297021
26089200
26290240
26285650
26050788
26298255
26083282
26040340
26070488
26277625
26290693
26290222
26298399
26061490
26299312
26277645
26277643
26086265
26065230
26295607
26030140
26041056
26060270
26250030
26050300
26050065
26040323
26015210
26043270
26276190
26053513
26275370
26050195
26062530
26277735
26277660
26277650
26088305
26292000
26040310
26042820
26051470
26299069
26298279
26020140
26070482
26061670
26063440
26088080
26277635
26299228
26040350
26020050
26020020
26020145
26291404
26062075
26040328
26070275
26085080
26053360
26025320
26041712
26083130
26064750
26064080
26062531
26292279
26064090
26013210
26052670
26063570
26011700
26297171
26070305
26088420
26040300
26050750
26277430
26053040
26013370
26052520
26020040
26277485
26043000
26087130
26266080
26291048
26050610
26297447
26225600
26299315
26277603
26051280
26021750
26053712
26015110
26061760
26277665
26294333
26291392
26225510
26085050
26296444
26062062
26061025
26011290
26083182
26298378
26275445
26012290
26032270
26277640
26087080
26277655
26040461
26061147
26015340
26061260
26250220
26255145
26262485
26265350
26070254
26052120
26052130
26063010
26286230
26086225
26297288
26052142
26291030
26010490
26012090
26291512
26298408
26298370
26043110
26080135
26298594
26255470
26040400
26064100
26260150
26291045
26294447
26296516
26263080
26064110
26215030
26255540
26050420
26276410
26088470
26292435
26276110
26070374
26084060
26225530
26271285
26031790
26225291
26225290
26210200
26292087
26296432
26043450
26285130
26010290
26043060
26053690
26087405
26087287
26088040
26089290
26089000
26088215
26271240
26277495
26220160
26082055
26053350
26220700
26060830
26291578
26041050
26290624
26052230
26064260
26270280
26220470
26031020
26286210
26089140
26080130
26084350
26261030
26277815
26088410
26064770
26052660
26299153
26021532
26061659
26021830
26011380
26030240
26276520
26030780
26292075
26060206
26272120
26261260
26051680
26020310
26040530
26030395
26085160
26276200
26291353
26070748
26297060
26293318
26088450
26292471
26064120
26296372
26030470
26084080
26215310
26064130
26285300
26060150
26277490
26060530
26277560
26060065
26061650
26099185
26298048
26012190
26085170
26052220
26050075
26266070
26265320
26012340
26291461
26052010
26260550
26275230
26291332
26298159
26083370
26021520
26030680
26281220
26298539
26292015
26070593
26292126
26062057
26291245
26291386
26065270
26261040
26082315
26070236
26087530
26051240
26297414
26296402
26088300
26298243
26062580
26064790
26292429
26064140
26013710
26292222
26256030
26279295
26277044
26030127
26060324
26270060
26277570
26040075
26297369
26298018
26070099
26082270
26020147
26087380
26297306
26281150
26272230
26278555
26060440
26220500
26083415
26276345
26285710
26086400
26276315
26042580
26012640
26031270
26040580
26084145
26035030
26050265
26083045
26263090
26053750
26297420
26298375
26286050
26087485
26070386
26041450
26297108
26260310
26012680
26031660
26298336
26291500
26291575
26221010
26220015
26216141
26043280
26281358
26063090
26215270
26020455
26276275
26262110
26035040
26216050
26083535
26060820
26040730
26040330
26050660
26297387
26292432
26260022
26256040
26282013
26085055
26020070
26080220
26299309
26053180
26043150
26060005
26080240
26084375
26084215
26293510
26290366
26296033
26296294
26295117
26290448
26276306
26050596
26050278
26293532
26293348
26215050
26296081
26262071
26064150
26295099
26030670
26286070
26022490
26271250
26265340
26064660
26041355
26087110
26087000
26087005
26298608
26010390
26012825
26010391
26084095
26043328
26041610
26042810
26290435
26265330
26263060
26050521
26010810
26041650
26281080
26051090
26275270
26070425
26291003
26298201
26294438
26221020
26083115
26031560
26041145
26041210
26299150
26082140
26021120
26280372
26089130
26011840
26050360
26050170
26297384
26292180
26060680
26271130
26225310
26064160
26032160
26090020
26291224
26070347
26051200
26051190
26292465
26062680
26277090
26053780
26290774
26065080
26011800
26064780
26063640
26020150
26083605
26293582
26063130
26064170
26280540
26065200
26012420
26041005
26061175
26063420
26041046
26230540
26225520
26080305
26279160
26298090
26043373
26040410
26032030
26013330
26040135
26297207
26041087
26041373
26065100
26062250
26087095
26280110
26070446
26281354
26255360
26286100
26022760
26062110
26065021
26083010
26279035
26060400
26298078
26070078
26062020
26293462
26041372
26282140
26065330
26041410
26080345
26298387
26293594
26295030
26279020
26291536
26087450
26295072
26043240
26291542
26220490
26220480
26265060
26265050
26292498
26030055
26286010
26021570
26023290
26087275
26070266
26298194
26294384
26083255
26012452
26276196
26065280
26295061
26230420
26064180
26215420
26265360
26063451
26032140
26041750
26082135
26020720
26020715
26299057
26293447
26297483
26050802
26060700
26051260
26299039
26087365
26297351
26298213
26084165
26021660
26061691
26032080
26062770
26225730
26298530
26084345
26085005
26013560
26051540
26080005
26298512
26294474
26064190
26064200
26297450
26272050
26281050
26250230
26270220
26065110
26064051
26261320
26041205
26064210
26062650
26022281
26083215
26220510
26297231
26064220
26013200
26085100
26062520
26275094
26043312
26220170
26061082
26277445
26061100
26064230
26262120
26275084
26293567
26070111
26020155
26060055
26291560
26292204
26083615
26256180
26294465
26060610
26033430
26020157
26298575
26277420
26299216
26298300
26070033
26294498
26051650
26051463
26070440
26281310
26298285
26022120
26051530
26299042
26296258
26278010
26296513
26290099
26260077
26263110
26011170
26220180
26220097
26011002
26011003
26011152
26011151
26051744
26298719
26294381
26290609
26060710
26070371
26061540
26278015
26296378
26275240
26031160
26296015
26012315
26023315
26065610
26070461
26290315
26261060
26230475
26041714
26084305
26292282
26272110
26084240
26298330
26061315
26021165
26015180
26021171
26060075
26030490
26281263
26050518
26020365
26216040
26031380
26022410
26230150
26280304
26294450
26083450
26089135
26277460
26084335
26279360
26062373
26022270
26087250
26064240
26296168
26263100
26010780
26080085
26064480
26285150
26041054
26279185
26270230
26279230
26020167
26063100
26276120
26277695
26296465
26053240
26015220
26293504
26290345
26296069
26296297
26295132
26290456
26293542
26293324
26035060
26050255
26290474
26041330
26215060
26050245
26290387
26296156
26290468
26290390
26296153
26290470
26285430
26290393
26296078
26050253
26290472
26070377
26070373
26278655
26262140
26250040
26297333
26295605
26282060
26080290
26297147
26087470
26298225
26087225
26265080
26296537
26020277
26272150
26083325
26032120
26220520
26250610
26291069
26265070
26060020
26080180
26285280
26290321
26299222
26050570
26088070
26263120
26086275
26277220
26041025
26083410
26061451
26261070
26290198
26062120
26286240
26020176
26292501
26290633
26030175
26293320
26278665
26042181
26060780
26053170
26043200
26015230
26084365
26084210
26089385
26293522
26290141
26290378
26296054
26296273
26295135
26070766
26050798
26290442
26276303
26050592
26050277
26293527
26086195
26293333
26285260
26277405
26060326
26070587
26088180
26061310
26270510
26064690
26020390
26286120
26043313
26043327
26050085
26281270
26296390
26271070
26010160
26291470
26021370
26022290
26271137
26262180
26082195
26063364
26015240
26215513
26082185
26041305
26290087
26053260
26293492
26290363
26296147
26296282
26290460
26043330
26011190
26293327
26298003
26296417
26281260
26052140
26230365
26082180
26294441
26032250
26050235
26010003
26221190
26015005
26215370
26015385
26285000
26020500
26020005
26280000
26030002
26030003
26083000
26276000
26084000
26279010
26085000
26085105
26063490
26033380
26061205
26082090
26298578
26298303
26050823
26294499
26225320
26088115
26021510
26297219
26041475
26041335
26083560
26290057
26041710
26220070
26225590
26290120
26286150
26296534
26261080
26281340
26041045
26033050
26279335
26043080
26279400
26013240
26060250
26250240
26030430
26042430
26061127
26030400
26260280
26279310
26065410
26280675
26292408
26082030
26279355
26015380
26021300
26286320
26061010
26089020
26041830
26043130
26012840
26292036
26296471
26020185
26292039
26290405
26265206
26282250
26277785
26065480
26291248
26042210
26042360
26041630
26290423
26265207
26272270
26296408
26050804
26060630
26286160
26298342
26260270
26220190
26255380
26032020
26088430
26296021
26083545
26030230
26296012
26220350
26291605
26032440
26296396
26088135
26031000
26285350
26277500
26015420
26020660
26281224
26070467
26210250
26086405
26290711
26052710
26280563
26070215
26040790
26086210
26298339
26031310
26053645
26290114
26064270
26281272
26086260
26220530
26083025
26031305
26052290
26260290
26294442
26043020
26032472
26085310
26260061
26043010
26225330
26060570
26292309
26050600
26033600
26022136
26052280
26099030
26052080
26297012
26296240
26220020
26294387
26040550
26282120
26296552
26279225
26270550
26290618
26022770
26010057
26031260
26010640
26230410
26296567
26032474
26220200
26064280
26215300
26279060
26298746
26285030
26293306
26292225
26061420
26062810
26042510
26297165
26060650
26070437
26070524
26052780
26089010
26020655
26293543
26089115
26292354
26263130
26210240
26082080
26294402
26061098
26285530
26225710
26285720
26043302
26043303
26043305
26043304
26279390
26215100
26275450
26061035
26011300
26085110
26297336
26295618
26089083
26033210
26040155
26040165
26297177
26296360
26281342
26041026
26070042
26063452
26041361
26064290
26013640
26010610
26013310
26053005
26061037
26063042
26092110
26064300
26215290
26297381
26020187
26295141
26043375
26277835
26033010
26051830
26060720
26080310
26290606
26015350
26298752
26022641
26297078
26278615
26295048
26010155
26083320
26083520
26070000
26043340
26031710
26040015
26088315
26086385
26033090
26025330
26021210
26041030
26033350
26061694
26291275
26230440
26023130
26012280
26286140
26280290
26060352
26250050
26276580
26296510
26015430
26013100
26060370
26070548
26277525
26011830
26065420
26299126
26083055
26021380
26063180
26070362
26290207
26271280
26053720
26088060
26266210
26266211
26032150
26277675
26280680
26089055
26298123
26030210
26064310
26051150
26020237
26040025
26041315
26085200
26290306
26277455
26278050
26050832
26265209
26271015
26281325
26256050
26260260
26299141
26032630
26292285
26290243
26033420
26020700
26041580
26061225
26080045
26298581
26298306
26294500
26290810
26020265
26286201
26275220
26265040
26088330
26052215
26064320
26031300
26041770
26050095
26085115
26294399
26041286
26061092
26294444
26298036
26061375
26265400
26022660
26290768
26041470
26032430
26220660
26041195
26298614
26291581
26278525
26290258
26293411
26290150
26270500
26020120
26053510
26070030
26013470
26062000
26065160
26041028
26064600
26295617
26220540
26041155
26082345
26297192
26293359
26053660
26299282
26050302
26260190
26298680
26292288
26255620
26050520
26277230
26290069
26275010
26082365
26087050
26042110
26062760
26298767
26285025
26292420
26021155
26031120
26256060
26290786
26030208
26087490
26020260
26263140
26051320
26291338
26279195
26279180
26088125
26272190
26270285
26070335
26275092
26012580
26084260
26064330
26052550
26052420
26297438
26021610
26053760
26010520
26280130
26086105
26291078
26062060
26053620
26050205
26297390
26062225
26298716
26299165
26294306
26085218
26089070
26070784
26065012
26099120
26021820
26013480
26281356
26293429
26022790
26080200
26020225
26292351
26020224
26277680
26291539
26293309
26293570
26040840
26070066
26089315
26031640
26293423
26292393
26086330
26042025
26061453
26043415
26293432
26082100
26296384
26051015
26021580
26020190
26293387
26043345
26298045
26041040
26084010
26293414
26010570
26293426
26293402
26293399
26277790
26065240
26281460
26293450
26297474
26299093
26296351
26276078
26250060
26064490
26290297
26220060
26210000
26280001
26290729
26293531
26297020
26064340
26294345
26275086
26216150
26292330
26293390
26080193
26062058
26087220
26296441
26087222
26293393
26033200
26087400
26089335
26062500
26281100
26088025
26064350
26298240
26293369
26020015
26086380
26070263
26060330
26051300
26255050
26011503
26277357
26290267
26210270
26070413
26040175
26050165
26086230
26083040
26298518
26299111
26299180
26050167
26265100
26011180
26021480
26041455
26299012
26298368
26032740
26250070
26050640
26050105
26292105
26271020
26294471
26280120
26275250
26281450
26299000
26280080
26282070
26050460
26281365
26040380
26278540
26263250
26285131
26276130
26087025
26053612
26041590
26279175
26032835
26083205
26031600
26012520
26290291
26086200
26292174
26050801
26030460
26025350
26277425
26040085
26285100
26285101
26296462
26031520
26220031
26220032
26216031
26216032
26216041
26216042
26070443
26021650
26053800
26291515
26215430
26065430
26282260
26296414
26265120
26042470
26214370
26015060
26015061
26084275
26298626
26022830
26265110
26292134
26085285
26015041
26015042
26088275
26052190
26285380
26210310
26060718
26042070
26297180
26080050
26082355
26298584
26298309
26294501
26022400
26012010
26099055
26261090
26070476
26070479
26089075
26286420
26070296
26043325
26292274
26053131
26053130
26050782
26063060
26050755
26250250
26022350
26293420
26030165
26035220
26030200
26032310
26293396
26030328
26296483
26275540
26293417
26291395
26053630
26292234
26293408
26299099
26290216
26041300
26293366
26250080
26255040
26011460
26285675
26040570
26062160
26020550
26292291
26295054
26083190
26052500
26052695
26065340
26051075
26040528
26297087
26270170
26031180
26032661
26032662
26031481
26031482
26215080
26087440
26099065
26022800
26011525
26070075
26275260
26084280
26030285
26282340
26275130
26085210
26298506
26012754
26270090
26082225
26279325
26032600
26290273
26080315
26033455
26031080
26011310
26299018
26270100
26296228
26293456
26265130
26296433
26297090
26263150
26063531
26061530
26290231
26062570
26281350
26035370
26221040
26042220
26255060
26220040
26292369
26285550
26083500
26060550
26277590
26042410
26292084
26013540
26297018
26296492
26040820
26012040
26279290
26042610
26042420
26279350
26291593
26082268
26299036
26022130
26051480
26053440
26297168
26061210
26271450
26031810
26035080
26062800
26020510
26010070
26065500
26297174
26041367
26061440
26084045
26292277
26011506
26277765
26291347
26292262
26070557
26062510
26023070
26040250
26292216
26285220
26021150
26293405
26295045
26298764
26021470
26061592
26020330
26063290
26020215
26260300
26084325
26040450
26281360
26298632
26298069
26040027
26297399
26295057
26030650
26060640
26060015
26290780
26085120
26210320
26293384
26297411
26295616
26290249
26297243
26225260
26062740
26062050
26050800
26293576
26291359
26070494
26061200
26015120
26080205
26064700
26265410
26298731
26089325
26010250
26271290
26021400
26062090
26064360
26255070
26085130
26293378
26032800
26035350
26277615
26063375
26064370
26025360
26086340
26299225
26293375
26292272
26297456
26299219
26062100
26050331
26035090
26086335
26082285
26083270
26070509
26070293
26256190
26064380
26262200
26013150
26088335
26299243
26277048
26299240
26291419
26022300
26022110
26020025
26064390
26013220
26051640
26092220
26022137
26062192
26280140
26278670
26250270
26215090
26041165
26292411
26021153
26290819
26082170
26088190
26281505
26276452
26022138
26220220
26087430
26084110
26051510
26278520
26020220
26298638
26061640
26050070
26256140
26013570
26021174
26092180
26070338
26298587
26298312
26294502
26279030
26064400
26215440
26031450
26296330
26032540
26040510
26291548
26281110
26292042
26060350
26250170
26276150
26082175
26013530
26052210
26031670
26030105
26083580
26298659
26070569
26053425
26015460
26088165
26270380
26030600
26060140
26285015
26282011
26290402
26040520
26060390
26265480
26041474
26290417
26070560
26050155
26085125
26295615
26260200
26088105
26070554
26275070
26061120
26030380
26033295
26041051
26041061
26070602
26082305
26070757
26022060
26083555
26050500
26292315
26070539
26265208
26210080
26290318
26271133
26012310
26296570
26041255
26051660
26282095
26297429
26051730
26215550
26040480
26064500
26040640
26022142
26063063
26255390
26052090
26051780
26082165
26060102
26012240
26275550
26011060
26080195
26225780
26062820
26280610
26053055
26290312
26290159
26052820
26011280
26089015
26295036
26086170
26050040
26260060
26064410
26040590
26064420
26215450
26221160
26281250
26279115
26299078
26092085
26051440
26292270
26053539
26021170
26021173
26041287
26041132
26276590
26292066
26265140
26064430
26292207
26291563
26298027
26291564
26041353
26291596
26285630
26032520
26255550
26260580
26255020
26085010
26279165
26297054
26292426
26041175
26298590
26298315
26294503
26277438
26290138
26040800
26086350
26087345
26033180
26010067
26050100
26296522
26225630
26275581
26296354
26030360
26272290
26061730
26099180
26290687
26295000
26065250
26062080
26060410
26298081
26012466
26272275
26062186
26279070
26013410
26099010
26262210
26084135
26050050
26070036
26290777
26013510
26041070
26291572
26022250
26040650
26297141
26015130
26291251
26012250
26042330
26087180
26298710
26290735
26250260
26292390
26021160
26250090
26297120
26041059
26085290
26086475
26297132
26070311
26063620
26020245
26080020
26298683
26010040
26041100
26023140
26298282
26250410
26292195
26291437
26262220
26272160
26053022
26020210
26020760
26051500
26270400
26279370
26290111
26216070
26298222
26030050
26041000
26065540
26040105
26297486
26291299
26299279
26298015
26070081
26070054
26089360
26053330
26064450
26020027
26070736
26065050
26296321
26297279
26275460
26020580
26052610
26285320
26281090
26032770
26278025
26299105
26292333
26087070
26285337
26290060
26210260
26299135
26298411
26041370
26053100
26063532
26277505
26063000
26042550
26210120
26276370
26299129
26279120
26272280
26061146
26030185
26276630
26087395
26088455
26276210
26083150
26021490
26065300
26286300
26292267
26060025
26063080
26225790
26020410
26062045
26298605
26290102
26291584
26050484
26220050
26278560
26260320
26082220
26061693
26280652
26042640
26271120
26040270
26011690
26020645
26263160
26021175
26053008
26265150
26020267
26086085
26089225
26291425
26088295
26295614
26010260
26292438
26013360
26225640
26215460
26082295
26086090
26298171
26294312
26086100
26293453
26294357
26070368
26086360
26010165
26294372
26291324
26051670
26089260
26070781
26087075
26291524
26070102
26070135
26032820
26022615
26010270
26052260
26291522
26020560
26025370
26216080
26291521
26020570
26299234
26086345
26290741
26063560
26282080
26299198
26021110
26087465
26023230
26291527
26040000
26260434
26270050
26270053
26033150
26255158
26276454
26276360
26089305
26011510
26011512
26060360
26272300
26021530
26085157
26298318
26294504
26032180
26275500
26291365
26292266
26040370
26292268
26053090
26292269
26065350
26297360
26070105
26070069
26292183
26099005
26050560
26295012
26020037
26292271
26290024
26041790
26050590
26282280
26286211
26295613
26087460
26299192
26070332
26070329
26285474
26297435
26070703
26022320
26292099
26261340
26272310
26070260
26089285
26040830
26298066
26050280
26060672
26070024
26040115
26051743
26010077
26275020
26275570
26061692
26011640
26063660
26230590
26298596
26062300
26292265
26099115
26299171
26062720
26099095
26277750
26298384
26261120
26260057
26022380
26042230
26080300
26298246
26021180
26082310
26291398
26083135
26060770
26021720
26070108
26051390
26299033
26292366
26023150
26299288
26298186
26050190
26015140
26053024
26010560
26290246
26021630
26021200
26299276
26021240
26089395
26292254
26050784
26294480
26296435
26298138
26035100
26070057
26013600
26290615
26298611
26296459
26089450
26255001
26298237
26062790
26050620
26275120
26052790
26033040
26032470
26298533
26297291
26291566
26040522
26225350
26015150
26084025
26061140
26051353
26083495
26013030
26298692
26297003
26070730
26013062
26050710
26086000
26221070
26292078
26260340
26220570
26285621
26051025
26023030
26290027
26296375
26035230
26035140
26033155
26060510
26063510
26042390
26285160
26050185
26087535
26087540
26033156
26276050
26084075
26285730
26030520
26032673
26030597
26298195
26070428
26275090
26294342
26070718
26062330
26011580
26280370
26099075
26296342
26010752
26010753
26010755
26010754
26210211
26292480
26050820
26022476
26250271
26291060
26220330
26297051
26033157
26012540
26086460
26062490
26255171
26085155
26275096
26083475
26250100
26220560
26279405
26230675
26230471
26015250
26086450
26020000
26020001
26225540
26291620
26215280
26270360
26290795
26010680
26085185
26260210
26265170
26032450
26083570
26083575
26070257
26010140
26261350
26060535
26256142
26030225
26291063
26291221
26298108
26021500
26277403
26220395
26089350
26294429
26062331
26070314
26061065
26220630
26062295
26032760
26032840
26031540
26011820
26023240
26225660
26062320
26012820
26271310
26271312
26271313
26261100
26021560
26261420
26261110
26012660
26087545
26086190
26012000
26294405
26084055
26031780
26050803
26290030
26292337
26256090
26265464
26061113
26294339
26032110
26032460
26032410
26022240
26260480
26256200
26087425
26082050
26082130
26080280
26298527
26292228
26294477
26250290
26285340
26089215
26085145
26292414
26082025
26040035
26298129
26086300
26291239
26265582
26265205
26084170
26010740
26010741
26275175
26031630
26051050
26021172
26285560
26043040
26041120
26290051
26041780
26270525
26290621
26041473
26281480
26089030
26260220
26031240
26043050
26032100
26280270
26035180
26020060
26033130
26042035
26086145
26080060
26085225
26089400
26298509
26298668
26298102
26070596
26290636
26255560
26291203
26030340
26089355
26285090
26277780
26290285
26256150
26260560
26032479
26085045
26250300
26281490
26290651
26270530
26290129
26271150
26070239
26052530
26084190
26298126
26031110
26256080
26041057
26083140
26255300
26255295
26290783
26290048
26276230
26010060
26030095
26082085
26277825
26270540
26291377
26291473
26053030
26263180
26275278
26070533
26276194
26084100
26089060
26089090
26276430
26010085
26215470
26070281
26225760
26052390
26290792
26285590
26020090
26022146
26032680
26099080
26065090
26032477
26088375
26225360
26035110
26060455
26261130
26099100
26053065
26262230
26053721
26084020
26089195
26285333
26296504
26281355
26031170
26291054
26070527
26086437
26270030
26270070
26050519
26084195
26278605
26262240
26291242
26297039
26277352
26070218
26033020
26210130
26070581
26221060
26083110
26030060
26293372
26083125
26011270
26012775
26271320
26298141
26292027
26230480
26031625
26033080
26272301
26065120
26052360
26292033
26062318
26062350
26060060
26070721
26065026
26082325
26292051
26015030
26292060
26031530
26060460
26256070
26290042
26086205
26277565
26061580
26298345
26216090
26040040
26225300
26083485
26297042
26250085
26291072
26276530
26087480
26040660
26070566
26277535
26293441
26084395
26285080
26041820
26041800
26087255
26087055
26060580
26010590
26042040
26281500
26099070
26030590
26270350
26275110
26276220
26279040
26022474
26290219
26296252
26285745
26086415
26225340
26265161
26294324
26262170
26292003
26080330
26070464
26031030
26042020
26042190
26271330
26041285
26011810
26050510
26040265
26276076
26291368
26291389
26012080
26032200
26294351
26092190
26042240
26042650
26250310
26030720
26030160
26051747
26277150
26089040
26290078
26010087
26010425
26255500
26291608
26296195
26061170
26021420
26291287
26291024
26263170
26070787
26290714
26087065
26011250
26276085
26270320
26088380
26290654
26292345
26266220
26292192
26087135
26033460
26260330
26022040
26292478
26050230
26272320
26050517
26040470
26285740
26013400
26280112
26022700
26041320
26088085
26010167
26082045
26297216
26050010
26292111
26292399
26285780
26271100
26092125
26051040
26022510
26299252
26010177
26050210
26050180
26299237
26087455
26020800
26087500
26083540
26250320
26042350
26060070
26040185
26298321
26070398
26294505
26043260
26292117
26030250
26292384
26261360
26020115
26292120
26261290
26070409
26292381
26292123
26020045
26280485
26260020
26292114
26276080
26295612
26296528
26060840
26060842
26043220
26030235
26070455
26061040
26298324
26060288
26275560
26291218
26292261
26061550
26290253
26088285
26031090
26261220
26216100
26276600
26281348
26296306
26013720
26282040
26088310
26295006
26225651
26051010
26070212
26020047
26295610
26050225
26085025
26061097
26089370
26277600
26277705
26298360
26276424
26297135
26285478
26010145
26010660
26262260
26010400
26033030
26280090
26282170
26080175
26053026
26011770
26260075
26040275
26286030
26262270
26031390
26260059
26061410
26285370
26285371
26285375
26271000
26271340
26277435
26278030
26282350
26282146
26260360
26031360
26260040
26031400
26031402
26070458
26261150
26220600
26291302
26070575
26070422
26010300
26088095
26298216
26270414
26272060
26032240
26296018
26041716
26290816
26272330
26292453
26290012
26290003
26290015
26290006
26290018
26290009
26279000
26279155
26279150
26279005
26271040
26277350
26280657
26031130
26277160
26041080
26064440
26291587
26080270
26280380
26084115
26296003
26263190
26220580
26021220
26250330
26297294
26088280
26275272
26292263
26043370
26279080
26030710
26050516
26061421
26063230
26210050
26225670
26220590
26035120
26089320
26296348
26281339
26061656
26041359
26292278
26020380
26030100
26250560
26083525
26278530
26020295
26012390
26089100
26294321
26279285
26298234
26295069
26299090
26065490
26276460
26286365
26295039
26281520
26263220
26225370
26050514
26051755
26040390
26010840
26022460
26277605
26298363
26083340
26053480
26291413
26298396
26290126
26277730
26089430
26040255
26085205
26086050
26298677
26281510
26023250
26083510
26070733
26051430
26042790
26042015
26299030
26063250
26020420
26278580
26215110
26285440
26297318
26012160
26043430
26070230
26279345
26022590
26051462
26022612
26080215
26031610
26275290
26060430
26015390
26030170
26275080
26051065
26052000
26250110
26298156
26290063
26230530
26298689
26276320
26050630
26089145
26286395
26084315
26061510
26221080
26220018
26294468
26022172
26022173
26022175
26022174
26012690
26010330
26291308
26040526
26082330
26083080
26070434
26087280
26022251
26270125
26270418
26022010
26080015
26290414
26275274
26070233
26279055
26290678
26053075
26051360
26023170
26060095
26070712
26270370
26042100
26263210
26296201
26052690
26022132
26296213
26296009
26265570
26277300
26275074
26277840
26215120
26277775
26285651
26263200
26061560
26089045
26285133
26070209
26086290
26082070
26276400
26255570
26255510
26272340
26275160
26277360
26298174
26051110
26051185
26271350
26022118
26070203
26052381
26292237
26272410
26035190
26260500
26022155
26022148
26020810
26022140
26262250
26084090
26291018
26271360
26042400
26280561
26280560
26030270
26280050
26280315
26280180
26220278
26220279
26216115
26216116
26013737
26013736
26256100
26065310
26021710
26277320
26265190
26041660
26215320
26040540
26291039
26298024
26230450
26030128
26041055
26298373
26086435
26089185
26080335
26053025
26221005
26286440
26295033
26013270
26276280
26088160
26025380
26250340
26298671
26021177
26210021
26210022
26215532
26215531
26015070
26010185
26041065
26021243
26298635
26298650
26084300
26290234
26084005
26086070
26050580
26280672
26216111
26277830
26261140
26082360
26291611
26033000
26080010
26084040
26256110
26020842
26292264
26052040
26291281
26040810
26031800
26278040
26220080
26265560
26020240
26031700
26277355
26296480
26298087
26070395
26042184
26032230
26061050
26298327
26262290
26020297
26063690
26294315
26050060
26275078
26070410
26070407
26060846
26089440
26012120
26225700
26088490
26011110
26298390
26277740
26031440
26262150
26299261
26285310
26065550
26270470
26070129
26010710
26278625
26015440
26080070
26290165
26011220
26086075
26032170
26053460
26051450
26297477
26299072
26033510
26282290
26050220
26085030
26292045
26297150
26262340
26086125
26272350
26277710
26299081
26290639
26064460
26011160
26290279
26293465
26277760
26080115
26031650
26255410
26030065
26297471
26277610
26260375
26082190
26278000
26291021
26225280
26225279
26299003
26032090
26021550
26292063
26070372
26298120
26083455
26021061
26089080
26216160
26215130
26221120
26220260
26280390
26291042
26277480
26022670
26012620
26286270
26285600
26060115
26261170
26022252
26053650
26030245
26061316
26092050
26040331
26296312
26087265
26262007
26086240
26050806
26062189
26260230
26225560
26021790
26011210
26070392
26070393
26070394
26041840
26030120
26215480
26275590
26032620
26250350
26280230
26060470
26086455
26032210
26030070
26280190
26087015
26020630
26291033
26290804
26290825
26030080
26220250
26083300
26012020
26292024
26060170
26083530
26082215
26291027
26280200
26088120
26070512
26220230
26265440
26290702
26030327
26088340
26061690
26021350
26061075
26277530
26040630
26064470
26291383
26013610
26052270
26282180
26020520
26031040
26285010
26020780
26087360
26082200
26292213
26290210
26294393
26088010
26083295
26299108
26065130
26293303
26051100
26084035
26298761
26276515
26261190
26042740
26261160
26230500
26290648
26298417
26271160
26020360
26270416
26294408
26272370
26022331
26285751
26285750
26292177
26298147
26086215
26279420
26085190
26020160
26291614
26297432
26260400
26033270
26084180
26084185
26279340
26298548
26290660
26270010
26088075
26041075
26265430
26020235
26089110
26270200
26290408
26266100
26281240
26220270
26291602
26021730
26298629
26292504
26292507
26295027
26298270
26255590
26221110
26033450
26051000
26042760
26051410
26290837
26297495
26299006
26021030
26012130
26031690
26055002
26250570
26080325
26298524
26290105
26299114
26210070
26020650
26282300
26022370
26085150
26261200
26261370
26060340
26279170
26277670
26032010
26262280
26297033
26277370
26083625
26215140
26278545
26084385
26032115
26261210
26291482
26052310
26290039
26290066
26261180
26292336
26030610
26011400
26265210
26061145
26087165
26291494
26061780
26080150
26275300
26021010
26294462
26296246
26263240
26281000
26290699
26275440
26260035
26020055
26082230
26042183
26250140
26060480
26279320
26070308
26061085
26042270
26216120
26290801
26285170
26012070
26265200
26010790
26262330
26290663
26291497
26050807
26255370
26087445
26010410
26052070
26255090
26280400
26052340
26082040
26290093
26022710
26035300
26260370
26022145
26285390
26276440
26010370
26010371
26041265
26250360
26086055
26011070
26277810
26042730
26042480
26020057
26035380
26215490
26290828
26260085
26272010
26271370
26290261
26043380
26290789
26290429
26085300
26280220
26052750
26041740
26032000
26298144
26061015
26250130
26086375
26085060
26220620
26082235
26271200
26031010
26263230
26051550
26291518
26281230
26281359
26089065
26292081
26080230
26089170
26220300
26290696
26298231
26255210
26280100
26286250
26070521
26265220
26210160
26271380
26291036
26060050
26070727
26065030
26297183
26221100
26060220
26032750
26220290
26070775
26065040
26084150
26294459
26040770
26298405
26260590
26085295
26291260
26250630
26290705
26086080
26298030
26043390
26279260
26042280
26082210
26092165
26052470
26291416
26092170
26255230
26083225
26070380
26286180
26084105
26083350
26290072
26290174
26298653
26285761
26020065
26290669
26087045
26060200
26083345
26088480
26262130
26265630
26088050
26043360
26087120
26051330
26298153
26083100
26061090
26292132
26250370
26060605
26050816
26286220
26084225
26215500
26060105
26291317
26260056
26013700
26070452
26061300
26265230
26063445
26084175
26010855
26295609
26280210
26255172
26053310
26050740
26295081
26292258
26299147
26292348
26020067
26290075
26297240
26296531
26032785
26087260
26216131
26210110
26216130
26294456
26290171
26296423
26061095
26280690
26030280
26032560
26297111
26032690
26299189
26085017
26040524
26281274
26276450
26297027
26061790
26042030
26070290
26061055
26296000
26292477
26297123
26041250
26292093
26296477
26083210
26230160
26250315
26291015
26270110
26270112
26052430
26275060
26053085
26225380
26053095
26250380
26020350
26053010
26013140
26051600
26030195
26255400
26255580
26296501
26062830
26041420
26082095
26084235
26089105
26298057
26020590
26250510
26022540
26266060
26050770
26050450
26060290
26012770
26221130
26063200
26052440
26297009
26030370
26087020
26298135
26061595
26286170
26084290
26084255
26063410
26062095
26053700
26291006
26298114
26265260
26297210
26296540
26050792
26297327
26062067
26279250
26290675
26083275
26281530
26064510
26215331
26276240
26278583
26297195
26297198
26297417
26265640
26084050
26020460
26021410
26086150
26052533
26278570
26011090
26298701
26040420
26060190
26070269
26070284
26070431
26032500
26062380
26082370
26042120
26260420
26061005
26042090
26272090
26260430
26052580
26011680
26285331
26070503
26011664
26083470
26281265
26296336
26088030
26020177
26299054
26023300
26088230
26290684
26061649
26061840
26031730
26061360
26286261
26282190
26030110
26297492
26292141
26062470
26291075
26291326
26041715
26298072
26065360
26064520
26053105
26291209
26277550
26040670
26299021
26290336
26285450
26083380
26277515
26277260
26277020
26291464
26277010
26087207
26085175
26061695
26030090
26291323
26215560
26087175
26087420
26294390
26020485
26299285
26277110
26297093
26277630
26043350
26010350
26030620
26089050
26080120
26297363
26020305
26272180
26050115
26272170
26290225
26282110
26033280
26043400
26290642
26298620
26088320
26292405
26266110
26277270
26281570
26061680
26085235
26085240
26050794
26050808
26020315
26020320
26050819
26050796
26050805
26020470
26086115
26050814
26262320
26262310
26262300
26084270
26087150
26087185
26088000
26087187
26255600
26011615
26030180
26065520
26063040
26065370
26062070
26088240
26285460
26285240
26063020
26277250
26070739
26286090
26033440
26278640
26290255
26065031
26285690
26291443
26051350
26297105
26053710
26040780
26033300
26255080
26296234
26221050
26293483
26041295
26085305
26277439
26061093
26220640
26293363
26292156
26265450
26020325
26041500
26260440
26052535
26053200
26053198
26033060
26262350
26083385
26277520
26277555
26062068
26255130
26086220
26087510
26099170
26292483
26220650
26033480
26035270
26010150
26291263
26011030
26290432
26042630
26083565
26297285
26012450
26012451
26277845
26042620
26291503
26052650
26062193
26061165
26279380
26296363
26088100
26291269
26087495
26296576
26297480
26299060
26053060
26032700
26265550
26277620
26051141
26089150
26220240
26010080
26276250
26275576
26266120
26060450
26297372
26085023
26092015
26020290
26042750
26061700
26298165
26050786
26060010
26295608
26020665
26297096
26083550
26291290
26062194
26271140
26271030
26261250
26297453
26279235
26051800
26084030
26011260
26270480
26279125
26084390
26281352
26089205
26050486
26210140
26265160
26085180
26087240
26280655
26296333
26061135
26015450
26061775
26085014
26291057
26261230
26296389
26294420
26297237
26296543
26021360
26291000
26042340
26298641
26294396
26053340
26281060
26013340
26291087
26293588
26281040
26062660
26013180
26065380
26285121
26089330
26261240
26064530
26210011
26210012
26215512
26215511
26015012
26015011
26022116
26292450
26087085
26292090
26296243
26220140
26266130
26291293
26060832
26085020
26061195
26263270
26087215
26062450
26052250
26070087
26275100
26084295
26292252
26032640
26050400
26277585
26042310
26281580
26279300
26051783
26042690
26265240
26041020
26299291
26013580
26030190
26297297
26293307
26050130
26023260
26279240
26291329
26290420
26276060
26276061
26297303
26276620
26260450
26086280
26065530
26030831
26087195
26080255
26089220
26278757
26292297
26063645
26292327
26294309
26041700
26292321
26292318
26281334
26051035
26296405
26053230
26015260
26293507
26290348
26296039
26296291
26295114
26290454
26293541
26293354
26293345
26030598
26294375
26041501
26292324
26292306
26265610
26020250
26263260
26015360
26292249
26061600
26021250
26070353
26013110
26271134
26296450
26281280
26290201
26276031
26276030
26297309
26011550
26050680
26050125
26299255
26021260
26021070
26299270
26021072
26041010
26053560
26092090
26053220
26293513
26290351
26296150
26296264
26295120
26293539
26281333
26042182
26261380
26265250
26225390
26022560
26013090
26086395
26061312
26015270
26250335
26012100
26290270
26299123
26030540
26055010
26053121
26292441
26296453
26012320
26255420
26060670
26050135
26060035
26052165
26280410
26020117
26030010
26030695
26291458
26086180
26293537
26278510
26087235
26012060
26291254
26297030
26297345
26295606
26064680
26053250
26053035
26293495
26290342
26296042
26296300
26290458
26293544
26030350
26285360
26084070
26298210
26022720
26033540
26294411
26297189
26082280
26084085
26296585
26099125
26262360
26296474
26263290
26012440
26023050
26087022
26293315
26070221
26083085
26291623
26215150
26012750
26010450
26285180
26051270
26042780
26299075
26298207
26053115
26070132
26063362
26061160
26220610
26220098
26220099
26063383
26052620
26011650
26290771
26276380
26061500
26263300
26271410
26022261
26041150
26041180
26064540
26040405
26216125
26050380
26215540
26030800
26290180
26299120
26215160
26012460
26089120
26290096
26256120
26271001
26033220
26210171
26210172
26215342
26215341
26291371
26275430
26050540
26032490
26070206
26050120
26092160
26297375
26085265
26085275
26085260
26297144
26061126
26020750
26010630
26022650
26070090
26015280
26053385
26011560
26279205
26279210
26285580
26042041
26042720
26210330
26070245
26286367
26262370
26270535
26041275
26281020
26281030
26061400
26089265
26090000
26060810
26286310
26087090
26291533
26053647
26210325
26298204
26275310
26291410
26010720
26092035
26293564
26041720
26064800
26062240
26065041
26087115
26089340
26298021
26089425
26281332
26297264
26083400
26062670
26013300
26086020
26290762
26290327
26278675
26050250
26298276
26040320
26051420
26299087
26294318
26087355
26293555
26040680
26286200
26285020
26061380
26292150
26051750
26255190
26030410
26032260
26291434
26299195
26062630
26215170
26275530
26290250
26063390
26031770
26299183
26063270
26050200
26035130
26088065
26291446
26282130
26285040
26063340
26292012
26030420
26051070
26086030
26285540
26040600
26298183
26050145
26286111
26277105
26285591
26050223
26221150
26051840
26278635
26050690
26092045
26064810
26290156
26276100
26032130
26010090
26293463
26010388
26285770
26286410
26292417
26041160
26041170
26088045
26041358
26033520
26033500
26064820
26298189
26021840
26064830
26012630
26084400
26084340
26270120
26265540
26041088
26277540
26021130
26021131
26299273
26021320
26061245
26282105
26040720
26020450
26060180
26261280
26266140
26035050
26032610
26293435
26053610
26064760
26291380
26062780
26061370
26030260
26085230
26298698
26297273
26297459
26292375
26292138
26070584
26040360
26060110
26042150
26298198
26041200
26282017
26011600
26011602
26061830
26030145
26278515
26290300
26070563
26080210
26015020
26285470
26087245
26031580
26292096
26255170
26055000
26052590
26011523
26033070
26298168
26292069
26050350
26270080
26261390
26261270
26012510
26276540
26012030
26030730
26270520
26083095
26022382
26088415
26070272
26272030
26042250
26295003
26060030
26290213
26053600
26082350
26085280
26297204
26042712
26060628
26282144
26277436
26061658
26041362
26225400
26297402
26080035
26080075
26062730
26064250
26032400
26275140
26013250
26013040
26220320
26298500
26298674
26291569
26294486
26070449
26052020
26063310
26297441
26285291
26041452
26032720
26080090
26065140
26292378
26296303
26225720
26275170
26082240
26020430
26225570
26013420
26225580
26256020
26260240
26013417
26041310
26062700
26270300
26298042
26022340
26256130
26294366
26293312
26012720
26089035
26220310
26022480
26260570
26012210
26053680
26063070
26083200
26065440
26087160
26062480
26298093
26282240
26032780
26250640
26292246
26040560
26021290
26282050
26298357
26050340
26053150
26032790
26051180
26061027
26275050
26290438
26040690
26060100
26277805
26083445
26277720
26020010
26295603
26083290
26276550
26020077
26031740
26292021
26013653
26297423
26070063
26051460
26270130
26087415
26064550
26215360
26053420
26277715
26298354
26080110
26292513
26063385
26052200
26294327
26290726
26050020
26050110
26293444
26064560
26013550
26013555
26292147
26277545
26062140
26065260
26060000
26087035
26022620
26285531
26083090
26070497
26061047
26282100
26070060
26060085
26060260
26041240
26052840
26052720
26297366
26070120
26051170
26225410
26050440
26040290
26285571
26053648
26021680
26021832
26062690
26064840
26290765
26290759
26086035
26299249
26012140
26021540
26225740
26020174
26061105
26290257
26061281
26061280
26065611
26298117
26290294
26296318
26296582
26297405
26022305
26022306
26022308
26022307
26010422
26010421
26010365
26271010
26296420
26297234
26070491
26290251
26296171
26022210
26062130
26041260
26063170
26053380
26050240
26281491
26040700
26260510
26266150
26083335
26296219
26298075
26010510
26292459
26292468
26221030
26088055
26040490
26278645
26064580
26296438
26062540
26087350
26275088
26280260
26030575
26292303
26086120
26085085
26064570
26065051
26275076
26276270
26060281
26210081
26060280
26063220
26088175
26290252
26285230
26010120
26299015
26010157
26087370
26297378
26295084
26055001
26051230
26296327
26051232
26276330
26282087
26281200
26022282
26011410
26011407
26255440
26022271
26011352
26011353
26011355
26011354
26293357
26293480
26084117
26276340
26042130
26282230
26063500
26053410
26279050
26041063
26022440
26041460
26061653
26061654
26061655
26286460
26062750
26062360
26052240
26020085
26083035
26084310
26291485
26070114
26070742
26060730
26035310
26089410
26015160
26087375
26060740
26052810
26035320
26089415
26041477
26060750
26053045
26089038
26089032
26262380
26089034
26089033
26089031
26084285
26084320
26043343
26298704
26064590
26050160
26296135
26296102
26296051
26296114
26296132
26296099
26296105
26296108
26210340
26050840
26020840
26275320
26297408
26295604
26060420
26290357
26296072
26290464
26050791
26084250
26210051
26084245
26086425
26281210
26060800
26053190
26043170
26080235
26084355
26084200
26293516
26290369
26296057
26296288
26295123
26290446
26276305
26050594
26050282
26051615
26293530
26084125
26011020
26088185
26292030
26053125
26022690
26292243
26053505
26013390
26053503
26021100
26053580
26210150
26290384
26296048
26290466
26255450
26296309
26012370
26022192
26022193
26022194
26022195
26086430
26043310
26022730
26293474
26290254
26020087
26299258
26290054
26015290
26087385
26298737
26279220
26290411
26084265
26052330
26042380
26030290
26281370
26298707
26298722
26022821
26225420
26088130
26285670
26215350
26085065
26041049
26297081
26255100
26061314
26011670
26087170
26080260
26255200
26270260
26286340
26280450
26290612
26011430
26060090
26052150
26041280
26266160
26062550
26275470
26291374
26087410
26041368
26290627
26293579
26033560
26210350
26060600
26291320
26010095
26083315
26061185
26086305
26290108
26083015
26052100
26053730
26011490
26050720
26083505
26030125
26089147
26255101
26030220
26083480
26296546
26022530
26061115
26297162
26060380
26040215
26089280
26087030
26070590
26210091
26272380
26298291
26061330
26099165
26092135
26022740
26215520
26053450
26281336
26033110
26297159
26062170
26276090
26275330
26084130
26084015
26085195
26263185
26063110
26031330
26292165
26291554
26291557
26275490
26277290
26280085
26010287
26088453
26086465
26040001
26088325
26292402
26085015
26033275
26292510
26060230
26020680
26293573
26063670
26062105
26053670
26064610
26062430
26063150
26031370
26070299
26062290
26062040
26086005
26083235
26297462
26292210
26291227
26092100
26050215
26250305
26292009
26062002
26293300
26062165
26062175
26063380
26064620
26298000
26064630
26298566
26298420
26298051
26261300
26030040
26256210
26050090
26042800
26033230
26298503
26279333
26041369
26052510
26281012
26020095
26280300
26280070
26250160
26051700
26033158
26230580
26263175
26286400
26040710
26060130
26088425
26298725
26281015
26263310
26042200
26089230
26042201
26041480
26083240
26084160
26011710
26040712
26292387
26210210
26210220
26285060
26020740
26041490
26225750
26292357
26030690
26083420
26279265
26297246
26061180
26020480
26050512
26053390
26065450
26070518
26061525
26012050
26083005
26279395
26064651
26064640
26061292
26270180
26010770
26010097
26297255
26061480
26043314
26051590
26099175
26220340
26052370
26278620
26230673
26292240
26020640
26290090
26290717
26088270
26296549
26294369
26063460
26285610
26022080
26022580
26260024
26270310
26052532
26272390
26276318
26290256
26280580
26280581
26013050
26225450
26086155
26086160
26086365
26080080
26082260
26298551
26298695
26297267
26295096
26277345
26291009
26082335
26282202
26262390
26276010
26089101
26087533
26089405
26260470
26015300
26299144
26270515
26295042
26032040
26020097
26083155
26292423
26050812
26276390
26010210
26089091
26270420
26010730
26035390
26041027
26010100
26035400
26030790
26030075
26291236
26290195
26042830
26051370
26025390
26290843
26297489
26278045
26299009
26295024
26022153
26041085
26061045
26061800
26061810
26260055
26277465
26080125
26210030
26013546
26295075
26022157
26022147
26065460
26063050
26296468
26012830
26290723
26032570
26297339
26295601
26061155
26279410
26285480
26210100
26277080
26262400
26291335
26070485
26010318
26041570
26262410
26292006
26043230
26099899
26215190
26030560
26290276
26216180
26051810
26012480
26012503
26298249
26293546
26051220
26277440
26061117
26022570
26296381
26053538
26051720
26294417
26294453
26053500
26041345
26062370
26298252
26275277
26297357
26295602
26083187
26263340
26062340
26033120
26290244
26088015
26053570
26070536
26297069
26083265
26220090
26063140
26012560
26032580
26255460
26040695
26062115
26022550
26255180
26290245
26290247
26061740
26053027
26285005
26295078
26275577
26064650
26020270
26292255
26298096
26087227
26298367
26053004
26061470
26265462
26011570
26250390
26265171
26060160
26265490
26085140
26290681
26296393
26040740
26041440
26045455
26051820
26051060
26032830
26280280
26055003
26051020
26052800
26031550
26082035
26080000
26298665
26293561
26050815
26290248
26061660
26265500
26275420
26022401
26290756
26053006
26062710
26298515
26221140
26032330
26041215
26070473
26086445
26086470
26010170
26256010
26260120
26032730
26052700
26033360
26051710
26299300
26021690
26062065
26299294
26033570
26272100
26297072
26297228
26013490
26022020
26281241
26250400
26088395
26298288
26040551
26053028
26053029
26061125
26285021
26064000
26290081
26220390
26031500
26281361
26087125
26298521
26296357
26020620
26290309
26020105
26279090
26262470
26089085
26220370
26271460
26298644
26255220
26290844
26022050
26275040
26030398
26276426
26290807
26083245
26272040
26297036
26255215
26280670
26265650
26087340
26030205
26290690
26278680
26053201
26043160
26015310
26080250
26084380
26293501
26290354
26296060
26296270
26295111
26290450
26276307
26050597
26050285
26293533
26293336
26012180
26271430
26261310
26296387
26043120
26041015
26263320
26062390
26061820
26041390
26089180
26290045
26299063
26298372
26070706
26032788
26062063
26261400
26270270
26298273
26051422
26225281
26291284
26296207
26285671
26041713
26060045
26060120
26298402
26030300
26292335
26012530
26052030
26276455
26083490
26031590
26291362
26266170
26270545
26031750
26013650
26040195
26291491
26270430
26270140
26063680
26062155
26080065
26099015
26099190
26061341
26275380
26280460
26285190
26086095
26083065
26089455
26012198
26033262
26256160
26053210
26043190
26015320
26080245
26293498
26290339
26296036
26296267
26295126
26290452
26276308
26051616
26293535
26293477
26293351
26043320
26084065
26041060
26011500
26041095
26022202
26022203
26022204
26022205
26293486
26060690
26297315
26088460
26063240
26060210
26041220
26215215
26022133
26022302
26292159
26291401
26281290
26272420
26255120
26290708
26262440
26297117
26298009
26023160
26297249
26050237
26030115
26082205
26088195
26051424
26070251
26012170
26031350
26022610
26061803
26088475
26013680
26013120
26260520
26042080
26296519
26070500
26051030
26052180
26050275
26030126
26030275
26070389
26298033
26272080
26262430
26225440
26020130
26041380
26032390
26020107
26297444
26022156
26022149
26041053
26082015
26020198
26276300
26279025
26060500
26060490
26275575
26041717
26292108
26263330
26080350
26255350
26255110
26010820
26083280
26298647
26030326
26296345
26215180
26285140
26262460
26080030
26297270
26086315
26282370
26040026
26041225
26021390
26085040
26290744
26290153
26086355
26050830
26296204
26291278
26297261
26279270
26276290
26291509
26270155
26082340
26084330
26042205
26260558
26285165
26290021
26291599
26041190
26291431
26087475
26297153
26220380
26262420
26031280
26278600
26070084
26293362
26070051
26220360
26276065
26297324
26297312
26035240
26262450
26298180
26276310
26297330
26010460
26061110
26290237
26032650
26298617
26277795
26013350
26050175
26285500
26285711
26088205
26063360
26050283
26032060
26012485
26292189
26062125
26298060
26296216
26292048
26275600
26225711
26210360
26285002
26280360
26020217
26292462
26276077
26082320
26089435
26020195
26270040
26270043
26083175
26282380
26042540
26262480
26087140
26299168
26275115
26021711
26293438
26070123
26062221
26062220
26293330
26291356
26032280
26050670
26032050
26030085
26052730
26298054
26035340
26260436
26050270
26050310
26088290
26083070
26050290
26086015
26086010
26291350
26031680
26030135
26085270
26082125
26083180
26063210
26022144
26215200
26291266
26013690
26263280
26022139
26085035
26010340
26052225
26281276
26299156
26030471
26080265
26032340
26291590
26296498
26277700
26275072
26215210
26064670
26298545
26297282
26050470
26035160
26083050
26298111
26042440
26051490
26062135
26051508
26296579
26260540
26256170
26296573
26296564
26255160
26086370
26092130
26064710
26298686
26282390
26255161
26040500
26281010
26087315
26051740
26053743
26265510
26050700
26299231
26276020
26291479
26291344
26292363
26250010
26063430
26062025
26082010
26292447
26294336
26080185
26298563
26042180
26270150
26293585
26063650
26297396
26053574
26022135
26020100
26299246
26297102
26280375
26280376
26031512
26031511
26085255
26042460
26031525
26053020
26032070
26064720
26298599
26063260
26063300
26062055
26293381
26080275
26265460
26051465
26297342
26295619
26260250
26297156
26070323
26061235
26061150
26083184
26013060
26063600
26065220
26290753
26293361
26299306
26089295
26020670
26060790
26053280
26043180
26084360
26084205
26089390
26293519
26290372
26296030
26296285
26295129
26070769
26290444
26276304
26050593
26050279
26293529
26281338
26033530
26282200
26061590
26070248
26092040
26040225
26298281
26053270
26293489
26290360
26296045
26290462
26086420
26040235
26298258
26099025
26297066
26062185
26293549
26298219
26050775
26296093
26092200
26062191
26042142
26296120
26296090
26296096
26296138
26296162
26296111
26296117
26296165
26225295
26277140
26291422
26297321
26050780
26088200
26031340
26062195
26291551
26021838
26282015
26298267
26042770
26051055
26290840
26299027
26295018
26070506
26060040
26276610
26020197
26230670
26064203
26285250
26063520
26262490
26015400
26285490
26285631
26063591
26089245
26285731
26089345
26083260
26053135
26280650
26280302
26011610
26297354
26080295
26298063
26225770
26040460
26083285
26083365
26015410
26013460
26290228
26285510
26280313
26020790
26021050
26296555
26042186
26032710
26265520
26265261
26230290
26053160
26043210
26053015
26084370
26084220
26089380
26293525
26290144
26290381
26296027
26296276
26295138
26225293
26070763
26050813
26290440
26276302
26050276
26293526
26030440
26220571
26063400
26281346
26033153
26041371
26042700
26042697
26279045
26265530
26297225
26298228
26025340
26089270
26070039
26215380
26062200
26020440
26022630
26061240
26023220
26063350
26292312
26063120
26277820
26043070
26042000
26082250
26070715
26050817
26281320
26083220
26271060
26070470
26043410
26041105
26041680
26265580
26261410
26043100
26088345
26043344
26277800
26279145
26265600
26294414
26083585
26290750
26280420
26051520
26083105
26013380
26063190
26013160
26087200
26297426
26291440
26080285
26290036
26051690
26295009
26290204
26012400
26220400
26041357
26051045
26279385
26296366
26063320
26215390
26220100
26221200
26297222
26013520
26088150
26041670
26032300
26030640
26052490
26083590
26291452
26281062
26089420
26070224
26020730
26295093
26042300
26040245
26295063
26270160
26290177
26277301
26296237
26021640
26011660
26015170
26221170
26083375
26295108
26041365
26291296
26041048
26089445
26298369
26012200
26021035
26013440
26013472
26061630
26286430
26031050
26021040
26010037
26030283
26089310
26070515
26235080
26031060
26285200
26010452
26255240
26050390
26285210
26042600
26279415
26255515
26010175
26010045
26060760
26010047
26010055
26062190
26092010
26092030
26092000
26050818
26020002
26070093
26070096
26295102
26292456
26278535
26082057
26085165
26230677
26296144
26052144
26290476
26082290
26265620
26033310
26265660
26296123
26092210
26282210
26255480
26020285
26290399
26296159
26296066
26020287
26053290
26296141
26296087
26092215
26293339
26255281
26296084
26278550
26053591
26296075
26086135
26293360
26296126
26290400
26285520
26293342
26290396
26296129
26010440
26297186
26010110
26255430
26088110
26051380
26290831
26040620
26053430
26298274
26062005
26099135
26010115
26270325
26050515
26043376
26275275
26215221
26050530
26022310
26041340
26266180
26086175
26061770
26040430
26013730
26012410
26011590
26278650
26020200
26261330
26052450
26277040
26262500
26277358
26255610
26275480
26040145
26087105
26297138
26292372
26296447
26041086
26070709
26041363
26010130
26061777
26299084
26020355
26255490
26255111
26051161
26291617
26279110
26042260
26070350
26041430
26083030
26041325
26275000
26296561
26290132
26290282
26031070
26015330
26012753
26010432
26010433
26010435
26010434
26012570
26010065
26012838
26215220
26215219
26297201
26010830
26030255
26070416
26053370
26278565
26263020
26275400
26070760
26292102
26063280
26282107
26292492
26065510
26279330
26290657
26010117
26012600
26286350
26280440
26084405
26020205
26030265
26042140
26063515
26291476
26294303
26294330
26050080
26041375
26041690
26082145
26082150
26061220
26015370
26030450
26261050
26298713
26041640
26052770
26297300
26052760
26086045
26088365
26032590
26270020
26277070
26262510
26296024
26032670
26291272
26256220
26052740
26279135
26020207
26262530
26030580
26010125
26250415
26022220
26088485
26290186
26020490
26051340
26291311
26042710
26290720
26043342
26262540
26040260
26052600
26262520
26061570
26062400
26063355
26042320
26030570
26281120
26020286
