25651079
25730501
25740285
25725142
25730750
25740182
25740241
25750590
25745112
25745092
25750175
25725055
25710190
25710240
25725154
25720122
25730023
25655030
25645220
25745080
25680610
25725528
25740248
25615547
25716195
25720380
25745090
25650370
25610380
25730530
25720066
25720069
25645060
25625250
25655445
25645080
25665150
25635420
25645170
25645200
25720432
25725430
25650231
25755085
25725597
25615170
25665080
25725637
25675250
25635040
25720033
25651000
25660240
25710226
25740235
25725294
25655150
25725000
25715220
25630030
25730050
25675220
25660100
25625100
25640320
25640553
25645213
25650170
25725105
25715418
25720260
25680280
25645603
25745100
25740210
25665331
25675170
25680210
25665330
25630290
25645020
25660340
25615110
25655370
25710150
25716130
25660271
25750070
25610060
25635130
25710244
25655200
25745699
25770242
25710096
25615000
25655362
25625072
25620110
25680770
25610080
25745050
25635210
25715419
25670000
25620050
25635090
25730005
25645265
25645630
25715380
25640420
25670001
25645210
25635200
25655371
25655270
25610237
25665450
25650030
25680560
25665210
25675030
25685210
25675010
25685280
25635201
25715075
25750233
25665010
25660220
25675300
25715261
25635010
25625020
25680730
25725612
25720073
25755355
25750370
25740180
25640263
25715417
25645007
25750310
25710356
25730020
25750320
25660260
25750390
25640430
25675000
25645211
25615001
25720433
25730015
25615210
25710070
25615175
25615050
25680680
25730300
25635100
25651010
25745703
25630350
25730310
25650380
25685070
25745060
25680410
25645520
25615020
25665301
25750000
25665380
25720443
25730320
25640050
25665000
25685130
25640321
25730004
25716080
25745708
25630360
25710390
25755091
25635150
25725720
25610030
25615310
25660270
25675330
25655260
25630080
25645035
25720350
25655430
25680172
25615320
25645240
25725613
25645635
25715421
25730090
25615220
25710090
25610140
25625200
25755106
25755350
25655372
25645030
25635143
25645640
25680420
25625070
25670100
25715413
25675340
25615150
25680035
25730092
25670077
25770466
25635202
25635180
25665240
25725505
25720000
25750340
25725080
25610390
25730245
25650150
25750220
25675320
25650503
25710400
25770167
25720261
25730093
25645250
25615330
25720434
25750001
25715115
25655081
25645262
25770020
25675081
25710284
25770110
25710410
25716150
25615051
25625010
25615052
25675350
25720300
25615135
25715368
25750365
25660020
25615160
25725036
25745728
25755437
25725440
25745130
25770120
25630020
25665290
25730003
25750002
25720435
25615211
25710215
25715252
25730762
25615430
25725500
25725451
25660200
25640400
25680674
25715360
25610202
25625110
25720125
25670002
25630370
25650381
25680340
25710267
25710250
25615058
25635220
25640120
25665430
25615010
25655073
25610205
25710330
25725453
25640530
25715373
25710091
25645650
25725695
25720262
25650060
25715422
25645645
25710020
25645590
25640010
25645660
25710160
25730200
25675360
25640440
25745490
25685191
25745491
25635203
25725020
25650390
25715429
25715433
25715434
25745110
25745122
25745123
25745124
25745125
25750180
25715411
25710420
25625030
25750003
25720070
25615130
25630040
25720270
25730684
25655369
25715110
25720240
25665479
25670010
25720001
25740150
25720007
25655190
25640228
25685090
25710018
25725037
25750004
25640364
25625040
25770130
25660301
25675120
25610240
25710247
25675001
25715133
25625140
25665120
25665453
25615280
25710168
25670030
25680430
25720163
25720010
25635270
25680290
25745293
25610340
25725460
25615053
25750360
25650010
25651070
25750361
25710100
25720004
25655080
25650120
25745320
25750380
25615120
25615021
25640100
25740370
25710081
25645110
25630050
25745300
25625000
25710152
25665110
25730008
25730072
25710071
25725295
25640080
25710169
25650340
25745140
25645346
25660081
25750023
25725721
25645620
25680700
25650069
25730502
25730751
25740242
25750591
25745221
25750176
25725056
25685113
25730130
25650190
25615383
25635230
25730351
25730350
25730040
25750232
25635120
25725021
25750090
25750290
25725010
25625190
25745079
25615054
25675160
25630380
25675040
25630000
25635000
25615260
25730201
25710170
25630090
25615140
25645340
25720436
25615064
25710191
25710300
25725620
25720360
25710192
25730340
25725722
25715125
25716020
25755053
25610130
25745170
25745501
25615340
25660070
25710106
25660190
25710076
25725022
25725032
25725095
25725155
25770140
25615141
25710082
25770150
25710230
25716100
25655210
25630353
25655180
25615440
25730430
25660003
25660004
25660005
25660006
25660007
25660008
25680570
25730540
25770100
25716230
25770080
25640103
25730140
25651020
25625023
25730010
25635204
25615131
25725030
25745150
25740247
25715428
25651153
25755133
25715120
25715409
25730225
25770090
25665478
25651032
25715393
25715394
25755430
25755435
25755410
25755415
25740340
25740345
25740320
25740325
25725670
25725675
25725650
25725655
25725630
25725635
25665060
25625290
25610141
25750362
25675154
25730145
25730503
25725144
25725689
25730752
25740243
25750592
25745094
25750177
25725591
25725057
25745160
25665086
25725040
25745180
25745190
25645260
25640011
25635020
25655443
25720020
25610100
25730360
25730370
25720140
25635080
25660320
25725050
25710256
25650068
25715406
25651030
25725723
25630031
25710072
25745210
25685110
25716231
25625180
25725070
25655110
25635054
25625230
25725208
25675130
25725715
25745200
25730011
25725372
25660314
25645570
25645571
25725480
25725628
25725136
25715221
25715222
25640036
25730380
25710097
25745115
25620170
25675140
25710363
25750170
25715260
25685270
25625280
25710413
25680350
25685000
25650015
25675080
25680020
25725639
25645171
25675370
25655440
25665001
25640240
25655365
25750182
25680050
25675380
25645120
25615147
25675390
25630100
25615075
25740200
25650360
25665045
25716190
25710287
25740224
25710260
25665050
25660221
25670101
25615025
25675290
25755000
25725614
25640450
25645670
25645140
25635240
25675164
25610120
25725282
25680740
25680342
25716131
25755020
25640101
25665410
25665090
25660080
25720031
25655220
25745230
25730550
25730390
25615085
25716220
25615002
25730420
25645521
25720320
25680351
25615142
25730730
25720002
25645130
25740070
25610400
25651160
25680440
25635205
25715420
25665066
25655120
25665250
25675002
25670003
25740100
25640260
25730030
25615080
25660010
25660011
25730160
25651270
25720437
25680170
25680360
25750190
25720063
25740030
25665500
25640559
25615073
25615074
25745240
25745250
25725202
25655230
25655320
25730400
25730361
25730560
25615251
25680370
25740046
25750605
25745692
25755097
25640130
25685150
25745040
25625270
25640460
25720025
25620120
25725530
25640290
25615450
25610235
25615087
25725687
25650040
25655040
25720067
25720420
25745113
25770095
25715366
25715404
25655000
25640140
25640150
25635430
25730760
25770463
25685200
25716232
25655100
25745260
25645112
25660360
25710060
25651040
25730120
25745270
25725470
25730410
25715408
25740220
25725090
25630390
25660009
25630363
25680371
25745280
25640361
25645061
25750010
25640041
25640322
25645040
25675400
25715350
25725100
25740230
25650200
25745440
25725732
25645141
25730202
25645610
25645244
25655462
25730504
25725691
25730753
25740244
25750593
25745253
25725058
25725126
25685330
25660330
25645111
25665353
25665002
25720453
25715364
25680640
25650002
25615290
25715436
25640230
25625015
25620150
25645121
25640340
25750610
25755102
25750619
25750616
25620040
25750618
25730018
25665400
25670080
25716210
25720220
25715400
25715410
25745290
25665251
25710290
25665434
25740043
25750602
25755094
25710092
25720405
25685240
25716152
25675153
25635408
25725624
25725110
25755030
25640310
25720280
25755040
25750230
25770170
25650050
25685230
25710198
25750612
25755104
25680600
25665470
25665472
25665473
25710055
25725640
25710320
25680550
25610143
25635413
25665454
25730682
25730505
25730754
25740184
25740245
25725059
25615545
25725117
25645604
25630140
25655240
25745702
25640241
25645150
25710093
25635250
25630400
25655360
25725622
25725627
25635050
25685190
25655361
25665040
25720060
25675410
25675100
25630150
25615070
25675171
25665160
25675420
25660050
25710083
25630410
25715263
25635241
25740440
25615071
25725024
25715361
25615460
25645065
25716105
25645280
25750100
25655010
25770300
25680341
25685081
25710084
25710115
25610000
25730440
25651190
25725262
25640161
25675230
25720438
25635416
25610410
25655050
25655400
25740041
25650230
25665157
25651050
25685152
25715424
25640070
25725625
25635114
25740120
25645290
25635414
25725074
25640071
25630373
25635116
25640470
25685111
25655460
25755122
25770180
25660311
25610420
25630160
25630061
25750300
25710251
25710270
25630110
25770093
25645300
25750110
25660290
25725061
25645605
25730683
25730506
25730755
25740186
25615100
25685170
25665440
25725623
25755090
25680100
25770330
25685192
25720064
25750101
25730012
25670070
25725073
25630011
25755110
25645160
25720439
25665370
25680510
25655392
25665061
25675172
25670110
25665070
25660312
25625079
25640060
25770457
25680385
25680386
25680388
25680387
25755050
25635030
25645485
25645041
25680520
25650410
25635052
25635051
25625120
25745330
25645042
25645680
25715253
25630383
25770190
25665115
25770200
25720061
25615060
25680260
25750040
25680650
25640324
25745726
25615090
25745565
25610081
25645707
25610170
25640090
25730190
25730170
25716104
25610430
25675070
25635260
25675222
25665272
25685002
25655510
25615132
25635409
25615470
25645043
25650151
25640350
25625071
25625101
25615480
25645122
25725025
25615133
25615122
25640261
25770210
25715183
25710104
25675430
25615136
25716120
25675180
25755120
25670031
25665100
25716242
25660219
25725284
25720144
25680261
25670004
25660040
25615061
25715100
25615240
25635242
25685290
25615490
25720050
25615500
25716101
25670060
25630420
25675163
25645123
25640362
25670120
25680010
25725626
25730055
25745215
25725495
25635440
25625074
25675090
25660060
25660250
25675173
25625075
25730180
25651060
25615510
25715351
25655250
25675166
25730756
25715270
25740250
25630393
25650220
25710248
25755390
25665081
25755357
25660350
25716151
25645600
25640030
25725467
25745010
25745560
25645312
25615112
25635140
25635445
25625033
25725602
25725251
25640242
25720440
25680180
25720441
25745710
25710271
25745701
25715425
25685030
25720442
25725120
25770160
25625130
25675201
25635131
25720173
25720141
25651075
25651076
25651077
25651078
25745223
25635450
25715430
25645310
25720265
25770340
25675121
25665360
25730450
25651156
25655122
25770162
25710220
25640480
25730570
25675111
25680470
25710061
25640490
25740042
25725005
25675193
25650420
25640160
25651200
25730580
25680300
25650240
25680381
25660160
25716070
25715130
25710360
25665071
25670205
25670130
25660150
25660110
25660315
25670140
25655315
25685171
25720444
25645142
25755130
25750048
25645730
25655520
25635280
25665020
25675168
25730507
25730757
25630430
25680400
25670032
25720045
25650250
25630260
25675240
25720053
25720258
25715426
25625011
25610370
25645246
25615125
25675210
25725200
25725515
25680450
25645350
25665085
25750030
25745205
25645010
25660222
25680301
25640072
25716240
25665011
25720120
25665004
25635290
25680190
25640031
25665390
25615121
25665091
25665062
25665270
25665273
25665200
25715160
25680262
25710265
25635170
25660120
25745295
25675281
25650066
25745127
25715059
25715060
25725595
25675231
25745340
25620161
25770025
25625003
25615200
25615138
25710162
25650260
25625012
25645320
25630440
25645330
25725130
25745350
25770175
25725140
25710261
25650063
25660095
25710252
25710193
25680710
25745120
25745542
25640554
25665441
25645342
25620002
25620000
25620001
25620003
25685320
25610320
25720321
25615030
25610090
25645173
25645343
25645242
25675540
25675541
25675542
25675543
25640401
25635110
25650505
25745360
25645360
25740249
25725204
25685250
25610150
25730460
25745030
25730470
25615114
25710194
25715423
25635070
25720390
25640190
25685310
25770040
25680672
25725598
25645425
25615148
25610440
25750183
25660170
25710245
25650270
25655031
25651080
25660043
25645370
25710085
25650430
25725574
25651090
25745345
25665375
25715398
25710079
25640032
25680720
25730508
25725150
25740300
25730016
25635470
25725641
25665130
25715280
25675280
25665063
25665064
25680000
25635415
25660370
25675161
25665111
25645000
25720052
25725004
25725585
25615137
25770220
25635406
25730590
25725160
25750020
25645380
25740035
25740040
25635453
25730060
25770097
25665137
25725062
25725600
25720445
25655330
25720210
25685131
25615201
25720247
25645070
25710259
25680250
25630170
25615172
25615171
25770060
25720301
25750410
25625050
25710253
25635400
25745640
25645348
25645071
25660030
25635190
25655160
25745311
25715135
25610011
25770240
25715427
25615350
25670150
25730033
25630423
25630413
25675091
25710335
25770157
25715374
25680192
25750305
25710094
25655130
25716160
25730042
25645690
25710222
25645180
25655401
25630450
25625291
25640170
25665520
25725248
25630280
25680530
25745650
25615111
25655366
25655390
25665230
25710224
25710460
25675440
25725604
25715401
25640033
25725649
25640180
25675450
25665007
25675032
25635463
25655480
25680382
25660300
25730025
25655170
25745660
25715290
25630010
25615003
25640555
25675150
25675158
25725210
25640504
25650280
25680001
25716170
25650064
25655152
25640380
25615055
25640122
25710225
25745670
25710266
25635480
25635300
25660380
25615056
25716028
25730135
25620190
25635310
25755343
25720362
25715395
25635401
25635206
25680790
25725588
25770230
25610450
25685260
25680090
25675033
25665442
25620131
25715391
25740010
25625013
25715460
25715065
25720446
25720447
25640500
25710331
25655359
25725220
25615360
25615370
25750420
25716211
25655447
25655441
25710010
25645655
25710229
25675003
25720090
25645720
25655490
25610010
25610210
25655421
25615062
25651072
25710101
25665112
25660045
25720302
25720303
25665190
25745680
25670071
25725259
25725410
25740090
25730143
25745697
25675460
25725592
25665008
25675470
25670005
25680080
25645390
25725013
25725014
25635407
25665009
25665480
25660280
25740170
25615550
25635053
25715396
25615081
25720230
25655001
25625024
25725510
25710161
25625001
25680580
25675162
25630051
25625002
25770250
25750430
25655211
25675174
25685261
25720290
25725578
25665220
25755140
25755150
25675221
25710322
25645255
25730761
25640191
25740260
25640291
25710163
25615126
25615078
25745700
25720121
25745370
25675191
25710180
25625260
25755160
25610050
25710217
25655002
25720162
25730035
25750039
25750210
25610207
25645174
25715365
25710145
25710352
25745630
25645400
25745068
25620162
25670160
25610111
25710116
25635490
25610460
25745243
25680460
25610470
25670072
25670073
25720448
25710164
25615128
25715431
25770260
25710246
25740270
25630433
25645665
25745021
25655470
25670170
25615380
25750440
25720264
25720430
25755170
25720406
25750240
25645270
25720130
25730019
25675155
25725325
25750080
25745222
25725170
25670081
25635071
25645243
25645124
25715185
25645706
25720126
25740005
25650062
25615560
25675134
25655300
25610220
25655391
25745063
25645602
25680230
25670180
25665065
25730600
25755115
25640200
25720449
25710143
25615300
25745712
25665340
25770270
25640034
25675175
25770280
25725540
25675178
25685140
25645113
25645675
25670011
25615082
25625160
25660083
25745003
25720457
25610180
25710243
25715432
25645032
25645685
25710249
25675110
25680383
25710361
25725285
25715170
25750375
25710073
25680130
25710030
25745255
25725696
25625076
25665138
25725607
25675004
25715231
25750342
25720051
25720006
25710257
25615143
25675101
25710074
25645625
25640231
25715330
25725223
25745055
25680310
25750441
25730045
25720456
25650400
25770425
25650011
25725724
25725206
25680390
25640360
25755180
25635320
25645264
25665180
25725615
25750400
25680760
25685060
25680070
25680361
25716030
25715352
25620181
25725023
25660090
25755080
25655140
25615230
25750256
25635060
25645172
25645410
25745380
25720034
25635410
25740280
25630180
25645420
25625019
25625080
25730203
25650000
25685360
25675176
25640410
25725180
25740290
25710167
25651210
25770455
25635473
25725045
25725520
25625041
25715250
25725190
25645430
25640556
25630190
25716221
25655363
25635111
25675050
25655449
25640557
25645445
25650012
25645114
25710098
25675142
25730480
25630320
25715381
25645700
25615390
25720100
25665136
25630200
25685020
25640037
25640210
25730680
25710200
25660140
25625077
25725115
25645440
25770464
25610228
25680220
25720365
25720065
25675157
25710210
25630443
25610041
25640292
25710140
25640341
25710195
25710000
25716021
25715150
25710332
25750120
25650029
25715061
25725456
25665431
25645095
25680505
25630111
25730014
25660223
25720450
25710285
25755092
25675165
25710105
25650290
25620130
25655020
25716001
25716005
25645450
25725513
25745390
25710121
25645470
25675131
25645480
25640510
25745610
25750033
25730490
25725252
25660085
25680191
25720008
25630330
25725253
25680271
25770010
25730610
25730073
25665271
25715383
25725240
25750460
25730021
25655358
25675192
25716222
25625014
25720451
25715251
25710430
25720310
25655153
25770395
25715403
25725643
25680288
25635207
25635411
25615202
25645490
25725374
25630060
25615057
25615400
25615144
25745026
25745695
25655393
25635483
25650171
25755190
25645175
25675195
25680330
25745400
25716241
25665113
25715300
25630340
25725250
25710227
25670190
25660390
25660400
25745410
25745420
25635132
25650154
25640475
25770290
25750173
25645115
25645116
25725582
25725254
25680287
25645212
25745430
25745251
25660130
25725038
25750260
25635340
25745310
25720211
25725260
25645090
25710103
25720075
25615270
25660313
25745460
25730210
25650440
25725550
25630405
25630406
25630025
25630021
25655340
25675122
25740110
25715382
25710165
25630210
25740188
25710040
25650322
25655364
25615022
25665411
25715367
25725644
25635493
25680690
25615250
25675177
25725275
25610480
25720452
25660410
25725455
25710102
25745025
25635500
25755200
25725015
25745405
25665300
25720454
25725246
25625028
25710086
25720455
25645629
25640343
25675123
25725270
25625032
25645044
25740080
25610234
25610001
25745716
25665082
25725646
25725596
25716110
25635503
25675019
25660420
25640325
25635208
25725454
25615063
25610432
25740190
25710292
25645178
25680391
25710153
25755210
25755005
25680110
25716180
25725463
25715439
25725292
25665455
25635350
25725697
25675132
25660210
25745720
25685112
25725017
25645695
25680151
25710001
25720142
25725286
25725019
25710062
25725280
25725560
25725271
25730070
25680289
25755220
25670050
25665083
25651220
25740060
25750480
25750470
25685380
25610206
25655420
25730013
25720003
25770310
25685100
25650210
25670040
25680211
25640402
25640102
25635330
25750150
25615134
25720150
25645221
25755230
25755240
25720160
25665401
25645703
25650070
25675321
25725134
25640073
25725735
25635433
25725256
25710088
25620080
25640035
25665456
25720400
25630453
25715362
25720195
25710154
25730220
25720459
25665114
25645500
25725514
25730230
25651100
25730204
25720252
25720253
25720255
25720254
25715387
25675282
25725618
25725465
25665458
25725287
25640171
25715230
25745244
25670074
25725009
25715175
25725290
25675060
25655500
25615241
25610031
25685005
25685006
25680005
25680004
25610230
25625150
25685132
25685340
25610160
25665443
25675481
25675482
25675015
25675016
25675017
25675012
25670033
25725583
25745470
25755250
25710089
25675167
25650300
25715397
25675490
25730620
25665412
25640250
25640081
25720410
25715240
25675270
25715262
25630070
25770475
25625025
25680195
25710223
25665350
25655212
25680540
25630230
25745480
25715310
25725647
25655367
25630240
25750235
25750037
25650310
25730621
25615129
25675311
25710166
25670006
25665405
25715415
25725616
25620020
25770030
25645028
25730630
25651110
25770320
25610082
25730640
25730362
25655310
25665457
25720458
25730240
25745706
25745698
25725300
25755101
25710340
25650495
25720431
25640485
25745500
25745510
25755100
25645005
25645006
25640512
25640511
25680800
25755260
25680480
25645708
25670102
25730250
25710350
25750490
25745520
25770350
25730076
25730080
25750611
25755103
25770462
25730075
25665351
25730009
25650067
25645117
25715090
25645033
25710264
25630460
25640495
25635141
25716010
25725310
25710095
25685350
25715281
25620160
25710203
25710371
25655394
25770360
25685180
25770370
25625034
25640330
25770380
25640505
25750200
25770390
25625016
25645231
25635461
25635101
25750130
25745012
25725232
25615004
25715331
25635142
25630470
25750545
25755060
25685160
25745530
25730411
25655380
25645510
25680630
25715405
25745013
25730500
25650080
25615520
25680620
25720170
25730510
25650320
25650090
25730650
25650470
25635412
25750185
25655410
25730660
25651120
25725320
25680320
25755270
25755280
25750140
25725007
25640040
25740246
25730100
25650330
25755290
25730260
25680490
25730097
25680003
25635133
25635360
25680401
25610360
25640293
25720180
25730280
25651240
25651180
25635417
25740178
25725075
25620009
25620100
25620140
25725230
25665084
25675223
25730017
25645034
25640232
25610198
25635321
25725330
25725340
25650005
25665131
25665132
25665133
25665134
25665135
25665510
25635419
25770027
25655070
25665477
25715190
25725029
25725008
25635112
25745540
25725350
25635460
25716132
25750372
25665005
25725685
25625078
25715407
25715399
25725572
25670201
25670202
25670221
25670220
25730412
25680810
25745550
25645072
25770400
25685300
25650100
25625094
25635510
25670210
25660430
25645176
25680590
25710196
25725376
25750186
25610203
25716215
25635418
25640515
25640404
25640280
25675196
25725152
25715180
25630300
25655395
25625060
25665092
25660460
25610020
25620031
25630480
25640270
25675034
25640220
25645118
25660440
25675500
25675510
25680750
25655373
25670034
25710130
25725360
25730007
25710087
25710440
25630052
25665051
25650013
25665490
25665260
25665451
25665030
25750500
25725370
25665452
25625220
25665039
25635370
25730270
25650450
25725380
25635380
25660450
25745070
25745071
25745072
25745073
25745075
25745074
25730670
25680030
25730311
25650460
25725725
25755300
25745570
25645344
25725726
25620070
25745580
25710123
25620200
25725257
25675203
25725570
25610110
25655374
25770410
25710310
25745155
25640020
25755310
25730520
25620090
25630120
25745620
25740335
25750614
25625170
25665436
25740045
25750604
25755096
25725587
25615059
25770070
25655060
25615205
25630463
25720175
25750615
25615411
25615412
25615531
25615532
25725258
25720205
25725390
25720460
25660180
25655444
25610330
25615065
25610171
25715340
25650110
25610083
25610021
25716192
25665320
25720080
25720038
25715259
25745220
25650350
25650160
25651140
25651130
25755320
25755330
25720171
25740240
25655280
25715512
25615540
25640323
25720135
25720040
25755395
25680120
25680150
25680276
25680275
25725580
25730690
25651150
25650480
25651230
25755112
25650001
25680152
25665303
25720068
25770382
25715050
25740225
25665515
25635113
25710263
25645530
25745675
25645190
25685040
25675020
25655011
25675200
25710228
25755340
25725590
25655090
25730006
25720340
25680140
25716200
25730094
25730095
25650221
25725274
25660012
25640370
25750510
25685010
25685080
25635125
25630310
25650025
25650026
25650028
25650027
25725400
25615420
25745545
25710050
25645540
25680362
25645550
25680194
25635515
25715392
25685050
25755070
25779899
25625073
25620180
25770420
25725727
25750363
25660230
25630250
25725728
25645230
25640233
25745690
25745450
25655350
25730700
25730290
25651170
25670075
25710372
25610070
25710254
25715414
25720361
25710197
25655442
25650022
25625090
25755400
25645263
25651014
25665437
25675042
25720035
25660305
25755370
25610105
25610106
25610352
25610351
25655121
25650065
25720461
25645045
25645245
25725648
25745704
25710354
25730743
25630062
25610204
25675169
25680160
25710380
25615023
25745590
25745077
25715232
25710141
25710450
25720054
25665140
25720462
25740160
25680670
25715412
25716234
25625191
25755351
25755352
25740047
25750606
25755098
25625192
25625029
25675021
25675241
25750520
25715416
25720190
25730710
25650490
25740130
25755380
25740334
25630130
25645560
25615139
25740048
25750607
25755099
25685031
25615146
25710255
25710286
25725420
25645460
25615203
25770460
25615145
25720036
25610190
25625026
25716022
25740020
25655213
25715320
25685220
25730685
25675260
25660047
25716140
25645711
25645712
25645026
25645025
25635520
25770165
25635525
25625081
25710021
25640110
25670090
25680175
25680176
25680501
25680502
25651250
25725610
25730720
25650014
25651251
25680200
25710258
25750050
25610040
25720304
25645100
25615083
25645572
25750280
25715435
25720200
25620010
25685370
25750270
25670020
25655368
25625022
25625018
25625027
25625017
25635530
25740032
25675520
25651260
25715372
25720463
25745724
25630473
25650061
25725729
25685311
25685120
25715070
25750160
25665435
25740044
25750603
25755095
25725586
25750613
25755105
25685231
25745693
25640558
25615162
25725026
25725730
25740140
25675310
25725175
25660013
25665433
25750601
25755093
25725584
25710151
25715131
25720062
25720110
25720111
25720112
25720113
25730725
25730726
25730735
25730736
25730745
25730740
25730775
25730770
25740365
25740360
25750226
25750225
25750222
25770000
25770470
25770480
25685201
25650121
25655111
25645709
25615127
25710142
25710155
25675159
25745705
25730071
25725157
25750035
25645347
25716194
25675530
25625210
25715390
25715437
25725621
25640104
25650500
25655151
25655171
25655156
25655159
25655158
25655157
25725731
25650140
25720464
25610200
25665530
25645580
25716025
25655290
25730074
25620163
25640540
25715080
25715363
25650153
25660055
25645391
25645345
25645050
25740061
25725525
25750530
25680272
25680331
25716102
25720322
25750620
25770056
25655091
25750628
25745718
25750624
25640550
25750626
25750627
25750623
25750621
25645177
25660289
25770465
25680240
25715200
25730110
25640365
25645705
25770430
25640390
25665052
25716103
25640262
25710110
25610232
25745714
25615024
25645125
25715402
25635231
25665381
25770440
25680040
25725452
25730315
25710075
25725617
25655004
25710144
25720143
25655005
25655006
25655008
25655007
25665352
25680006
25625193
25730000
25680660
25715370
25770450
25645522
25745722
25725018
25680060
25635390
25715210
25730002
25710099
25630270
