28735475
28736020
28737010
28736130
28738525
28737620
28738005
28738170
28738580
28735600
28738515
28736844
28736648
28735134
28737256
28735615
28735022
28735605
28736832
28736248
28735190
28737440
28738010
28737220
28737000
28736190
28737858
28735500
28736016
28735655
28736008
28735215
28735465
28737045
28735485
28735660
28737500
28737669
28736166
28737070
28737080
28735650
28735057
28735165
28736004
28738510
28735265
28736244
28737648
28737524
28735515
28736730
28737809
28736182
28736216
28735245
28736796
28736138
28738595
28737704
28736760
28737518
28736178
28735180
28736630
28735001
28735240
28737446
28737683
28737055
28736874
28737851
28737830
28736850
28738205
28736772
28737130
28736814
28738210
28738495
28737781
28737753
28736162
28736224
28737120
28737274
28737350
28737494
28738165
28735535
28736820
28735445
28736146
28737641
28737823
28738555
28736170
28735015
28738575
28736766
28738545
28735530
28736220
28737788
28738195
28735043
28735036
28736194
28736200
28735540
28735640
28737375
28737075
28736024
28735430
28738540
28738565
28737268
28735520
28735127
28735575
28735675
28735505
28738150
28737506
28735106
28735220
28735550
28735560
28737844
28735255
28737280
28738485
28737110
28737746
28737090
28735630
28736000
28736110
28738560
28737365
28736736
28736862
28736660
28737050
28735160
28737725
28735680
28737879
28735270
28735685
28737512
28738180
28735440
28735148
28738200
28737040
28736122
28736678
28735455
28737035
28738570
28735700
28735570
28735225
28736260
28736126
28737142
28735085
28736236
28737634
28735210
28737060
28735670
28737020
28737105
28737136
28736204
28735665
28736778
28735230
28737452
28738530
28737476
28737458
28736802
28737697
28736808
28735141
28737767
28736636
28736886
28737244
28738550
28737739
28736642
28736868
28736784
28735260
28737865
28735008
28735200
28735460
28737115
28736040
28735625
28738605
28736142
28736028
28735029
28735170
28736186
28736208
28735590
28735099
28736212
28737385
28738000
28737774
28735275
28736790
28736742
28737250
28736134
28735435
28735480
28737676
28738590
28735565
28735610
28737795
28735620
28736880
28735635
28735525
28736012
28737718
28735185
28735450
28738160
28738600
28735510
28737816
28735425
28738610
28737370
28735690
28736654
28735495
28736666
28736826
28736754
28736232
28738620
28738520
28735585
28735050
28737627
28735420
28735120
28737095
28735071
28735175
28737711
28736174
28737355
28737470
28735235
28737100
28737655
28738175
28735580
28737065
28736672
28737232
28737226
28738190
28735595
28738490
28736036
28736838
28736032
28736114
28736256
28735285
28735092
28735195
28738480
28737030
28736118
28737760
28737837
28738615
28737025
28737488
28737482
28737802
28738155
28735250
28736252
28737872
28737085
28737262
28736240
28737886
28737015
28737238
28735205
28736748
28737360
28735078
28736150
28735645
28737690
28738500
28735470
28735113
28738535
28737662
28737732
28736856
28735490
28735064
28736044
28736158
28735280
28735695
28737464
28738505
28737005
28736154
28736228
28738585
28735545
