25975575
25980130
25980150
25965373
25965387
25964010
25976485
25980200
25966115
25966075
25970027
25956000
25970067
25958485
25957005
25955060
25957275
25953410
25954310
25965005
25990100
25977330
25970260
25961330
25966130
25956390
25958270
25980260
25958280
25977272
25957280
25965165
25961315
25976445
25976070
25985010
25960630
25970455
25965073
25954270
25976080
25957010
25977340
25958290
25963190
25953420
25974353
25956010
25959065
25966015
25965010
25965420
25964004
25964005
25964006
25964007
25964002
25964003
25954160
25959005
25966020
25963250
25970093
25966260
25958387
25995420
25953070
25976065
25976075
25963210
25965481
25975300
25976090
25974040
25974360
25959015
25964030
25959215
25960011
25961150
25958320
25958330
25966135
25953240
25953430
25965135
25973010
25964040
25966160
25990260
25953220
25965040
25964050
25965705
25983070
25958340
25978200
25976512
25960240
25975285
25974263
25975075
25970047
25975535
25958350
25976277
25978015
25974090
25974080
25959090
25977405
25964060
25975720
25957015
25977274
25957050
25957020
25966253
25965413
25965173
25975015
25954085
25964020
25990235
25965430
25963120
25980210
25976375
25976110
25976155
25976085
25976385
25956055
25974370
25954275
25970115
25973060
25974100
25970505
25957075
25965015
25965417
25970443
25980190
25955070
25963510
25976736
25961305
25977276
25977350
25954010
25960250
25966025
25956020
25975025
25980235
25974110
25990290
25970075
25954290
25961325
25955653
25963645
25977280
25980155
25995010
25990150
25956285
25965060
25990102
25955560
25995020
25960260
25974351
25976283
25975750
25954320
25965440
25970792
25955403
25957040
25954090
25977407
25955135
25956305
25976325
25963220
25965450
25955205
25963520
25956370
25975777
25956030
25961320
25970095
25970280
25955480
25960270
25955203
25970290
25970055
25976737
25954015
25966205
25977277
25964345
25983000
25977360
25974335
25963280
25995450
25955020
25975375
25965703
25963545
25965434
25963130
25964090
25975760
25955080
25974325
25960280
25953250
25980240
25963540
25955215
25960290
25959035
25958370
25958380
25976045
25961345
25953080
25975610
25990140
25990143
25961165
25958390
25964100
25961247
25958440
25990120
25954325
25954200
25980050
25953260
25977370
25977380
25976120
25965273
25975790
25957160
25958388
25975035
25957025
25953190
25974120
25974130
25973130
25980220
25964110
25974250
25974400
25980096
25985100
25985060
25995500
25995510
25957080
25955225
25965423
25970117
25970085
25965113
25957030
25973150
25953270
25976235
25976515
25954280
25953338
25963550
25976520
25953651
25970300
25965117
25995610
25976255
25963240
25995530
25980097
25976400
25956040
25953150
25970113
25973127
25980140
25976437
25995590
25957173
25955425
25965070
25976530
25970310
25956425
25954065
25955710
25990113
25974410
25970000
25976285
25976415
25976540
25958410
25980330
25961175
25964372
25975782
25954330
25977291
25976550
25990200
25974050
25970001
25970083
25983020
25974270
25974060
25954170
25965453
25955490
25976130
25976225
25974010
25953450
25977345
25995570
25955755
25995490
25957200
25975775
25964377
25958420
25980180
25954045
25995580
25965457
25955235
25970360
25957085
25955000
25960300
25966035
25974290
25985090
25976570
25970063
25995540
25954135
25955245
25970810
25970053
25954175
25974030
25995030
25954180
25980270
25963560
25983010
25959045
25954335
25965470
25990160
25958400
25958402
25958403
25958404
25957170
25974140
25960580
25977278
25980162
25963140
25976105
25955174
25963200
25964370
25963260
25965137
25966165
25953460
25956060
25970380
25976510
25959055
25990122
25958470
25966180
25963006
25956070
25976580
25964120
25959075
25958500
25965480
25980080
25958510
25953390
25960310
25980300
25957235
25956145
25974150
25963693
25958520
25957090
25975340
25970107
25977279
25977281
25966107
25976590
25966185
25985070
25954185
25955090
25965490
25974450
25974451
25970390
25957095
25960320
25963580
25978260
25973200
25953470
25980163
25980040
25959085
25973210
25970415
25958540
25965505
25955255
25965503
25953386
25955105
25970400
25976600
25976610
25976140
25959095
25976150
25965345
25965500
25965523
25983040
25965550
25995600
25977295
25974420
25990190
25974255
25995470
25970023
25963270
25977015
25970410
25976160
25966145
25954340
25975783
25963405
25966140
25965520
25963600
25966055
25980310
25960330
25970420
25965525
25970430
25963440
25954190
25954247
25960340
25965075
25990180
25965115
25955145
25976035
25956420
25975630
25963160
25954295
25953135
25963525
25990118
25961250
25953595
25953230
25953231
25953232
25953233
25953235
25953234
25953236
25953237
25976017
25976016
25965110
25955110
25956045
25995040
25966010
25990124
25964325
25970035
25973240
25976170
25976625
25977035
25977404
25990110
25961255
25963170
25960325
25955735
25965530
25966045
25995050
25958560
25965130
25955500
25995060
25961180
25970073
25976425
25963300
25963301
25966070
25956065
25965177
25953030
25953400
25964387
25961290
25976205
25955520
25975100
25970440
25955175
25959105
25953290
25961285
25977045
25963180
25990123
25966050
25960700
25990170
25976527
25958580
25953050
25974380
25953480
25977055
25957060
25956410
25956090
25960730
25961280
25961350
25956155
25976190
25965133
25953440
25957240
25963030
25958230
25954017
25980152
25963740
25977065
25977075
25973270
25970263
25959115
25965425
25976187
25954095
25960385
25975770
25959125
25956100
25954105
25958610
25970103
25965163
25970450
25976335
25973280
25961190
25959225
25980010
25995460
25976200
25958620
25963080
25963081
25963082
25963083
25963027
25963026
25963025
25966040
25953505
25963610
25953130
25970045
25954165
25975370
25958630
25954195
25953100
25963290
25963010
25973290
25955100
25956005
25963515
25954040
25955120
25977085
25959136
25959139
25959138
25959137
25965160
25954345
25995070
25976185
25966153
25966195
25976210
25980120
25954110
25974475
25976513
25976448
25976700
25955540
25956015
25990210
25957002
25957004
25957152
25957151
25973300
25974355
25995080
25953500
25956075
25956110
25965170
25955355
25966060
25966061
25995090
25965435
25956120
25965432
25953013
25953011
25953010
25966105
25957065
25970460
25995100
25966109
25977282
25955030
25963035
25974257
25976175
25970470
25957100
25954350
25966110
25985040
25976731
25966210
25965553
25957220
25976476
25980102
25955395
25959145
25955435
25957175
25990109
25990055
25955140
25976275
25964140
25958670
25961195
25973330
25966215
25965185
25975778
25957105
25958680
25954020
25960090
25959155
25960360
25959165
25965190
25956130
25960318
25976220
25970480
25973340
25966100
25980170
25958710
25970065
25977093
25976721
25970490
25954025
25954285
25960370
25963620
25961335
25960380
25954115
25960720
25977095
25995410
25954355
25965200
25965455
25975789
25963555
25975380
25977105
25977307
25995400
25974430
25965013
25965210
25965560
25977115
25953090
25965570
25963230
25976230
25976100
25977283
25980290
25990129
25963310
25976281
25975390
25970500
25974230
25974160
25958720
25955300
25965580
25958730
25955570
25961025
25961260
25976730
25977125
25964380
25955580
25977135
25975045
25985080
25975785
25964363
25964383
25977145
25960390
25959175
25964160
25977155
25959185
25953507
25973360
25953510
25961200
25960740
25960400
25973370
25990250
25963009
25963015
25973380
25995630
25956087
25977165
25976240
25976734
25976735
25958770
25977288
25963330
25977292
25960410
25961170
25976420
25973390
25954055
25977175
25953520
25976495
25990107
25976810
25954205
25977195
25960770
25956140
25964305
25961340
25955345
25975160
25976585
25990060
25975680
25976005
25970510
25960420
25970794
25957110
25959195
25960430
25990178
25955040
25955041
25954073
25980169
25957115
25965220
25960440
25974354
25995110
25977205
25980340
25976840
25963340
25966230
25954360
25976732
25977287
25975055
25955280
25966235
25976733
25977286
25963640
25957150
25995415
25964190
25957055
25961355
25970435
25963003
25975420
25958260
25960450
25956170
25990115
25980230
25960460
25966250
25963585
25963565
25953530
25963575
25953185
25970796
25975065
25961205
25977215
25975430
25975447
25958295
25965230
25978230
25976295
25960473
25955415
25956150
25956160
25978220
25955475
25975415
25976315
25956116
25959205
25956105
25955085
25957070
25995120
25973400
25974170
25961160
25974233
25965590
25965183
25956180
25963350
25966255
25961265
25963360
25990108
25955535
25953550
25957120
25963650
25975365
25995130
25954120
25973420
25953160
25975431
25956190
25960470
25965240
25964180
25954125
25954100
25974445
25975446
25953695
25960480
25953170
25970049
25973440
25958305
25973450
25953105
25954130
25963720
25956095
25963402
25964400
25964401
25963411
25963412
25995140
25976055
25976282
25965427
25956175
25974000
25973001
25973003
25965193
25964200
25964201
25958315
25953040
25958325
25965342
25956082
25974330
25995150
25953345
25975439
25957205
25953560
25965433
25965431
25966085
25965270
25976095
25975140
25995160
25973460
25976063
25960490
25956200
25955170
25960405
25963370
25960671
25960670
25954080
25953320
25965187
25963380
25963390
25964220
25960500
25990255
25990130
25964230
25955087
25975450
25964365
25976250
25970530
25963040
25960790
25976620
25976447
25970097
25956295
25977000
25973480
25973470
25957125
25954365
25961210
25958335
25975690
25957130
25957035
25966090
25973490
25965551
25956215
25974180
25973510
25955180
25970791
25975085
25980004
25977010
25965195
25965339
25975786
25966245
25953107
25990095
25957217
25980105
25978270
25953570
25965336
25974020
25965213
25953000
25953003
25953001
25953002
25953004
25953005
25953006
25953007
25953009
25953008
25980100
25958345
25959060
25966120
25980166
25964240
25953120
25995170
25966095
25976125
25964250
25990121
25955001
25954000
25956210
25964260
25976455
25965620
25956220
25990106
25960510
25976260
25975460
25966118
25970105
25976505
25965630
25990172
25976145
25963050
25976525
25990230
25954370
25977284
25965215
25964270
25965640
25976845
25957210
25956080
25965223
25953455
25965650
25990050
25970077
25980185
25995180
25980168
25955365
25995190
25970033
25965660
25990128
25963060
25965008
25983060
25965225
25995200
25976025
25975202
25995210
25990090
25976814
25954210
25957230
25983080
25978210
25974363
25995220
25974352
25961295
25954075
25957225
25965180
25995495
25990114
25995230
25975275
25977020
25953330
25973520
25973530
25963730
25953060
25965670
25965265
25954030
25961080
25965233
25970087
25953690
25963595
25976449
25965235
25953580
25956185
25965243
25990080
25977410
25978020
25978240
25974357
25966112
25980161
25990101
25976565
25975780
25990067
25980165
25990126
25954215
25970051
25974440
25990112
25955405
25954133
25955600
25953590
25954035
25975240
25973443
25974235
25974300
25961010
25956230
25966125
25957165
25957215
25961185
25976560
25976465
25976303
25970540
25975309
25975685
25970560
25975265
25975305
25976380
25974190
25955190
25955515
25957250
25973580
25960520
25955620
25990119
25961215
25977103
25975185
25966150
25960530
25960531
25961020
25964280
25970570
25954220
25965245
25976290
25964386
25953340
25990270
25977030
25973590
25959070
25953350
25995240
25956025
25954395
25977040
25960475
25961220
25966117
25980164
25956380
25954375
25975470
25975480
25975005
25966252
25953020
25961155
25959235
25959080
25990111
25953680
25974200
25977309
25980030
25975307
25975250
25961225
25955630
25965415
25976278
25970492
25955290
25975095
25965680
25953360
25976300
25970590
25964290
25970057
25975687
25961030
25955270
25963150
25965690
25963605
25978250
25977050
25966240
25970580
25976276
25977305
25963020
25954140
25970600
25973610
25961230
25958355
25964300
25964310
25976830
25966225
25953600
25955410
25958343
25961275
25990153
25953055
25965175
25965176
25961143
25961144
25961145
25961146
25961148
25961147
25960003
25960004
25955310
25954070
25977060
25961245
25956400
25956240
25976180
25976310
25955210
25960023
25965250
25975787
25957255
25963690
25965337
25976434
25976115
25953370
25956430
25953610
25956085
25956035
25956250
25975105
25959120
25959130
25956260
25965700
25955450
25976050
25956270
25995297
25980157
25977070
25955545
25970005
25965253
25975788
25974310
25957260
25954225
25977080
25957265
25957246
25957247
25957249
25957248
25973260
25973650
25973661
25973662
25970801
25970461
25965460
25963002
25954380
25956195
25970620
25963415
25995250
25957270
25958353
25970437
25958180
25975115
25961235
25965715
25966116
25970640
25957135
25965255
25965555
25953057
25976514
25973670
25990320
25954300
25955240
25956280
25961050
25963615
25964320
25976280
25976167
25974280
25955230
25970650
25956290
25965563
25955555
25970660
25958190
25974145
25966108
25976320
25977090
25965565
25995260
25977285
25983050
25956205
25957180
25958200
25974390
25977275
25963007
25977100
25955660
25977005
25976215
25965267
25970670
25964330
25953620
25961237
25973680
25973690
25954385
25970680
25990310
25976245
25980070
25976405
25965330
25977110
25953425
25959160
25956300
25960560
25976265
25980360
25977120
25953660
25973740
25954230
25954235
25976340
25978010
25977130
25976330
25990240
25970568
25975500
25976305
25955670
25977140
25976365
25953630
25958495
25958365
25966119
25985020
25995430
25977150
25976443
25975255
25958210
25975510
25953210
25958375
25956115
25973710
25970365
25977161
25970690
25966220
25977173
25953650
25970700
25959190
25956426
25970798
25990117
25965340
25953187
25955055
25961240
25959200
25975520
25975437
25958385
25975784
25980370
25990132
25961060
25966111
25973720
25973730
25960265
25958220
25957185
25980350
25980250
25975595
25955595
25990125
25976444
25965338
25953095
25975125
25975530
25955050
25959230
25975135
25956235
25959240
25977170
25966155
25959250
25975440
25975441
25975442
25976440
25976441
25976442
25977400
25977401
25995290
25995291
25995292
25977025
25976350
25953110
25958240
25965002
25965003
25965001
25965711
25966000
25966001
25958395
25957190
25995287
25956310
25955680
25954145
25965275
25975773
25980167
25960602
25960601
25960600
25970710
25953387
25959280
25976446
25976815
25976360
25963090
25990116
25958405
25995899
25990070
25957140
25965333
25965567
25970720
25976370
25957045
25960675
25980103
25976820
25974320
25974260
25980060
25955320
25958425
25958435
25990065
25957195
25957145
25980020
25973750
25965360
25954060
25985000
25985001
25985002
25985003
25980000
25980001
25980002
25980003
25976040
25976060
25976270
25976740
25977390
25970730
25974070
25976435
25976410
25964385
25963710
25973770
25956245
25954150
25961070
25953200
25953201
25953204
25953203
25995620
25976272
25956320
25963625
25970125
25974490
25974240
25955690
25960317
25960255
25965710
25956330
25970750
25995560
25995550
25995480
25990040
25990280
25970043
25976271
25976430
25955700
25958465
25973780
25976475
25975600
25964340
25966170
25980098
25960525
25973790
25973800
25970820
25959311
25959312
25961271
25961272
25980160
25978017
25974210
25977180
25973820
25980280
25977289
25980320
25995493
25958445
25977190
25975239
25977200
25973830
25956255
25985030
25961000
25961001
25977220
25956265
25970760
25954240
25975235
25965335
25970770
25960590
25963100
25961090
25955715
25970780
25956225
25964350
25964353
25965007
25963365
25956125
25974470
25975001
25966200
25995270
25983030
25980099
25961100
25976450
25965343
25970123
25961110
25957155
25961120
25953380
25976135
25955250
25958455
25958475
25974340
25975350
25974220
25976460
25963430
25953140
25975237
25970788
25970790
25955645
25970037
25975774
25995520
25954245
25954250
25954255
25976470
25977260
25970800
25965380
25976480
25964390
25966265
25980101
25955655
25970815
25990127
25976195
25965347
25976030
25990330
25978030
25977270
25976067
25960210
25961130
25976077
25954155
25990105
25976825
25974480
25977290
25976490
25976390
25965367
25960415
25976477
25965383
25958250
25985050
25965720
25974350
25956350
25995298
25975545
25975245
25957285
25976165
25954390
25975776
25995280
25963375
25975540
25960315
25963450
25966175
25955353
25966203
25977300
25977301
25985110
25963110
25966190
25975315
25956275
25976117
25955010
25964360
25975295
25963070
25976345
25975550
25955650
25954260
25995440
25964367
25975560
25975570
25977310
25977320
25956315
25954265
25956360
25980104
25965410
25980095
