25806160
25809650
25812730
25815400
25807060
25812162
25802300
25803110
25821232
25808070
25803100
25803256
25812035
25812110
25804100
25802100
25820100
25808344
25806100
25821235
25809250
25803213
25803223
25820220
25815225
25811040
25815160
25815570
25812220
25815280
25821530
25802260
25811005
25811087
25809120
25815066
25808275
25812118
25811240
25820060
25809160
25821510
25812050
25812116
25811007
25811009
25809695
25815430
25812750
25812710
25809050
25808200
25812440
25810380
25821420
25812237
25810280
25810140
25815460
25815116
25805194
25811620
25812380
25821270
25820185
25808180
25812184
25820260
25804050
25805150
25821236
25812020
25809630
25821342
25821229
25808190
25803080
25821050
25803070
25811180
25809080
25812768
25821460
25806200
25815558
25812166
25804110
25820350
25806290
25806180
25820050
25812550
25810240
25821247
25807240
25811300
25808350
25821240
25821243
25805200
25821035
25802340
25821440
25805060
25808144
25811280
25815556
25812580
25809440
25812075
25808182
25809210
25803060
25820155
25811260
25803222
25804130
25815079
25811100
25815330
25812260
25809320
25802310
25806360
25812510
25821226
25806170
25809660
25810430
25809510
25804120
25812160
25802160
25807170
25804270
25821280
25820320
25811010
25806210
25808110
25815080
25811089
25815140
25821380
25811270
25820306
25807070
25808000
25804030
25809420
25821450
25821625
25815078
25806420
25809520
25810360
25812158
25812770
25808150
25812172
25821285
25808320
25812470
25821490
25821491
25821492
25821635
25821475
25821145
25802345
25806120
25809670
25806150
25821110
25811022
25821062
25811014
25811016
25811018
25808040
25815550
25811092
25809380
25804014
25804040
25815130
25811160
25821485
25811091
25803050
25803040
25808220
25802250
25806130
25808020
25821300
25809680
25809370
25802120
25809360
25811095
25821222
25811520
25802347
25815610
25808273
25811390
25815290
25821550
25802338
25802336
25821680
25821140
25812740
25820310
25805130
25811610
25805040
25821245
25804090
25810070
25820000
25812721
25815074
25802332
25811410
25805090
25815270
25821486
25821260
25821265
25810060
25815200
25820195
25815067
25806280
25805360
25811097
25802220
25803063
25802020
25807010
25812700
25821234
25806110
25811360
25815670
25811150
25815000
25812420
25821239
25820010
25812742
25811700
25808189
25815095
25811086
25815605
25809030
25809300
25821210
25821180
25806090
25805250
25803248
25811310
25806080
25807270
25808330
25809310
25809500
25804172
25811265
25812235
25802330
25802315
25805010
25809460
25808290
25808106
25815600
25807260
25805100
25809330
25806410
25809430
25812390
25815690
25821100
25821105
25812465
25821580
25811094
25811084
25812180
25812200
25812400
25821060
25804150
25807110
25803266
25809610
25808010
25807130
25802350
25809260
25811080
25804075
25811002
25821650
25810445
25820175
25821010
25807190
25810390
25821224
25807020
25815500
25811290
25808024
25810190
25815077
25812010
25805070
25807180
25811190
25815450
25812610
25810350
25808365
25812194
25812720
25808104
25810050
25802060
25804070
25821070
25802050
25807090
25809070
25815065
25821290
25815440
25810470
25815100
25811085
25812762
25821564
25808360
25805190
25811200
25810220
25821520
25821130
25807210
25811140
25808050
25821640
25821630
25806050
25806060
25803246
25806040
25810004
25809604
25809090
25815415
25812490
25804250
25804160
25811090
25809550
25806030
25821020
25815640
25815240
25804170
25811510
25803260
25821678
25810314
25815012
25810130
25804180
25803218
25806020
25809570
25812600
25812150
25815064
25810040
25820120
25808183
25812570
25812767
25811340
25807150
25811130
25812210
25821433
25821227
25821250
25812080
25812070
25821430
25812030
25815560
25815563
25815224
25812540
25809200
25808148
25810450
25812530
25809590
25809140
25812170
25812174
25810150
25807244
25821200
25810320
25821220
25806010
25802150
25810270
25820130
25809480
25820140
25815114
25820280
25804020
25806400
25812185
25812464
25821066
25820165
25811110
25808090
25803090
25802255
25810246
25812763
25812748
25812130
25812135
25815580
25820160
25820090
25821000
25815072
25805080
25810316
25812370
25806137
25804016
25811070
25815020
25805006
25811012
25806133
25804190
25809280
25809400
25812769
25815567
25820290
25811320
25815520
25812546
25806390
25811330
25809390
25811050
25809040
25812450
25820304
25809114
25810340
25810355
25809130
25815250
25815470
25809125
25815005
25820167
25811060
25820270
25820030
25809560
25821238
25812765
25820080
25815194
25815650
25820070
25820150
25815112
25808300
25812780
25812766
25805340
25807246
25802170
25807155
25808184
25809110
25821150
25820300
25802290
25821190
25811420
25821660
25805022
25805023
25805025
25805024
25821480
25810300
25812745
25805333
25807220
25812190
25815370
25815630
25803234
25812746
25804260
25802270
25805320
25803235
25815010
25806380
25815050
25805210
25810248
25812761
25811250
25807050
25808160
25807160
25815310
25821055
25810260
25810330
25810490
25815530
25803263
25815490
25821015
25815561
25808186
25803262
25808060
25815076
25805196
25815565
25812771
25821425
25821540
25810400
25821484
25803225
25820330
25815090
25820240
25803236
25805008
25804060
25808367
25815014
25815360
25808340
25811170
25808310
25804280
25809690
25807200
25810205
25805310
25808280
25811220
25811210
25812156
25809060
25808185
25821690
25810290
25810235
25820040
25815070
25805120
25810090
25805300
25812743
25812458
25821170
25810370
25805290
25821090
25809540
25815510
25803268
25805280
25812749
25820035
25821600
25812182
25812000
25802334
25812456
25806370
25809220
25820055
25810080
25812164
25820190
25805110
25820170
25803065
25815480
25807145
25807143
25810310
25805270
25809490
25821410
25812192
25805260
25821310
25820200
25815190
25808130
25803216
25806140
25810250
25809580
25821094
25802140
25808188
25820173
25815340
25807030
25808030
25815030
25815700
25802000
25808080
25810010
25815170
25810110
25812760
25810020
25809470
25821030
25812500
25810420
25815540
25821570
25812722
25812410
25811400
25811600
25802333
25809290
25805240
25807024
25821320
25802348
25808390
25809450
25820370
25821670
25815590
25804200
25812168
25812120
25811006
25803062
25821160
25815180
25808270
25805140
25807120
25821350
25802030
25807230
25811430
25802210
25812040
25805030
25811380
25820110
25802040
25807100
25809150
25812430
25804000
25805230
25809170
25805180
25810414
25811030
25811500
25803232
25809014
25805050
25803020
25807040
25808146
25804010
25810030
25809340
25809530
25803000
25802280
25810244
25820145
25804210
25820360
25820210
25803212
25806220
25809620
25820230
25815118
25821560
25815150
25808170
25803210
25815380
25809600
25809020
25809010
25808230
25809045
25803269
25811088
25815410
25806135
25805000
25805001
25805004
25829899
25815505
25803258
25809230
25807280
25810000
25812461
25812462
25811001
25811000
25821120
25809180
25812100
25812090
25815620
25808370
25815230
25804080
25802240
25821455
25810460
25812340
25815350
25812188
25815390
25808187
25820147
25815120
25821360
25821005
25815220
25815660
25803214
25821370
25821225
25815680
25812176
25820250
25810443
25821068
25821400
25811020
25815300
25803224
25809410
25802130
25812350
25802090
25805220
25805160
25805162
25808140
25821470
25812360
25812764
25821610
25810170
25815110
25810180
25810200
25802070
25808366
25804220
25821230
25806250
25806240
25806230
25821500
25812560
25812544
25810100
25810410
25812186
25812178
25804140
25805170
25812230
25802080
25806260
25811370
25820065
25821390
25810230
25812140
25810160
25810210
25811096
25815260
25806270
25811350
25803264
25805335
25810440
25808210
25815060
25811093
25802200
25804240
25815192
25805350
25808240
25811230
25812520
25821340
25809100
25811120
25815420
25811440
25808100
25815040
25808250
25802180
25809535
25803010
25809190
25809240
25803030
25803265
25820180
25821080
25807080
25804230
