27605040
27605150
27603880
27608167
27610620
27603670
27602040
27603093
27603410
27604130
27604855
27605046
27610770
27606210
27610520
27604030
27601660
27610250
27604137
27603107
27610390
27603415
27600855
27603100
27600860
27601668
27601128
27610630
27606220
27601460
27600780
27603420
27601480
27601600
27600286
27604770
27600291
27605350
27610640
27600296
27603114
27604860
27600760
27604650
27604865
27603470
27603890
27601136
27604090
27600766
27600301
27602878
27605360
27600785
27602886
27610400
27603800
27601144
27607578
27607586
27607610
27603230
27600790
27600772
27603160
27603240
27604665
27600870
27601115
27603165
27600306
27602790
27600795
27606230
27600311
27600612
27603235
27603000
27602050
27605070
27602110
27606240
27603480
27603676
27605160
27610650
27600001
27604095
27602798
27605052
27611560
27611680
27603490
27601500
27606245
27600031
27608188
27610410
27610530
27610660
27606255
27600061
27605058
27600800
27600724
27610540
27610670
27604777
27611650
27604870
27605170
27610680
27604000
27601606
27603682
27604010
27602060
27600081
27602070
27610690
27600640
27603425
27600664
27600880
27601520
27601612
27600101
27602806
27603340
27600682
27600121
27600618
27603170
27605080
27603345
27600712
27601152
27611480
27611820
27603590
27604100
27604144
27601770
27603175
27602737
27600350
27604151
27601100
27607594
27603370
27602120
27602814
27603350
27603180
27608195
27600805
27604784
27603005
27600136
27600360
27604680
27601676
27603500
27603688
27604158
27604165
27604172
27604179
27604186
27604791
27610700
27600370
27600151
27600166
27611495
27605370
27604193
27604020
27608202
27608030
27603773
27603121
27603510
27605090
27600380
27602130
27602080
27600890
27602140
27601684
27601000
27606328
27600181
27601692
27604798
27606265
27603355
27603245
27604875
27603250
27607602
27601540
27601700
27600196
27610420
27610778
27600810
27603830
27611575
27610430
27610710
27603255
27604880
27610550
27600211
27601010
27603694
27603010
27603700
27603520
27600226
27603610
27602150
27603595
27606270
27600730
27600646
27601020
27603530
27604695
27601618
27603540
27603128
27604885
27607530
27600390
27600320
27603360
27601030
27606420
27601105
27611635
27610440
27604890
27603710
27600241
27603185
27602822
27603135
27603840
27603142
27605064
27601450
27602830
27600006
27608240
27600036
27600815
27602838
27602090
27600011
27600400
27603149
27603260
27606275
27607546
27600041
27603265
27603375
27610786
27603270
27600066
27603190
27603030
27600551
27600410
27603550
27603616
27600086
27610270
27603037
27608050
27608209
27604105
27610450
27603719
27611695
27611510
27611880
27603044
27603275
27603622
27603460
27602160
27601620
27600106
27602846
27600324
27610290
27605010
27603051
27601470
27601708
27602170
27603465
27611590
27611710
27611525
27611725
27602180
27603475
27602744
27602190
27607562
27602200
27611605
27611665
27611835
27600558
27606336
27601790
27600016
27603485
27600021
27605380
27601624
27601040
27602854
27601820
27604037
27608216
27606280
27600328
27600565
27604044
27604710
27605016
27603195
27604051
27601850
27600046
27600420
27606285
27610720
27603200
27602210
27603280
27611790
27611850
27600051
27604200
27603495
27608223
27603600
27604895
27603570
27603810
27600688
27600430
27607538
27600572
27604725
27601870
27611740
27604805
27600071
27601716
27600091
27600579
27606290
27606295
27603058
27600111
27602862
27611865
27603628
27600126
27603575
27601490
27601724
27601050
27604125
27606344
27602770
27603634
27605100
27600332
27610460
27603580
27607554
27608070
27602751
27600694
27603380
27606352
27600141
27600440
27603728
27603820
27602220
27605000
27606300
27600156
27603505
27606360
27606368
27600450
27604058
27600718
27600652
27610310
27605022
27605110
27602230
27603285
27602240
27601732
27601890
27603290
27600460
27603385
27603515
27600171
27602250
27604207
27602010
27602260
27603205
27610330
27610560
27600186
27603390
27600201
27600670
27600700
27600470
27600480
27610730
27603015
27603295
27603640
27602870
27600658
27600216
27600231
27603065
27610740
27602030
27606376
27605028
27603395
27601160
27610350
27600820
27603646
27600336
27603400
27600246
27606305
27601060
27600676
27601800
27604214
27603746
27605005
27604221
27603764
27608230
27601740
27611755
27606384
27604228
27603652
27601830
27601860
27601510
27603525
27610470
27600256
27600261
27600266
27606392
27602270
27603535
27603658
27606400
27608090
27601530
27605260
27610480
27606310
27602280
27601630
27600586
27603545
27603300
27608160
27603305
27606205
27601636
27610490
27601168
27606215
27602290
27605390
27603310
27604065
27604110
27604812
27601880
27603020
27601642
27601110
27603210
27600271
27600490
27602300
27604235
27605400
27601550
27601648
27604242
27606225
27600276
27602758
27606235
27600026
27600340
27603215
27600295
27601070
27606760
27602730
27606250
27606320
27606530
27610370
27610500
27610750
27610794
27610810
27611540
27611620
27605190
27605200
27605230
27605290
27605430
27610510
27610570
27610590
27604840
27605034
27605120
27605180
27605320
27605410
27602100
27602350
27607570
27608110
27608174
27608181
27608300
27605420
27610840
27603220
27603072
27600056
27600500
27603079
27601560
27602775
27603365
27610870
27604819
27600076
27600624
27611899
27601570
27604826
27600736
27600096
27606260
27606408
27601748
27603225
27602000
27611770
27611805
27601176
27600116
27600510
27602020
27602780
27604072
27603315
27601810
27600825
27601840
27604249
27601756
27601780
27604256
27603320
27600131
27600530
27600146
27604740
27600830
27601080
27603555
27606520
27600835
27600161
27600840
27603405
27600176
27600742
27604115
27600630
27600520
27600191
27601090
27603325
27604833
27604263
27603850
27604270
27603860
27603330
27600206
27604079
27604120
27603782
27603870
27610760
27600221
27604845
27603560
27600495
27603664
27604277
27604284
27600236
27603086
27600251
27601580
27600845
27600850
27601590
27600748
27604755
27600537
27600544
27603791
27604850
27610580
27606200
27600600
27600606
27600281
27603585
27603737
27600754
27601120
27603755
