69309163
69312075
69304401
69313795
69301205
69312010
69318320
69313172
69312493
69312580
69311268
69312123
69316758
69317002
69316398
69318300
69318310
69318104
69318102
69318200
69313262
69314570
69313132
69306210
69312015
69309370
69309360
69314186
69309380
69306710
69306635
69307530
69315341
69314124
69308010
69314102
69314022
69310737
69307582
69312034
69312526
69308355
69312530
69308365
69305510
69307347
69317324
69317288
69314296
69313347
69307605
69315282
69312168
69312186
69316588
69317173
69315335
69318756
69305020
69304030
69316218
69313385
69312555
69317326
69317290
69310075
69315343
69313108
69310192
69301430
69305170
69308290
69312490
69312491
69307720
69318018
69313085
69314202
69315682
69307808
69314324
69311260
69312616
69301070
69301065
69305560
69318032
69304500
69315345
69315572
69318040
69309513
69309040
69309164
69312301
69312300
69312298
69312299
69313360
69313358
69316620
69305295
69316299
69312172
69313505
69318055
69314192
69311254
69311006
69313415
69315248
69310012
69318304
69301140
69313608
69316692
69316476
69313402
69315347
69309166
69309190
69312055
69310045
69309413
69318762
69307675
69313682
69313780
69318720
69317291
69306330
69312052
69303463
69304590
69303037
69318732
69312245
69311262
69305520
69305670
69315315
69310152
69304110
69312178
69313530
69307789
69307825
69315616
69313075
69310154
69315349
69310038
69312058
69310048
69315268
69306495
69306395
69307057
69304090
69314214
69314146
69314316
69313435
69307775
69318201
69313297
69315691
69304465
69307804
69315238
69317450
69306290
69316596
69307170
69314660
69316530
69307100
69316295
69307250
69307252
69315302
69304002
69314196
69317480
69317479
69313265
69316755
69317109
69316565
69316748
69316558
69313182
69307796
69317320
69316408
69315708
69315030
69305268
69305270
69317302
69317044
69301290
69308020
69316592
69317176
69312025
69317481
69315232
69313004
69315659
69315228
69317194
69304570
69312162
69312062
69309172
69315338
69317192
69312517
69313080
69313619
69313585
69309181
69309209
69313362
69305430
69303190
69318306
69317225
69307750
69315088
69316054
69316368
69315670
69317028
69317235
69315351
69315564
69317342
69312383
69308030
69312398
69317488
69319040
69317482
69305095
69306460
69316238
69315633
69307235
69307595
69307812
69303452
69303385
69304464
69304404
69304445
69318037
69307070
69301090
69316004
69316055
69315573
69311009
69307778
69311252
69307337
69317484
69313616
69313580
69312108
69313440
69318766
69315280
69313398
69309160
69312311
69312252
69313354
69318764
69305090
69305080
69307090
69318042
69306390
69314106
69314028
69306300
69305125
69312125
69316062
69316134
69304360
69318002
69309000
69309167
69309187
69312244
69312218
69313520
69312242
69314144
69313432
69314212
69314292
69314382
69317182
69317334
69318003
69312048
69307275
69306720
69309176
69309201
69318758
69317358
69311011
69311014
69310156
69309460
69312092
69310128
69317542
69312387
69301225
69312112
69312332
69313648
69313798
69318316
69309390
69307717
69307781
69305620
69309565
69309395
69309383
69309186
69309515
69309015
69309185
69307095
69307785
69317024
69317231
69318052
69301310
69303210
69308430
69315695
69304472
69308161
69312595
69312583
69312248
69313485
69313531
69318746
69316254
69311017
69316214
69308040
69315606
69304475
69315644
69306380
69306357
69306695
69301020
69301072
69303467
69316735
69314464
69316510
69315669
69301050
69303130
69303480
69303150
69316308
69316390
69312663
69315577
69313032
69307780
69311250
69306620
69301135
69306372
69314384
69316772
69313442
69312115
69312505
69318047
69316208
69318714
69311021
69312653
69318722
69317386
69309365
69304460
69308050
69315292
69316264
69316072
69316163
69309575
69312450
69312600
69315105
69308505
69318753
69307787
69315600
69305640
69310030
69313715
69316282
69312673
69315626
69315000
69316064
69316138
69309400
69313002
69310600
69308070
69309162
69307490
69313800
69317584
69316270
69318318
69318006
69307770
69307748
69310711
69307130
69303470
69318167
69307510
69318027
69310158
69314402
69316775
69313388
69315353
69305250
69313475
69313284
69309410
69312369
69309470
69313005
69316182
69316168
69316212
69310083
69318770
69316800
69317295
69314432
69311027
69306580
69304455
69315685
69317486
69314533
69318772
69317490
69318718
69317492
69314218
69317494
69308090
69318719
69308100
69313634
69317392
69303420
69317576
69313135
69312521
69304080
69312118
69305290
69313007
69309007
69309655
69312004
69312005
69312212
69313630
69313518
69314142
69313742
69314008
69310008
69316600
69314422
69316778
69314537
69314625
69315222
69301455
69307060
69310719
69318730
69312520
69307383
69306505
69306397
69314344
69318230
69318232
69318234
69318008
69318236
69318238
69318240
69317530
69313098
69310160
69301280
69301270
69303460
69303035
69303057
69307586
69307052
69305580
69318057
69307749
69314487
69316518
69301045
69303491
69318054
69318068
69318069
69318004
69318071
69318073
69318074
69318076
69318078
69318056
69318079
69318058
69318059
69318061
69318097
69318063
69318064
69318066
69318005
69318010
69318015
69318025
69318030
69318070
69318075
69318080
69318085
69318090
69318095
69318100
69318105
69318110
69318115
69318120
69318125
69318130
69318135
69318140
69318145
69318150
69318155
69318160
69318165
69312565
69310053
69301080
69301081
69315570
69314222
69317442
69312377
69312603
69312604
69308155
69301380
69301069
69307200
69301060
69301061
69310731
69314621
69315355
69316700
69318169
69316652
69317101
69316648
69306610
69308080
69307818
69314312
69305093
69307783
69311001
69313632
69306340
69313624
69313592
69317398
69308120
69317328
69316426
69313010
69318035
69315686
69314198
69317496
69313006
69312349
69312635
69313690
69313785
69317372
69307230
69316618
69304630
69306220
69318752
69315666
69312452
69314520
69314527
69314530
69317390
69315609
69313008
69311031
69316014
69316051
69317474
69306690
69301011
69301067
69303465
69312625
69316066
69316154
69318724
69318083
69315365
69313068
69316272
69317180
69306670
69305115
69311034
69307790
69312160
69312213
69304530
69308140
69315357
69309660
69310162
69312337
69304430
69314224
69315058
69317498
69312448
69314314
69310739
69311037
69307793
69316232
69316325
69318062
69318782
69307450
69307816
69314126
69314226
69315613
69315614
69317332
69316192
69316430
69306388
69310741
69307061
69314012
69314232
69314258
69313652
69313430
69314334
69314352
69317198
69317201
69317292
69317294
69317029
69317236
69312146
69313802
69316268
69318326
69315643
69315647
69315645
69314326
69313412
69312132
69312135
69309430
69312138
69313515
69304180
69309440
69313645
69312205
69312361
69316578
69317165
69307220
69315648
69303015
69303482
69309012
69312072
69313610
69310073
69314452
69316702
69307710
69313425
69312035
69310060
69307273
69317579
69315215
69315231
69315220
69315249
69313092
69318784
69315212
69315208
69315225
69312150
69312214
69315205
69307690
69307685
69315202
69312142
69305410
69301260
69303450
69307180
69315278
69313628
69313708
69313709
69315285
69315288
69315255
69315258
69315283
69315259
69315260
69315261
69315295
69313613
69313578
69312012
69306170
69305285
69315332
69305220
69310110
69307798
69307395
69307425
69306015
69314615
69314134
69306350
69306447
69318322
69317335
69311298
69311304
69315662
69318020
69315074
69315084
69316044
69317519
69316422
69317314
69304270
69309184
69309225
69305440
69309014
69309657
69306005
69305455
69305284
69305005
69304015
69310005
69305140
69314356
69311044
69307768
69308000
69306660
69304467
69316296
69311256
69303390
69312113
69307500
69307243
69313621
69313588
69301105
69315092
69316056
69301160
69301161
69304000
69305135
69310000
69305555
69310003
69318209
69311274
69304280
69311047
69310753
69317380
69317366
69317500
69313112
69310194
69314322
69311051
69317042
69317263
69305600
69308130
69312065
69310068
69304640
69307058
69311264
69316016
69316323
69316019
69316020
69316034
69315064
69315078
69316074
69315054
69315082
69316076
69318207
69315066
69316002
69316057
69315076
69314635
69314236
69316078
69315639
69316018
69316166
69316022
69316324
69316027
69316012
69316050
69316008
69315046
69315048
69318050
69317234
69317027
69314404
69316780
69316293
69305380
69315325
69312022
69305350
69317376
69310025
69317344
69317285
69314302
69309700
69318324
69317337
69305370
69317820
69317809
69317807
69317811
69315056
69315072
69317004
69316400
69304450
69309175
69312319
69312255
69313445
69317352
69315601
69313605
69313760
69314238
69314264
69310715
69312180
69312188
69318738
69303220
69312547
69313016
69318222
69318007
69312082
69314184
69314042
69314458
69314640
69310718
69309393
69309366
69307680
69309412
69301320
69312495
69316194
69316244
69305200
69304515
69317330
69316438
69311054
69317308
69316414
69303047
69306520
69312347
69317186
69314424
69307747
69317322
69317286
69314298
69310055
69316627
69316598
69312258
69313498
69313526
69304610
69304400
69314622
69312262
69313490
69313534
69314426
69314434
69307460
69307670
69317316
69316424
69307153
69307465
69306398
69317336
69316725
69317048
69317179
69317265
69316440
69311057
69305120
69312359
69312439
69315618
69307802
69317468
69310085
69313012
69317000
69317181
69305160
69313025
69313028
69317470
69312403
69312408
69316550
69314557
69316718
69307440
69315636
69309416
69315571
69311312
69312328
69316402
69307700
69306545
69306700
69301030
69301077
69303472
69307820
69314406
69313448
69313478
69307645
69309490
69301250
69303340
69304560
69309695
69316186
69305550
69306502
69306570
69310166
69313720
69307772
69306345
69313072
69313015
69306725
69312373
69313155
69307271
69315068
69310093
69307120
69310078
69311071
69307763
69313575
69308160
69303045
69303485
69309075
69309109
69318171
69305420
69308170
69303483
69313757
69305310
69317504
69304320
69304522
69313570
69316446
69316448
69316462
69316464
69316470
69316472
69316650
69316480
69316484
69316488
69316490
69316492
69313450
69316582
69317168
69309079
69318742
69312038
69310063
69313162
69313422
69314162
69313348
69312190
69317444
69314242
69305360
69309411
69313770
69315305
69311067
69315620
69305190
69307758
69312265
69313492
69313536
69314523
69315578
69309500
69309510
69314155
69314208
69307589
69307054
69313698
69313792
69311306
69311074
69304517
69304521
69312397
69312537
69307705
69318788
69307801
69312531
69312018
69318067
69306185
69316625
69313325
69312399
69312610
69312613
69313642
69313650
69312296
69309188
69312215
69309230
69309215
69312570
69316188
69301340
69317478
69309408
69309409
69309388
69315262
69312515
69307430
69311077
69304020
69309405
69310755
69318728
69304210
69309399
69315328
69313003
69311081
69312145
69309020
69312001
69309173
69312175
69312176
69313528
69314148
69305240
69313022
69311084
69318173
69307610
69315628
69311087
69313332
69316528
69314677
69312200
69312201
69313510
69313511
69312627
69312615
69313268
69314480
69316516
69313790
69311062
69313695
69317534
69304520
69314182
69313572
69309385
69316590
69317174
69310168
69311091
69313728
69313635
69316782
69301350
69312148
69316630
69312268
69313328
69307751
69307420
69317550
69307814
69311041
69309004
69309211
69312222
69309183
69309220
69311094
69304457
69307410
69310120
69304403
69314062
69317529
69314645
69310759
69310721
69310125
69313633
69306400
69310123
69315568
69310170
69319002
69319004
69319006
69319008
69319010
69319012
69319014
69319016
69319018
69319020
69319022
69319024
69319026
69319028
69304407
69313275
69313278
69313282
69313285
69306200
69314408
69316785
69318774
69318748
69317394
69312640
69316788
69313418
69313288
69314497
69314650
69317364
69309085
69307155
69312202
69312187
69312351
69307370
69311137
69312042
69313638
69310065
69310070
69311180
69313565
69316594
69316595
69317177
69304200
69304525
69313752
69317196
69304335
69312365
69312389
69317552
69315245
69316698
69312533
69315675
69319000
69310733
69313500
69306353
69316226
69307360
69311107
69313615
69312028
69310058
69309171
69309195
69312220
69312163
69312221
69305180
69314396
69316708
69314547
69316546
69306450
69301370
69316242
69306160
69306168
69314342
69308180
69314388
69314346
69304390
69304527
69307350
69306260
69312624
69305390
69314572
69318175
69313612
69313702
69317506
69312343
69315611
69315298
69317025
69317232
69312230
69312179
69317300
69312339
69317023
69317190
69315653
69304440
69313189
69316732
69316508
69309037
69309030
69309168
69312246
69312272
69313455
69318203
69301390
69314466
69306275
69317554
69311272
69313680
69313782
69310113
69316728
69317102
69316502
69307600
69301300
69304370
69301076
69313338
69303492
69301210
69303160
69315312
69310745
69301220
69312607
69306590
69316297
69309217
69312329
69313145
69312275
69313458
69309240
69312367
69313194
69314470
69307660
69318768
69317510
69313368
69301360
69318754
69318760
69316603
69312366
69305070
69314507
69309089
69309363
69309177
69309207
69306640
69316752
69317107
69316562
69315650
69315077
69301165
69313622
69313775
69313595
69313745
69313263
69317544
69303005
69303493
69314579
69314577
69313292
69314578
69313294
69314574
69314614
69313302
69313305
69313308
69313270
69314617
69313277
69314618
69313279
69314619
69313281
69314606
69313283
69314607
69314608
69304070
69312513
69310747
69312492
69312208
69317306
69317047
69316410
69301410
69305025
69305294
69306025
69312185
69313532
69313538
69307340
69310749
69314128
69316042
69306373
69317516
69313148
69308200
69313710
69306685
69306535
69306295
69318081
69312278
69317458
69310130
69317512
69317514
69313035
69317578
69310035
69309520
69304290
69315672
69318072
69318780
69318242
69314137
69315575
69307560
69313535
69317374
69315656
69316738
69317050
69314454
69316494
69313289
69313568
69313750
69316556
69316555
69314567
69316745
69313640
69317518
69315242
69311292
69312192
69313508
69307745
69312335
69317195
69306180
69317348
69312553
69307757
69307272
69307830
69317520
69307740
69307580
69318060
69312282
69313480
69313527
69313392
69314204
69314164
69306250
69310033
69307835
69315566
69315562
69318106
69318107
69318108
69318084
69318109
69318137
69318086
69318111
69318088
69318112
69318091
69318113
69318092
69318114
69318093
69318116
69318094
69318117
69318138
69318096
69318118
69318098
69318119
69318099
69318121
69318122
69318123
69318124
69318126
69318127
69318128
69318129
69318131
69318132
69318133
69318134
69305050
69310743
69304490
69316690
69314414
69314540
69314675
69316542
69313722
69312182
69313502
69306270
69306190
69317456
69316046
69312428
69313700
69312590
69311270
69306389
69307655
69307053
69307810
69316252
69316273
69307520
69317312
69316420
69307786
69315275
69304150
69317338
69316496
69316765
69317110
69316568
69315631
69307240
69307480
69312341
69318210
69316262
69310761
69310172
69309189
69309002
69316206
69308240
69306310
69314294
69317296
69317318
69310043
69306420
69316466
69318177
69318101
69318103
69316184
69314085
69314710
69313115
69307570
69317563
69304410
69304537
69317346
69305330
69314456
69313658
69301450
69305100
69304300
69312292
69305280
69309170
69312310
69312288
69313460
69316554
69314563
69316742
69315265
69310164
69312333
69313152
69303072
69313626
69313598
69312225
69312295
69308250
69312540
69305630
69315322
69314580
69312375
69312437
69316548
69314553
69316710
69309550
69314194
69308370
69312500
69312573
69307752
69307760
69317546
69307730
69303250
69317586
69312532
69316520
69316563
69307742
69317536
69307765
69307799
69318212
69318302
69317556
69317340
69317267
69316498
69312285
69313482
69313529
69314336
69307150
69313428
69313042
69314354
69312363
69306598
69309095
69318009
69318022
69318224
69301200
69304350
69309010
69309198
69312155
69313522
69314304
69317184
69311258
69311097
69312575
69318215
69318216
69315062
69317522
69308390
69304545
69310105
69307385
69307535
69307300
69307615
69312371
69312456
69305590
69317562
69314082
69314244
69314266
69303410
69313185
69314715
69310103
69316524
69304031
69318136
69313382
69315630
69316478
69315052
69317454
69317356
69311101
69314412
69316790
69306715
69318750
69309560
69312665
69317230
69317524
69305660
69307345
69306010
69306396
69306376
69306387
69307140
69312302
69313488
69313533
69307260
69308260
69303370
69312503
69315096
69316026
69316379
69313660
69318077
69308110
69317517
69316280
69318776
69310735
69301120
69313617
69313582
69316204
69309414
69318726
69318778
69308270
69313286
69307470
69314392
69314348
69314188
69314262
69312143
69317582
69313322
69313117
69313409
69312675
69309397
69316406
69317513
69316246
69310751
69318314
69312305
69312306
69313497
69312165
69313525
69312164
69301063
69316396
69314551
69314550
69316715
69316716
69314398
69317185
69315318
69316202
69316198
69316266
69309099
69313758
69318011
69314490
69317526
69306374
69314473
69316514
69311104
69311184
69311186
69304340
69304542
69303240
69305110
69305112
69305320
69315629
69314386
69316740
69317105
69316536
69313462
69317333
69316538
69316792
69314418
69313465
69315308
69318000
69317382
69318712
69317370
69311024
69317384
69317383
69304050
69310010
69318082
69316540
69314462
69314468
69314477
69314483
69314493
69316522
69314655
69314665
69317362
69312633
69312078
69310115
69317041
69317238
69317360
69308280
69307455
69307056
69312133
69310174
69314575
69314609
69313375
69317402
69308060
69312088
69317538
69313082
69314576
69309570
69313088
69316287
69316283
69316284
69316286
69316289
69316292
69316294
69316326
69316302
69316303
69316304
69316305
69316306
69316315
69316328
69316310
69316312
69316313
69316314
69316316
69316318
69316320
69316322
69317350
69317528
69309590
69309580
69314206
69309593
69314158
69306650
69313342
69309361
69316285
69316570
69317133
69316768
69313168
69304032
69318744
69310727
69314246
69317580
69311296
69311308
69303360
69318716
69314115
69314038
69315359
69315576
69316256
69309415
69309600
69318308
69310080
69311111
69313045
69309610
69305450
69311302
69311300
69311114
69305470
69305570
69306240
69310757
69313018
69303320
69303457
69303365
69317590
69313596
69313625
69313740
69313718
69303065
69303067
69303069
69312497
69314216
69314573
69313287
69316222
69316221
69318206
69318312
69312605
69315218
69313011
69312557
69303200
69318700
69315667
69304468
69315634
69311182
69316404
69307050
69305480
69312563
69303380
69305210
69301420
69305260
69304160
69307160
69307161
69304451
69308300
69310176
69301240
69312355
69312418
69316705
69314543
69314680
69316544
69308310
69315642
69315621
69317803
69316635
69317508
69318220
69318001
69312620
69301190
69304010
69314571
69309180
69312320
69312308
69313468
69301180
69304040
69314308
69306482
69306355
69309105
69317446
69314068
69314074
69314166
69314168
69314076
69317532
69301440
69305130
69304462
69307805
69306492
69306394
69305540
69307110
69318734
69310178
69309403
69311117
69314122
69309620
69314108
69314032
69305650
69318179
69307080
69301150
69310090
69314092
69314015
69314072
69314104
69314025
69314112
69314035
69314098
69314002
69314228
69306371
69316032
69317452
69311121
69308515
69317829
69317515
69314005
69314248
69314087
69314088
69314018
69316196
69312617
69316258
69311290
69311310
69313048
69307062
69318786
69313118
69313052
69315363
69315649
69312524
69307774
69312360
69312358
69312362
69312356
69312364
69306391
69312405
69312606
69312608
69313655
69307312
69307315
69307317
69307322
69307325
69307565
69307327
69304310
69304533
69309450
69315361
69315574
69315094
69316024
69310180
69313470
69308320
69304170
69303290
69303060
69303062
69318013
69318029
69318031
69318033
69318034
69318036
69318038
69318043
69318041
69318039
69318044
69318016
69318046
69318048
69318049
69318051
69318053
69318017
69318019
69318021
69318023
69318024
69318026
69318028
69306230
69312585
69312587
69310725
69313365
69307767
69315272
69316482
69313405
69313272
69312385
69312458
69306430
69307762
69314670
69316534
69313562
69313768
69303027
69312525
69314338
69309182
69309221
69307722
69307584
69312032
69316584
69317170
69317558
69309165
69312307
69312312
69313372
69316720
69317269
69314428
69316722
69314430
69316762
69314568
69316392
69315086
69316048
69313055
69314630
69312634
69313165
69304260
69308330
69307650
69312655
69316248
69312045
69316586
69317172
69307695
69308350
69307792
69306370
69306445
69303350
69315235
69315036
69303270
69315698
69315020
69315018
69316124
69316125
69303260
69315004
69315016
69316122
69307735
69301130
69308360
69315012
69303280
69316104
69315006
69307727
69306730
69305490
69307343
69315014
69305460
69305530
69316118
69315034
69315702
69315038
69307715
69316108
69316156
69315704
69315032
69316172
69316152
69316112
69316114
69316136
69315700
69315042
69315026
69316128
69316126
69307732
69315028
69315706
69315044
69316106
69316116
69316149
69307737
69315710
69315040
69315008
69316102
69309373
69312345
69318228
69313614
69313560
69306440
69317560
69305097
69301400
69307290
69307777
69304130
69303230
69306630
69308340
69312660
69311124
69304140
69303055
69308500
69305500
69318710
69308220
69308380
69316730
69317103
69314500
69316506
69309514
69316432
69309630
69318226
69304470
69307803
69304580
69315603
69310150
69318012
69315022
69307400
69307773
69313335
69313122
69310182
69313627
69313688
69313600
69313748
69304220
69339899
69312170
69313512
69318014
69317540
69317561
69312523
69311003
69313618
69313725
69313724
69304471
69315646
69313105
69310184
69317448
69310100
69312535
69312630
69312315
69308400
69317531
69318213
69316234
69308150
69308510
69304477
69310713
69315252
69306680
69305105
69306165
69305010
69305340
69306675
69310006
69310127
69318708
69318706
69316277
69314117
69314252
69315098
69316028
69317564
69314510
69310013
69310015
69310018
69310020
69310023
69310028
69313438
69312318
69314152
69313495
69313537
69317191
69314358
69304547
69317472
69318218
69301040
69301088
69303475
69307205
69317310
69316416
69314503
69316615
69316444
69307210
69305610
69310729
69317378
69312128
69304480
69315632
69307274
69316795
69314416
69314513
69307241
69317533
69316798
69314517
69313058
69308230
69312353
69312195
69312181
69301355
69314362
69304535
69307755
69317566
69312098
69303440
69312593
69312594
69312095
69316058
69316132
69318181
69312629
69312454
69316695
69317178
69316645
69315679
69303400
69305040
69304552
69305485
69318244
69318246
69318248
69318250
69318252
69318254
69318256
69318258
69318260
69318262
69318264
69318266
69318268
69318270
69318272
69318274
69318276
69318278
69318280
69318282
69318284
69318286
69318288
69318290
69318292
69318294
69318296
69316580
69317166
69308410
69307242
69307270
69317354
69318185
69311127
69311131
69317396
69314132
69303025
69303455
69304555
69301330
69301085
69314690
69316576
69317164
69314394
69316601
69316606
69316610
69316640
69311025
69303462
69303487
69318702
69309640
69314234
69307540
69314065
69315623
69308420
69307550
69313125
69310186
69307738
69307640
69318183
69316560
69316750
69314318
69317440
69309650
69318045
69318087
69303272
69317304
69317046
69312322
69313765
69308440
69318736
69304540
69301100
69301195
69303490
69317464
69316236
69317462
69316574
69317143
69316770
69312198
69316526
69313452
69312550
69317548
69307795
69314078
69314174
69310717
69304380
69305060
69305055
69304121
69313038
69313095
69310188
69310050
69312008
69307190
69307620
69307625
69307630
69307635
69316228
69316300
69318187
69316468
69318705
69314096
69316068
69309670
69316158
69318217
69309680
69317331
69317339
69317341
69317343
69314685
69314695
69314094
69309530
69312507
69313078
69310196
69313102
69310190
69311042
69306410
69308375
69308450
69306280
69312453
69308470
69318704
69304452
69315688
69317801
69317827
69317835
69317568
69312510
69312560
69317831
69317805
69317810
69317833
69317825
69316006
69316049
69316052
69317466
69317570
69303453
69314254
69317572
69317571
69313062
69311134
69313065
69310095
69312669
69313175
69312641
69310108
69318298
69305150
69301365
69312528
69311266
69304060
69317574
69309690
69303495
69304600
69309005
69312102
69310041
69310040
69304405
69316036
69317460
69312401
69312623
69319030
69312357
69312325
69310723
69313762
69313472
69316224
69314332
69306485
69306393
69306351
69301170
69305230
69301230
69313345
69312626
69304100
69311294
69311314
69307725
69306595
69306405
69306665
69305098
69301000
69301068
69303445
69308055
69307588
69307800
69313772
69316216
69309710
69305300
69318221
69306375
69313685
69313778
69316552
69314560
69316760
69307665
69313620
69313712
69318740
69301015
69306705
69301110
69305085
69318065
69313602
69313755
69314328
69314256
69314172
69311064
69312628
69313350
69304190
69304330
69304512
69304550
69306320
69312534
69313395
69313378
69313138
69313805
69312105
69310118
69312103
69307280
69313623
69313590
69316274
69313128
69311061
69313788
69313692
69316038
69317284
69314306
69317298
69313142
69317477
69307502
69312381
69314585
69317476
69316276
69307504
69312545
69314590
69317475
69316275
69315641
69307506
69312543
69314595
69317473
69307508
69314600
69317471
69307512
69314605
69317469
69307514
69314610
69307516
69306530
69317188
69307521
69314620
69313013
69307518
69305030
69304004
69311140
69311142
69307522
69314623
69311144
69307524
69314624
69311146
69307526
69311148
69307528
69306560
69306550
69306555
69308005
69312388
69311150
69307532
69311152
69307537
69311154
69307542
69312085
69311156
69307544
69311158
69307546
69313705
69311160
69307548
69304006
69311162
69310088
69311164
69307552
69307554
69307556
69307558
69307562
69307567
69306540
69307572
69307574
69307576
69307578
69311166
69307592
69311168
69311170
69311172
69311174
69312379
69311176
69310027
69311178
69304415
