64216095
64207350
64215325
64215332
64215339
64207110
64207150
64205300
64211030
64217085
64216861
64207062
64208376
64210680
64204045
64201105
64202070
64201340
64217565
64208565
64200460
64212010
64212418
64217600
64200538
64215275
64207023
64215040
64207580
64209080
64204070
64215370
64215333
64204180
64215485
64207313
64218360
64200590
64206160
64218600
64208350
64211230
64200190
64200155
64204325
64217340
64210490
64200080
64206575
64202145
64206270
64202535
64218305
64218375
64218330
64200275
64204230
64212034
64205781
64200100
64201365
64217268
64200170
64210070
64215815
64215375
64205450
64207093
64204330
64205710
64207540
64215322
64215150
64215195
64208120
64218200
64215480
64215385
64215441
64205610
64212020
64212410
64212135
64200045
64210125
64200361
64215015
64202198
64207680
64209190
64201090
64206200
64215348
64216775
64213185
64207015
64204170
64201490
64207040
64207298
64204085
64218340
64213020
64201375
64212245
64215295
64207318
64213065
64217410
64210150
64204075
64212482
64217055
64204240
64215525
64213090
64212318
64211145
64205460
64216150
64201495
64207285
64216640
64216643
64213015
64207065
64218260
64212200
64209030
64208460
64217213
64212025
64217570
64215215
64215170
64202170
64215030
64212190
64215055
64212405
64212700
64215010
64215863
64212130
64212140
64212195
64204010
64212090
64202155
64207310
64216752
64213235
64209242
64207315
64216753
64213236
64209244
64207320
64216754
64213237
64209246
64207325
64216756
64213238
64204100
64207355
64215330
64215337
64207115
64207155
64205310
64208378
64208434
64211035
64215418
64217090
64216862
64207064
64210685
64218870
64215670
64218220
64212358
64212425
64205630
64218020
64200610
64216653
64217035
64215298
64207025
64218875
64216725
64217080
64216505
64215848
64215805
64208330
64207250
64211175
64200110
64217385
64200525
64217355
64204015
64204145
64207570
64202204
64209070
64204220
64215343
64215260
64215795
64202780
64202245
64215545
64202238
64207205
64211205
64207448
64216620
64216735
64206490
64200370
64200085
64216130
64207020
64215317
64212463
64217153
64200140
64211160
64207408
64213070
64207650
64209200
64205040
64207468
64200535
64206185
64206163
64215305
64216695
64201390
64207265
64208520
64216705
64202530
64217060
64206090
64212175
64215798
64207018
64202295
64216110
64207008
64215345
64204120
64212423
64213035
64209095
64205190
64205200
64207330
64213140
64216757
64213239
64207335
64213141
64216758
64213240
64207340
64213142
64216759
64213241
64209245
64207345
64213143
64216761
64213242
64213144
64213145
64204080
64205570
64207360
64215329
64215335
64207120
64207160
64208380
64208436
64211040
64217095
64216863
64207066
64210690
64215470
64215316
64218110
64216380
64207305
64201100
64201400
64215050
64218850
64212150
64207080
64208485
64209180
64207640
64216845
64216848
64207240
64208085
64208360
64202770
64215808
64215087
64215415
64215825
64215336
64204005
64215353
64207255
64210340
64210660
64207590
64208340
64209090
64205240
64205130
64201385
64208190
64208195
64207105
64218835
64215165
64218310
64200215
64215500
64212215
64215865
64215590
64215270
64202355
64208390
64211185
64206120
64200490
64200065
64202700
64202110
64217030
64201225
64217445
64212760
64215780
64215434
64208570
64212375
64210040
64204135
64200500
64218610
64218365
64216665
64211220
64216658
64205370
64201485
64202250
64215257
64202040
64218120
64212125
64200025
64207185
64212360
64215843
64200455
64212005
64212302
64206210
64206038
64205750
64205030
64217183
64205470
64216648
64209015
64202350
64202480
64206168
64215535
64213146
64216762
64213243
64209248
64213147
64216763
64213244
64209250
64213148
64216764
64213245
64209252
64213149
64216766
64213246
64209254
64213150
64204060
64207365
64215327
64215334
64207125
64208382
64208438
64211045
64217100
64216864
64207068
64210695
64201085
64210180
64208575
64211245
64200470
64218828
64215155
64216790
64215838
64215380
64216655
64207090
64200450
64200185
64218210
64218320
64212500
64207575
64212820
64207275
64208475
64211250
64200605
64209060
64206135
64207413
64208130
64211155
64207188
64215700
64218070
64200625
64207620
64209145
64218050
64201185
64216650
64210270
64216580
64208450
64207200
64211195
64209065
64201320
64207760
64210090
64213152
64216767
64205601
64213247
64209256
64213153
64216768
64205612
64213248
64209258
64213154
64216769
64205622
64213249
64209260
64213155
64216771
64205633
64213250
64209262
64213156
64209264
64207370
64207130
64208384
64208440
64211050
64217105
64207072
64216865
64210700
64212348
64206140
64217335
64217173
64204160
64207595
64209100
64209241
64205390
64215424
64201070
64212015
64201065
64217158
64207655
64209210
64212185
64207675
64205620
64215220
64217263
64207010
64216885
64213040
64207293
64200400
64205245
64210130
64201075
64212790
64211210
64208610
64213210
64201170
64201180
64202107
64212413
64207300
64207435
64213158
64216772
64205602
64213251
64207440
64213159
64216773
64205213
64213252
64209266
64207445
64213160
64216774
64205623
64213253
64209268
64207450
64213161
64216776
64205634
64213162
64204110
64207375
64207135
64208386
64208442
64211055
64217110
64207074
64216866
64210705
64202220
64201345
64202262
64216785
64217440
64218390
64217320
64206180
64204175
64206188
64206183
64205480
64212420
64216090
64202455
64202460
64217198
64212510
64217168
64202275
64205730
64207045
64212290
64205565
64207035
64216575
64218740
64215095
64200430
64206505
64217020
64201155
64215255
64215835
64217460
64217465
64205410
64205440
64215813
64215254
64212710
64202120
64216880
64206570
64205120
64205340
64205290
64204225
64206230
64201160
64201460
64200270
64200135
64206179
64212470
64212730
64212725
64212320
64205250
64217045
64212345
64207735
64205700
64212428
64208540
64206320
64204195
64217360
64217470
64212282
64207033
64200580
64215130
64215025
64202115
64215363
64215630
64215013
64202105
64217278
64218490
64218660
64215045
64218435
64207690
64207692
64207455
64213164
64216777
64205603
64213255
64207460
64213165
64216778
64205614
64213256
64209270
64207465
64213166
64216779
64205624
64213257
64209272
64207470
64213167
64216781
64205635
64213258
64213168
64213169
64204150
64207380
64207140
64208388
64208444
64211060
64217115
64207076
64216867
64210710
64210620
64216420
64205400
64217178
64205740
64216050
64206280
64216015
64216025
64216703
64217560
64216675
64212800
64200250
64218180
64200145
64200200
64200035
64205640
64211020
64206080
64210370
64216180
64200305
64201220
64215235
64208595
64215315
64207095
64207190
64217405
64217475
64216780
64201175
64216700
64207694
64207696
64207475
64216782
64205604
64213259
64207480
64216783
64205615
64213260
64209274
64207485
64213172
64216784
64205625
64213261
64209276
64207490
64213173
64216787
64205636
64213262
64213174
64213175
64204190
64207385
64207145
64208392
64208446
64211065
64213130
64217120
64207078
64216868
64210715
64215008
64200600
64204235
64216770
64212313
64212350
64200340
64200555
64208230
64211170
64205015
64206170
64207075
64208030
64207180
64206455
64216340
64200380
64207495
64216786
64205605
64213263
64209277
64207500
64205616
64213264
64207505
64205626
64213265
64209278
64207510
64213266
64213180
64213181
64207390
64208394
64208448
64217125
64216869
64210720
64207050
64215710
64212355
64212335
64212325
64201045
64216610
64218370
64208310
64215410
64201420
64204020
64215018
64201150
64201470
64215075
64205070
64210100
64206340
64206550
64205050
64213190
64215115
64208332
64207535
64215319
64207165
64206255
64204280
64207698
64207700
64207515
64216792
64205606
64213267
64207520
64213268
64205637
64207525
64205627
64213269
64209280
64207530
64213270
64205420
64208396
64208452
64217130
64218800
64215125
64218830
64202200
64202290
64202365
64206220
64212225
64205780
64215490
64204275
64201435
64215730
64215750
64215858
64204185
64201370
64202730
64216755
64217480
64207260
64208515
64208150
64215395
64212780
64212388
64208525
64204226
64205170
64205360
64201162
64212305
64204285
64218410
64218420
64212485
64205600
64208535
64212505
64200540
64204210
64218860
64218290
64200545
64200175
64216590
64207605
64209120
64218030
64200520
64200265
64204105
64207398
64204125
64204040
64201350
64206350
64202165
64215515
64204300
64207625
64209150
64200560
64217415
64217005
64217010
64217015
64217425
64201450
64201300
64212785
64204400
64207545
64208105
64216055
64209010
64201050
64204165
64205080
64215042
64218640
64217325
64210220
64200150
64200195
64208095
64205490
64204200
64202710
64202090
64215110
64202125
64215020
64216820
64207403
64209105
64200330
64207533
64215570
64215283
64201095
64200160
64215870
64218280
64202560
64210580
64201151
64200410
64215190
64202175
64215035
64201250
64210060
64212450
64216612
64205195
64216280
64216065
64213230
64213200
64217315
64212728
64207070
64206295
64209240
64207610
64209130
64210080
64211235
64206100
64215285
64210230
64213080
64204290
64217330
64217400
64217350
64216100
64208480
64200290
64200125
64210410
64205785
64205280
64215436
64210385
64207685
64209220
64217040
64217395
64201140
64212440
64215610
64204215
64202520
64206500
64217485
64201200
64217490
64201500
64206157
64218823
64218415
64218440
64201080
64200165
64212740
64207702
64207704
64207706
64216797
64205607
64213271
64205617
64213272
64209282
64205628
64213273
64209284
64213274
64205608
64209292
64216801
64205618
64209294
64216802
64205629
64209296
64207395
64205330
64208398
64208454
64217135
64201210
64205285
64206470
64207193
64215845
64205020
64204115
64202260
64206260
64204260
64201290
64204265
64207028
64204050
64212105
64206155
64205270
64200230
64217430
64215422
64201425
64207600
64209110
64216660
64216805
64218760
64218315
64215105
64202080
64212403
64212473
64212478
64212395
64212433
64207103
64208410
64211190
64206310
64217495
64202525
64206070
64217148
64217065
64200385
64200565
64200570
64201060
64211075
64216030
64207708
64207710
64207712
64216803
64205609
64213275
64209286
64205619
64213276
64209288
64205631
64213277
64209290
64213278
64207400
64208400
64208456
64217140
64212368
64212378
64202160
64202202
64202370
64202305
64205580
64205650
64207538
64210360
64216645
64212330
64216795
64205660
64205720
64206173
64201240
64217310
64217610
64215288
64212383
64212373
64201510
64210190
64212443
64205670
64206105
64205590
64206150
64217500
64217070
64217288
64212770
64212490
64209230
64218430
64201440
64216585
64212340
64207333
64201480
64205025
64212432
64212370
64212390
64212438
64212453
64217193
64212235
64205380
64205140
64204140
64206145
64207635
64209170
64212495
64207282
64213110
64202475
64207223
64215358
64207195
64205090
64206495
64204055
64204250
64202510
64216676
64211080
64200475
64208585
64207585
64217420
64201230
64215690
64212065
64215265
64211125
64200030
64212165
64212170
64212180
64201395
64208420
64201310
64200480
64205260
64217435
64207338
64207170
64207295
64207060
64215444
64215426
64212722
64212228
64215365
64218270
64218240
64208555
64207714
64207716
64207718
64216808
64205611
64213279
64209298
64205621
64213280
64209300
64205632
64213281
64209302
64213282
64207405
64208402
64208458
64217145
64200040
64202720
64207183
64201380
64207225
64205680
64207030
64205560
64212265
64210390
64206250
64218825
64218445
64215145
64215550
64216810
64209040
64212075
64212080
64207720
64207722
64207724
64216813
64213283
64213284
64213285
64213286
64207410
64208462
64202325
64205060
64218780
64218810
64208210
64209160
64207630
64210520
64207615
64209140
64206530
64215442
64217203
64200130
64200205
64217505
64204245
64215405
64200440
64215440
64208355
64209020
64208320
64215833
64201120
64204030
64206510
64217510
64207726
64207728
64207730
64216818
64213287
64216819
64213288
64216821
64213289
64216822
64213290
64216823
64207415
64208464
64218080
64200575
64215810
64200060
64212095
64200005
64218840
64215135
64218470
64205455
64206290
64207542
64215280
64202760
64218170
64202150
64215245
64215828
64211237
64201520
64216825
64215803
64201430
64218820
64218865
64212408
64216835
64210020
64206520
64207628
64202320
64217515
64208470
64207220
64211200
64217450
64216075
64213010
64217370
64200420
64202030
64202230
64218150
64200615
64207273
64208495
64207548
64205320
64210400
64212750
64206190
64210500
64212205
64206175
64208090
64210050
64216750
64218855
64215185
64216815
64216760
64212285
64212045
64212055
64208335
64212293
64204305
64216045
64212120
64207175
64211150
64215420
64202410
64215293
64201410
64202060
64200300
64202285
64200550
64202265
64205005
64205350
64207750
64201110
64202750
64217365
64202740
64202130
64207645
64201330
64216605
64216595
64206165
64216740
64217050
64211240
64211140
64211135
64211215
64211165
64211070
64206560
64206010
64216625
64212315
64215790
64215830
64204025
64207270
64212260
64212280
64217555
64216860
64210025
64208510
64208580
64207215
64210670
64207203
64207208
64207163
64207198
64207097
64207107
64213030
64215023
64215028
64207013
64215262
64215303
64207732
64207734
64207736
64216824
64213291
64216826
64213292
64216827
64213293
64216828
64213294
64216829
64207420
64208466
64215760
64200350
64200105
64218230
64218235
64200595
64216832
64213295
64216831
64213296
64216833
64213297
64216834
64213298
64216836
64207425
64208468
64207168
64215868
64216765
64217525
64212448
64210650
64212720
64204130
64201130
64202140
64206540
64202528
64213050
64216080
64217520
64215308
64216690
64211130
64210250
64215355
64201360
64201181
64212455
64212810
64217188
64217530
64204295
64207598
64218300
64216630
64212400
64212460
64212465
64200280
64202190
64216615
64200090
64213060
64210170
64216680
64215033
64202540
64212300
64218160
64202215
64201235
64204065
64206460
64217535
64205110
64212475
64216020
64217380
64200320
64201260
64201270
64204255
64213011
64207281
64205180
64216160
64219899
64213299
64216839
64213300
64213301
64216841
64213302
64216842
64207430
64204205
64210610
64218450
64218425
64210030
64211085
64207178
64215200
64207012
64215264
64215048
64205160
64208500
64211010
64209050
64202235
64202360
64207085
64202020
64204035
64202300
64207280
64207005
64205010
64215261
64215044
64202465
64212445
64210160
64212458
64206130
64215432
64217218
64201355
64200015
64210530
64215428
64218295
64200585
64206457
64217540
64216635
64216570
64200055
64202192
64206110
64218405
64215278
64204095
64208590
64207210
64201055
64212145
64212295
64200390
64213303
64216844
64213304
64216846
64213305
64216847
64213306
64216849
64215043
64215210
64202205
64215252
64215038
64215793
64215823
64215475
64215368
64215660
64218190
64200530
64202470
64204155
64201421
64218680
64218455
64212380
64212365
64212430
64215495
64216005
64207288
64201275
64207543
64208300
64215300
64215510
64207100
64215360
64217163
64212363
64212160
64212353
64217545
64213120
64216710
64216745
64215430
64215321
64215720
64205150
64215438
64216010
64216170
64215855
64218090
64200620
64212310
64215853
64215818
64213307
64216851
64216852
64213309
64216853
64213310
64216854
64216840
64212085
64213311
64216856
64213312
64216857
64213313
64216858
64213314
64216859
64218845
64215175
64205430
64207230
64212115
64218100
64212308
64216480
64216085
64207235
64205690
64200261
64217025
64210240
64216730
64212435
64218700
64215085
64216670
64216830
64212385
64208370
64211180
64202310
64205550
64207290
64202550
64213315
64213316
64213317
64213318
64204320
64211225
64207245
64208545
64207055
64216715
64216720
64217390
64205100
64213100
64215390
64215323
64213319
64213320
64213321
64213322
64216060
64201190
64201040
64217375
64212480
64217550
64213323
64213324
64213325
64213326
64205210
64207660
64211090
64212328
64217149
64205212
64207670
64211095
64217150
64212333
64205214
64207665
64211100
64217155
64212338
64205216
64211105
64217160
64212343
64205218
64211110
64217165
64205500
64205220
64211115
64217170
64205501
64205222
64211120
64217175
64205502
64205224
64217180
64205503
64211255
64205226
64217185
64205504
64212830
64212870
64205228
64217190
64205505
64205230
64217195
64205506
64205232
64217200
64205507
64217205
64205508
64211256
64217210
64205509
64217215
64205510
64217220
64205511
64217225
64205512
64205513
64205514
64212835
64212875
64217230
64205515
64211257
64217235
64205516
64211258
64217240
64205517
64211259
64217245
64205518
64211260
64217250
64205519
64217255
64205520
64217260
64205521
64217265
64205522
64217270
64205523
64217275
64205524
64212840
64212880
64217280
64205525
64211261
64217285
64205526
64211262
64217290
64205527
64211263
64217295
64205528
64211264
64217300
64205529
64211265
64217305
64205530
64205531
64205532
64205533
64205534
64212845
64212885
64205535
64205536
64205537
64205538
64211266
64205539
64205540
64211267
64205542
64211268
