64607514
64600350
64600022
64607842
64603255
64607155
64605045
64607725
64601418
64604130
64600495
64607161
64601197
64601207
64607035
64607040
64607342
64604330
64604720
64601596
64600580
64603205
64608060
64600382
64600460
64601180
64603147
64604645
64607334
64607327
64602001
64600463
64604327
64600036
64604725
64605505
64602004
64603370
64604160
64603200
64600151
64607180
64604065
64600397
64607837
64603010
64607340
64603085
64604009
64603149
64607200
64604090
64605155
64601391
64608435
64607830
64608485
64607135
64600498
64608345
64600406
64603340
64600171
64600004
64607765
64607525
64606565
64604050
64607500
64603143
64607766
64604574
64606445
64607665
64600195
64604029
64604340
64607455
64604387
64604584
64604580
64600163
64600598
64600454
64600007
64607467
64606095
64608081
64604019
64604155
64600496
64604520
64604530
64604210
64607070
64604295
64607324
64604490
64606305
64607190
64605140
64606495
64605525
64600190
64604007
64607331
64606241
64606382
64600120
64600318
64600028
64600340
64607300
64607220
64600574
64600433
64604420
64607285
64607735
64604617
64605510
64606012
64607750
64604650
64604120
64601400
64601340
64607745
64608625
64604245
64607217
64607145
64601319
64601010
64601012
64601014
64601018
64600559
64606160
64603120
64604730
64604320
64604480
64600162
64600332
64600364
64604010
64600014
64607115
64601216
64604655
64601435
64600544
64603145
64604190
64608006
64606505
64603350
64600466
64606243
64601343
64600136
64601050
64600182
64600024
64604760
64606080
64601185
64607140
64600508
64607120
64604195
64600200
64607010
64601213
64606170
64608075
64601572
64608445
64603080
64603700
64607100
64608450
64608009
64602000
64603000
64606008
64601006
64603710
64604750
64606475
64606020
64600158
64600358
64600328
64600110
64606402
64604592
64601560
64601276
64607800
64607825
64600538
64607780
64607345
64606085
64603130
64605402
64600150
64600205
64608096
64600469
64601176
64600494
64607097
64606125
64601344
64600165
64603750
64605407
64606270
64607670
64607705
64608042
64607675
64600100
64600370
64601135
64608655
64600472
64604460
64606500
64604170
64601409
64608003
64608099
64607785
64600054
64608455
64600502
64607005
64608460
64606275
64600030
64601358
64606072
64600210
64600031
64606285
64601437
64601593
64601249
64606510
64600032
64601313
64607290
64604690
64601016
64608087
64601349
64600056
64604006
64606265
64603030
64606152
64608045
64607125
64605412
64608063
64601285
64606078
64603025
64601200
64601188
64606070
64606040
64605440
64600412
64600520
64606466
64606030
64604080
64603352
64607570
64606405
64607875
64606155
64604270
64604528
64604142
64604014
64600575
64608630
64600215
64608362
64600556
64608635
64604550
64604185
64601173
64601160
64601193
64607320
64604040
64601273
64601563
64600430
64606520
64600418
64603015
64601189
64600475
64603195
64600507
64600394
64601616
64603240
64605430
64600391
64601075
64600174
64601345
64606415
64601195
64605502
64608425
64600385
64600511
64600478
64600388
64601361
64607296
64607025
64601307
64600577
64601186
64604255
64600400
64601397
64601243
64604705
64600148
64600320
64600138
64600146
64603260
64604660
64604380
64604260
64600082
64604375
64604144
64606065
64601090
64600172
64607045
64600078
64606003
64602002
64604515
64601337
64608114
64600481
64600424
64604582
64603180
64606525
64604665
64601554
64607105
64601533
64605135
64607810
64600354
64600012
64603215
64608132
64608675
64607102
64600497
64601575
64601261
64604722
64608021
64600515
64600220
64603246
64600076
64607030
64600489
64606251
64602005
64604070
64601279
64608410
64607865
64606407
64606385
64607084
64607295
64607350
64604400
64600487
64608030
64608039
64608375
64608048
64604030
64600132
64607275
64603244
64600346
64600026
64601140
64601191
64600415
64600098
64600225
64603171
64600589
64605120
64600002
64601578
64601436
64606045
64603253
64606530
64601105
64601110
64600230
64606038
64604700
64606035
64604430
64601581
64601258
64607329
64604011
64606151
64607635
64606240
64607160
64607755
64607515
64607085
64606000
64607165
64608330
64607090
64607520
64607760
64606245
64601331
64601550
64600169
64604410
64601055
64600180
64600104
64600322
64600152
64603280
64600610
64601439
64603065
64600060
64601325
64600046
64604246
64603060
64601376
64601222
64607325
64607645
64600166
64600235
64608069
64608093
64607560
64604585
64607870
64600523
64604365
64607323
64600042
64600044
64604718
64601046
64607775
64607690
64601334
64608072
64603050
64608640
64606515
64606018
64608355
64608084
64606450
64607844
64607280
64606392
64607355
64604670
64604675
64607575
64606153
64607270
64607580
64603720
64604680
64601444
64606032
64600240
64601590
64601252
64601208
64601308
64600483
64600619
64600164
64604545
64607630
64607490
64606190
64601231
64601294
64606570
64604285
64608645
64600285
64606370
64608680
64603090
64606105
64604610
64608033
64607465
64608051
64608018
64607545
64600102
64601557
64601282
64607310
64603003
64607187
64600501
64604570
64604271
64607846
64603190
64601355
64607082
64600595
64606200
64604390
64608420
64600128
64600184
64600310
64600373
64601388
64604220
64606005
64604630
64607460
64608123
64607475
64600504
64608610
64600126
64601028
64600312
64606377
64608360
64600173
64606181
64601352
64603170
64606390
64600070
64606280
64604540
64606028
64600547
64606535
64607245
64607495
64607240
64600072
64600492
64607790
64607795
64606140
64605423
64604510
64600074
64608695
64604013
64606400
64600080
64600379
64600448
64600403
64600439
64604500
64600506
64606011
64605035
64605040
64605060
64607235
64607332
64600008
64600436
64605025
64605070
64601309
64607305
64600405
64601234
64601421
64606467
64607075
64607020
64604382
64606092
64601045
64605125
64607695
64606120
64603235
64606242
64606387
64603220
64600505
64606010
64604591
64601306
64601310
64601610
64606540
64600245
64604105
64606590
64606246
64606154
64600586
64600445
64606545
64607087
64600344
64606050
64600375
64603115
64600062
64605150
64606389
64605435
64600145
64600488
64607856
64604005
64605030
64606149
64601070
64607315
64607095
64604350
64604020
64603100
64607337
64600280
64600571
64600421
64600570
64606388
64601145
64601194
64607655
64604075
64606086
64600427
64607505
64606550
64600250
64600522
64607565
64600020
64604060
64604370
64604685
64600096
64606247
64607550
64605170
64608390
64606485
64608475
64607255
64607339
64604470
64607848
64600088
64607720
64605020
64607850
64606260
64606052
64601328
64607322
64606090
64600142
64601095
64608027
64608340
64606555
64606130
64605065
64600503
64601536
64601539
64605413
64607685
64601441
64600084
64607230
64601615
64604025
64608105
64600592
64600451
64605130
64605530
64601542
64601394
64601237
64604100
64603146
64607480
64607250
64600094
64601605
64601620
64604495
64603245
64601373
64603270
64607860
64608126
64604576
64600352
64600018
64607365
64605520
64600255
64606062
64608012
64604360
64604180
64600491
64608615
64602003
64603020
64604572
64608620
64607205
64608078
64607265
64604385
64606015
64604620
64604600
64606300
64604276
64601587
64601543
64606440
64604578
64601412
64606295
64608700
64600106
64607015
64600324
64600154
64603290
64601443
64604290
64604045
64608650
64600541
64604115
64606025
64608079
64604125
64604110
64600500
64607767
64608050
64606022
64605535
64600499
64600509
64604035
64606075
64601190
64604555
64604015
64605417
64600510
64601205
64603225
64607510
64607175
64606406
64601182
64603230
64605515
64604135
64606397
64606244
64604384
64604640
64606290
64606460
64601367
64604230
64604275
64607370
64601445
64606042
64607680
64605415
64607740
64606068
64603330
64603155
64604225
64604016
64600010
64607770
64606395
64600275
64607715
64600362
64604175
64600178
64601060
64600486
64608405
64606145
64601600
64601288
64607130
64607852
64600613
64607225
64604008
64608117
64607360
64605507
64603148
64601172
64608605
64601270
64603210
64600490
64603075
64600034
64604200
64607110
64600316
64600122
64605015
64606470
64608465
64607540
64605540
64601442
64601424
64600124
64601026
64600314
64607150
64601179
64603144
64606255
64606560
64601008
64600260
64601030
64607170
64600265
64608129
64608470
64600607
64600457
64607060
64601430
64604000
64604240
64603351
64603365
64600380
64601427
64601379
64604091
64604440
64607730
64608690
64605160
64600050
64600068
64608685
64604265
64607660
64607710
64604383
64602006
64600140
64601100
64608430
64607820
64608335
64605500
64606115
64604590
64606150
64601291
64601206
64601210
64601240
64601303
64607065
64601004
64608000
64606410
64607840
64608440
64608600
64608090
64606055
64605165
64607470
64606135
64605504
64608077
64600616
64607055
64607185
64601415
64600376
64605420
64606110
64606100
64604250
64603070
64601130
64607530
64607535
64605050
64608380
64606380
64605005
64606455
64606490
64601155
64604280
64604450
64606250
64605495
64605410
64605405
64605425
64600562
64600565
64600568
64608415
64600526
64601085
64600535
64601080
64600604
64600532
64601203
64600290
64601535
64601540
64601548
64601545
64601115
64601551
64608066
64604140
64601403
64604300
64604310
64607260
64607555
64607485
64608385
64608365
64608057
64608054
64600601
64604150
64600064
64600348
64600550
64604085
64606060
64604055
64600342
64607215
64601225
64601382
64601228
64601385
64600086
64607179
64607700
64604535
64604017
64600006
64601346
64600052
64608350
64601569
64601264
64607854
64600270
64608120
64607195
64607210
64607450
64607050
64600144
64600134
64603250
64608670
64607333
64603185
64601065
64600176
64601002
64601300
64605075
64601438
64608416
64608076
64600576
64604721
64607186
64607805
64607835
64603360
64608899
64607080
64606180
64606480
64604740
64604710
64607650
64600409
64606210
64608015
64605145
64606464
64601044
64600038
64608370
64603012
64601150
64601566
64601267
64601170
64600108
64600326
64600156
64603300
64600553
64604401
64601125
64608395
64600130
64601000
64608102
64601406
64601530
64601246
64608036
64600170
64606409
64604560
64606465
64605400
64603055
64607330
64601209
64601040
64601032
64601120
64601584
64601255
64605457
64606575
64603243
64608127
64603730
64608480
64601175
64604715
64600493
64600092
64603252
64604021
64606408
64607000
64601446
64601316
64603016
64606375
64607073
64606580
64604004
64600529
64600048
64604695
64608128
64605010
64600090
64608108
64607815
64608400
64603320
64600168
64605055
64603040
64606058
64600356
64600016
64604095
64603045
64601322
64600040
64601219
64601370
64600058
64607056
64601364
64605000
64603035
64601440
64606048
64601297
64605545
64608111
64608024
64604405
64607640
64607092
64603005
64603105
64603095
64603110
64603125
64603160
64603135
64603150
64603165
64603175
64603140
64608130
64603740
64600583
64600442
64603001
64607077
64604165
64607335
64600160
64600360
64600330
64603310
64600066
64605080
64605445
64606310
64606420
64605085
64605450
64606315
64606425
64605090
64605455
64606320
64606430
64605095
64605460
64606325
64606435
64605100
64605465
64606330
64605105
64605470
64606335
64605110
64605475
64606340
64605115
64605480
64606345
64605485
64606350
64605490
64606355
64606360
64606365
64601622
64601624
64601626
64601628
64601630
64601632
64601634
64601636
64601638
64601640
64601642
64601644
64601646
64601648
64601650
64601652
64601654
64601656
64601658
64601660
64601662
64601664
64601666
64601668
64601669
64601670
64601671
64601672
64601673
64601674
64601675
64601676
64601677
64601678
64601679
64601680
64601681
64601682
64601683
64601684
