64084580
64085010
64085360
64037072
64040762
64027462
64031320
64032114
64032485
64060092
64011660
64031290
64084595
64004515
64012311
64012363
64012381
64012647
64012788
64012813
64011801
64086130
64089200
64057005
64030376
64019636
64015036
64015039
64079001
64080002
64013610
64033495
64034840
64037674
64042140
64037148
64037820
64036741
64038041
64034662
64034192
64034722
64040842
64034551
64034851
64003525
64003851
64004306
64090850
64012334
64090735
64037782
64036673
64062080
64079133
64012335
64090740
64037785
64037842
64036674
64028740
64015300
64014100
64071550
64023276
64062270
64034048
64003260
64002468
64009775
64045685
64018720
64019385
64010560
64053740
64069065
64009890
64012336
64090745
64037788
64037845
64036675
64049170
64040345
64034452
64002075
64027426
64017535
64053020
64002040
64016495
64052860
64049610
64028675
64034626
64030455
64028265
64028848
64023025
64014417
64000822
64014042
64001625
64017662
64069030
64012337
64090750
64037761
64036720
64083280
64055335
64049680
64050260
64052687
64006660
64056490
64017315
64058036
64056650
64078650
64076860
64080105
64082270
64005365
64073305
64053790
64053380
64048475
64060320
64009625
64079147
64078195
64055115
64048250
64049516
64048512
64090536
64045350
64090500
64010490
64035490
64009430
64008372
64046570
64056236
64071670
64060340
64063035
64012338
64090755
64037758
64036721
64012339
64090760
64037755
64036722
64039200
64015170
64003320
64004325
64011800
64020425
64058645
64023604
64081300
64049433
64022102
64023300
64022020
64035110
64056120
64079100
64077017
64012340
64090765
64037752
64036723
64040330
64077844
64023285
64010495
64079185
64078175
64085040
64045440
64025275
64045785
64016817
64049478
64005130
64057493
64078810
64027422
64028690
64031215
64013200
64071180
64069210
64046230
64062040
64039563
64012341
64090770
64037749
64036724
64012342
64090775
64037746
64036725
64016140
64033650
64063160
64012343
64090780
64037803
64037847
64036726
64040505
64090785
64037806
64037850
64012344
64090790
64037764
64036727
64003580
64006015
64059390
64050320
64049790
64036447
64016452
64045230
64082430
64048525
64053330
64003780
64009650
64008105
64045385
64057518
64036600
64012725
64071440
64022114
64023450
64091170
64081110
64034606
64045575
64067630
64085310
64064280
64008095
64009320
64058043
64084550
64016740
64066530
64083290
64003080
64002340
64003150
64002480
64002880
64062020
64027195
64075045
64090125
64078277
64027616
64079040
64012812
64013635
64016500
64058017
64051095
64049130
64028395
64036490
64032100
64016815
64035482
64035020
64035815
64078660
64002730
64002853
64077215
64077815
64071490
64091380
64041380
64012485
64004080
64005390
64015060
64023602
64009815
64045455
64028400
64066070
64060025
64016449
64002226
64002170
64049830
64080152
64091215
64035512
64031255
64039568
64005413
64011780
64063030
64067440
64073350
64090365
64083195
64034845
64008210
64006205
64008090
64006140
64028640
64091105
64008220
64006203
64006160
64008100
64032420
64057070
64038175
64060600
64017380
64062110
64016360
64014405
64010850
64049670
64000060
64005270
64005315
64078760
64009175
64009075
64017225
64018815
64008400
64008364
64057600
64073320
64027666
64000320
64006100
64031050
64082210
64010405
64046150
64055148
64012345
64090795
64037767
64036728
64012660
64011030
64012235
64005340
64056353
64062160
64057120
64014045
64001670
64006165
64006180
64008245
64008110
64009663
64008323
64040265
64016454
64077337
64028595
64002875
64002478
64002345
64003170
64040250
64055110
64077795
64082140
64040795
64016456
64053260
64007390
64048551
64055395
64078395
64060500
64036472
64016760
64058222
64073371
64012346
64090800
64037770
64036729
64018090
64062230
64058680
64048390
64079039
64081270
64067150
64066010
64097015
64007010
64004282
64027424
64063570
64060310
64060330
64012025
64060290
64097037
64014079
64007848
64007060
64060350
64009756
64079085
64057290
64075580
64017255
64012053
64078255
64008280
64005825
64066140
64085160
64010105
64079095
64093120
64008065
64041330
64053360
64066540
64063020
64073170
64051152
64049280
64071630
64048162
64049532
64029075
64073510
64032096
64009470
64034450
64049490
64010510
64049517
64031155
64005490
64010615
64058785
64041402
64081250
64067830
64015020
64015025
64000330
64002313
64003485
64002420
64003645
64001330
64016852
64049810
64011760
64004570
64004550
64035520
64022045
64040350
64040405
64075635
64078680
64040240
64002650
64002845
64076380
64053070
64045765
64023267
64069047
64012600
64020385
64004125
64013457
64016447
64063100
64008068
64053550
64074011
64062250
64056125
64053195
64035435
64001040
64029220
64006680
64088550
64063730
64055510
64078222
64000610
64046475
64004440
64076055
64078193
64056225
64056200
64062290
64076428
64075654
64017310
64045340
64063070
64057090
64000420
64091350
64036430
64049484
64078670
64073260
64079123
64045393
64023752
64039090
64090135
64067230
64078217
64028120
64077095
64077808
64032050
64067015
64035545
64038070
64023278
64023700
64016510
64071725
64064370
64046190
64060460
64053210
64015475
64057287
64002720
64002850
64058110
64019647
64088540
64005290
64005325
64077820
64077347
64079088
64012560
64091400
64008190
64010455
64009622
64005010
64034382
64049775
64086030
64045105
64039575
64057085
64078327
64014528
64045040
64002868
64085340
64084560
64032055
64008150
64081240
64012000
64081180
64082240
64076850
64080220
64073630
64009220
64007845
64097025
64000362
64048290
64048395
64075505
64002785
64012347
64090805
64037773
64036730
64012348
64090810
64037776
64036731
64002030
64039610
64040485
64012043
64059010
64058310
64005410
64040335
64012349
64090815
64037779
64036732
64012085
64007835
64009060
64022030
64006290
64053500
64053180
64090820
64037794
64036733
64060750
64009630
64028825
64028840
64028833
64060360
64027418
64008430
64027682
64060380
64057558
64012550
64027414
64028570
64028650
64085210
64060770
64028725
64060250
64012695
64028838
64067780
64019379
64028745
64060730
64012570
64083140
64028835
64029377
64060740
64055010
64001310
64016700
64016075
64016745
64049110
64051090
64055265
64000310
64002410
64002315
64003635
64075620
64009450
64000180
64009410
64016438
64045640
64017630
64017620
64016220
64060050
64007840
64009080
64053030
64059270
64016190
64049165
64050328
64049868
64064041
64034614
64077047
64053300
64004150
64060260
64000290
64002390
64002310
64001290
64018640
64016070
64057350
64045730
64053545
64055340
64055060
64025525
64064270
64034370
64065170
64064240
64036440
64028750
64069070
64022108
64023380
64001450
64000450
64008075
64006185
64002595
64007810
64002508
64002530
64005470
64076370
64002690
64002855
64048545
64049758
64049840
64060710
64038085
64076445
64071790
64090825
64037791
64036701
64076435
64012845
64049529
64028815
64016275
64015110
64064250
64064215
64045405
64069190
64007280
64078185
64055360
64040530
64002810
64002755
64019802
64090830
64037797
64036702
64003660
64075020
64031440
64053670
64028820
64023730
64020195
64057380
64090835
64037800
64036703
64062310
64064360
64071765
64067140
64010605
64009640
64053250
64045390
64002283
64049160
64062220
64015470
64040257
64005515
64007080
64016365
64040500
64090840
64037815
64036704
64028625
64018120
64008290
64057560
64049290
64032210
64077423
64057220
64075610
64028573
64090845
64037812
64036705
64090855
64037809
64090860
64039480
64036706
64090865
64053290
64058238
64057400
64039490
64012614
64011687
64011824
64042045
64038302
64037145
64034708
64057419
64057421
64057423
64057425
64057427
64057429
64057431
64057433
64057435
64057437
64039492
64078008
64057403
64011848
64042027
64034710
64057439
64057441
64057443
64057445
64057447
64057449
64057451
64057453
64057455
64057457
64057405
64057407
64057409
64057411
64057413
64057415
64057417
64057020
64006440
64037074
64037150
64040764
64027464
64031322
64032094
64025026
64084090
64060102
64031293
64004555
64012312
64012362
64012380
64012646
64012789
64012814
64011661
64011802
64086115
64089201
64030377
64090600
64019637
64015037
64015041
64079002
64080004
64084600
64085012
64084582
64085370
64033500
64037677
64042142
64037822
64036742
64038042
64034664
64034193
64034724
64034187
64034810
64040844
64036520
64034552
64034852
64003527
64003853
64004308
64007617
64036680
64007620
64075040
64062055
64009140
64003740
64066200
64028365
64015490
64014014
64056283
64012475
64020715
64005050
64010840
64015345
64016655
64028235
64065040
64009110
64073370
64058710
64009880
64016770
64016645
64018730
64009755
64005408
64075560
64007630
64003263
64058740
64058760
64058770
64075565
64066320
64067370
64058655
64058750
64028240
64008324
64006200
64008250
64010600
64034580
64011160
64032410
64075605
64001130
64018520
64019853
64019710
64000130
64016720
64040215
64073360
64053190
64015030
64015023
64041310
64020705
64004470
64050200
64060580
64059500
64007645
64006275
64007600
64008310
64036435
64081150
64028260
64016440
64040542
64056630
64036681
64028432
64036682
64036683
64036684
64010385
64010115
64067480
64088560
64063760
64005555
64005565
64005525
64005520
64005530
64005540
64005545
64072010
64056250
64052305
64058072
64010412
64009825
64075525
64084340
64029380
64059440
64030010
64030020
64030030
64030040
64030050
64030060
64030070
64030130
64030090
64030100
64030110
64030120
64030080
64030140
64030150
64030160
64030170
64030180
64030190
64030200
64030210
64030220
64030230
64035518
64084023
64052500
64050100
64017715
64046465
64052150
64031560
64031570
64041040
64071160
64058232
64019816
64016088
64017410
64019580
64001080
64009790
64076175
64083075
64028540
64031030
64050240
64073380
64031085
64023639
64078165
64008370
64017230
64073217
64073270
64018820
64075570
64009035
64037300
64084060
64023010
64016505
64006190
64023622
64048540
64050140
64019100
64018590
64011750
64000280
64034008
64053100
64076220
64060650
64062205
64025084
64091180
64058055
64055520
64004630
64009690
64041480
64045420
64045120
64078213
64045355
64091140
64002120
64009310
64008379
64058216
64008320
64004100
64028065
64036685
64036686
64036687
64036688
64036735
64006560
64046540
64059070
64077435
64077845
64055200
64058316
64036689
64036690
64035075
64035440
64036691
64028421
64028422
64004000
64004065
64002085
64004823
64066475
64034044
64028720
64005780
64090460
64040595
64071120
64052270
64028245
64016370
64014410
64040490
64034050
64077855
64009230
64002220
64083040
64071655
64028521
64004365
64007843
64012054
64009215
64034040
64040070
64058212
64027360
64040055
64034038
64034005
64055370
64053760
64058700
64009050
64007833
64037420
64071090
64059370
64060742
64058040
64083340
64002060
64058650
64042000
64053757
64064010
64028423
64028424
64028426
64028275
64063150
64060720
64059410
64016255
64058308
64040185
64040665
64058046
64016753
64071095
64053765
64058745
64027370
64035820
64023750
64012490
64055415
64053620
64034565
64067340
64023235
64056010
64077135
64077803
64071080
64057223
64077097
64066280
64067410
64006215
64016630
64022116
64023480
64064200
64009415
64011195
64034483
64040062
64038040
64040860
64075532
64073207
64091210
64074000
64028427
64028428
64028429
64057113
64008670
64052410
64022235
64057498
64089050
64010595
64019812
64016094
64019480
64017420
64028430
64028431
64028438
64039494
64012615
64011688
64011825
64090605
64038304
64037155
64039496
64011849
64090610
64042024
64039498
64039500
64039502
64012790
64006420
64037170
64037076
64040766
64027466
64031324
64032475
64025028
64057018
64060115
64031295
64004585
64012313
64012361
64012379
64012638
64012815
64011662
64011803
64086105
64089202
64030378
64090615
64019638
64015038
64015042
64079003
64080006
64084605
64085014
64084584
64085380
64038105
64033505
64037680
64042128
64042144
64037825
64036743
64038043
64034666
64034194
64034726
64034188
64034811
64040846
64036525
64034553
64034853
64003855
64007619
64028433
64040495
64035528
64000740
64000715
64016870
64065310
64012268
64065290
64063050
64057110
64079105
64078590
64090182
64086050
64012595
64071320
64005457
64058015
64011770
64010530
64073135
64067785
64034405
64016520
64083060
64020150
64090150
64020695
64027480
64075507
64071070
64057219
64046000
64041705
64005435
64004805
64005432
64004803
64027450
64058660
64028262
64056255
64011783
64040180
64093020
64095080
64089040
64097005
64083022
64085338
64091095
64064210
64045190
64066480
64014550
64016625
64058218
64005510
64004500
64004575
64041350
64034407
64000300
64002525
64003005
64020085
64067110
64034570
64014415
64016610
64029158
64057280
64058044
64040207
64035532
64028552
64056035
64058068
64065160
64040590
64075025
64007640
64076407
64002110
64049250
64051130
64023293
64022055
64022053
64027674
64074700
64035534
64058025
64005350
64005265
64009340
64066060
64009540
64093130
64058100
64053640
64028830
64027680
64076065
64040210
64058035
64027688
64078375
64078548
64090250
64065280
64041340
64017660
64078015
64040028
64013230
64016705
64027562
64005660
64013150
64035536
64040602
64028665
64009570
64008800
64013180
64010655
64078347
64027563
64071520
64012520
64023754
64069150
64027644
64057490
64003682
64053285
64037292
64080180
64056343
64046650
64004180
64005405
64090030
64064217
64053680
64022090
64050315
64039340
64067510
64069090
64064222
64057344
64066610
64012101
64017650
64083190
64034160
64029320
64034210
64040675
64029180
64053630
64027488
64034380
64030440
64057368
64040205
64058312
64034534
64040170
64035005
64013170
64081220
64016850
64016410
64001685
64000810
64003087
64002830
64002760
64014058
64014061
64014325
64011795
64007850
64008363
64009330
64008540
64009530
64013160
64009040
64046473
64016555
64081380
64015090
64001530
64009090
64008120
64008230
64008326
64039585
64071150
64031350
64035492
64032455
64028850
64010665
64006245
64008780
64009170
64002600
64002603
64006220
64013100
64013090
64016575
64008620
64028434
64028435
64028436
64028710
64076438
64003265
64002465
64003400
64002175
64056610
64058236
64006620
64016795
64010585
64093060
64078315
64028775
64095050
64093150
64009740
64009565
64065110
64073490
64009070
64009195
64058735
64017575
64015310
64016718
64039060
64035425
64035095
64004070
64006700
64007823
64003700
64016865
64078235
64022245
64055645
64056475
64080210
64049793
64025535
64053110
64053515
64077440
64071770
64040355
64015510
64060020
64077085
64034286
64020665
64027642
64020371
64023756
64027109
64005560
64097035
64052422
64050080
64013449
64055530
64062120
64025541
64012590
64011216
64003830
64012585
64086020
64095090
64033565
64022270
64071500
64028785
64086070
64058303
64048561
64017666
64017570
64040810
64002610
64079084
64010675
64050090
64033510
64016465
64039652
64027567
64040006
64060410
64050155
64078405
64069060
64017352
64027315
64029410
64060655
64059450
64023240
64078257
64056600
64058230
64052835
64016285
64023005
64022065
64023665
64085410
64057682
64035045
64042200
64081450
64035640
64040725
64080000
64028803
64065070
64006105
64045555
64004275
64045610
64020465
64027658
64028680
64028765
64032072
64032300
64081390
64091450
64057346
64059160
64073125
64012170
64012545
64005345
64006183
64011232
64012274
64090508
64090524
64083295
64082151
64034508
64029382
64028070
64097075
64097105
64097145
64097175
64097200
64042010
64062218
64034723
64027584
64050150
64052680
64017750
64041432
64041452
64041520
64041510
64041470
64078198
64041490
64041500
64041462
64004320
64040165
64065100
64040145
64045310
64057252
64091360
64038065
64003140
64035100
64071380
64071645
64009653
64009683
64076340
64078003
64035506
64071350
64060035
64010535
64049825
64095060
64046675
64010460
64016458
64049040
64051030
64023755
64033310
64014068
64027676
64073155
64077015
64019806
64019400
64016098
64017430
64067365
64065320
64011670
64083095
64000360
64003075
64002515
64014250
64063770
64034604
64084050
64032057
64012425
64027684
64041030
64000370
64017117
64002470
64003695
64001370
64022060
64022100
64084190
64000080
64034155
64063800
64006390
64018825
64027410
64038250
64015530
64063510
64076400
64073340
64016570
64031207
64009610
64039100
64035870
64035475
64017427
64088512
64040640
64014059
64046525
64064224
64076425
64076183
64025505
64012460
64010415
64034030
64074020
64013120
64056345
64003650
64040140
64039080
64031540
64040685
64012088
64033055
64023641
64083090
64090445
64006150
64013140
64027686
64032480
64078664
64067815
64027640
64091010
64078285
64014022
64084040
64040217
64040735
64014280
64016765
64067095
64040730
64053815
64057675
64078710
64006510
64065080
64020670
64038090
64046210
64027570
64040125
64012044
64059150
64055120
64046490
64052820
64049460
64001420
64022440
64023060
64006292
64016380
64014420
64015467
64050020
64066360
64071850
64066720
64073740
64057700
64053860
64073710
64062520
64062510
64073720
64053850
64063820
64073730
64063810
64073700
64081280
64057635
64056315
64093080
64059190
64056440
64057367
64075015
64040220
64076043
64056275
64009200
64009155
64005425
64040115
64071625
64007320
64028185
64006690
64040667
64090430
64006070
64060430
64028255
64017705
64014540
64009835
64004160
64032375
64071750
64051100
64090173
64012089
64045590
64051085
64034835
64051050
64049020
64052515
64016595
64034585
64067590
64010575
64005518
64028445
64027553
64033090
64053770
64084065
64034560
64045810
64065210
64028220
64028660
64065260
64060700
64083230
64024031
64091340
64078145
64053320
64004310
64004331
64039504
64012616
64011689
64011826
64042069
64037175
64004130
64039506
64011850
64042021
64039508
64039510
64039512
64004050
64037078
64037190
64040768
64027468
64031326
64028818
64057019
64060120
64031298
64012314
64012360
64012378
64012637
64012791
64012816
64011663
64011804
64086103
64089203
64030379
64090620
64019639
64015043
64079004
64080008
64084610
64085016
64084586
64085390
64037683
64042124
64042146
64036744
64038044
64034668
64034195
64034728
64034189
64034812
64040848
64036530
64034554
64034854
64003532
64004311
64011720
64005437
64004808
64056295
64025545
64017820
64020650
64057060
64056590
64010520
64018585
64052510
64032062
64006040
64049050
64051040
64090480
64084140
64016442
64057065
64004210
64005220
64002290
64000190
64002236
64002292
64002250
64001190
64019845
64019706
64016020
64018670
64007852
64009535
64062215
64065090
64010780
64031080
64052885
64090145
64052855
64022075
64023280
64002630
64028398
64045615
64090100
64049542
64048100
64000100
64004188
64034415
64009580
64057500
64050050
64005453
64005302
64000160
64055605
64060630
64017480
64030478
64075055
64040670
64017745
64012003
64085250
64095010
64014180
64045520
64008040
64029280
64009210
64040805
64020440
64023725
64031580
64034256
64034260
64041290
64027610
64028843
64075645
64057525
64057638
64058325
64012145
64011621
64012279
64090514
64090534
64082154
64034660
64097225
64069046
64057175
64057610
64011130
64011260
64011626
64012288
64082156
64035514
64000470
64002840
64002585
64006193
64007805
64002540
64001470
64008080
64022132
64023638
64031160
64012110
64037485
64035396
64041320
64079082
64055373
64060240
64012354
64011266
64012285
64082168
64056050
64037505
64031520
64079079
64055378
64012105
64011252
64011624
64012286
64082169
64007090
64023661
64023265
64079077
64057170
64011140
64011262
64011625
64012287
64086140
64008050
64077335
64052463
64052050
64009440
64008319
64008115
64083270
64005310
64084070
64091100
64013800
64065165
64048445
64040515
64058810
64091370
64062150
64035455
64019375
64022120
64023530
64030510
64076035
64052670
64051165
64067170
64019740
64060690
64059420
64010690
64009863
64048550
64057075
64077235
64004525
64025035
64045770
64032445
64011560
64003703
64077093
64005480
64027145
64034536
64014430
64005375
64010750
64085330
64037035
64027406
64027416
64041250
64027638
64028793
64032066
64081290
64085180
64091420
64045715
64057668
64059050
64064037
64073092
64083015
64011510
64011590
64058062
64012185
64011224
64012271
64090502
64090518
64088625
64086110
64075557
64033720
64034516
64063060
64028062
64097060
64097090
64097130
64097160
64097185
64062217
64029150
64005080
64048510
64073073
64045750
64013040
64040480
64071400
64014317
64004770
64004780
64028770
64028655
64052315
64052450
64062410
64014315
64006125
64004800
64004745
64016730
64046430
64010325
64048500
64003708
64084170
64090230
64052850
64012074
64057142
64090140
64080190
64076820
64015480
64016615
64040320
64005720
64016210
64057298
64003640
64012811
64020430
64031390
64034252
64035502
64032495
64045695
64012135
64012358
64011248
64011623
64012281
64059196
64097235
64034018
64025510
64064030
64032385
64007055
64049850
64057295
64049120
64023272
64022250
64039514
64011690
64012617
64011827
64042066
64038306
64037195
64039516
64011851
64042018
64037210
64037085
64040770
64027470
64031328
64045815
64057021
64060130
64031300
64012315
64012377
64012632
64012792
64012817
64011664
64011805
64089204
64030380
64090625
64034190
64019641
64015044
64079005
64080012
64084615
64085018
64085400
64038110
64037665
64042120
64042148
64036745
64038045
64034670
64034196
64034730
64034813
64040852
64036535
64034555
64034855
64003535
64003857
64004313
64004321
64010540
64090370
64027365
64077841
64060015
64008450
64000830
64053560
64031040
64052405
64079195
64067490
64076327
64053410
64002298
64078097
64031038
64055030
64097045
64095025
64017664
64071780
64008570
64030450
64007818
64008182
64077750
64052285
64005380
64023758
64027395
64036800
64078283
64078840
64090116
64049865
64069025
64007160
64034624
64073290
64091040
64023230
64048433
64027585
64071580
64082280
64020100
64090048
64006310
64082068
64031125
64077333
64046505
64053810
64034170
64031180
64048560
64037015
64058705
64056305
64046495
64035500
64015080
64049305
64049300
64014360
64052160
64046555
64031020
64057140
64079135
64018627
64010125
64071460
64095035
64053340
64009885
64014065
64000120
64029265
64004182
64028080
64091330
64036515
64040225
64048575
64039578
64015463
64016855
64071385
64057139
64011210
64006670
64008770
64018041
64064110
64028225
64008368
64005385
64020700
64020060
64057388
64037294
64002640
64055460
64055700
64005590
64078215
64075520
64008760
64005800
64016580
64056605
64083200
64053310
64052240
64023237
64023287
64049760
64022110
64023400
64017600
64031090
64032059
64025065
64057137
64058080
64046460
64019730
64081410
64082335
64034615
64017200
64015330
64009190
64059240
64090380
64023735
64017004
64077217
64015130
64014080
64052415
64031163
64016230
64018625
64057198
64003750
64071680
64002223
64032108
64056660
64036457
64034485
64062170
64073530
64088570
64012094
64016235
64053270
64004230
64005245
64079115
64017020
64010432
64046660
64076423
64059530
64084028
64082440
64082420
64084029
64031510
64062300
64036467
64027015
64019670
64031470
64008330
64025075
64078535
64071635
64066075
64004005
64076415
64019804
64019380
64016100
64016253
64078388
64040305
64051010
64049030
64034130
64007045
64059260
64034634
64045710
64057133
64018824
64090155
64075540
64045605
64046700
64082345
64058030
64063560
64027490
64090335
64034608
64013620
64039518
64012618
64011691
64011828
64042063
64038308
64037215
64039520
64011852
64042111
64037082
64037220
64040772
64027472
64031330
64032092
64025046
64057022
64060140
64031303
64012316
64012376
64012631
64012793
64012818
64011665
64011806
64089205
64030381
64090630
64019642
64015045
64079006
64080014
64084620
64037668
64042114
64042150
64036746
64038046
64034672
64034197
64034732
64034191
64034814
64040854
64036540
64034556
64034856
64003537
64003859
64004314
64004323
64006030
64090165
64006235
64004011
64090175
64078770
64003280
64002885
64007230
64065240
64058326
64069410
64048180
64048553
64049528
64048558
64049526
64048185
64009805
64063660
64058318
64012072
64017802
64012305
64011515
64011300
64069055
64006210
64000850
64073240
64075545
64035524
64040815
64019376
64034042
64040475
64012041
64007220
64057095
64062050
64005170
64007520
64039050
64001160
64041300
64046450
64023290
64027380
64080070
64078635
64057100
64003490
64003100
64057377
64053140
64002560
64002835
64010387
64010805
64036420
64009228
64009250
64045630
64045550
64010305
64050225
64025546
64088530
64075070
64090188
64078830
64083020
64077860
64077448
64082235
64088650
64015515
64099000
64000513
64050120
64052400
64048480
64090098
64023297
64036462
64025570
64008340
64004075
64082290
64027592
64023710
64067305
64073058
64037180
64079237
64066520
64077125
64016790
64027630
64002190
64019680
64038100
64078690
64081420
64010645
64001070
64019354
64019716
64018070
64000070
64034125
64045450
64090375
64064170
64039560
64004820
64005850
64008175
64057158
64034842
64085355
64088680
64034427
64010843
64066465
64014057
64056270
64090360
64040510
64006520
64071660
64000410
64004110
64006280
64047040
64010215
64010820
64049815
64086150
64065060
64067550
64025585
64040625
64049780
64060082
64009670
64012015
64053230
64008366
64039140
64053050
64013375
64027340
64033370
64040315
64037115
64027455
64013630
64012303
64020190
64020040
64020750
64029160
64032140
64017804
64076050
64012046
64037120
64066440
64027621
64028410
64078495
64032102
64013465
64019310
64059200
64017140
64032310
64009685
64076038
64076178
64081040
64076790
64076450
64027660
64032120
64071450
64017006
64017460
64019372
64012002
64012086
64028375
64034004
64063805
64073195
64049800
64033390
64067640
64057510
64058070
64000660
64064226
64049060
64010830
64066015
64057195
64059125
64016752
64052580
64076418
64076215
64083085
64081170
64062010
64080170
64012445
64011545
64052857
64058120
64049545
64097017
64032070
64031450
64034460
64079245
64055367
64040195
64071715
64057233
64012242
64034515
64028302
64082343
64028380
64077813
64090185
64045100
64057655
64014320
64006120
64023606
64011610
64032110
64031035
64071570
64077800
64073620
64090195
64047050
64012470
64010127
64080010
64079205
64033587
64005280
64000780
64003090
64011730
64034430
64079225
64073280
64012410
64073570
64012850
64004015
64003705
64002490
64000390
64001390
64056020
64046410
64005600
64029240
64058160
64008070
64008312
64029156
64006090
64071065
64069215
64017675
64032086
64029310
64028290
64000720
64039040
64035015
64028795
64045755
64059235
64034006
64081320
64022400
64023250
64045460
64000240
64009600
64010025
64010065
64010395
64008367
64009435
64009857
64067040
64006550
64013190
64005452
64004810
64039522
64012619
64011692
64011829
64042060
64038310
64037225
64039524
64011853
64042108
64039526
64039528
64039530
64037084
64037230
64040774
64027474
64031332
64025047
64045670
64057023
64060150
64031305
64012317
64012375
64012628
64012794
64012819
64011666
64011807
64089206
64030382
64090635
64015046
64079007
64084625
64038115
64037671
64042152
64036747
64038047
64034674
64034198
64034734
64034815
64036545
64034857
64003540
64004324
64010853
64005190
64033110
64079125
64040175
64067670
64005460
64004535
64080160
64076810
64001250
64016050
64018680
64000250
64002281
64003615
64002350
64034425
64049805
64075510
64075550
64003480
64081330
64017002
64000620
64066420
64085070
64003610
64009550
64009617
64046420
64071700
64005430
64078775
64027385
64013220
64081340
64059060
64049200
64023030
64003790
64032425
64004450
64065190
64040825
64046455
64052100
64064020
64040275
64052685
64050170
64040160
64007650
64040295
64066492
64067020
64028828
64010435
64079059
64076377
64034270
64023690
64056635
64005610
64012007
64082225
64083050
64077784
64081070
64030370
64009420
64009360
64008376
64073532
64049540
64073225
64057430
64060780
64040150
64057648
64065005
64078319
64079140
64040235
64060060
64052830
64016810
64018215
64017815
64020690
64023760
64022098
64020080
64023225
64009785
64019745
64000680
64077045
64001545
64001125
64039020
64035655
64019610
64019630
64019825
64016086
64016882
64017405
64016498
64017615
64015305
64025550
64037065
64010555
64028805
64081190
64019724
64019362
64018010
64056240
64032490
64058234
64057200
64058185
64059250
64077833
64079065
64046120
64002080
64045415
64078477
64002355
64010285
64004445
64064150
64009390
64059210
64085020
64040645
64016830
64030008
64027404
64080080
64057545
64014055
64001620
64014305
64028580
64010505
64000600
64008205
64075547
64022230
64023040
64007350
64007648
64006285
64013110
64057485
64040370
64076300
64056638
64057080
64005304
64004060
64052852
64075630
64052180
64008170
64066370
64031190
64073450
64050030
64006360
64002825
64012073
64052872
64064190
64006370
64027486
64057555
64058240
64040525
64036445
64040558
64007085
64007050
64009800
64067470
64016835
64060390
64018828
64057615
64006410
64040535
64034028
64079127
64076233
64049486
64010480
64067220
64018500
64018290
64019870
64019352
64019655
64019645
64016540
64067210
64090170
64007070
64045760
64073031
64039532
64012621
64011693
64011830
64042057
64038312
64037235
64039534
64011854
64012820
64037086
64037240
64040776
64022095
64031334
64034428
64032104
64025056
64057024
64060160
64012318
64012374
64012795
64011667
64011808
64089207
64030383
64090640
64015047
64079008
64084630
64038120
64037692
64042154
64069470
64037827
64036748
64038048
64034676
64034199
64034736
64034816
64034557
64034858
64003542
64003861
64023608
64012071
64065020
64060490
64016400
64011520
64075625
64091070
64017014
64007825
64045400
64009130
64079215
64013645
64001320
64001560
64017016
64069075
64073310
64057530
64077840
64049753
64004580
64035835
64027595
64071695
64012082
64056373
64014524
64034245
64017640
64010823
64010813
64082120
64031280
64028325
64055080
64016430
64075555
64057416
64073183
64064350
64052448
64053715
64037110
64049750
64003770
64056485
64048340
64003560
64022124
64023580
64017445
64019330
64016104
64023045
64049705
64028130
64022050
64020720
64022135
64020338
64027461
64025590
64027460
64027632
64027690
64034278
64034280
64016180
64034410
64055140
64034140
64097018
64022080
64022150
64050110
64052690
64052360
64057250
64057031
64015270
64019700
64082085
64039564
64010565
64067290
64015100
64014535
64014220
64049855
64079055
64047200
64005420
64004025
64080030
64048385
64052005
64049505
64052445
64048400
64050010
64049860
64085350
64018628
64040270
64020415
64015125
64017112
64048360
64049506
64048425
64076010
64082070
64058600
64053650
64012042
64052470
64067450
64019690
64057390
64019652
64048320
64049512
64048440
64057392
64071620
64081260
64006170
64005305
64006380
64041010
64003410
64097019
64079015
64076870
64022126
64023600
64030457
64034622
64031055
64040540
64006181
64039536
64012622
64011694
64011831
64042054
64038314
64037245
64039538
64011855
64037250
64037088
64040778
64031336
64025058
64057026
64060170
64012319
64012373
64012645
64012796
64012821
64011668
64011809
64031092
64030384
64090645
64069300
64015048
64079009
64084635
64038125
64071205
64037689
64042126
64042156
64037830
64036749
64038049
64034678
64034200
64034738
64034817
64034859
64003545
64003863
64004326
64034568
64032435
64015035
64051080
64015040
64017030
64017307
64012051
64057076
64014056
64067810
64078465
64039590
64015360
64082190
64003370
64002878
64031200
64081130
64073640
64009845
64034426
64076180
64015350
64060270
64077355
64077828
64069140
64023745
64093070
64077145
64009780
64071470
64004220
64005240
64004620
64029330
64010402
64048490
64067360
64065300
64078425
64082230
64077445
64060280
64027420
64078397
64057285
64028125
64090110
64071510
64014531
64025495
64075530
64029100
64004520
64011565
64082170
64049538
64048110
64057450
64040190
64076145
64056643
64003430
64003070
64002883
64006050
64003630
64032395
64049390
64036760
64007065
64002463
64009255
64049420
64003865
64052435
64077760
64057039
64057088
64041440
64079143
64048232
64049518
64079090
64075060
64071530
64020422
64078475
64032230
64013640
64079080
64090420
64009180
64009145
64004680
64005500
64003330
64040005
64012104
64022015
64091405
64046680
64050130
64016530
64088590
64040285
64032470
64020392
64060065
64055040
64079110
64006145
64028128
64059253
64057620
64076185
64039565
64032076
64071360
64027402
64027355
64028823
64005415
64057470
64060300
64075640
64090205
64023295
64067430
64004360
64084110
64032078
64041670
64059550
64009810
64007800
64075515
64057460
64045080
64039597
64025565
64041650
64079060
64016560
64015462
64059290
64022118
64023500
64084018
64040260
64017830
64016390
64058135
64037296
64039540
64012623
64011695
64011832
64042051
64038316
64037255
64039542
64011856
64037260
64037095
64040780
64031338
64078545
64057027
64060180
64011810
64012320
64012372
64012639
64012797
64012822
64011669
64025048
64030385
64090650
64079011
64084640
64038130
64037686
64042122
64042158
64036751
64038051
64034680
64034201
64034740
64034818
64034860
64003547
64004327
64006260
64067200
64057630
64064130
64016490
64058180
64035810
64035450
64075500
64075080
64010625
64008600
64003000
64003487
64000785
64002876
64020710
64020095
64057356
64025530
64058315
64027484
64020082
64082118
64052875
64014060
64014205
64078135
64050040
64052485
64056330
64056075
64053280
64080110
64077770
64055715
64006340
64005070
64053350
64057370
64028685
64034448
64032060
64075650
64064340
64048310
64081400
64090215
64053390
64058780
64053800
64058304
64090440
64032112
64014075
64015010
64057049
64085150
64097050
64057378
64000545
64069170
64059320
64052490
64065150
64063790
64066130
64076190
64005710
64005820
64009555
64077243
64090325
64066340
64057520
64045370
64031225
64040135
64071410
64069035
64008300
64008362
64008265
64009695
64039620
64035630
64040093
64055355
64065175
64012810
64009850
64028150
64010865
64004595
64053170
64052340
64005400
64080120
64079238
64012680
64006295
64010770
64010075
64012062
64017818
64091255
64002155
64001360
64027566
64071420
64009520
64034022
64034538
64003590
64049650
64050220
64052880
64032063
64055400
64053665
64055365
64004260
64005235
64018710
64009460
64006610
64082065
64067600
64034470
64020335
64055320
64003844
64005670
64000030
64002224
64002095
64002150
64001030
64019720
64019358
64018030
64090570
64012710
64077105
64077798
64053130
64053150
64052750
64050180
64057211
64078525
64067270
64012690
64009855
64028200
64009708
64011570
64049720
64017806
64025551
64014210
64090400
64050190
64056673
64027305
64065030
64067530
64099005
64045210
64053060
64034115
64055470
64037130
64009710
64012650
64019726
64019364
64018280
64078750
64049480
64015610
64057385
64076710
64020417
64057475
64088610
64075502
64049725
64035360
64039685
64035028
64057153
64007550
64015460
64052012
64076240
64000340
64020200
64027465
64005370
64005285
64010835
64023762
64023050
64008010
64007822
64008085
64004750
64013655
64002455
64002328
64000170
64010375
64056065
64078870
64046695
64053120
64020291
64016780
64097021
64004190
64004340
64057375
64015122
64032370
64006500
64007170
64053040
64014470
64060052
64059305
64076700
64020375
64006315
64025025
64007140
64052865
64082220
64004560
64073120
64037025
64031150
64049740
64077455
64032450
64034165
64019736
64045130
64090538
64018600
64019200
64023055
64051005
64073650
64049010
64053010
64045380
64045000
64045795
64091205
64005450
64004215
64020405
64014534
64020030
64030430
64052290
64064260
64055505
64046130
64016590
64029370
64020192
64058242
64055517
64057670
64057482
64081360
64038060
64034480
64079057
64078625
64080020
64090550
64076800
64078850
64076305
64078225
64014400
64076440
64076198
64023260
64022085
64023283
64049547
64016825
64049590
64001480
64019025
64018570
64039370
64004670
64057078
64078219
64020365
64017772
64016470
64039460
64035521
64057660
64049522
64048502
64048212
64048301
64049514
64048443
64002520
64017260
64067090
64066050
64060660
64035840
64078860
64055050
64007595
64009142
64007610
64007675
64059095
64056055
64000400
64002330
64002495
64003077
64025555
64051110
64049240
64041070
64090128
64032122
64071590
64012040
64034032
64081160
64052016
64003820
64009660
64056115
64017808
64014327
64059360
64091310
64060610
64003210
64004290
64008130
64076100
64063520
64050280
64027564
64040820
64027579
64058020
64062235
64071600
64012030
64010445
64005428
64009115
64093100
64002635
64030470
64049765
64052775
64045775
64000550
64034490
64039190
64058320
64064290
64052765
64028160
64055260
64076404
64048190
64049524
64048504
64000670
64060680
64028630
64006300
64081370
64057052
64016858
64049340
64039570
64076397
64028500
64046530
64050290
64076335
64078585
64019395
64071755
64067750
64067520
64010700
64002750
64004170
64005180
64003591
64010407
64057010
64045360
64057276
64067240
64091200
64079027
64037302
64016587
64028605
64063620
64034620
64076125
64016392
64016385
64010315
64025015
64004330
64003730
64083070
64031045
64007375
64007400
64056130
64056285
64067620
64033655
64025533
64076430
64076188
64045680
64010442
64016875
64017040
64035445
64035085
64001300
64018575
64017045
64029290
64034616
64078275
64049640
64035510
64075075
64004186
64079023
64079063
64016840
64055250
64091130
64083180
64097022
64052760
64081050
64077185
64077175
64007821
64016473
64016084
64063815
64027265
64066580
64076200
64023642
64010620
64084380
64057077
64049755
64038200
64053530
64012670
64060640
64090532
64010335
64077025
64017165
64010670
64014035
64028310
64030500
64023610
64046515
64046240
64053540
64053090
64002858
64002740
64003735
64010760
64048470
64067505
64073035
64045830
64011713
64090225
64010660
64005320
64073041
64065185
64039360
64009100
64007838
64009185
64077075
64009405
64008316
64097023
64014300
64014335
64071705
64037445
64007560
64076307
64037298
64003846
64005110
64004240
64078482
64052772
64027618
64055475
64001660
64014063
64015050
64014115
64012580
64081090
64045790
64049360
64082360
64060560
64062070
64079067
64012700
64082250
64078785
64069040
64057465
64055525
64039015
64045410
64046685
64076195
64057365
64015370
64064220
64025536
64023643
64048455
64076393
64003760
64004540
64035860
64035470
64055170
64034420
64058725
64006065
64057145
64065235
64056670
64056333
64053660
64037460
64091115
64010833
64085320
64006400
64025095
64083160
64012352
64090328
64057079
64048505
64076720
64079139
64000515
64027631
64034285
64006540
64004021
64010790
64060670
64066430
64011500
64011050
64011320
64037395
64023612
64078025
64012785
64058755
64039553
64025196
64025520
64036475
64060030
64000640
64028810
64020630
64040367
64038305
64093160
64017680
64009665
64055090
64035890
64040033
64002130
64000700
64003092
64073500
64017360
64032440
64012740
64057135
64025528
64008500
64078105
64049320
64045570
64034850
64004280
64004120
64056565
64016545
64017018
64060550
64059520
64045805
64035462
64034402
64057034
64027375
64023618
64005790
64005454
64004813
64045800
64032170
64033120
64034230
64028360
64007660
64017170
64017125
64039544
64012624
64011696
64011833
64042048
64038318
64037265
64039546
64011857
64039548
64039550
64039552
64055445
64037270
64040782
64012636
64011671
64090655
64078546
64038135
64038265
64037695
64038052
64034828
64057050
64060070
64058620
64058815
64011799
64064043
64067010
64066505
64050210
64052675
64052345
64059575
64063010
64060520
64058300
64055585
64052335
64062005
64056375
64016247
64057055
64097012
64014078
64011697
64037280
64031340
64057028
64060190
64012321
64012371
64012633
64012798
64012823
64011672
64011811
64030386
64090660
64025053
64079012
64078547
64038140
64037716
64042118
64042160
64037832
64036752
64038053
64034682
64034202
64034742
64034822
64034861
64003550
64004329
64034274
64048350
64049508
64048428
64058640
64009730
64012730
64016800
64018835
64002820
64082460
64067030
64067120
64066030
64066330
64000220
64040545
64028860
64091120
64031227
64036477
64016725
64071760
64078665
64035487
64081120
64049350
64052520
64002765
64049798
64057260
64012720
64076420
64080090
64078335
64027575
64040120
64039612
64091090
64079020
64056290
64067380
64049600
64034618
64085200
64023075
64073063
64090235
64056383
64052455
64056395
64012125
64003290
64002870
64019040
64017812
64079073
64010317
64008371
64010322
64009475
64015120
64015070
64027636
64078279
64014032
64032290
64016260
64010155
64005630
64062090
64057710
64040325
64073048
64053710
64031210
64000040
64056645
64037490
64031228
64040365
64053690
64051155
64045720
64003510
64064120
64003670
64083055
64014322
64052295
64052430
64059545
64060040
64046040
64028863
64004270
64004660
64053240
64048585
64066570
64037045
64052810
64049440
64082095
64075512
64034276
64050060
64059100
64052300
64036610
64000200
64011775
64037290
64093050
64077805
64009725
64040598
64057247
64009700
64004490
64040460
64000520
64073190
64003350
64009720
64019160
64019060
64071735
64015340
64078740
64033330
64002775
64040075
64049475
64031185
64012430
64010015
64005030
64053785
64055405
64034395
64040457
64078615
64018080
64009875
64053730
64073051
64003120
64003085
64002485
64000440
64002300
64006250
64055595
64056460
64034628
64016150
64007500
64034500
64004410
64050070
64002873
64082160
64033450
64003380
64090133
64027580
64040008
64002645
64039616
64010610
64002140
64048405
64057645
64003842
64090245
64005570
64055350
64020480
64047020
64079126
64008470
64006270
64009045
64052250
64095085
64086005
64078233
64056265
64056170
64063590
64090255
64004510
64034510
64097024
64069205
64076020
64072020
64035025
64011540
64023775
64079047
64025615
64000525
64023614
64016055
64016420
64007315
64016565
64072030
64069400
64062140
64071310
64060510
64066190
64069160
64028607
64027617
64090265
64055635
64077818
64077245
64020397
64014030
64091235
64035480
64020445
64055755
64040550
64011205
64025540
64001400
64014073
64015012
64009870
64088600
64067260
64071690
64012090
64012005
64001405
64040004
64014020
64029300
64057225
64012625
64011698
64011834
64042072
64038320
64037285
64011858
64012630
64037305
64031342
64035522
64027678
64057029
64060200
64012322
64012370
64012799
64012824
64011673
64011812
64090665
64037719
64042116
64042162
64069500
64037835
64036753
64038054
64034684
64034744
64034821
64034862
64003552
64066350
64066065
64080150
64031220
64022128
64023630
64048485
64091190
64020090
64027590
64052325
64052480
64048435
64080040
64071040
64001350
64017115
64000128
64002450
64003685
64027648
64036405
64036460
64012004
64030460
64023616
64052460
64082055
64039145
64046500
64057550
64005805
64040010
64016710
64067775
64005456
64004815
64083240
64062210
64083250
64004610
64005793
64014312
64033660
64036415
64009300
64009135
64049735
64010425
64009350
64008377
64051140
64049270
64036425
64017455
64016108
64019280
64003595
64034105
64034120
64003190
64002335
64002483
64000460
64003073
64078317
64079112
64079142
64049690
64078095
64076060
64034440
64038035
64082340
64014533
64057240
64078730
64006640
64056363
64057210
64059115
64005620
64084390
64097026
64009125
64027656
64049190
64060045
64050250
64078245
64009235
64078372
64027662
64013020
64082350
64004200
64005210
64045825
64008350
64008321
64069080
64035410
64039695
64035035
64078307
64091060
64031286
64013010
64014028
64009225
64028215
64031112
64028385
64057540
64034282
64078365
64000010
64002072
64002222
64003160
64018330
64019738
64020075
64001010
64018100
64020470
64028715
64064180
64035508
64010650
64003083
64093170
64034150
64049260
64052862
64002020
64007490
64017008
64053610
64079153
64028560
64027606
64048072
64049544
64013080
64008187
64078295
64072000
64057185
64091220
64031114
64040407
64059470
64055070
64058820
64027593
64035464
64067250
64071740
64057128
64023645
64010265
64010470
64010730
64017814
64057320
64058010
64056675
64058720
64036560
64024025
64014077
64002660
64052465
64057650
64073145
64012435
64079235
64012045
64011505
64012010
64067180
64016462
64005015
64097034
64028205
64057245
64057147
64017180
64028645
64025547
64020435
64035526
64076025
64097027
64029200
64028695
64034578
64082260
64097028
64013060
64013459
64023065
64035845
64063630
64028250
64078385
64058330
64012423
64028270
64017735
64015461
64064310
64014034
64057382
64013030
64032250
64069042
64057637
64073330
64062190
64091225
64073055
64034110
64023620
64012103
64034240
64010372
64040230
64012530
64012355
64028553
64047030
64012540
64083310
64097029
64055390
64019635
64077432
64020402
64073445
64012480
64057130
64082390
64036455
64030453
64018826
64003310
64002460
64012351
64037160
64012455
64012440
64057325
64060400
64057535
64062180
64034442
64013070
64049492
64063040
64005225
64036500
64016363
64034446
64032430
64036482
64058228
64005830
64009615
64009595
64009510
64008374
64003620
64056030
64046440
64025527
64073540
64006450
64073550
64009750
64058340
64049820
64012510
64016845
64063580
64014537
64014018
64010635
64049482
64005458
64004818
64040340
64023715
64060570
64059510
64078605
64076315
64005230
64005260
64040110
64078018
64063045
64059030
64083030
64077793
64040390
64031116
64032390
64067660
64013210
64007330
64004460
64007410
64027571
64040105
64078293
64052468
64048270
64020387
64025553
64032130
64000710
64014053
64001615
64014150
64014390
64066390
64034272
64018865
64004250
64053200
64006110
64010720
64075035
64020685
64065010
64006225
64020620
64060370
64064330
64076040
64028853
64009745
64004530
64035105
64084370
64020615
64053220
64028330
64045690
64055420
64000860
64060450
64018325
64078467
64045030
64014310
64040610
64059120
64066310
64067560
64076410
64016600
64016395
64058048
64020010
64040100
64088548
64035855
64008260
64008328
64027557
64046170
64048330
64062030
64008360
64022122
64023550
64046485
64009400
64008318
64009280
64009295
64034145
64003697
64012750
64001490
64014130
64018550
64018560
64018505
64016010
64019830
64017770
64019702
64003130
64000480
64002320
64002538
64000512
64001535
64052320
64034524
64052015
64040395
64097031
64020730
64003390
64017015
64009150
64009187
64006530
64024020
64023800
64036790
64031315
64017042
64073440
64002735
64009335
64007830
64083110
64069085
64003850
64003835
64023766
64003870
64049536
64048130
64020017
64066410
64034034
64040585
64077790
64027581
64012665
64062500
64069290
64066710
64071800
64029185
64058322
64067130
64029050
64090095
64040555
64034575
64010500
64039470
64037055
64010010
64010020
64010030
64010040
64010050
64010060
64010070
64010080
64010090
64010100
64010110
64010120
64010130
64010140
64010150
64010160
64010170
64010180
64010190
64010200
64010210
64010220
64010230
64010240
64010250
64010260
64010270
64010280
64010290
64010300
64010310
64010320
64010330
64010340
64010360
64010370
64010380
64010390
64010400
64010410
64010420
64010430
64010440
64010450
64010475
64010800
64077425
64027614
64052260
64077345
64077285
64086060
64053510
64090275
64002070
64045430
64040310
64090285
64057202
64027672
64067650
64012260
64012020
64012412
64012854
64012192
64012194
64012255
64012245
64041080
64071610
64012414
64012852
64012265
64067310
64012250
64013000
64012575
64012052
64002725
64005300
64005275
64083390
64020019
64031135
64051150
64076403
64083120
64049835
64012066
64057155
64023360
64016270
64017563
64023780
64022225
64076135
64040630
64056135
64028525
64075522
64046140
64055330
64000690
64007035
64003692
64078203
64020025
64020610
64075508
64019390
64019750
64019350
64017440
64016102
64014450
64057432
64036465
64011699
64011835
64042075
64038322
64011859
64012800
64037310
64031344
64060210
64012323
64012369
64012627
64012825
64011674
64011813
64025543
64090670
64037698
64038409
64036754
64038055
64034686
64034746
64034820
64034863
64019230
64018610
64016112
64017175
64045580
64065035
64065130
64002082
64064100
64081140
64053215
64013380
64049220
64082163
64079128
64008550
64079160
64048495
64029420
64040385
64053795
64076235
64040050
64016805
64073480
64007635
64053805
64025595
64003719
64059460
64005640
64048450
64062280
64035010
64039690
64035375
64059380
64078698
64055735
64020680
64000535
64059480
64097032
64057548
64040650
64004295
64091110
64009380
64073167
64071390
64057105
64057102
64060790
64059340
64040095
64073160
64055467
64011335
64034445
64010580
64056385
64017840
64003810
64022112
64023420
64049778
64049702
64051210
64059080
64000630
64003095
64040695
64057149
64027626
64082540
64025507
64067190
64060540
64097320
64048465
64073046
64082110
64083025
64084015
64079265
64077787
64076105
64088520
64078205
64076015
64097036
64007820
64046020
64014200
64034520
64009560
64081350
64073750
64003030
64045200
64045500
64009605
64006240
64028350
64076365
64090115
64025560
64065195
64036750
64036755
64031460
64009770
64031480
64082450
64031500
64031490
64082470
64067540
64053685
64078515
64016515
64018050
64082480
64031420
64095030
64063720
64011630
64031240
64031550
64079113
64004195
64040802
64034258
64027677
64076414
64045020
64057640
64012150
64011240
64011622
64012278
64030476
64082153
64071200
64034655
64034797
64097220
64008314
64079010
64034014
64012080
64040560
64011711
64011836
64042078
64038324
64011860
64037320
64060220
64012324
64012368
64012801
64012826
64011675
64011814
64090675
64038145
64037701
64042003
64038406
64036756
64038056
64034688
64034748
64034819
64034864
64069305
64073470
64048155
64073025
64056648
64056325
64045600
64056480
64017280
64017565
64017470
64015315
64058140
64034350
64027400
64027310
64028520
64032118
64027600
64085290
64016715
64037470
64060055
64076385
64079043
64018020
64019360
64019722
64090340
64053370
64004185
64020450
64041280
64027670
64075615
64057125
64057358
64057515
64057643
64012155
64005513
64012359
64011238
64011593
64012277
64090530
64030474
64082152
64073200
64034650
64097120
64097215
64072040
64028735
64018870
64015017
64001280
64001580
64081060
64079033
64027650
64046710
64028730
64012048
64058090
64023644
64007643
64062060
64040620
64004590
64057123
64055615
64040245
64012140
64031590
64034254
64035516
64041060
64027608
64082490
64057693
64011246
64012280
64097230
64042005
64003570
64027555
64028800
64027458
64027615
64051065
64016620
64075575
64017885
64009160
64053160
64090295
64015320
64000510
64017400
64007275
64031282
64048152
64049534
64007370
64065007
64053755
64008520
64063200
64055020
64074030
64002770
64055500
64016250
64000580
64009620
64037032
64009717
64075010
64055410
64000540
64053080
64078363
64023646
64036410
64046090
64031140
64052525
64050165
64067610
64002590
64073610
64049430
64014110
64017220
64017775
64011155
64090180
64011145
64078445
64023740
64011150
64040660
64014024
64011712
64011837
64042081
64038326
64011861
64037330
64025074
64060230
64012325
64012367
64012644
64012802
64012827
64011676
64011815
64090680
64038150
64037704
64042006
64038403
64036757
64034690
64034750
64034865
64034829
64078377
64078378
64028845
64075066
64064080
64001120
64079070
64016578
64007590
64016860
64017760
64027482
64066450
64022240
64005440
64063610
64012006
64083260
64067350
64083380
64016605
64019374
64016640
64016633
64015500
64009705
64005475
64077745
64059195
64004600
64076395
64005423
64004655
64010550
64028565
64056230
64003220
64031205
64017670
64003460
64003273
64006350
64000530
64093140
64003840
64028700
64073300
64003180
64066045
64023764
64082150
64058050
64002145
64003710
64002165
64052825
64049570
64049453
64023020
64003231
64002475
64003200
64002348
64002865
64034020
64076202
64012095
64012100
64032540
64047010
64035190
64025010
64025020
64025030
64025040
64025050
64025060
64025070
64025080
64025090
64025100
64025110
64025120
64025130
64025140
64025150
64025160
64025170
64025180
64025190
64025200
64025210
64025220
64025230
64025240
64025250
64025260
64025270
64025280
64025290
64025300
64025285
64025320
64025330
64025340
64025295
64025360
64025370
64025380
64025390
64025400
64025265
64025420
64025430
64025440
64025450
64025460
64025470
64025480
64025490
64025500
64035665
64084105
64095015
64020740
64033750
64058317
64012870
64059590
64006230
64005200
64020635
64090090
64007470
64058800
64065140
64015540
64014026
64018890
64028440
64040035
64005330
64071375
64032465
64040470
64012055
64034250
64040605
64019366
64018220
64003800
64033130
64028600
64084180
64008255
64002605
64013050
64028420
64076030
64056260
64008380
64013250
64011555
64075005
64075535
64045840
64076005
64091500
64078005
64078820
64045780
64027695
64003230
64084400
64056080
64014038
64035850
64039562
64079069
64020070
64084080
64057150
64035420
64039700
64035055
64063640
64032415
64065200
64055465
64017800
64039595
64040565
64040830
64028635
64057665
64014036
64008045
64034012
64067070
64066100
64039605
64066000
64065000
64057118
64008390
64012056
64015016
64001260
64001570
64018370
64018115
64027560
64066510
64071540
64012035
64034002
64025532
64086040
64076345
64066560
64052280
64089060
64056500
64028610
64049230
64019650
64004480
64004605
64046160
64010515
64032270
64079157
64071745
64018000
64019368
64019734
64010590
64003717
64080060
64078630
64001100
64019550
64016833
64004335
64016090
64019810
64010803
64017685
64018110
64029275
64034360
64034532
64055450
64028370
64056150
64077785
64078345
64023695
64028620
64045112
64045375
64060010
64012770
64032407
64040020
64071050
64083370
64040465
64020050
64055435
64031250
64009095
64040570
64063715
64059220
64057187
64018629
64006255
64062240
64067320
64065050
64017190
64046080
64050300
64018620
64027350
64012068
64002466
64003267
64003665
64003500
64006005
64000840
64040300
64016485
64016820
64040375
64071730
64017610
64037205
64027476
64007310
64078263
64078415
64052845
64003675
64003600
64080130
64059350
64064060
64040015
64003240
64028705
64065230
64014105
64016280
64008240
64066120
64040700
64066090
64016735
64088510
64028555
64073460
64000650
64065270
64082330
64005690
64002050
64056615
64018230
64019732
64019365
64018150
64018130
64027624
64065220
64029375
64023720
64017780
64004475
64085080
64028300
64053570
64046350
64046435
64019130
64019600
64019820
64078325
64067820
64016535
64006287
64034070
64090130
64057420
64031284
64057047
64059020
64071110
64083330
64078700
64028798
64079137
64027654
64009795
64077830
64002535
64071130
64012174
64012178
64016635
64017210
64040710
64012172
64037304
64037430
64002580
64019500
64016092
64017415
64019814
64040680
64032090
64035660
64060810
64085075
64081470
64060830
64058042
64053780
64034265
64034262
64003360
64011010
64012075
64012760
64059540
64010525
64086250
64063018
64063015
64083360
64067060
64066210
64018040
64041700
64017160
64040380
64003530
64006130
64057180
64000430
64002510
64003715
64007813
64001430
64002838
64008135
64002615
64009240
64010465
64091160
64052870
64049620
64041110
64090350
64082122
64009030
64016175
64069010
64071170
64024010
64074010
64032064
64032405
64033060
64050270
64071720
64056025
64004825
64005575
64007190
64008378
64008790
64019378
64020205
64012856
64008185
64067460
64008200
64016750
64004030
64016755
64060470
64040785
64040790
64076409
64088670
64075050
64093030
64011310
64078543
64032500
64032505
64032510
64032515
64036400
64058226
64022140
64011838
64042084
64038328
64011862
64034056
64037340
64012326
64012366
64012641
64012803
64012828
64011677
64011816
64090685
64037707
64042009
64038400
64036665
64034692
64034825
64034866
64038152
64034749
64037725
64019370
64069102
64069104
64069106
64069108
64069110
64069116
64069112
64069114
64069118
64073175
64069182
64041660
64069175
64041245
64069185
64008060
64012120
64059345
64011700
64012855
64012357
64012283
64090540
64031091
64027412
64034284
64034444
64041260
64027652
64028780
64032074
64075030
64091440
64045735
64057340
64057663
64073115
64012175
64011230
64011592
64012273
64090506
64090522
64034514
64069405
64090320
64029385
64097070
64097100
64097140
64097170
64097195
64076302
64016445
64006265
64017580
64045620
64001270
64018645
64016060
64000270
64003625
64002295
64002370
64017778
64031530
64035394
64012115
64011264
64011785
64012284
64090542
64034016
64022350
64088630
64023274
64034052
64058214
64059040
64011839
64011863
64037350
64012327
64012365
64012635
64012804
64012829
64011678
64011817
64090690
64038155
64037710
64036666
64034694
64034823
64034867
64034751
64012001
64058302
64067280
64090080
64030410
64064300
64066220
64006430
64025537
64025600
64058150
64069095
64082370
64053720
64017090
64088620
64027573
64014530
64027578
64063650
64067580
64015465
64006490
64028272
64065075
64011530
64007025
64001460
64006115
64055655
64039430
64075652
64058170
64057372
64012420
64066550
64012450
64091290
64079062
64046510
64056245
64056190
64078413
64015472
64010545
64025542
64012076
64057215
64057248
64057160
64010845
64035498
64039025
64035645
64071560
64017017
64079050
64057463
64046100
64010828
64012500
64027325
64004690
64004020
64032530
64027010
64027020
64027030
64027040
64027050
64027060
64027070
64027080
64027090
64027100
64027110
64027120
64027130
64027140
64027150
64027160
64027170
64027180
64027190
64027200
64027210
64027220
64027230
64027240
64027250
64027260
64027270
64027280
64027290
64027295
64027275
64049310
64057495
64010630
64005650
64008030
64009587
64009545
64007270
64017417
64064230
64081200
64079175
64017370
64035825
64035460
64005740
64005803
64077775
64067795
64073220
64057440
64085060
64053505
64046010
64049548
64048065
64046513
64049560
64055430
64058715
64058045
64012835
64095020
64089100
64079295
64017810
64058670
64027613
64083080
64067050
64066150
64014047
64001690
64014215
64012620
64049695
64091270
64030003
64002780
64080200
64076830
64078305
64093110
64058625
64041210
64045565
64016785
64009260
64077825
64082550
64084010
64084020
64084030
64012008
64010640
64077155
64078223
64034610
64081310
64078197
64016460
64064070
64036480
64085050
64083130
64083045
64076115
64003860
64036510
64023310
64036450
64040003
64084120
64020660
64078085
64000050
64002172
64002160
64001050
64019718
64019356
64018060
64053600
64057144
64049546
64071030
64010838
64010000
64035065
64035430
64091080
64053520
64032080
64001440
64084019
64000140
64031260
64003680
64007075
64003420
64003270
64014155
64001550
64028295
64028305
64033070
64052790
64049410
64033050
64084022
64084021
64007420
64016775
64016650
64022600
64012065
64028450
64082080
64058064
64017816
64013615
64034010
64034540
64052010
64011340
64008410
64010382
64049730
64090305
64029270
64046670
64034602
64091150
64095040
64086200
64086230
64083150
64022104
64023320
64002790
64002860
64034632
64010680
64005760
64005808
64008160
64046520
64091260
64004090
64079083
64078537
64010818
64056085
64056220
64012350
64012070
64080050
64053750
64040450
64010570
64007200
64007150
64090435
64017755
64016862
64080157
64039705
64040290
64085030
64050265
64017668
64093090
64037440
64090315
64031551
64011215
64012009
64016480
64040690
64052380
64040655
64075585
64007260
64034365
64055455
64062200
64059490
64086248
64086249
64086247
64062216
64052695
64052350
64005355
64002180
64004285
64002105
64002228
64004485
64004565
64000090
64004650
64002284
64001090
64002090
64011790
64099899
64058635
64073430
64010825
64011840
64042087
64038330
64011864
64012840
64037360
64032106
64012328
64012364
64012634
64012805
64011679
64011818
64090695
64038160
64037713
64042015
64036667
64034696
64034824
64034868
64076375
64052473
64027408
64077740
64058074
64093040
64014016
64013625
64020210
64020220
64020230
64020310
64020320
64020330
64020360
64020280
64020290
64020300
64020240
64020250
64020260
64020340
64020350
64020270
64020370
64020380
64020390
64020400
64020410
64020420
64004315
64082050
64027628
64060042
64059255
64040575
64071100
64067080
64066080
64057235
64046610
64045395
64066170
64031188
64003340
64041090
64027620
64000760
64003097
64052700
64006330
64058314
64083210
64017120
64012675
64067770
64097038
64003690
64067390
64008270
64008325
64032525
64002625
64013461
64002680
64002238
64006010
64002200
64003125
64006012
64040360
64040137
64067800
64008020
64058610
64008118
64001200
64034522
64034385
64059295
64058224
64091230
64033350
64016472
64035495
64035497
64071060
64057217
64058200
64059130
64018340
64039600
64082125
64081100
64016394
64023070
64040025
64032128
64071710
64004400
64034528
64007360
64007145
64060420
64059300
64046480
64017785
64056530
64056495
64038245
64002245
64002230
64002135
64002185
64002125
64059170
64020460
64034158
64034545
64041270
64027664
64028760
64027390
64075590
64078703
64091460
64049783
64053580
64073400
64011740
64012165
64011234
64012275
64090510
64090526
64083315
64034506
64097080
64097110
64097150
64097205
64069015
64003880
64064320
64089150
64040520
64039070
64073390
64000020
64001540
64001020
64000590
64034024
64012780
64081210
64078373
64003720
64006020
64071365
64082158
64084016
64084017
64010710
64067420
64013240
64084570
64059330
64041530
64037105
64040030
64020455
64027668
64028670
64075595
64078713
64095070
64053590
64057348
64059180
64059560
64012160
64005335
64011236
64012276
64090512
64090528
64082167
64034504
64034645
64028755
64097115
64097210
64062219
64028858
64000210
64002285
64002260
64018622
64018630
64016030
64019704
64001210
64019840
64023705
64041190
64086100
64055295
64052535
64049370
64055305
64049375
64051160
64015011
64066160
64007450
64013130
64020355
64071640
64069100
64069120
64027577
64012830
64078265
64056365
64004305
64019860
64000110
64001110
64018510
64019660
64035880
64035478
64009480
64078715
64017290
64017010
64028530
64039580
64069045
64007615
64006320
64005395
64034026
64015290
64034054
64034837
64083170
64058060
64059185
64014070
64016245
64071370
64057115
64057480
64090330
64008420
64008322
64009590
64091240
64078435
64040705
64078705
64002620
64006195
64007685
64008215
64008177
64052370
64012860
64071430
64003275
64020084
64090040
64078268
64046545
64064050
64080140
64046720
64012300
64071340
64071140
64011841
64011865
64037370
64011680
64012329
64012629
64011819
64090700
64038165
64038255
64037722
64042012
64037837
64036668
64034698
64034827
64034869
64032088
64034530
64056045
64088555
64019640
64028180
64057108
64059110
64058305
64002210
64002232
64002115
64067680
64067825
64064160
64005250
64076085
64009715
64032116
64063740
64078337
64052475
64017795
64041230
64009760
64017292
64011200
64045820
64032082
64078407
64067400
64001340
64001665
64015018
64029260
64032084
64012084
64028050
64020605
64005795
64004640
64001060
64032380
64005815
64005730
64056450
64002100
64088585
64031118
64091020
64027587
64073520
64090035
64018320
64027285
64028615
64040040
64058327
64058348
64034401
64058220
64032520
64017305
64005465
64040740
64040750
64059140
64009838
64029250
64069195
64049500
64057265
64025605
64091300
64069220
64084025
64084024
64007250
64006095
64007240
64015015
64001380
64058615
64024015
64012775
64010848
64078685
64025620
64082410
64073580
64052770
64030388
64000750
64014050
64001610
64016435
64016475
64082530
64027622
64016115
64013385
64067160
64071650
64041170
64064090
64000380
64002505
64002325
64003060
64009305
64050230
64010740
64028230
64028590
64085300
64079118
64088525
64036485
64005680
64004010
64040113
64020345
64056520
64049630
64000790
64049504
64048380
64009860
64055160
64052170
64076412
64016450
64003520
64079242
64051060
64039555
64039556
64039557
64039558
64017390
64083220
64005700
64077187
64075065
64012060
64027646
64028790
64032068
64079255
64085190
64091280
64091430
64045745
64058790
64059280
64059430
64073095
64083035
64011550
64012180
64011228
64011591
64012272
64090504
64090520
64086120
64035650
64082165
64023770
64034512
64027478
64090318
64097065
64097095
64097135
64097165
64097190
64057690
64056210
64012130
64031370
64035504
64011710
64011250
64012282
64088538
64000150
64002282
64002234
64002240
64001150
64019708
64019848
64018285
64012267
64002500
64002550
64002815
64002555
64028285
64007380
64071330
64006470
64028067
64011600
64012205
64012299
64023768
64041180
64012240
64013370
64041412
64057505
64012195
64077265
64041202
64069181
64041640
64069180
64041422
64012225
64041680
64012220
64069184
64011020
64069183
64012230
64041160
64012200
64050310
64049700
64078738
64025580
64003250
64058066
64067805
64004350
64078261
64058306
64049140
64083350
64036470
64041220
64017113
64017525
64010485
64056280
64016525
64052330
64011842
64042105
64011866
64037380
64012330
64012626
64011681
64011820
64090705
64038170
64038260
64037743
64037840
64036669
64034700
64034870
64063795
64028855
64084026
64009820
64076402
64077305
64036487
64027576
64055515
64005075
64027330
64027430
64027432
64027335
64049870
64050330
64064040
64035030
64035370
64046565
64027634
64085170
64091410
64045705
64053700
64057625
64058630
64083010
64011580
64011620
64058324
64012190
64011222
64012270
64090516
64030472
64082161
64034518
64023007
64028060
64029415
64097055
64097085
64097125
64097155
64097180
64077315
64067790
64009500
64007828
64006035
64007592
64008235
64009490
64078755
64049550
64049494
64058210
64059230
64060072
64078455
64083225
64058058
64040280
64045290
64016550
64090070
64023015
64017590
64090190
64058690
64009830
64040027
64011843
64042102
64037390
64012331
64012648
64011682
64011821
64090710
64037740
64042030
64036670
64034702
64034871
64084027
64064065
64039440
64020407
64055280
64062260
64082310
64058130
64011718
64045700
64018580
64019050
64023080
64040045
64069430
64019835
64018535
64040060
64066290
64067375
64066345
64023190
64007625
64019625
64019808
64016096
64017425
64038080
64082380
64071190
64058190
64056640
64057653
64078485
64067100
64066380
64009120
64005810
64005785
64060480
64023355
64073230
64017560
64025575
64059090
64016585
64006480
64006460
64062095
64060620
64052030
64040037
64083320
64009680
64040042
64029070
64063780
64017335
64055725
64040155
64011716
64009675
64028585
64013650
64017110
64071480
64012050
64004545
64012640
64059400
64027300
64077325
64077823
64007815
64076225
64076405
64028550
64069125
64082320
64056335
64009840
64078273
64088640
64059580
64011722
64009655
64077043
64011575
64066400
64059315
64009270
64036780
64077850
64005550
64051120
64009865
64006600
64040080
64011120
64011254
64011627
64012289
64024030
64007095
64007020
64031360
64041130
64011070
64011180
64012294
64011330
64025515
64056536
64040087
64031410
64011100
64011165
64011258
64011629
64012291
64041150
64012210
64011190
64012298
64006692
64006175
64041390
64012215
64012356
64012297
64031380
64041360
64057503
64011080
64011175
64011268
64012293
64007030
64041690
64011040
64011185
64012295
64041140
64011060
64012296
64040090
64031400
64041120
64011090
64011170
64011226
64012292
64057501
64007040
64040085
64031430
64011110
64011256
64011628
64012290
64019300
64016106
64017450
64001230
64016040
64018650
64002265
64003605
64000235
64002280
64052008
64069050
64075085
64005306
64057695
64039614
64052827
64040065
64091030
64040580
64017012
64091600
64034000
64034036
64034046
64057685
64051075
64040615
64005798
64004740
64051070
64073505
64076127
64019762
64057293
64057680
64059405
64011845
64042099
64012643
64011683
64090715
64037734
64042033
64037392
64034826
64034703
64076325
64078595
64007180
64017695
64017330
64078640
64080100
64010815
64025625
64057230
64059105
64046470
64025501
64027597
64027236
64040840
64035180
64035365
64039485
64038030
64023180
64022005
64022800
64022145
64025468
64030005
64027018
64028355
64032075
64060440
64012102
64007430
64093015
64014329
64010855
64077367
64034526
64090085
64001410
64069200
64046550
64060590
64085100
64022106
64023350
64076205
64022300
64023085
64020097
64020600
64091050
64020419
64045625
64053775
64058605
64045560
64057165
64032412
64018117
64073420
64048520
64076165
64076460
64069130
64052310
64079053
64030420
64073215
64057410
64046640
64073560
64042096
64037400
64012332
64012642
64011684
64011822
64090720
64037737
64042036
64036671
64034704
64034872
64077362
64067570
64007803
64031087
64065120
64031346
64011846
64042093
64007340
64017790
64011685
64090725
64037405
64037731
64042039
64038412
64034705
64022018
64078271
64073590
64042090
64037410
64012333
64011686
64011823
64090730
64037728
64042042
64038415
64036672
64034706
64034873
64016375
64078207
64045220
64091250
64041240
64091320
64076448
64076230
64078355
64076045
64079165
64078675
64073410
64035485
64081080
64081230
64016110
64019020
64017250
64025610
64049745
64065180
64059310
64053820
64058730
64053400
64060800
64062135
64069020
64071020
64073020
64057310
64005595
64014330
64057270
64004140
64028345
64034630
64040255
64017350
64060530
64004370
64004430
64005580
64040600
64052650
64011847
64042172
64038439
64038436
64038433
64038430
64038427
64042174
64042176
64038270
64038418
64042178
64042180
64038442
64038445
64038448
64038451
64038454
64038300
64038421
64042182
64038295
64038290
64038285
64038424
64042184
64042186
64038472
64038469
64038466
64038463
64038460
64038457
64042188
64042164
64042190
64042192
64042194
64042196
64042198
64042166
64038280
64038275
64042168
64042170
64023110
64039650
64033512
64033588
64013450
64018375
64090451
64035380
64023112
64039655
64033514
64033590
64013451
64018380
64090452
64023114
64039660
64033516
64033592
64013452
64018385
64090453
64023116
64039665
64033518
64033594
64013453
64018390
64090454
64023118
64039670
64033520
64033596
64013454
64018395
64090455
64023120
64039675
64033522
64033598
64013455
64018400
64090456
64023122
64039680
64033524
64033600
64013456
64018405
64090457
64023124
64033526
64033602
64013458
64018410
64090458
64023126
64033528
64033604
64013460
64090459
64030700
64010806
64017295
64082001
64077475
64077016
64010005
64037515
64034752
64028865
64034072
64004132
64008232
64006141
64007784
64011220
64082010
64023128
64033530
64033606
64017300
64013462
64030745
64010817
64090461
64077520
64077038
64010035
64037540
64034770
64028874
64034081
64011244
64013553
64077312
64025375
64012601
64013554
64077314
64012602
64013555
64077316
64012603
64013556
64077318
64012604
64013557
64077320
64012605
64013558
64077322
64012606
64013559
64077326
64012607
64013560
64077328
64012608
64013561
64077330
64012609
64013562
64077332
64023202
64033532
64033608
64013463
64030750
64010819
64082011
64090462
64077525
64077040
64037545
64034772
64028875
64034082
64012610
64013563
64077336
64012611
64013564
64077338
64012612
64013565
64077340
64012613
64013566
64077342
64077343
64013567
64013568
64077348
64013569
64077350
64013570
64077352
64013571
64077354
64013572
64077356
64023204
64033534
64033610
64013464
64030755
64010821
64082012
64090463
64077530
64077042
64010042
64037550
64034774
64028876
64034083
64013573
64077358
64013574
64077359
64013575
64077360
64013576
64077364
64013577
64077366
64013578
64077368
64013579
64077370
64013580
64077372
64013581
64077374
64013582
64077376
64023206
64033536
64033612
64013466
64030760
64010822
64082013
64090464
64077046
64010045
64037555
64034776
64028877
64034084
64013583
64077378
64013584
64077380
64013585
64077384
64013586
64077386
64013587
64077388
64013588
64077390
64013589
64077394
64013590
64077396
64013591
64077398
64013592
64077400
64023208
64033538
64033614
64013467
64030765
64010824
64082014
64090465
64077048
64037560
64034778
64028878
64034085
64013593
64077406
64013594
64077408
64013595
64077410
64013596
64077416
64013597
64077418
64013598
64077420
64013146
64077156
64013600
64077158
64013601
64077160
64013602
64077162
64023210
64033540
64033616
64013468
64030770
64010826
64082015
64090466
64077050
64010052
64037565
64034780
64028879
64034086
64013603
64077164
64013604
64077341
64013605
64078010
64013606
64078012
64013607
64078014
64013608
64078016
64013609
64078020
64078022
64078024
64078026
64023212
64033542
64033618
64013469
64030775
64010827
64082016
64090467
64077052
64010055
64037570
64034782
64028880
64034087
64078030
64078032
64078034
64078036
64078040
64078042
64078044
64078046
64078050
64078052
64023214
64033544
64033620
64013470
64030780
64010829
64082017
64090468
64077056
64037575
64034784
64028881
64034088
64078054
64078056
64078060
64078062
64078064
64078066
64078070
64078072
64078074
64078076
64023216
64033546
64033622
64013471
64030785
64010831
64082018
64090469
64077058
64010062
64037580
64034786
64028882
64034089
64078080
64078082
64078084
64078086
64078090
64078092
64078094
64078096
64078100
64078102
64023218
64033548
64033624
64013472
64030790
64082019
64090470
64077060
64010067
64037585
64034788
64028883
64034090
64078104
64078106
64078110
64078112
64078114
64078116
64078120
64078122
64078124
64078130
64030705
64010807
64017296
64082002
64077480
64077018
64037518
64034754
64028866
64034073
64006132
64004134
64009492
64006142
64007786
64023220
64033550
64033626
64013473
64030795
64082020
64090471
64077062
64037590
64034790
64028884
64034091
64078132
64078134
64078136
64078140
64078142
64078144
64078150
64078152
64078154
64078156
64023222
64033552
64033628
64013474
64030800
64079400
64082021
64090472
64077066
64010072
64037595
64034792
64028885
64034092
64078158
64078160
64078162
64078164
64078166
64078170
64078172
64078174
64078176
64078180
64023224
64033554
64033630
64013475
64030805
64037600
64079410
64082022
64090473
64077068
64010077
64034794
64028886
64034093
64078182
64078184
64078186
64078190
64078192
64078194
64078196
64078200
64078202
64078204
64033556
64033632
64013476
64030810
64037605
64079420
64082023
64090474
64077070
64034796
64034094
64078206
64078210
64078212
64078214
64078216
64078218
64078220
64078224
64078226
64078228
64033558
64033634
64013477
64030815
64037610
64079430
64082024
64090475
64077072
64010082
64034798
64034095
64078230
64078232
64078234
64078240
64078242
64078244
64078246
64078250
64078252
64078254
64033560
64033636
64013478
64030820
64037615
64079440
64082025
64090476
64077076
64010085
64034800
64034096
64078256
64078260
64078262
64078264
64078266
64078270
64078272
64078274
64078276
64078278
64033562
64033638
64013479
64030825
64037620
64079450
64082026
64090477
64077078
64034802
64078280
64078282
64078284
64078286
64078290
64078292
64078294
64078296
64078300
64078302
64033564
64033640
64013480
64030830
64037625
64079460
64082027
64090478
64077080
64010092
64034804
64090479
64090481
64090482
64090483
64090484
64090485
64090486
64078304
64078310
64078312
64078314
64078320
64078322
64078324
64078330
64078332
64078334
64033566
64033642
64013481
64030835
64037630
64079470
64082028
64090487
64077082
64010095
64013599
64034806
64078336
64078338
64078340
64078342
64078344
64078346
64078348
64078350
64078352
64078354
64033568
64033644
64013482
64030840
64037635
64079480
64082029
64090488
64077086
64010345
64034808
64078356
64078358
64078360
64078362
64078364
64078366
64078368
64078370
64078374
64078376
64030710
64010808
64017297
64082003
64077485
64077020
64010012
64037520
64034756
64028867
64034074
64006134
64004136
64008237
64009494
64006143
64007788
64033570
64033646
64013483
64030845
64037640
64079490
64082030
64090489
64077088
64010350
64078379
64078380
64078382
64078384
64078386
64078389
64078390
64078392
64078394
64078396
64090490
64033572
64033648
64013484
64030850
64037645
64079500
64082031
64077090
64010352
64078398
64078400
64078402
64078404
64078406
64078408
64078409
64078410
64078412
64078420
64033574
64033652
64013485
64030855
64037650
64079510
64082032
64090491
64077092
64078422
64078424
64078426
64078428
64078430
64078432
64078434
64078436
64078440
64078442
64033576
64033654
64013486
64030860
64037655
64079520
64082033
64090492
64077098
64078444
64078446
64078448
64078450
64078452
64078454
64078460
64078462
64078464
64078466
64033578
64033656
64013487
64030865
64037660
64079530
64082034
64090493
64077100
64078470
64078472
64078474
64078476
64078480
64078484
64078486
64078488
64078489
64078490
64033580
64033658
64013488
64030870
64079540
64082126
64090494
64077102
64078492
64078500
64078502
64078504
64078506
64078508
64078509
64078510
64078512
64078514
64033582
64082552
64033662
64013489
64030875
64090495
64077104
64078516
64078518
64078520
64078522
64078524
64078526
64078530
64078532
64078534
64078536
64033584
64082574
64033664
64013490
64030880
64090496
64077108
64078540
64078542
64078544
64078550
64078552
64033586
64033666
64013491
64030885
64090497
64077110
64082554
64033668
64013492
64030890
64090498
64077112
64030715
64010809
64017298
64082004
64077490
64077022
64010017
64037522
64034758
64028868
64034075
64006135
64004138
64008239
64009496
64006144
64007790
64082576
64033670
64013493
64030895
64090499
64077114
64033672
64013494
64030645
64082127
64077116
64082556
64033674
64013495
64030650
64077118
64082578
64033676
64013496
64030655
64077120
64033678
64013497
64030660
64082128
64077122
64082558
64033680
64013498
64030665
64077124
64082582
64033682
64013499
64030670
64077128
64033684
64013500
64030675
64082129
64077130
64082562
64033686
64013501
64030680
64077132
64082584
64033688
64013502
64030685
64077138
64030720
64010810
64017299
64082005
64077495
64077026
64037525
64034760
64028869
64034076
64006136
64009498
64007792
64082130
64033690
64013503
64030690
64077140
64082564
64033692
64013504
64030695
64077142
64082586
64033694
64013505
64077148
64033696
64013506
64082131
64077150
64082566
64033698
64013507
64077152
64082588
64033700
64013508
64077168
64033702
64013509
64082132
64077170
64082568
64033704
64013510
64077172
64082592
64033706
64013511
64077178
64033708
64013512
64027146
64082133
64077180
64077500
64030725
64010811
64017301
64082006
64077028
64010022
64037527
64034762
64028870
64034077
64004142
64006146
64007794
64082572
64033710
64013513
64077182
64082594
64033712
64013514
64077188
64082604
64033714
64013515
64077190
64082606
64033716
64013516
64077192
64082596
64033718
64013517
64077198
64082608
64013518
64077200
64082612
64013519
64077202
64082598
64013520
64077208
64082602
64013521
64077210
64013522
64077212
64030730
64010812
64017302
64082007
64077505
64077030
64010027
64010277
64037530
64034764
64028871
64034078
64004144
64006147
64007796
64013523
64077218
64013524
64077220
64013525
64077222
64013526
64077228
64013527
64077230
64013528
64077232
64013529
64077238
64013530
64077240
64013531
64077242
64013532
64077248
64030735
64010814
64017303
64082008
64077510
64077032
64037532
64034766
64028872
64034079
64006148
64007798
64013533
64077250
64013534
64077252
64013535
64077258
64013536
64077260
64013537
64077262
64013538
64077268
64013539
64077270
64013540
64077272
64013541
64077278
64013542
64077280
64030740
64010816
64017304
64082009
64077515
64077036
64010032
64037535
64034768
64028873
64034080
64006149
64011242
64013543
64077282
64013544
64077288
64013545
64077290
64013546
64077292
64013547
64077298
64013548
64077300
64013549
64077302
64013550
64077306
64013551
64077308
64013552
64077310
