53540010
53550340
53525140
53550510
53565150
53560271
53560293
53570734
53580850
53565750
53520360
53570230
53570736
53510390
53570152
53570738
53570216
53570740
53570742
53570480
53565775
53585435
53575108
53575054
53575186
53575105
53575111
53575168
53575177
53575102
53575129
53575159
53575192
53575174
53575066
53575063
53575138
53575099
53575060
53575156
53575033
53575078
53575057
53575075
53575135
53575036
53575012
53575087
53575069
53575123
53575165
53575117
53575141
53575018
53575027
53575009
53575024
53575144
53575126
53575150
53575180
53575015
53575114
53575120
53575051
53575153
53575189
53575081
53575084
53575048
53575045
53575021
53575006
53575039
53575003
53575042
53575183
53575030
53575171
53575147
53575090
53575072
53575093
53575162
53575096
53565120
53525815
53585180
53570744
53570286
53570746
53510434
53515495
53515485
53510431
53510432
53510433
53570290
53550310
53525220
53510440
53550380
53580603
53570748
53510450
53525150
53565135
53525155
53580065
53510795
53580031
53580032
53565480
53525745
53565730
53525805
53565685
53560560
53560550
53525160
53550541
53570750
53550560
53570520
53570266
53510100
53580480
53585220
53570023
53510215
53570264
53525755
53520305
53570116
53510420
53510080
53550110
53560105
53560760
53570752
53560400
53585070
53550460
53570754
53580040
53580041
53525830
53570756
53570420
53525780
53510790
53580045
53565755
53525800
53585810
53550410
53570260
53560165
53550220
53565125
53525185
53560131
53560132
53560133
53520785
53520205
53570580
53550420
53510650
53550846
53515200
53565631
53565362
53565715
53565714
53510386
53515130
53580605
53550570
53525740
53570550
53580530
53570766
53570610
53570720
53515020
53510490
53570762
53570760
53570758
53560022
53585310
53585290
53510690
53515180
53510805
53525820
53570764
53525250
53520268
53520269
53580110
53580540
53570110
53570111
53570112
53560720
53585135
53550580
53560555
53550765
53550520
53550440
53520750
53520005
53515250
53565040
53525790
53585405
53570165
53525777
53510300
53520015
53540240
53565060
53510395
53570560
53510280
53585120
53550430
53570768
53515025
53580003
53570150
53570210
53510570
53550180
53560080
53550210
53570188
53520130
53525604
53550065
53560595
53560594
53550125
53560590
53560596
53560591
53560592
53580750
53525530
53520020
53585140
53585152
53510380
53550830
53520160
53515230
53510050
53580020
53585010
53580550
53580675
53510595
53585165
53530725
53530745
53530392
53530402
53530396
53540825
53540823
53540824
53530400
53530404
53530406
53530398
53530394
53530775
53530040
53530010
53530020
53530030
53530005
53530785
53530770
53530476
53530486
53530480
53530495
53530492
53530484
53530488
53530490
53530482
53530478
53530456
53530466
53530460
53530474
53530472
53530464
53530465
53530468
53530470
53530462
53530458
53530760
53530765
53530780
53530222
53530300
53530280
53530285
53530390
53530380
53530385
53530382
53530310
53530320
53530370
53530290
53530270
53530795
53530740
53530000
53530750
53540605
53530424
53530418
53530436
53530434
53530422
53530428
53530430
53530432
53530420
53540830
53530755
53530438
53530437
53540828
53530450
53530442
53530454
53530500
53530448
53530452
53530453
53530446
53530440
53530735
53530790
53530150
53530170
53530180
53530221
53530240
53530200
53530210
53530220
53530190
53530160
53530730
53530050
53530100
53530070
53530140
53530130
53530090
53530092
53530110
53530120
53530080
53530060
53520070
53570164
53540070
53540795
53545680
53545330
53545690
53550600
53545620
53550610
53545130
53545320
53550620
53550630
53545830
53550640
53545815
53550650
53545310
53545700
53510540
53520390
53570292
53520430
53580447
53580446
53580025
53510070
53570490
53580560
53520080
53510350
53550090
53580810
53565190
53550720
53550660
53530545
53570310
53525215
53550740
53585147
53525810
53560175
53550096
53550098
53510680
53515150
53520155
53525765
53550280
53530230
53530235
53520725
53540251
53510565
53585148
53570154
53565777
53525230
53570194
53565450
53540120
53540807
53540210
53540180
53540190
53540200
53540040
53540787
53520040
53540140
53540813
53510340
53530498
53530520
53530530
53530510
53570100
53510770
53570274
53580820
53570530
53550170
53580570
53520800
53510640
53525712
53550200
53560140
53580840
53585195
53550575
53550576
53550785
53550795
53550230
53520060
53550290
53565110
53550655
53550656
53550657
53550658
53550659
53550661
53545200
53560185
53565368
53585318
53510810
53570137
53540020
53570715
53585230
53550035
53580520
53580521
53515535
53520210
53565410
53570160
53570690
53585465
53580580
53585142
53510775
53560155
53550662
53565720
53550842
53550800
53520400
53570218
53560061
53560035
53525785
53525840
53525192
53585125
53580610
53560086
53570380
53510385
53550663
53550671
53550672
53550673
53550674
53560770
53550666
53550667
53550130
53550075
53565555
53585565
53525255
53565545
53565765
53550805
53580685
53515060
53585295
53570015
53580830
53550670
53565760
53570270
53565390
53585185
53570350
53585300
53585050
53585765
53550270
53585190
53510110
53520730
53530535
53540270
53565640
53585335
53565405
53570360
53560150
53560780
53550695
53565785
53525305
53565655
53580770
53510750
53570027
53585790
53525834
53510670
53525225
53520195
53545500
53550055
53545510
53550160
53530525
53585060
53515120
53550700
53565780
53565380
53565381
53530550
53580430
53570105
53580420
53580410
53510335
53560695
53565778
53510730
53585143
53570296
53585806
53580365
53580366
53565310
53510625
53510635
53580615
53515510
53565200
53570035
53515515
53510025
53515005
53520030
53510580
53570282
53515530
53525043
53585780
53550350
53525836
53510500
53520180
53510740
53520165
53570370
53585170
53585160
53560010
53525747
53570586
53510020
53510210
53550590
53580590
53580600
53520395
53580591
53580592
53580593
53580594
53580595
53580596
53580598
53570034
53510480
53515050
53510460
53585325
53580035
53525743
53570272
53570214
53570022
53570158
53525775
53560005
53520275
53515520
53510320
53570276
53565361
53570184
53510040
53565140
53525300
53525310
53560121
53560122
53560730
53550167
53550168
53550169
53520700
53520185
53570192
53570258
53525838
53570186
53515525
53520350
53525602
53510045
53515055
53515065
53585800
53510530
53520630
53545540
53515030
53525520
53585785
53550500
53560300
53560365
53570300
53550725
53570660
53585250
53510550
53520183
53525540
53545390
53540145
53510800
53570196
53525600
53510400
53570024
53525196
53585445
53510560
53510290
53510562
53580400
53585330
53525760
53545490
53560310
53525770
53510470
53570284
53510170
53565020
53525720
53570145
53570026
53580140
53570032
53585555
53580755
53580761
53580762
53580763
53570139
53570730
53510295
53565375
53565360
53585355
53570294
53570030
53515045
53520120
53545580
53560750
53565568
53585758
53570262
53570033
53570475
53570476
53570477
53570474
53525525
53550450
53570114
53570202
53550455
53525730
53520140
53520207
53585130
53545550
53580350
53580351
53570162
53570640
53565000
53570198
53525040
53515047
53510180
53570630
53585040
53570400
53570028
53565285
53570120
53570121
53570122
53570590
53525832
53510310
53560230
53570600
53520810
53520560
53520090
53550140
53515140
53510030
53525742
53525562
53550710
53525713
53510120
53580055
53510125
53540110
53530645
53530700
53530655
53530720
53530715
53530665
53530705
53530710
53530660
53530650
53545240
53545750
53545790
53530640
53530800
53545820
53545760
53545060
53545800
53545770
53540100
53540803
53560210
53540130
53540810
53515035
53545370
53550727
53570302
53570650
53550240
53570620
53520385
53560040
53570220
53540155
53530555
53580785
53580220
53520280
53585340
53585320
53585110
53575132
53580630
53580622
53580621
53525535
53560145
53510370
53520820
53565400
53525194
53570124
53565180
53560415
53510510
53585760
53550848
53585770
53560380
53560381
53560382
53560383
53560390
53525736
53560290
53585425
53550390
53585100
53565005
53565006
53585455
53510590
53585030
53570460
53570670
53520570
53560280
53510332
53515040
53520340
53520100
53550721
53520110
53520265
53570718
53545650
53545651
53545652
53545653
53545654
53545655
53545585
53520675
53520055
53545020
53545030
53520010
53545040
53545070
53520125
53545110
53545100
53520115
53520095
53520085
53550760
53545673
53520065
53545135
53545225
53545380
53545400
53545420
53545440
53545450
53545460
53545470
53510190
53540160
53540817
53540055
53540793
53550730
53540170
53540820
53560095
53585380
53510200
53510610
53585260
53540450
53550360
53580640
53565620
53580641
53545150
53550330
53580790
53580650
53570450
53570511
53580775
53570703
53580270
53560066
53560077
53515210
53565740
53570090
53580260
53570341
53580150
53580010
53570701
53550030
53580210
53560330
53580780
53585090
53570070
53550010
53560046
53550750
53580440
53570050
53580300
53565680
53580240
53570702
53570092
53580080
53570470
53570540
53560360
53560021
53580280
53580060
53570705
53580160
53580090
53580660
53560076
53550190
53580230
53565280
53570094
53550320
53570093
53515220
53565690
53565300
53570000
53580680
53570706
53510410
53580340
53550370
53550260
53565630
53565670
53580670
53560056
53580190
53560023
53565030
53560370
53580070
53570451
53570710
53570430
53580180
53570280
53570704
53580290
53580700
53580701
53580702
53580703
53570140
53565460
53570433
53550250
53565070
53580450
53570010
53570431
53570170
53580710
53550400
53580250
53570700
53565010
53580720
53580721
53580722
53570340
53570330
53580460
53580800
53560088
53580100
53570410
53580740
53580320
53565290
53580130
53560018
53580310
53580311
53580312
53580313
53580314
53580315
53570432
53580730
53560320
53570331
53570320
53570510
53570091
53570200
53570342
53560016
53570411
53580200
53510620
53570190
53580695
53570278
53510630
53515015
53570268
53560620
53550723
53570255
53585271
53570288
53550300
53525032
53525030
53525034
53589899
53545480
53580330
53560220
53570180
53585255
53510710
53550025
53510060
53570182
53520260
53550015
53560020
53565085
53560332
53560251
53560249
53560248
53560247
53570036
53570156
53525715
53585200
53565550
53540080
53540797
53565220
53580490
53550060
53550810
53545630
53545730
53550812
53545735
53545410
53545720
53545740
53545140
53545710
53550811
53545785
53520565
53560740
53525825
53540090
53540800
53550040
53525053
53560050
53550046
53550047
53550048
53550049
53570166
53545080
53545190
53545160
53545230
53545280
53545180
53545840
53545290
53545170
53570118
53510360
53510160
53560115
53510660
53570025
53515000
53565250
53565790
53550120
53585805
53580371
53510605
53520050
53550790
53570564
53525741
53585080
53565420
53565660
53545520
53580170
53550100
53550530
53550835
53550836
53550837
53570390
53550844
53570130
53570129
53570131
53570132
53570133
53570134
53570135
53570136
53570141
53520270
53510780
53585775
53560170
53570440
53565170
53580510
53570680
53570040
53550051
53525170
53525175
53565210
53560110
53550053
53570250
53560240
53580141
53580142
53580143
53580144
53580135
53580145
53580146
53580147
53580148
53540050
53540790
53540150
53540815
53550470
53570298
53540760
53540730
53540731
53540400
53540770
53540750
53540740
53540720
53540721
53540410
53540780
53540775
53540390
53520580
53550796
53550797
53550798
53560705
53550081
53550082
53560700
53525725
53540030
53540785
53580845
53570060
53560160
53580120
53515550
53525560
53580835
53510695
53580693
53565100
53565710
53560030
53510325
53530540
53540836
53540837
53540805
53570500
53540220
53540340
53540310
53540380
53540370
53540330
53580390
53550490
53540350
53540360
53540420
53540320
53540230
53510600
53565700
53560090
53510415
53565370
53525750
53550480
53570020
53570021
53570212
53585240
53525545
53515170
53515171
53510700
53525711
