56503740
56515240
56507015
56509740
56501070
56508065
56519350
56512380
56519455
56508222
56503522
56503775
56512630
56512645
56512230
56510080
56508200
56508205
56508210
56509180
56502313
56503406
56503112
56510270
56509465
56503012
56509794
56511180
56503760
56506530
56516165
56503300
56512460
56512461
56503084
56506740
56515150
56503114
56519460
56511150
56509725
56503116
56507505
56511340
56517120
56503118
56515360
56502378
56504085
56516220
56509770
56519465
56509825
56509220
56503834
56512160
56509405
56503715
56502310
56505460
56506485
56510190
56515410
56503572
56503770
56509842
56515010
56509310
56503120
56509320
56519470
56505090
56504110
56506540
56503470
56512065
56503822
56506100
56519475
56516185
56503838
56508070
56506630
56509450
56512190
56503122
56504105
56505081
56503807
56512110
56509440
56519480
56507515
56502380
56502370
56506650
56506651
56503124
56503014
56519110
56506430
56503126
56511350
56510440
56509630
56503510
56512320
56501100
56505480
56509540
56512225
56508365
56519490
56506600
56503540
56508040
56516085
56509772
56506640
56502230
56503512
56515130
56503080
56507510
56503750
56515250
56507020
56509742
56516125
56501105
56501075
56503016
56502130
56506590
56506291
56506292
56509298
56502368
56505010
56515260
56507520
56510050
56519495
56517496
56503128
56503130
56519415
56503725
56503132
56503390
56517420
56503745
56502255
56502135
56502363
56516110
56503331
56503330
56512680
56507005
56504015
56515460
56507025
56503800
56503134
56503110
56508390
56507530
56507525
56503136
56503018
56503565
56503020
56507010
56507130
56509650
56509732
56503086
56504135
56505370
56509700
56503138
56505360
56504025
56502140
56503695
56512275
56508440
56506580
56507260
56509808
56503526
56508080
56519420
56509420
56503140
56503058
56502360
56503310
56503022
56502358
56505135
56502145
56505115
56503720
56507325
56510210
56503244
56503142
56503144
56509820
56503504
56503146
56503502
56512530
56502035
56502235
56509728
56509828
56516020
56516030
56509754
56511100
56503514
56503610
56508242
56503862
56501055
56509715
56508415
56503440
56503441
56510150
56502305
56508215
56507435
56508420
56508425
56507500
56507405
56503074
56502308
56503351
56503350
56503024
56503148
56503765
56507030
56516130
56501115
56501085
56507445
56503850
56502340
56506620
56505410
56505131
56504120
56505380
56502303
56506665
56512580
56502060
56509758
56515450
56509430
56515300
56512055
56512475
56515335
56519450
56508045
56512620
56519370
56503685
56510380
56507135
56509360
56508217
56512040
56502010
56517430
56502025
56502220
56513110
56501015
56516040
56513010
56513011
56512600
56502065
56512060
56519031
56519030
56509300
56503780
56507035
56509744
56516135
56501120
56501090
56509807
56509490
56508195
56508085
56503451
56503506
56503408
56502355
56502353
56503574
56503524
56507290
56509766
56506445
56503341
56503340
56512410
56509635
56507140
56508207
56509315
56510420
56508170
56509610
56507145
56503370
56507470
56503026
56505065
56512050
56505045
56509530
56509806
56519390
56515395
56503580
56506455
56517440
56506435
56503078
56509150
56503075
56509810
56513000
56510120
56503828
56503790
56507040
56509746
56516140
56503085
56515320
56505440
56512480
56503232
56506670
56512290
56503360
56508380
56503152
56519071
56519070
56508430
56503675
56504125
56503154
56502350
56515291
56517740
56515292
56509120
56503430
56505140
56502300
56512090
56510430
56509830
56509720
56509240
56503133
56509550
56512210
56512085
56503795
56507045
56509748
56516145
56503087
56502296
56507410
56502155
56519425
56502348
56515280
56509600
56507395
56506550
56519380
56509260
56503096
56509340
56512045
56503836
56519010
56507370
56507490
56503156
56503158
56503410
56503070
56513030
56501040
56502383
56503160
56503162
56503615
56502160
56512200
56503164
56507050
56509750
56516150
56503094
56505350
56506490
56503098
56507450
56509290
56517450
56503700
56508180
56507400
56503166
56503270
56507055
56509752
56516155
56506520
56509280
56504035
56502343
56519430
56503168
56509106
56509105
56508155
56501060
56506750
56503582
56509270
56502338
56509710
56509776
56503170
56502373
56509370
56512540
56507060
56508090
56509655
56509665
56512330
56507455
56503028
56512510
56515030
56517752
56502285
56508203
56517750
56506755
56505125
56503172
56508405
56508350
56509295
56507495
56505340
56502335
56512470
56508355
56517100
56509645
56517062
56509722
56517680
56504045
56503588
56517460
56517090
56509712
56506475
56512315
56507235
56507330
56504005
56503815
56516120
56515390
56509790
56512250
56503590
56502375
56504140
56505191
56504130
56505030
56517755
56512180
56505280
56507310
56506470
56505150
56515140
56505270
56519100
56519041
56519040
56519042
56519280
56512660
56502293
56519400
56519401
56502345
56509814
56515045
56509125
56507350
56503630
56503576
56505105
56505250
56511360
56512001
56503250
56512000
56517790
56507300
56511130
56503832
56509480
56512080
56503570
56507285
56509470
56512010
56503805
56509816
56505070
56512285
56509836
56511040
56515020
56517470
56512440
56507345
56517480
56506510
56503730
56506480
56503660
56504095
56513060
56503400
56512500
56502050
56517490
56517780
56519020
56507265
56503072
56507335
56504090
56517500
56515470
56517510
56507360
56512430
56511140
56517520
56503320
56507270
56509838
56512150
56503176
56503092
56503826
56508360
56502365
56502165
56503820
56509235
56512640
56517530
56509190
56503840
56516100
56507390
56507150
56503178
56505035
56512675
56507065
56501110
56507070
56503710
56517540
56519090
56517550
56507155
56507440
56506420
56503551
56503550
56517560
56509510
56506150
56505420
56510090
56512390
56503180
56503181
56509818
56502330
56517570
56508410
56507415
56506745
56503182
56503480
56502288
56512280
56513015
56502333
56509620
56506570
56501140
56515060
56506560
56517760
56503060
56516160
56509560
56509395
56503184
56512651
56507240
56503853
56506450
56504150
56515231
56515230
56503010
56517110
56517670
56502328
56507075
56503186
56503188
56503600
56502323
56512100
56512101
56517580
56503030
56503190
56503735
56515090
56515430
56509350
56517590
56511030
56512130
56512131
56505260
56513050
56506760
56515480
56509570
56503705
56503192
56503490
56509325
56508237
56503655
56508095
56507160
56503194
56503196
56512070
56512071
56512020
56507275
56515070
56515071
56509210
56509660
56503530
56503198
56503032
56512420
56515040
56503645
56503216
56513080
56503560
56501125
56507475
56502325
56507255
56502170
56503824
56502175
56509520
56517140
56507365
56503518
56509145
56507315
56509826
56507320
56512075
56509545
56505025
56507230
56507295
56504115
56503680
56517600
56517610
56517620
56503200
56503224
56507375
56503425
56507165
56505390
56510230
56510231
56503202
56502320
56515330
56505310
56503088
56503034
56502318
56505120
56508212
56508225
56509400
56503830
56503856
56503520
56516210
56506495
56509804
56503036
56507380
56509230
56509802
56509774
56502315
56512035
56507080
56507430
56503204
56503082
56506770
56506660
56512270
56503859
56508160
56508220
56516175
56501030
56512650
56503280
56512450
56503038
56503206
56504145
56507250
56512140
56509786
56503690
56512690
56512570
56502055
56503102
56512295
56507085
56503100
56503040
56508140
56519445
56505040
56509778
56512590
56505005
56509330
56508400
56511001
56518010
56511000
56512670
56518005
56508232
56504010
56509822
56507170
56503810
56519260
56507090
56512240
56517630
56508190
56508235
56502180
56503208
56508185
56508230
56503210
56502185
56508100
56503062
56516170
56510370
56510371
56503460
56508370
56502385
56512121
56512120
56502190
56503584
56502388
56507175
56507385
56517020
56505000
56506460
56503586
56509824
56508175
56512310
56503516
56503042
56511240
56519435
56503230
56515080
56507420
56516090
56503044
56503260
56510400
56509460
56503218
56502195
56502020
56516180
56511020
56519000
56503220
56503222
56507120
56507200
56503106
56516050
56516060
56507201
56519050
56512025
56516070
56508050
56512095
56512810
56512625
56502260
56507185
56513090
56509798
56515490
56503046
56517640
56517650
56517150
56509252
56509582
56512815
56512825
56512835
56512847
56512849
56512851
56512819
56512839
56512833
56512831
56512837
56512843
56512823
56512845
56512827
56512829
56512821
56512841
56512817
56509345
56510450
56510455
56510460
56510465
56508005
56508105
56508240
56509552
56514005
56512770
56512720
56517795
56508450
56508530
56508010
56508110
56508245
56509554
56514010
56512775
56512725
56510470
56517800
56508455
56508535
56508015
56508115
56509225
56508250
56509556
56503508
56514015
56512780
56512730
56517805
56508460
56508540
56508020
56508120
56508255
56509558
56514020
56512785
56512735
56517810
56508465
56508125
56508260
56514025
56512790
56512740
56517815
56508470
56508130
56508265
56514030
56512795
56512745
56517820
56508475
56508270
56514035
56512800
56512750
56517825
56508480
56501025
56514040
56512755
56518045
56517830
56508485
56514045
56518050
56508490
56509584
56509608
56514050
56518055
56508495
56514055
56518060
56508500
56514060
56518065
56508505
56514065
56518070
56508510
56514070
56518075
56508515
56514075
56518080
56508520
56514080
56518085
56508525
56514085
56518090
56514090
56518095
56514095
56518100
56509586
56509512
56514100
56514105
56514110
56514115
56514120
56514125
56514130
56514135
56514140
56514145
56509588
56514150
56514155
56514160
56514165
56514170
56509602
56509604
56509606
56506500
56507095
56502075
56516080
56512105
56512520
56513130
56516010
56510340
56505015
56506440
56512615
56511010
56519080
56503620
56509590
56507100
56517660
56503214
56507280
56517770
56503048
56512635
56516000
56507355
56508035
56505400
56508435
56503050
56503052
56519130
56503578
56517071
56505330
56516190
56503054
56503228
56509792
56507480
56509764
56509856
56518899
56507105
56503420
56503056
56508227
56503226
56504030
56515500
56509812
56511170
56503380
56503650
56503076
56509840
56511250
56503814
56511110
56503528
56504060
56512360
56502040
56502240
56509730
56509756
56503670
56516195
56509500
56504100
56505475
56503236
56515270
56516200
56508135
56502045
56502245
56515350
56509625
56509615
56515340
56505490
56509200
56506610
56505230
56507190
56507340
56515510
56509390
56503234
56509832
56503411
56510070
56509380
56508025
56519440
56509780
56502200
56512115
56512694
56512692
56509705
56501080
56501050
56503064
56519300
56502205
56502210
56512220
56502215
56503238
56512170
56512171
56508145
56503240
56519410
56503450
56502290
56507195
56519340
56502030
56502225
56513120
56501020
56508325
56502015
56512610
56502070
56519060
56509155
56506675
56509768
56507485
56509782
56519310
56507110
56509385
56509784
56515050
56512370
56505290
56517041
56512490
56502005
56502250
56507125
56509726
56512805
56513100
56501010
56508385
56501045
56507115
56508150
56509714
56512300
56511120
56509108
56508165
56507425
56509800
56509115
56507245
56512260
56512261
56512696
56502080
56509762
56502105
56503108
56502090
56519360
56502125
56515235
56510360
56502120
56512350
56509355
56502100
56515440
56502110
56515355
56502115
56502095
56512030
56502085
56515365
56515236
56508060
56508055
56503066
56503246
56517690
56505430
56509250
56506655
56503635
56503402
56503404
56509410
56506465
56519330
56503068
56503248
56503252
56517700
56506411
56506400
56503625
