55158074
55150445
55150270
55157140
55153710
55154100
55151775
55155420
55153580
55153830
55155515
55154700
55158310
55153350
55158192
55153836
55152456
55150040
55150041
55156460
55150140
55152090
55152091
55152092
55155720
55155721
55158230
55152580
55150100
55150101
55157410
55154645
55157334
55153765
55152320
55157715
55158215
55158216
55152640
55150150
55150151
55156315
55152442
55157490
55156015
55158301
55155830
55158300
55156050
55151816
55157675
55151160
55153785
55155600
55153210
55156190
55155570
55155571
55155572
55150410
55155621
55157300
55155310
55155622
55154038
55150715
55153150
55153151
55153290
55151805
55153640
55151755
55153575
55157060
55154140
55152255
55152478
55155140
55152010
55152011
55153630
55151770
55151030
55158435
55152080
55155400
55156370
55157430
55154680
55156255
55157620
55151150
55158306
55154600
55152230
55154640
55157530
55154040
55157540
55155141
55151836
55158033
55154625
55151765
55153780
55153720
55154015
55154070
55152360
55152361
55151680
55154550
55151824
55153040
55150535
55150530
55153200
55153590
55150680
55156075
55158100
55153665
55154180
55158080
55158081
55152240
55152370
55158050
55158460
55158461
55153750
55154595
55152565
55156540
55151100
55158450
55151090
55151180
55158205
55158206
55156010
55156310
55156215
55156205
55151210
55155525
55158400
55152155
55158055
55156465
55153230
55150460
55153696
55153695
55151834
55153838
55155370
55151080
55157670
55155540
55155413
55155414
55155410
55155411
55153526
55153180
55153181
55153182
55153340
55153184
55150685
55152050
55151822
55158090
55150790
55152130
55155130
55155131
55152225
55153705
55157625
55150290
55154170
55150505
55156135
55156005
55158680
55152557
55155190
55158200
55151760
55158510
55152210
55152211
55152212
55152585
55152586
55157030
55153390
55156020
55157340
55154045
55153605
55153020
55153021
55153022
55154130
55158540
55152470
55158600
55150340
55154145
55157350
55154035
55154095
55155423
55152458
55154545
55153755
55152120
55152121
55153675
55152265
55152650
55158520
55152310
55156025
55150160
55150161
55157720
55150370
55150200
55150250
55158098
55157250
55154080
55156240
55150800
55158365
55153065
55153050
55153345
55152060
55152825
55150260
55150261
55152030
55152195
55152700
55150615
55152410
55153690
55157480
55152820
55152420
55152620
55152490
55154511
55158105
55152720
55153810
55152390
55152391
55152498
55156570
55151245
55152550
55153806
55154695
55151270
55153650
55156280
55152466
55152486
55156245
55150630
55150810
55151650
55156085
55151660
55158140
55157455
55151140
55150580
55156080
55155440
55155441
55153824
55152600
55150540
55157348
55153795
55155780
55155220
55154732
55156415
55155660
55155850
55156325
55152545
55154605
55150210
55150211
55151738
55152440
55150010
55155635
55153846
55156285
55158010
55156260
55155450
55150190
55156170
55155020
55150220
55152400
55152401
55155665
55153120
55158198
55158110
55158111
55155060
55157450
55151675
55158130
55157400
55150240
55158070
55150030
55157010
55150031
55150032
55150033
55153740
55155170
55152190
55153010
55153011
55154190
55157354
55156480
55151690
55153820
55154530
55157425
55150430
55154060
55153070
55158490
55155805
55151685
55158025
55152444
55156090
55158430
55153055
55152502
55153822
55158375
55155090
55151800
55153645
55158630
55158304
55152480
55152540
55153330
55152290
55155580
55153360
55158640
55157240
55154125
55154610
55152140
55152141
55152815
55155430
55155431
55155432
55155433
55152590
55157090
55157091
55158160
55150650
55153030
55153310
55153800
55153170
55158660
55158210
55158120
55156485
55151010
55157610
55151110
55151111
55154520
55156200
55156180
55153812
55156330
55153045
55152468
55153355
55152830
55155505
55150620
55150621
55150622
55153160
55153161
55152040
55154110
55157440
55152472
55152330
55152530
55155710
55154115
55158125
55153555
55157645
55152005
55152006
55151050
55153832
55157070
55152840
55152553
55150570
55156270
55156385
55153130
55156430
55157690
55156365
55152270
55151260
55157700
55155770
55154055
55150050
55156455
55151715
55158670
55158355
55153760
55158700
55158165
55153005
55153001
55153002
55153280
55153004
55153190
55157470
55156395
55150060
55150360
55155070
55150380
55153735
55150170
55156425
55152560
55158102
55154690
55156355
55150590
55155520
55155510
55158730
55153655
55158135
55158156
55155560
55152430
55152431
55150180
55150181
55155100
55153035
55152570
55150230
55150231
55153110
55158235
55152446
55153405
55154665
55156350
55157420
55158225
55150761
55158132
55156165
55158015
55155680
55158330
55154120
55154105
55155160
55152450
55152451
55156320
55155840
55157230
55157231
55152525
55157356
55158082
55153826
55150610
55153615
55154675
55152496
55158820
55155120
55152260
55156565
55158345
55152555
55154615
55157710
55157346
55157640
55154506
55150670
55151120
55154085
55154135
55155760
55156495
55151830
55154730
55155110
55155565
55155050
55155051
55151745
55156100
55155594
55155590
55155591
55155592
55155593
55155595
55155596
55155597
55156435
55151620
55150595
55153804
55156520
55155670
55153745
55153635
55156155
55158145
55150781
55150005
55154728
55158440
55157635
55153260
55154650
55151695
55158155
55157650
55158760
55153814
55153725
55158380
55150120
55150121
55158040
55158041
55153715
55156275
55152220
55155010
55157500
55156300
55152488
55157615
55150550
55155380
55150515
55156505
55156440
55155810
55153770
55158030
55158031
55151250
55152280
55150555
55157245
55155750
55152492
55158108
55158815
55156360
55154560
55155250
55153570
55154712
55156265
55157080
55151170
55153380
55152020
55154505
55154670
55156375
55158410
55158085
55157150
55156045
55158042
55152520
55157220
55150510
55150300
55150301
55150302
55150450
55158096
55152462
55157390
55152205
55155390
55158780
55152510
55153015
55155610
55155531
55155530
55150330
55150400
55158415
55156130
55158212
55154580
55152595
55151625
55155611
55154050
55157630
55154635
55154585
55154090
55153660
55155151
55156055
55152350
55155210
55153510
55156250
55153400
55154570
55154555
55150520
55150521
55150522
55156060
55157352
55151730
55150320
55157362
55157020
55157520
55157101
55157595
55153595
55154685
55154710
55154726
55154575
55158500
55156345
55156095
55151810
55153730
55158530
55156290
55151200
55153100
55158570
55153080
55150600
55150601
55155800
55151190
55151820
55152474
55153505
55153506
55154515
55153620
55158020
55158620
55154736
55151832
55155260
55153585
55151021
55151020
55151022
55158740
55154714
55151635
55154724
55157680
55154734
55158092
55152460
55157344
55151220
55158690
55158691
55156500
55152380
55153816
55157705
55152454
55152482
55156380
55152448
55158083
55158175
55158063
55154718
55153844
55156160
55157460
55157590
55156525
55153500
55155181
55158075
55154160
55153395
55151130
55155640
55152215
55154590
55158340
55156065
55156400
55156070
55154525
55155790
55158360
55155535
55151840
55158302
55155200
55157565
55156390
55156420
55156560
55152464
55154716
55157332
55150090
55150500
55155500
55155820
55150070
55158190
55151740
55156405
55151818
55157338
55153790
55156340
55153375
55157270
55155650
55155653
55152476
55152690
55150020
55150021
55156490
55154720
55151040
55152680
55157280
55156040
55153828
55152250
55157665
55158232
55152295
55157580
55152710
55156185
55152110
55153565
55153842
55156035
55156555
55156550
55152484
55152810
55153680
55153681
55153270
55158170
55158180
55158094
55157600
55151725
55152485
55158370
55153250
55152165
55156580
55155480
55150700
55151814
55152235
55153220
55153300
55157342
55155630
55158060
55158065
55154620
55154175
55155030
55150640
55150641
55155000
55150310
55151630
55155470
55152655
55158045
55150080
55150440
55151240
55156195
55150495
55153698
55157358
55152835
55157660
55152300
55155490
55157585
55152160
55153545
55154509
55153542
55154512
55154508
55154510
55153544
55153543
55153541
55153090
55158425
55150280
55158590
55158550
55156335
55153240
55151750
55157515
55155550
55150350
55152145
55151670
55150110
55151070
55150560
55150561
55156145
55153840
55157525
55150690
55150691
55150692
55152105
55152115
55152100
55153385
55158196
55153834
55157320
55154705
55156140
55154021
55154020
55157330
55158350
55157465
55158238
55155230
55155231
55151812
55152200
55156450
55156515
55152245
55151838
55151826
55159899
55151060
55151665
55153808
55158057
55158770
55153140
55153153
55158580
55154540
55156220
55151735
55158420
55158194
55156510
55158115
55152452
55157336
55156305
55150165
55153775
55153818
55155425
55151640
55155675
55155730
55154065
55152660
55158122
55156175
55152535
55152670
55158390
55158391
55157411
55151230
55152494
55150675
55151705
55151700
55156530
55158072
55151655
55158195
55152070
55152071
55152072
55155700
55154150
55150001
55153802
55153060
55154565
55157570
55158035
55155040
55157685
55158185
55158445
55158480
55154722
55157290
55150420
55152125
55153610
55151645
55150660
55150661
55150662
55154025
55150130
55152135
55157560
55152630
55157545
55157546
55157182
55155620
55155740
55154155
55155690
55152610
55151710
55157040
55154075
55155460
55156410
55150390
55156210
55155080
55158800
55157535
55158308
55154165
55154535
55155585
55153365
55153370
55156445
55158790
55156295
55158405
55156545
55158750
55158320
55153560
55158395
55154507
55154630
