54520430
54520431
54535080
54589160
54580272
54522005
54589230
54535170
54580718
54515025
54520620
54517300
54520240
54517500
54520200
54580642
54589520
54522025
54505595
54517485
54525240
54525241
54525242
54525245
54525243
54525244
54515496
54517055
54589055
54515500
54580714
54589110
54518025
54515390
54518030
54589070
54515633
54515512
54515518
54515588
54510107
54510250
54530041
54580412
54515080
54515081
54522520
54517105
54519080
54530610
54589415
54515340
54520590
54525060
54535530
54580520
54589008
54523240
54515090
54525295
54523225
54580610
54517035
54510340
54530108
54520090
54525360
54526180
54525260
54580675
54580630
54505060
54505660
54517370
54535500
54515100
54519170
54515210
54510260
54505545
54505546
54535260
54580200
54520130
54520360
54515135
54580135
54517070
54530470
54517270
54580469
54520125
54519050
54515120
54517285
54580845
54520490
54520255
54520580
54524165
54580856
54580854
54524100
54510450
54524160
54515431
54515430
54524175
54517175
54510060
54517180
54517360
54517475
54589315
54517240
54523270
54520705
54580535
54520510
54505320
54517195
54517280
54519060
54522120
54530002
54530005
54530004
54530000
54530001
54523110
54520540
54580693
54520790
54525125
54580190
54535410
54589535
54589536
54580384
54510097
54580205
54505230
54510050
54510095
54515580
54535290
54520545
54525236
54525375
54505330
54505341
54505343
54505270
54530150
54510105
54517170
54505700
54535200
54589140
54589130
54530220
54517160
54526030
54526031
54510240
54517015
54510200
54510020
54580355
54589360
54520555
54522545
54505340
54517515
54526050
54520270
54530127
54519190
54580662
54589060
54515625
54523140
54522135
54518040
54535420
54580505
54580656
54518035
54518020
54589390
54523120
54510480
54520615
54515535
54510090
54522105
54510615
54510093
54505350
54519040
54520105
54515618
54589145
54540010
54540020
54540040
54540035
54515590
54522610
54526040
54530010
54505510
54530011
54530012
54580650
54515050
54580283
54515628
54515593
54518015
54515654
54523060
54580320
54589163
54580498
54525315
54580284
54515623
54535140
54517045
54505625
54505300
54589047
54540025
54524050
54520655
54505650
54522660
54524110
54530055
54525108
54580735
54580484
54580736
54580737
54518045
54518050
54518055
54505235
54530620
54580755
54515526
54518355
54522560
54520640
54530130
54518375
54519070
54517445
54580180
54518060
54515550
54530025
54505390
54589000
54589001
54589742
54589750
54580001
54580370
54580430
54580490
54517440
54580402
54518065
54535400
54589030
54518070
54517550
54580615
54580040
54503010
54503410
54510000
54505000
54535430
54517425
54518165
54580315
54515598
54518465
54505367
54517140
54518075
54505348
54580514
54515640
54522050
54522085
54518085
54580045
54524045
54523020
54517060
54505370
54589135
54515181
54580750
54589543
54589505
54523245
54589180
54522035
54580705
54523055
54580530
54523195
54518460
54519090
54589220
54518090
54518095
54589513
54589510
54523030
54510120
54520185
54518125
54515583
54515585
54524070
54517520
54518155
54522020
54530125
54525135
54524145
54517420
54515635
54540015
54505180
54580803
54580724
54580727
54589420
54518345
54518130
54518135
54518140
54518145
54518150
54517535
54518115
54518295
54518445
54518490
54518475
54518480
54518430
54518420
54518495
54518520
54518505
54518515
54518525
54518220
54517590
54518175
54530124
54505365
54589105
54517295
54580632
54517315
54525130
54505110
54535040
54505325
54580255
54580415
54580478
54525285
54580256
54580604
54580096
54525580
54530580
54530581
54530100
54530090
54525600
54530050
54530043
54525610
54515615
54580575
54517350
54589215
54525490
54523230
54526150
54589010
54526110
54580600
54580565
54522060
54589335
54589053
54523255
54520020
54518160
54517080
54523250
54530650
54580195
54580237
54520675
54580594
54524025
54520100
54580628
54517255
54589265
54580125
54520205
54519200
54518340
54518365
54580638
54580635
54580637
54580636
54580641
54580476
54580302
54580030
54524035
54580612
54505725
54505240
54517490
54525195
54520165
54515040
54505160
54525430
54530200
54535110
54505435
54525270
54580333
54505490
54520500
54530350
54580805
54580568
54522606
54525522
54525390
54505630
54522590
54525530
54530390
54535180
54505635
54505115
54580554
54522596
54580548
54580552
54530380
54535190
54505615
54580765
54580322
54518285
54580300
54580225
54510040
54515509
54515405
54520275
54525320
54505080
54535012
54535011
54505316
54580120
54589065
54580783
54580518
54580606
54580546
54518380
54523100
54515605
54580350
54530075
54525410
54530180
54535130
54505155
54505375
54580210
54580664
54580292
54518100
54580310
54525205
54580276
54580365
54520260
54589045
54522665
54523170
54523185
54515665
54535150
54510170
54517455
54510310
54530042
54530530
54524140
54530241
54517100
54505030
54589095
54515110
54520070
54517020
54589295
54580840
54525015
54580592
54530605
54530600
54589035
54580495
54580496
54525111
54525112
54505430
54505550
54589015
54589016
54524095
54519220
54580305
54525385
54589340
54515400
54520140
54589550
54520410
54519160
54520210
54523190
54515531
54505170
54580785
54520160
54589168
54580274
54515445
54580475
54520400
54517215
54518170
54510410
54510411
54515529
54530045
54505065
54510160
54580596
54505400
54523050
54515230
54505590
54515190
54535210
54535250
54525210
54525211
54515180
54524150
54520195
54515515
54505058
54510220
54510117
54589185
54580515
54515030
54530640
54523065
54525305
54589090
54518180
54518185
54589517
54524125
54510300
54580408
54520265
54580654
54580230
54517010
54526120
54510430
54505560
54510330
54530065
54517205
54520250
54540030
54522110
54517260
54505085
54518195
54522045
54523205
54580748
54580760
54515595
54580725
54530020
54530021
54530022
54530023
54580270
54580508
54580278
54520145
54580745
54535390
54517495
54520000
54505360
54515260
54505670
54526005
54526081
54526082
54505540
54517025
54589020
54580015
54524015
54580275
54580472
54580296
54518190
54520295
54518200
54505535
54518205
54505440
54520760
54580455
54505075
54589635
54589615
54589610
54589620
54589640
54589645
54589625
54589630
54589605
54505335
54515350
54515351
54580025
54522130
54518210
54525350
54522595
54517200
54505347
54505420
54520115
54517395
54515481
54515480
54518215
54518230
54580665
54505520
54518235
54522010
54522175
54523090
54510112
54589190
54520530
54523200
54523260
54518240
54589405
54515620
54522055
54523210
54525275
54517430
54580218
54580246
54505190
54505191
54580560
54518385
54505730
54518470
54520220
54505470
54524130
54515447
54530700
54520320
54523150
54520630
54520300
54515520
54510680
54580175
54580763
54580438
54520315
54510470
54520150
54580500
54530040
54580660
54520310
54535450
54505035
54520660
54520050
54519030
54524085
54510080
54505210
54589310
54517125
54523220
54580741
54580740
54510320
54520480
54520330
54517030
54580335
54515503
54510325
54522600
54580410
54580830
54580396
54524155
54515270
54515600
54510180
54510420
54520715
54580800
54540045
54510103
54520040
54530310
54520155
54515700
54505500
54525100
54580712
54526020
54526091
54526092
54589155
54520698
54520695
54580703
54520696
54520697
54518400
54517250
54520215
54518410
54580095
54520190
54517505
54530060
54580185
54515710
54505175
54520670
54522550
54524135
54505265
54505195
54520625
54515573
54530591
54530590
54515410
54589085
54580707
54523160
54589355
54580700
54589525
54580540
54580541
54519150
54505315
54530092
54517220
54535440
54510280
54525380
54525190
54522575
54580158
54522555
54520340
54517155
54524105
54520350
54526010
54522605
54505260
54520305
54524115
54580590
54520175
54505250
54515610
54505610
54510130
54526190
54510390
54510660
54523265
54510140
54515150
54520245
54524080
54505775
54519100
54510655
54580280
54519140
54522565
54519120
54522515
54520110
54519010
54530003
54535570
54522015
54522040
54522030
54510065
54510045
54517385
54515548
54530120
54530121
54530122
54530123
54510490
54589080
54515460
54589150
54580250
54580165
54580286
54589100
54517345
54505620
54520647
54505645
54535510
54517085
54517135
54522165
54524010
54524075
54525005
54505275
54515523
54580424
54580457
54580340
54580722
54515660
54517565
54580202
54589430
54589445
54589380
54518245
54589533
54589808
54510115
54515000
54510210
54580005
54524040
54589205
54520420
54518415
54580372
54520060
54523010
54535550
54515630
54517400
54517405
54510370
54523175
54505710
54530450
54505711
54505346
54518305
54520735
54515506
54520470
54505715
54510122
54517290
54522525
54589195
54515570
54580252
54517165
54530705
54580295
54580625
54520280
54580639
54589165
54510625
54589225
54522145
54517075
54589120
54522080
54580435
54580437
54580436
54526160
54580512
54515705
54523235
54580285
54589200
54510380
54515160
54520180
54580753
54580576
54510400
54510401
54510055
54510290
54520390
54530240
54518080
54580655
54580716
54530410
54520285
54515645
54580170
54535120
54510270
54522615
54505020
54525181
54525180
54515020
54520635
54580797
54510005
54517355
54515250
54535010
54535490
54580345
54580770
54524055
54523155
54517465
54505735
54505580
54520770
54519130
54517090
54519180
54522570
54580136
54515280
54515578
54517435
54505505
54520780
54515300
54524060
54580130
54515320
54530170
54524170
54580422
54580757
54517410
54580778
54580647
54580222
54520230
54580265
54580502
54510190
54580844
54517210
54517245
54580385
54580414
54517095
54589005
54589006
54589003
54589004
54589007
54589009
54505045
54580445
54522540
54505251
54515543
54589050
54589530
54589235
54580462
54580744
54580773
54519020
54580245
54518530
54580545
54530655
54535340
54589350
54525106
54589175
54520515
54517275
54518213
54518435
54517230
54505585
54517130
54520650
54515170
54589075
54515655
54522530
54589210
54589590
54535315
54520235
54515015
54589425
54580440
54580726
54520550
54505150
54525440
54530210
54535090
54505105
54505425
54580839
54580524
54518405
54589025
54515290
54517460
54505471
54522535
54505140
54525450
54525290
54535100
54505395
54580837
54515643
54580405
54518105
54520170
54517265
54510100
54518250
54524120
54523080
54510150
54525420
54530190
54505385
54505165
54580220
54580298
54525104
54505095
54589375
54580010
54517305
54524020
54523040
54580645
54580646
54580648
54580644
54515538
54530430
54580262
54580380
54518255
54589560
54589170
54522065
54522070
54518260
54589508
54522155
54523075
54580598
54526140
54580510
54518265
54518270
54518275
54589037
54518280
54520080
54523145
54515130
54505200
54515240
54520685
54580652
54517235
54540050
54520575
54520535
54517510
54530630
54520225
54580618
54589570
54589580
54589575
54589410
54580570
54505252
54530030
54515650
54505410
54525200
54580697
54580690
54505310
54510360
54589320
54589400
54589515
54580586
54580585
54518290
54518300
54580330
54520725
54520120
54515730
54505005
54510350
54515310
54515360
54518343
54520700
54521010
54589585
54522100
54589395
54505010
54580620
54580624
54580623
54580622
54580621
54522075
54522150
54580114
54530070
54530071
54530072
54530085
54580470
54505480
54580710
54580720
54519210
54580254
54510125
54589385
54580595
54526070
54526060
54518395
54505450
54580580
54517185
54580288
54580434
54517570
54580152
54580525
54517450
54517710
54517712
54517714
54518110
54518120
54518560
54518450
54518540
54518225
54517525
54589245
54580080
54517716
54580105
54589270
54517050
54580116
54580127
54580133
54580065
54505745
54589280
54580112
54517718
54517720
54517722
54517724
54517726
54517728
54517730
54517732
54580100
54589268
54517530
54517580
54589260
54580110
54589275
54580155
54580075
54589670
54517585
54589250
54580085
54517310
54517340
54589255
54580090
54589285
54580070
54505750
54580140
54580144
54580138
54580150
54580146
54580148
54580142
54589300
54580060
54589744
54505740
54580122
54580134
54580128
54580132
54580118
54580124
54580126
54526210
54526220
54526230
54526240
54526250
54526260
54526270
54526280
54505215
54530500
54535460
54535540
54580160
54525570
54525560
54530570
54530510
54530540
54530560
54530490
54580145
54525400
54525330
54505295
54505135
54580562
54525120
54505100
54525300
54535050
54505305
54580260
54589290
54589087
54580425
54580416
54525102
54515603
54518565
54580083
54505280
54535160
54505640
54505125
54525395
54518330
54518310
54518485
54515440
54517225
54523180
54580780
54505225
54520290
54523130
54580390
54530080
54526130
54580668
54518315
54580420
54505025
54510500
54515330
54535520
54518320
54589440
54589040
54580680
54515575
54520665
54525590
54522160
54519110
54515490
54580442
54589325
54589540
54589545
54517415
54589345
54589346
54580035
54524030
54515220
54580807
54589899
54517390
54580266
54523025
54580325
54589343
54589555
54522125
54525080
54525081
54580732
54580730
54580731
54523085
54589347
54580418
54515540
54505050
54505051
54515470
54510110
54530460
54589435
54525230
54505120
54535030
54505405
54580240
54580823
54580538
54580492
54580282
54580605
54522095
54518500
54515111
54525550
54505130
54530230
54525150
54525280
54535020
54505205
54505415
54580235
54580833
54580542
54580494
54580304
54517115
54515140
54520460
54530520
54517540
54580248
54510460
54520030
54515450
54505541
54580395
54523070
54535070
54522580
54523215
54580835
54515200
54505680
54580852
54580485
54535000
54580671
54580670
54518455
54580602
54518535
54526200
54580428
54580556
54517190
54518005
54523135
54518425
54522090
54515010
54517470
54515411
54505570
54505551
54510230
54524065
54580640
54518350
54518010
54524090
54589115
54517145
54517330
54505185
54510635
54525370
54505090
54535060
54515558
54505355
54580850
54580566
54525160
54580086
54580020
54530140
54525040
54505285
54505145
54580215
54517065
54580558
54520505
54580787
54580394
54580584
54530400
54535480
54505445
54580794
54530370
54535330
54505455
54580827
54580544
54530480
54535380
54505525
54535370
54505515
54530420
54505475
54580792
54535351
54535350
54505495
54535360
54505720
54505465
54535470
54530340
54535320
54580392
54518325
54580685
54518510
54580488
54580695
54522140
54515070
54505070
54525310
54580050
54580115
54580790
54580294
54530126
54580375
54522115
54580466
54580467
54510075
54520645
54589370
54580448
54505342
54515720
54510010
54518440
54530098
54517040
54535560
54580480
54589125
54523015
54510030
54580242
54525050
54580450
54589565
54517325
54530300
54520605
54580795
54520560
54525480
54530260
54580820
54580398
54522635
54518390
54530360
54535230
54580574
54522620
54517110
54535300
54522655
54526100
54530110
54517600
54580582
54522650
54580608
54518370
54525470
54530320
54505605
54580815
54522630
54518360
54520570
54530270
54535270
54505255
54580825
54580588
54522640
54518335
54530280
54535280
54522645
54526170
54530290
54535240
54505600
54580810
54580578
54522625
54520520
54530250
54535220
54505015
54580775
54580572
54589330
54580460
54589331
54580055
54580426
54517120
54517480
54522170
54522585
54505290
54510650
54505530
54505531
54505055
54530105
54510440
54515545
54523035
54580482
54580486
54580432
54580474
54517320
54515499
54589227
54589403
54589806
54535310
54515555
54517150
54580290
