55815170
55816295
55817100
55819828
55815415
55815300
55811320
55811085
55816520
55815060
55813350
55816623
55819802
55812080
55819610
55816300
55813450
55818150
55813108
55814250
55814251
55815085
55817110
55816750
55819275
55818445
55817670
55819741
55818645
55819710
55819830
55811220
55818575
55814270
55814271
55817730
55816720
55819804
55812010
55819806
55819808
55811040
55816370
55816575
55813345
55817690
55813340
55816361
55816360
55813490
55818655
55818025
55814670
55818640
55818641
55818455
55816380
55816381
55813180
55814425
55819420
55819422
55819421
55816595
55811250
55815067
55819087
55818610
55819050
55814680
55819140
55819180
55816730
55816648
55819811
55811190
55816410
55816405
55817310
55814060
55816715
55814660
55812030
55818565
55819838
55819812
55818560
55819300
55818160
55819246
55819245
55814000
55814002
55814004
55814410
55819190
55813675
55818570
55818571
55816490
55816491
55815100
55819060
55817240
55811015
55819317
55814070
55819814
55815050
55815310
55819832
55816530
55818220
55819816
55819818
55819821
55819822
55819824
55819826
55816400
55815010
55813306
55813305
55818615
55818616
55813400
55813416
55814240
55816580
55816218
55811210
55814420
55811000
55815005
55812000
55819000
55819465
55812070
55813095
55813580
55818090
55814080
55819753
55818501
55818500
55818502
55819070
55815410
55819470
55816630
55816228
55819315
55818340
55818190
55816550
55816555
55816212
55813155
55816232
55814190
55817130
55817660
55811050
55816248
55816695
55811060
55818430
55813492
55815343
55818250
55813220
55813420
55813426
55813428
55813429
55813140
55816290
55817160
55813125
55816440
55816430
55819355
55819085
55816445
55818000
55815000
55813190
55816760
55812160
55817000
55817195
55819080
55819730
55812040
55819715
55811225
55815305
55814170
55816330
55818140
55819570
55817720
55819590
55818067
55813417
55819854
55815320
55819856
55819858
55819840
55819782
55817030
55818300
55815205
55819091
55819092
55819090
55816450
55819400
55816285
55816270
55816272
55815030
55813630
55814180
55816800
55813170
55813423
55813410
55813175
55815265
55811021
55811020
55811022
55811023
55815105
55818035
55816620
55816273
55813390
55813391
55813392
55817020
55812130
55813496
55814200
55815270
55817170
55819360
55818595
55816250
55816320
55813422
55814210
55814211
55818450
55819784
55815020
55815021
55813310
55817010
55819395
55817120
55815068
55819075
55817710
55812060
55819030
55813332
55814220
55814221
55815347
55819786
55813165
55819440
55819441
55819444
55815350
55817080
55812090
55819630
55813480
55819842
55819844
55818225
55811030
55819233
55819232
55816355
55818585
55815345
55816460
55818040
55814400
55817770
55813145
55815255
55817700
55813425
55819330
55816510
55815425
55818525
55815370
55813430
55815380
55818520
55813255
55819350
55819745
55816500
55813370
55813210
55816470
55819540
55813421
55813810
55814600
55814601
55816650
55813560
55819785
55811150
55815040
55815088
55816675
55818200
55811070
55819670
55819660
55819661
55819662
55813620
55817680
55814245
55818545
55818390
55813104
55813330
55813339
55813403
55813331
55816585
55813230
55816340
55819240
55811055
55813150
55818460
55813270
55819760
55813515
55819742
55813570
55819372
55819390
55818420
55818255
55813610
55819380
55819381
55819382
55819383
55819384
55819385
55819386
55813337
55818530
55814558
55819743
55816480
55813325
55819410
55811130
55817282
55813280
55819250
55815600
55813710
55811175
55815083
55818480
55819685
55819748
55819800
55819065
55819750
55819751
55818410
55811160
55817250
55813705
55819700
55816765
55813530
55815190
55813500
55813112
55814405
55816245
55811180
55813540
55818425
55819788
55819270
55814090
55815340
55819130
55813300
55817230
55819846
55818625
55815290
55811095
55815250
55817151
55817180
55816688
55811100
55817150
55813494
55819765
55816655
55813102
55815135
55811145
55819035
55819020
55814030
55819792
55819794
55819796
55819325
55818020
55819834
55819852
55819848
55817090
55811260
55818580
55819170
55813600
55813290
55816312
55819795
55814415
55816391
55816390
55819340
55814350
55814351
55811110
55819740
55818210
55819735
55819265
55815077
55813160
55817210
55817220
55813320
55813250
55813510
55818635
55813405
55813665
55813401
55813555
55811170
55819010
55813295
55816408
55815080
55815081
55815082
55811080
55813451
55816420
55818010
55818011
55816422
55818012
55816735
55816310
55816311
55814290
55814291
55814292
55818603
55818415
55817780
55817750
55813670
55812050
55813820
55814040
55813415
55813419
55819450
55816242
55815070
55815072
55815071
55815073
55819480
55814265
55816226
55815180
55814020
55811240
55818620
55817060
55814263
55816224
55815090
55816680
55816640
55816230
55812110
55816560
55813550
55813090
55813092
55813094
55813096
55813098
55813100
55817190
55814100
55819725
55817040
55813120
55819764
55817050
55815330
55818550
55818535
55819260
55814300
55812140
55816755
55813520
55816700
55819460
55814280
55818540
55815360
55819766
55816710
55819600
55819345
55815055
55819068
55819705
55819053
55819048
55819045
55819055
55813275
55819025
55813265
55814110
55819768
55816570
55814237
55816216
55816260
55814120
55813380
55818630
55813240
55811200
55819675
55815095
55814233
55815260
55813334
55816610
55815140
55815141
55815142
55819370
55813106
55813440
55819780
55815075
55818030
55818899
55814130
55819040
55813595
55811010
55811011
55819640
55818511
55818510
55818512
55819756
55818590
55816590
55816565
55814255
55816220
55816645
55813308
55817140
55817141
55817142
55817143
55817144
55819762
55816600
55814260
55816222
55818385
55813700
55817760
55819475
55815065
55811230
55813590
55818305
55812020
55819485
55817740
55819110
55816240
55818315
55819135
55819160
55816690
55814430
55817715
55819720
55811132
55819758
55816350
55811120
55819219
55819229
55819222
55819680
55811090
55819772
55814140
55819774
55819850
55819776
55818555
55811330
55818490
55818491
55818492
55818170
55813435
55816275
55814235
55816214
55819520
55812100
55812120
55814150
55814230
55816540
55816545
55816210
55819836
55819115
55814160
55813110
55816740
55813640
55812150
55815120
55811135
55815420
55817070
55813315
55816670
55816671
55814673
55814672
55819335
55819560
55819778
55814010
55813260
