55299525
55294844
55295450
55297371
55297370
55293670
55299778
55299780
55291621
55293370
55296755
55299140
55299810
55299811
55299812
55299813
55299814
55292430
55295240
55295100
55295101
55299588
55293290
55297120
55292475
55299391
55299387
55299389
55299392
55299393
55296601
55296600
55296603
55296602
55293110
55292450
55296370
55294890
55299842
55299774
55292446
55294738
55296565
55292195
55299766
55298250
55299575
55292603
55298090
55299695
55291140
55292470
55297265
55291090
55299833
55291700
55297530
55292583
55297470
55296130
55296131
55291750
55294846
55291160
55291627
55296185
55294625
55294450
55294832
55294060
55292810
55294783
55295395
55293043
55295433
55296110
55295440
55298085
55293710
55298010
55297785
55294792
55295630
55296480
55293380
55299280
55294820
55295200
55294636
55294808
55291645
55294824
55294737
55293000
55298590
55299515
55299330
55295345
55291390
55295250
55294871
55291739
55292605
55293251
55293250
55292090
55292030
55294135
55294742
55291420
55297814
55296750
55294775
55292745
55298120
55297157
55294675
55295235
55294497
55294502
55291695
55294460
55291280
55295640
55292690
55291260
55291483
55299788
55295070
55291300
55293235
55293340
55293341
55292145
55293081
55293080
55291235
55298138
55291731
55294842
55295125
55295115
55295122
55291200
55297812
55293015
55291729
55299620
55294752
55294812
55295270
55292180
55294260
55299360
55296420
55293545
55299570
55292615
55295095
55294848
55298115
55298116
55291180
55291823
55291693
55294898
55292425
55296160
55296538
55296544
55297810
55295545
55291667
55292415
55293460
55294350
55294351
55299500
55293170
55299366
55299365
55299355
55297790
55291635
55299320
55299600
55299740
55299526
55295090
55295420
55294540
55295550
55298160
55296660
55294715
55297000
55297001
55292225
55292340
55294615
55294616
55296020
55295350
55295340
55294595
55294603
55296690
55297844
55294545
55292645
55292646
55297290
55292272
55292278
55297225
55293390
55295485
55298666
55298665
55297125
55297260
55292635
55297130
55295130
55294440
55294837
55292125
55296260
55299527
55294265
55294839
55297250
55292685
55296558
55296563
55298715
55295290
55295291
55294220
55296390
55295515
55295560
55295555
55295561
55296590
55296415
55299785
55298025
55297550
55294740
55297075
55299370
55299040
55294370
55297190
55296220
55298080
55294340
55292735
55294225
55294226
55295380
55298060
55292595
55296583
55296582
55296581
55296580
55296680
55294505
55294506
55299437
55299439
55299436
55297808
55295565
55297848
55299487
55299493
55294110
55299775
55296120
55296121
55296070
55298635
55292620
55292621
55291827
55294630
55294577
55295210
55292233
55299838
55299541
55291465
55294320
55297560
55297828
55299680
55299710
55291130
55292201
55294893
55295330
55299517
55295390
55299395
55293310
55298125
55298075
55291768
55297155
55299460
55299461
55295361
55295362
55297654
55299457
55294120
55293130
55299555
55292325
55298135
55299640
55292350
55299528
55294873
55294717
55294763
55294876
55292525
55293465
55294230
55294231
55298020
55291837
55296165
55296172
55294095
55297030
55297838
55294870
55295140
55295141
55296715
55297792
55292760
55292761
55291625
55293220
55294758
55293300
55299705
55297818
55299442
55299444
55298171
55299350
55299550
55297628
55294080
55294817
55295170
55296288
55296294
55294822
55299520
55298640
55295310
55295311
55295312
55299730
55293455
55297430
55297431
55297800
55297801
55292150
55296285
55292575
55299529
55298303
55298301
55298302
55298300
55297510
55294847
55292075
55294843
55290060
55293675
55292265
55294793
55296065
55291240
55291808
55291845
55296640
55291830
55299858
55293400
55292185
55291725
55294635
55299645
55294070
55293087
55292237
55294881
55294831
55291825
55298525
55298145
55296650
55299510
55296460
55296034
55296038
55297015
55291000
55295105
55294550
55294330
55295570
55291290
55294575
55294810
55296278
55296284
55296125
55293161
55293160
55293163
55293164
55293162
55294528
55296550
55292141
55292140
55297140
55295610
55296500
55292818
55292826
55291697
55297215
55294347
55291859
55291220
55294640
55299030
55291852
55294525
55294020
55298530
55291133
55291057
55294838
55295160
55299530
55294851
55292570
55294585
55299150
55299151
55296530
55295650
55299060
55298040
55295320
55294800
55299841
55299310
55296330
55294735
55291400
55292155
55293055
55294747
55294836
55294605
55293445
55294360
55291100
55296525
55294722
55294315
55299840
55292611
55292610
55292305
55296615
55291609
55293070
55293095
55291733
55298320
55297520
55294568
55294572
55294380
55297580
55297581
55291430
55293355
55298650
55298652
55298651
55294790
55296630
55296631
55296645
55291847
55291450
55297160
55299381
55299378
55299384
55299382
55294475
55296700
55291721
55299535
55291480
55294100
55297799
55294853
55294565
55294895
55299747
55299603
55291612
55299724
55297242
55291470
55292500
55296188
55296194
55293708
55291707
55299852
55291685
55299630
55292071
55293260
55292070
55294240
55299450
55296270
55295490
55292590
55297803
55294145
55293540
55292410
55299670
55292815
55293315
55299536
55299415
55294755
55297025
55299790
55299784
55292445
55292460
55292462
55292461
55291630
55291678
55294813
55292120
55296355
55294510
55292010
55299839
55291603
55294485
55291659
55298155
55299848
55292720
55292725
55299835
55299537
55299473
55299472
55299471
55299470
55291615
55294855
55295620
55296230
55294325
55292680
55292490
55292485
55292440
55297445
55299745
55292785
55292250
55292665
55294861
55297256
55292210
55292211
55292212
55292213
55294650
55291713
55291714
55292078
55292085
55292081
55299170
55297811
55294558
55295265
55291647
55296610
55294891
55291737
55294195
55294196
55294803
55292105
55292585
55291637
55299542
55294799
55297267
55296675
55294859
55296195
55296740
55299836
55294841
55294888
55298655
55293280
55292540
55294153
55294157
55298540
55294140
55299843
55292510
55294590
55294591
55297650
55297310
55297311
55294335
55291849
55299180
55299776
55292380
55291709
55292805
55294165
55292240
55293225
55292800
55294829
55295660
55298050
55296050
55294634
55296180
55292317
55291611
55293245
55291110
55294345
55295255
55297813
55296060
55293255
55294854
55294290
55292405
55292200
55297834
55292000
55292020
55292050
55291657
55299375
55293075
55294850
55294875
55294785
55297804
55296210
55291340
55291673
55291330
55292608
55291250
55295220
55293660
55293600
55299625
55291360
55295000
55295002
55295001
55297170
55292730
55294889
55292515
55295410
55292710
55295185
55294560
55291684
55296518
55296528
55293121
55293120
55295300
55294809
55294277
55294780
55294788
55294787
55298070
55294867
55297035
55297575
55296735
55297291
55294874
55291613
55299715
55291650
55299010
55294796
55292220
55291490
55293320
55293321
55292015
55298565
55299650
55299685
55292357
55296140
55297235
55291617
55299445
55292255
55298015
55291440
55292385
55291030
55291031
55292437
55299802
55292520
55294828
55291824
55291190
55292230
55299854
55294632
55291080
55292675
55292295
55291723
55294852
55299768
55294896
55292275
55299160
55291605
55296620
55299725
55291210
55293325
55292245
55292630
55294781
55296760
55299846
55294821
55290050
55292420
55299850
55299793
55299782
55299700
55296625
55292660
55292661
55291460
55297626
55294784
55291772
55292319
55292323
55298035
55291370
55291310
55295335
55296000
55294495
55291631
55294897
55291812
55295360
55295355
55299240
55294892
55291682
55294877
55294849
55292480
55292345
55294814
55298130
55297807
55296685
55299385
55299475
55294415
55297622
55291814
55296150
55299443
55294556
55294555
55299735
55291655
55299825
55291270
55297238
55294660
55297222
55297793
55292780
55297802
55291758
55291782
55291677
55299750
55292748
55292754
55292825
55294211
55294210
55295475
55297010
55297011
55293350
55299859
55299830
55291742
55297590
55293020
55299770
55294798
55297020
55297021
55299544
55297141
55297796
55297220
55294410
55291230
55298670
55294010
55294305
55291717
55296452
55296464
55296655
55299827
55292059
55292061
55292360
55292361
55292740
55292741
55291687
55299250
55291805
55295670
55295245
55299505
55292670
55297410
55292671
55292262
55292268
55298290
55295050
55294665
55295575
55292046
55292045
55297500
55291020
55294530
55294040
55297600
55292335
55295051
55294583
55291670
55292655
55297840
55295680
55292375
55292208
55294823
55294363
55294368
55294833
55294789
55297640
55297320
55291752
55297280
55292550
55299655
55294720
55294700
55292205
55292830
55291170
55291600
55291010
55295020
55291679
55297440
55297411
55296710
55296595
55293040
55293041
55297200
55291661
55295510
55298360
55294858
55296240
55294884
55294857
55298680
55298625
55291050
55293090
55298165
55293210
55299425
55292505
55292775
55297798
55296535
55294856
55295260
55297475
55297830
55299402
55299401
55299400
55296350
55298030
55299465
55299565
55291835
55299837
55291033
55294757
55292315
55292175
55299340
55299786
55297821
55297360
55296200
55297252
55294710
55294811
55292738
55291653
55296055
55294285
55294830
55298310
55292715
55292370
55299815
55294806
55291820
55293045
55292115
55295275
55291748
55294827
55291755
55294690
55299720
55295700
55291770
55299823
55299580
55297245
55297610
55294521
55294518
55294523
55296470
55296695
55294869
55299585
55291690
55294795
55294819
55299752
55299762
55299765
55299455
55291040
55294816
55295325
55299772
55296765
55292277
55292279
55292281
55292282
55294250
55293450
55294894
55297532
55292695
55292667
55291856
55293100
55299698
55298175
55296575
55293190
55291775
55291633
55292401
55292640
55292400
55291643
55295460
55296745
55298065
55292650
55294645
55293065
55294818
55299405
55299406
55299407
55299408
55292600
55291833
55293555
55293550
55291810
55292530
55294760
55291150
55291629
55296010
55294030
55299690
55295135
55294580
55298150
55299595
55294860
55294886
55295435
55297620
55296665
55293335
55295060
55294880
55294807
55294794
55291762
55292653
55293181
55293180
55293184
55293183
55293182
55292190
55295580
55294725
55296730
55296030
55295500
55297630
55291727
55296400
55295520
55294642
55292215
55296440
55294420
55296725
55294882
55299795
55292765
55293270
55294728
55296505
55294003
55294007
55292770
55294745
55294862
55294791
55293410
55297815
55294872
55297258
55291641
55291843
55294845
55294695
55294696
55297570
55299817
55298740
55293705
55298330
55297820
55298185
55297240
55292560
55292663
55297230
55294491
55294490
55294170
55293060
55293061
55299200
55295153
55295156
55296705
55291854
55294826
55297254
55291455
55292455
55294610
55297350
55294175
55299050
55297625
55292110
55297150
55296512
55296517
55292355
55297535
55297533
55297832
55297835
55291320
55292625
55293201
55291070
55291665
55294050
55291705
55293240
55291175
55291732
55293030
55295470
55294311
55295110
55294310
55299743
55299607
55292395
55292258
55294878
55294705
55292040
55294190
55298690
55292080
55297836
55291765
55295690
55297690
55299560
55294430
55291745
55298055
55294375
55294743
55295215
55292235
55299540
55296025
55296720
55295181
55295180
55295230
55298141
55298140
55298142
55298144
55298143
55293420
55291607
55297275
55294255
55291120
55294804
55291675
55294879
55299660
55297850
55291740
55294805
55292285
55295585
55292330
55296430
55294750
55297005
55290066
55294470
55294471
55296360
55299820
55291623
55291350
55294840
55294899
55299270
55297805
55297806
55295710
55299290
55297660
55295525
55296310
55295526
55294300
55297540
55294130
55299742
55293205
55295190
55296090
55294801
55295530
55296300
55297050
55298000
55291410
55299899
55294730
55293150
55297565
55297300
55291663
55292290
55299635
55297232
55291060
55294797
55294090
55292135
55293140
55293025
55293026
55294385
55294271
55294267
55294273
55299411
55299410
55293231
55293230
55291800
55292100
55297765
55298700
55292755
55294802
55299675
55299485
55298520
55294638
55298550
55298148
55294770
55294200
55297270
55294481
55294480
55294482
55292365
55293051
55293050
55291380
55294786
55299844
55297846
55292435
55294685
55295280
55295281
55299260
55296250
55295480
55293010
55298195
55296005
55296003
55299430
55296100
55299494
55299497
55293680
55294535
55291730
55292390
55292310
55294395
55299590
55299300
55297040
55296410
55299420
55294235
55294680
55299610
55294282
55294284
55295600
55294868
55296670
55299760
55299020
55294515
55292170
55295375
55298645
55292161
55292160
55294180
55294181
55294182
55296040
55293440
55292441
55292442
55292130
55292131
55299533
55293490
55296570
55297670
55294150
55292580
55299521
55291715
55293665
55294275
55291850
55294864
55294866
55297795
55299804
55294355
55298205
55298720
55292300
55292691
55294160
55294732
55294670
55295587
55295595
55294400
55296380
55294620
55296605
55297244
55297685
55293085
55291760
55297680
55298730
55297210
55297390
55293360
55299856
55293191
55297842
55296487
55296495
55294782
55297090
55291735
55291840
55294815
55299800
55293035
55295370
55294887
55294834
55299755
55294390
55299665
55291702
