53625579
53640378
53625766
53647685
53640336
53605740
53620580
53637695
53635600
53635080
53645425
53635555
53625647
53625542
53637605
53637125
53615605
53605620
53625320
53640790
53610025
53647660
53635610
53630040
53610294
53640270
53620837
53635200
53605675
53635615
53620436
53635630
53635620
53645595
53645590
53645580
53645585
53645605
53645610
53645600
53645520
53635560
53635635
53620711
53625456
53650545
53650295
53605680
53620525
53637600
53647620
53620847
53620250
53640677
53650510
53605400
53650010
53605000
53640000
53610000
53630030
53620444
53610433
53625033
53625030
53625034
53625032
53625442
53610205
53610015
53635625
53620376
53605815
53635685
53610250
53615260
53620854
53650255
53615085
53605455
53620100
53640725
53630617
53630525
53637220
53635645
53610203
53640684
53630465
53645450
53640450
53625653
53610256
53637555
53645080
53645081
53645082
53645083
53625300
53625526
53640306
53650260
53640060
53615305
53650605
53630755
53630335
53637580
53637056
53637057
53637058
53640083
53637054
53620721
53615150
53650265
53605420
53605565
53625700
53647640
53640339
53635070
53630515
53630516
53610286
53645028
53640784
53620745
53605695
53625458
53640680
53625444
53620817
53625295
53605505
53620792
53625462
53625447
53620759
53620048
53630437
53625278
53630667
53637690
53640515
53605465
53610192
53605085
53620809
53650270
53637090
53650790
53610312
53640070
53640050
53637650
53640490
53635705
53637040
53647580
53625612
53637045
53645210
53620544
53610230
53620833
53640146
53630155
53620806
53620672
53620675
53640698
53640195
53630695
53605800
53625775
53650570
53605705
53650235
53610470
53637250
53620784
53620786
53625390
53640555
53620678
53620103
53605415
53635113
53635110
53635122
53625706
53605445
53620697
53620855
53620666
53625135
53615285
53647530
53640020
53640021
53615420
53630563
53615250
53625594
53610610
53637270
53605590
53605592
53650802
53630345
53620505
53625548
53610213
53650640
53610214
53605710
53637070
53615425
53637150
53640786
53620832
53620838
53647796
53610280
53620736
53625310
53637155
53637170
53620705
53650820
53650710
53630615
53640623
53637725
53640228
53635055
53605836
53640015
53625432
53640013
53610030
53615060
53637060
53640722
53635605
53637050
53645570
53650617
53650394
53650390
53650392
53650291
53650614
53650615
53650393
53650613
53650610
53637735
53635580
53640122
53625511
53625670
53637145
53650650
53650652
53615165
53605035
53620819
53637055
53645320
53645321
53610145
53610148
53620728
53615200
53650836
53650560
53650105
53650106
53650107
53650108
53620717
53637730
53650575
53640043
53637665
53625636
53650824
53635540
53650817
53637280
53637255
53625471
53637160
53645077
53645070
53645071
53645015
53610446
53645170
53647565
53640713
53620109
53620715
53647826
53640600
53620668
53640500
53637700
53610258
53640303
53650766
53620829
53615195
53650585
53615410
53637130
53637131
53620714
53640090
53640234
53625539
53615400
53610040
53637175
53625712
53615190
53640719
53640009
53640130
53645120
53605425
53620600
53640425
53605453
53605440
53630470
53625592
53640095
53640278
53640388
53635160
53605775
53637105
53645090
53620372
53645092
53645093
53637109
53637110
53637106
53645091
53645094
53645095
53645096
53645097
53620373
53637107
53637108
53637111
53637112
53637113
53620230
53650814
53637115
53630535
53625855
53605780
53620857
53640674
53640103
53620663
53640086
53637140
53635045
53630447
53610231
53625837
53640280
53635112
53620841
53637540
53620387
53637075
53630165
53615075
53647545
53615255
53647822
53610232
53637685
53640214
53625490
53625491
53625492
53625493
53625494
53625495
53637625
53635030
53650340
53637675
53637705
53625604
53637805
53645270
53640250
53650095
53640505
53625852
53610010
53610833
53610841
53625441
53650185
53615280
53637810
53637570
53625568
53635745
53615170
53645440
53605735
53605760
53620613
53625642
53625758
53625820
53625817
53615245
53625575
53635100
53625536
53640229
53620796
53650838
53640382
53640275
53637740
53625750
53637595
53637545
53625708
53625710
53640272
53625849
53625690
53610050
53640455
53645390
53625662
53625621
53620115
53620114
53645260
53647780
53647785
53645385
53650840
53620605
53630533
53630570
53620718
53615455
53610225
53620794
53610115
53650540
53640194
53630728
53635095
53605030
53605031
53605032
53620625
53610260
53625438
53647792
53625660
53605660
53615500
53637535
53650315
53625754
53625753
53625755
53625752
53615480
53652010
53652020
53652025
53650828
53610233
53625694
53650215
53610065
53610405
53645380
53635040
53620368
53630047
53620107
53625140
53625788
53625430
53610207
53610208
53610209
53610204
53625857
53625812
53625811
53625814
53625810
53650230
53620118
53610415
53640796
53635180
53610733
53620425
53620836
53615180
53625505
53635740
53635640
53635065
53625115
53625116
53620155
53635666
53620123
53630053
53635130
53605040
53640369
53605007
53620120
53625822
53640521
53640445
53640430
53640031
53640648
53647690
53640003
53635140
53605570
53625675
53615025
53620630
53620037
53610285
53620370
53620520
53615125
53610752
53650525
53605820
53625110
53620384
53605655
53640240
53605833
53605480
53640776
53605555
53620767
53605839
53610117
53615225
53640005
53650190
53635725
53640495
53640510
53640203
53625060
53615290
53640465
53637590
53615175
53647824
53605700
53635710
53610330
53640119
53620523
53630255
53610385
53630732
53625125
53605460
53637710
53640480
53625210
53647570
53645155
53650620
53630057
53650280
53605635
53635730
53615450
53650210
53650211
53620127
53637610
53637790
53620691
53645130
53645150
53640324
53605685
53647575
53620825
53650240
53625680
53620125
53640230
53650090
53640694
53610090
53620808
53620585
53637637
53620450
53605785
53625105
53650110
53650660
53637745
53640578
53640579
53620378
53650395
53620748
53610550
53650290
53620595
53605585
53620570
53637100
53637750
53647655
53630745
53625090
53615600
53645160
53610095
53630390
53645165
53615330
53615345
53615350
53615325
53615315
53615335
53615340
53640342
53615360
53615320
53615365
53620702
53615355
53640158
53650695
53615070
53640605
53640603
53640608
53610240
53630385
53605580
53625584
53625816
53625551
53645200
53640655
53650028
53625500
53615460
53625501
53625502
53605510
53645180
53625459
53640284
53640800
53615555
53620851
53615558
53640678
53605490
53640281
53610570
53650245
53645195
53615220
53640590
53645190
53635230
53645205
53615210
53650025
53605115
53635105
53645230
53650130
53605545
53605530
53637205
53640676
53610360
53645240
53647540
53625596
53640074
53615265
53640780
53625213
53625214
53625215
53625222
53625220
53625219
53625218
53625217
53625216
53620643
53640120
53647820
53640180
53640104
53625590
53620803
53625285
53615053
53615038
53630020
53615047
53630855
53635585
53620852
53635700
53615043
53645325
53625570
53637755
53650700
53640143
53640149
53610565
53647680
53640309
53610566
53640683
53605841
53605525
53620733
53650320
53640414
53640415
53640404
53605625
53625235
53615552
53635158
53645275
53645022
53645023
53645024
53645025
53645020
53635575
53645035
53635060
53640047
53615120
53630725
53640295
53640173
53640305
53650799
53610060
53625790
53625778
53625733
53630685
53640688
53610739
53640693
53635520
53630675
53640670
53647670
53620790
53630735
53645030
53625649
53620550
53605750
53605081
53625025
53625026
53625027
53625028
53625029
53625435
53625744
53620447
53625745
53625740
53625743
53605520
53640513
53610070
53635735
53610080
53620493
53610420
53635020
53620133
53615215
53640176
53620655
53610295
53635185
53635186
53605720
53640300
53610842
53615385
53605630
53610305
53645250
53625480
53650035
53625481
53635050
53650784
53625365
53610053
53625688
53620763
53625692
53637120
53620383
53645075
53620788
53635590
53635085
53625474
53620800
53615080
53620375
53640682
53640645
53647725
53640715
53605755
53620365
53620366
53615495
53620859
53630757
53605765
53640782
53610455
53637135
53625698
53635115
53610310
53605410
53630748
53605003
53610322
53610282
53605730
53605560
53645060
53620781
53625828
53605485
53605615
53635715
53610417
53620428
53650020
53640675
53620787
53630705
53625696
53620650
53610300
53625682
53645255
53610127
53620827
53620751
53620778
53605747
53635075
53625055
53625519
53605725
53610425
53615135
53650565
53625651
53635205
53635035
53625498
53615045
53625615
53637215
53645280
53640007
53645310
53645300
53645290
53615015
53650630
53647595
53640321
53650335
53650250
53640100
53605575
53640290
53650100
53650050
53620747
53645340
53625602
53635565
53620300
53637780
53637765
53650781
53640475
53645086
53635195
53647525
53610315
53630135
53610302
53635170
53635171
53635595
53605844
53640672
53620684
53650530
53620620
53635545
53625080
53605495
53605665
53625095
53645375
53645350
53647794
53645345
53625586
53610756
53610758
53610761
53645100
53640485
53640610
53647635
53650805
53640022
53610545
53610160
53610161
53620849
53620850
53610163
53610165
53620695
53625451
53640318
53647555
53647645
53625577
53640113
53625606
53625607
53625608
53625609
53620396
53605450
53625702
53610850
53625825
53605055
53610071
53645045
53645046
53645047
53625360
53625350
53605500
53625686
53605610
53620831
53630835
53637080
53625684
53635025
53615010
53615090
53605640
53640814
53650705
53605670
53637575
53625565
53615430
53630247
53625846
53625819
53640692
53610723
53610440
53620812
53620813
53620814
53625760
53637800
53630460
53635165
53610020
53610743
53625200
53625400
53645050
53645051
53645052
53645053
53645054
53645055
53610727
53630505
53610235
53610335
53605595
53625130
53625763
53615490
53610460
53635535
53635537
53605470
53605095
53605096
53610707
53640687
53610023
53640774
53640808
53625704
53635125
53620280
53625375
53625617
53625448
53620200
53605075
53610465
53610252
53637260
53620815
53640620
53610595
53610605
53605110
53615000
53605405
53650685
53615405
53620823
53650380
53610314
53630095
53615540
53640565
53652015
53637195
53640333
53615415
53620510
53610105
53640366
53610855
53610856
53615110
53640523
53615055
53625813
53625735
53625736
53640141
53630075
53620843
53605605
53630400
53647630
53615065
53650330
53650070
53620821
53640395
53620839
53650040
53650385
53650345
53610245
53625100
53645337
53630700
53640405
53640406
53620105
53625645
53650826
53620386
53620136
53620135
53620138
53615610
53640161
53620393
53650763
53630692
53645455
53620845
53650075
53640788
53650370
53650590
53640772
53630010
53650520
53610445
53650375
53650595
53647610
53637030
53635680
53650635
53645220
53620804
53647605
53650060
53615050
53650080
53647745
53635690
53640792
53615230
53615235
53615435
53637795
53650778
53637785
53625598
53647750
53647775
53640519
53640220
53650085
53645370
53640517
53640696
53615440
53615380
53630680
53630445
53637210
53637585
53645065
53645066
53645067
53630503
53640804
53640595
53615270
53615275
53640798
53630543
53645430
53645395
53645400
53645405
53645410
53630545
53650580
53630622
53605535
53625340
53625554
53637775
53650055
53630105
53605105
53610234
53630115
53630154
53645140
53650600
53625345
53640547
53637645
53640019
53625305
53625588
53605036
53625410
53625405
53625546
53640053
53625275
53620215
53605650
53630375
53637225
53637226
53637227
53637228
53637229
53645040
53610346
53635695
53650125
53640331
53630840
53647710
53615300
53647700
53625656
53650400
53610777
53610778
53630480
53640357
53605645
53615549
53610728
53640192
53610284
53610720
53635120
53615543
53615546
53620853
53640185
53637640
53630152
53640107
53605060
53650365
53610452
53615205
53650225
53630025
53645145
53637630
53640460
53647810
53647798
53640170
53630140
53615310
53640210
53650325
53645415
53640560
53647560
53640065
53640370
53620555
53620556
53640068
53645530
53645565
53640265
53647550
53625600
53615185
53640802
53610275
53650811
53610296
53620433
53647585
53647625
53625335
53605020
53650822
53605015
53640770
53640150
53635652
53637216
53637217
53637218
53637219
53625280
53635650
53635651
53635653
53620055
53640728
53645420
53650037
53647800
53647755
53625315
53630422
53635720
53637185
53620110
53625290
53647802
53647590
53650195
53637760
53650300
53605600
53650220
53615130
53640743
53645500
53630145
53637200
53630425
53630125
53640737
53640731
53650305
53640734
53640747
53640749
53640740
53615095
53635081
53625840
53650690
53605010
53640806
53635150
53650670
53640155
53620442
53605025
53650310
53630156
53650625
53610392
53640393
53640394
53650045
53610350
53610351
53640440
53640686
53630455
53615370
53605430
53625772
53625020
53625780
53625440
53635145
53610840
53637670
53635675
53640110
53637660
53615485
53605065
53637550
53645505
53610035
53659899
53650772
53640080
53647806
53647812
53647804
53647808
53620381
53610435
53615395
53640716
53637655
53625747
53625558
53630500
53650760
53650834
53610270
53610272
53615240
53615145
53647535
53610337
53625658
53625514
53625513
53635530
53605435
53605515
53610630
53625453
53610365
53605690
53615140
53647770
53640812
53637615
53640710
53615115
53625665
53630245
53650832
53640245
53640340
53625618
53647790
53610097
53630565
53640778
53620742
53635660
53635661
53605830
53620840
53610400
53635525
53640685
53605770
53640810
53625450
53640392
53605550
53610003
53640360
53650065
53640361
53640255
53650016
53650017
53647715
53610835
53610340
53620729
53620793
53625831
53640016
53640011
53640354
53605540
53635190
53625560
53640293
53650360
53650200
53650201
53625330
53625557
53647650
53645560
53640350
53650120
53647665
53650275
53630056
53640092
53650355
53650140
53650180
53625484
53605810
53640160
53625630
53640263
53640215
53640030
53620075
53620095
53620640
53605790
53610423
53605745
53625843
53640182
53620144
53625517
53615020
53610076
53620146
53645510
53630475
53620687
53650769
53625639
53625856
53625834
53640745
53640140
53615035
53640435
53637095
53625572
53637620
53640116
53645515
53647615
53650175
53650793
53650796
53650170
53625627
53640420
53630477
53620692
53647740
53625529
53650285
53625582
53630200
53650165
53615040
53620635
53650775
53605005
53650787
53615375
53640131
53640125
53650160
53645005
53625015
53635015
53625795
53635515
53625815
53637525
53625633
53637770
53610017
53630457
53647675
53630450
53630485
53647600
53650150
53620805
53620255
53620251
53620856
53650155
53650145
53640615
53620785
53610320
53650808
53640365
53647765
53620693
53625355
53620704
53620615
53620669
53620610
53620670
53610715
53647760
53640470
53637720
53650535
53645575
53630523
53625050
53620148
53620149
53610530
53605825
53605017
53620545
53620423
53637065
53640690
53640794
53650675
53615390
53605715
53625563
53650405
53650115
53635570
