55592434
55594232
55592808
55592764
55590060
55591004
55592240
55592242
55592244
55592246
55595732
55593129
55592766
55592696
55594190
55594370
55594788
55595400
55590142
55594022
55598042
55594062
55594018
55594024
55594124
55592078
55594196
55594668
55595054
55592556
55592732
55592740
55592173
55592736
55595760
55598090
55593165
55591200
55594354
55594036
55591190
55591056
55591070
55591058
55591060
55591062
55595586
55595087
55595582
55595588
55594096
55592250
55594180
55592076
55592268
55591206
55592836
55595199
55593304
55592718
55590598
55595410
55590008
55593280
55594516
55593060
55594464
55598026
55590078
55591010
55591012
55590038
55594028
55592748
55592258
55590044
55592264
55590727
55590161
55594012
55595590
55594064
55594282
55592396
55592398
55592400
55592402
55591228
55598056
55593063
55595568
55590478
55592378
55592224
55594414
55594402
55591218
55595244
55595408
55592276
55592024
55594590
55592030
55592196
55595099
55593343
55590620
55592390
55592270
55592274
55593150
55590740
55592074
55595562
55592726
55596010
55595736
55594786
55590758
55590092
55598028
55595456
55593132
55592432
55594270
55593054
55592690
55595332
55594794
55594764
55593496
55594188
55595600
55593364
55593126
55592762
55592772
55592202
55594690
55592204
55593093
55593123
55590616
55595328
55594780
55594126
55595426
55592190
55592278
55590482
55591020
55595484
55594332
55594674
55595320
55595102
55595187
55594150
55591164
55591162
55592028
55598076
55594392
55594676
55592228
55592026
55592714
55590488
55592668
55592020
55594048
55594040
55594142
55594358
55593135
55594582
55592018
55593162
55595402
55590076
55594486
55594110
55594030
55594032
55595250
55590180
55592720
55592022
55590492
55593331
55592758
55590052
55593090
55592310
55594016
55594672
55591176
55590050
55594344
55592646
55593057
55592704
55592664
55593295
55592414
55592428
55592430
55594268
55594792
55592800
55593099
55592064
55595464
55591022
55595482
55592706
55592016
55591166
55595602
55594254
55594258
55594264
55594306
55592620
55593111
55594518
55593180
55592710
55593114
55594404
55595438
55590580
55592002
55595430
55593286
55592032
55592206
55591014
55595048
55592472
55595220
55595223
55595226
55595229
55595238
55595330
55595181
55594770
55598022
55592220
55592792
55594552
55592222
55593505
55595392
55594112
55594754
55594596
55591210
55591016
55591220
55594336
55592308
55592688
55590004
55593310
55592806
55595247
55595336
55594774
55595126
55594338
55594670
55595742
55593105
55595472
55592252
55593051
55595450
55594130
55598060
55591188
55595324
55594760
55594204
55590754
55593117
55594132
55594274
55590636
55594034
55592680
55593048
55594284
55591002
55592444
55594038
55591186
55591182
55591230
55598072
55598018
55590824
55590212
55595015
55592480
55598092
55595344
55591238
55590632
55590012
55590162
55590164
55590128
55592672
55594348
55591008
55591006
55590040
55590030
55592232
55592684
55590026
55598054
55592302
55590132
55594750
55594000
55594006
55594118
55594120
55594136
55592072
55590086
55590084
55595558
55594116
55593287
55593045
55594148
55595572
55591168
55598068
55595748
55594694
55598066
55593361
55592070
55590138
55590114
55595108
55593138
55592226
55592230
55592284
55593499
55593340
55593120
55592660
55594236
55592438
55592624
55593322
55590126
55592080
55592626
55594768
55595117
55592502
55592504
55594260
55590186
55595057
55592436
55590176
55595033
55592522
55592524
55592526
55592530
55592532
55592534
55592536
55592538
55592540
55594484
55590172
55595123
55592750
55595063
55592454
55592456
55598044
55592214
55590484
55595111
55592192
55592470
55592520
55594378
55592066
55593153
55592034
55595175
55590182
55595078
55592546
55592820
55598088
55594280
55592440
55593102
55593502
55593334
55598062
55593463
55598040
55592492
55593189
55594134
55590834
55590108
55590110
55590112
55592056
55593283
55595480
55590098
55595196
55598048
55594310
55595214
55592090
55598014
55590036
55595084
55593042
55594186
55590610
55598094
55595470
55590088
55590622
55590230
55594286
55594342
55592734
55595758
55592776
55593307
55592810
55593036
55593493
55592176
55598016
55592052
55594698
55590618
55592001
55591208
55592780
55598070
55590760
55592292
55590056
55590054
55592062
55593096
55592662
55595592
55595208
55595235
55594288
55595422
55594594
55592050
55595241
55595326
55593490
55592054
55593087
55594396
55595338
55594394
55593475
55594678
55592510
55595604
55590058
55590072
55590074
55590744
55595045
55590838
55592790
55593030
55595205
55591040
55594194
55595003
55591248
55592760
55598012
55592788
55591064
55591078
55591068
55591066
55595442
55594692
55592482
55595334
55595051
55594440
55595560
55594446
55592824
55595166
55592474
55592272
55594290
55593517
55590134
55590106
55590122
55590016
55590018
55590206
55598084
55598082
55590630
55594106
55592468
55594296
55593514
55595202
55591244
55595440
55594346
55595556
55595756
55595762
55595750
55593021
55593072
55593024
55595274
55593078
55598096
55598000
55593006
55592804
55594520
55592105
55594330
55594500
55593075
55593298
55594580
55590001
55595574
55593186
55598058
55590496
55593484
55590494
55591174
55598036
55595740
55592406
55592408
55592410
55595746
55595566
55595434
55590480
55591252
55594292
55591076
55592708
55594334
55593171
55592768
55593108
55594104
55594390
55591028
55595448
55594406
55590032
55591196
55593355
55592184
55592186
55593084
55594660
55592802
55592828
55592702
55594684
55595468
55598010
55591024
55591038
55591042
55591044
55591054
55591046
55591048
55591050
55591052
55594442
55594365
55592042
55593069
55591242
55593346
55594550
55592044
55592682
55592404
55593066
55594458
55594400
55592088
55592746
55595420
55595394
55590046
55590048
55590090
55590096
55590102
55595178
55592416
55592262
55594010
55590506
55595554
55595404
55591074
55590130
55590140
55595576
55594122
55590720
55590722
55595584
55590474
55595580
55590028
55594020
55594026
55590014
55590210
55590214
55592508
55592742
55592466
55592312
55590822
55590166
55590136
55593156
55592678
55592208
55595193
55594494
55594496
55593328
55593174
55592048
55593478
55592286
55592712
55594294
55591214
55595416
55592774
55591212
55595169
55592298
55592180
55592692
55590010
55592188
55592198
55592648
55592812
55593003
55594784
55592784
55592738
55590634
55590614
55595105
55593141
55592638
55594014
55592300
55592256
55594298
55592658
55592372
55592306
55592786
55593469
55598080
55593511
55593313
55590600
55592794
55591192
55592782
55592770
55594686
55592216
55592218
55593159
55594056
55594058
55595398
55592294
55592560
55594094
55595096
55595390
55594584
55595452
55595217
55595232
55594372
55592630
55595752
55592046
55594800
55595754
55590584
55592304
55594092
55594100
55595730
55595406
55594046
55594054
55594102
55594152
55594002
55594021
55594444
55595265
55590124
55592248
55592290
55590042
55595027
55592830
55598064
55595596
55593523
55593466
55593292
55592172
55592816
55593289
55594498
55594208
55592288
55592058
55593352
55592422
55590638
55592798
55592622
55594478
55594480
55594490
55592392
55592394
55592038
55594586
55594798
55598034
55594448
55594408
55590734
55590736
55590738
55590746
55590748
55590750
55590752
55590756
55592296
55595428
55592500
55592014
55598046
55594060
55590626
55593012
55594114
55598074
55590596
55590498
55591202
55591180
55590590
55590006
55590062
55590064
55592666
55594782
55591226
55595414
55591030
55591036
55592442
55593460
55595412
55594380
55594300
55593526
55592756
55595418
55593487
55595093
55592628
55591178
55598038
55594042
55594044
55598086
55592182
55590200
55595081
55592506
55594252
55593481
55594248
55594304
55592170
55592554
55593370
55592644
55593009
55590832
55590204
55595018
55594250
55593508
55594450
55594452
55594454
55594456
55594008
55593183
55594144
55594362
55590826
55595120
55592542
55592544
55590604
55594090
55594098
55592200
55594230
55594234
55594238
55594240
55594242
55592728
55593039
55595476
55591034
55591032
55595462
55592210
55592212
55590490
55595436
55594514
55595340
55595066
55598032
55591232
55594752
55591198
55595738
55594184
55594182
55592412
55595608
55594192
55595606
55595594
55594796
55592424
55595446
55594128
55594522
55593000
55594388
55594198
55595256
55592724
55598078
55591234
55591184
55595454
55592380
55592382
55592384
55592386
55592388
55592266
55595163
55595744
55590100
55592238
55592282
55594004
55591172
55592006
55592686
55592796
55594412
55593027
55593081
55598030
55595578
55592698
55594140
55590504
55594202
55595432
55595466
55592008
55592832
55594598
55592010
55595001
55592700
55592694
55593301
55593147
55594688
55592650
55593033
55593472
55598050
55592640
55595570
55595550
55595598
55595277
55593367
55594680
55595478
55594662
55593144
55598105
55598024
55595036
55590002
55594766
55593325
55594386
55592370
55592778
55595160
55592676
55594524
55594472
55594364
55594366
55594368
55590628
55595460
55593015
55595024
55592528
55592550
55594266
55590836
55590170
55592478
55594482
55592012
55592642
55590178
55595030
55592552
55594256
55592822
55590184
55594457
55594756
55594682
55590360
55592426
55594200
55594206
55591067
55593177
55592632
55590024
55590724
55590726
55590728
55590730
55590732
55590742
55590104
55590594
55590116
55590118
55590120
55594460
55594462
55594502
55594504
55594512
55594488
55598899
55594466
55595006
55595184
55594340
55594492
55590602
55594350
55594384
55594776
55595564
55594772
55594790
55590624
55590582
55590586
55590588
55590592
55590606
55590612
55590476
55590020
55590022
55590009
55593358
55592674
55592814
55593337
55594778
55594050
55594052
55592280
55592236
55593316
55590828
55595009
55594244
55595008
55598052
55593018
55595060
55591246
55591204
55591194
55591236
55591250
55591240
55595259
55590830
55590208
55595012
55592516
55594246
55591222
55592374
55592752
55594302
55594588
55592086
55590070
55592254
55592234
55595253
55592636
55595444
55595271
55594758
55594762
55590066
55590068
55594696
55592068
55592716
55592174
55592826
55595458
55591170
55592004
55595135
55598002
55592448
55594468
55593349
55592084
55593520
55598006
55595342
55598004
55595474
55594352
55594700
55594146
55592834
55592670
55593168
55594374
55592730
55592484
55592040
55592744
55594382
55594600
55590502
55594108
55590034
55594664
55592060
55592376
55595552
55592036
55595114
55592512
55592514
55594360
55590174
55595021
55592548
55594262
55595424
55594476
55595734
55592464
55592818
55592558
55592476
55592418
55592420
55594398
55592654
55592722
55598020
55592450
55594470
55594272
55590472
55590168
55595090
55592194
55592518
55595172
55594376
55592652
55592082
55590795
55594138
55594592
55592634
55592452
55595396
55590608
55590080
55590762
55591072
55598008
55595268
55595190
55594410
55595555
55591026
55595211
55594506
55594508
55594510
55595262
55590500
55593319
55590202
55595069
55592496
55592498
55590192
55592486
55592754
55590196
55592462
55592460
55590188
55592488
55592446
55592458
55590194
55595042
55592490
55590198
55595039
55592494
55592178
55590190
55591216
55590486
55595075
55595322
55594666
55591224
55592260
55592656
