55704108
55704306
55702338
55708066
55707644
55707327
55708036
55707210
55707174
55708105
55706147
55708423
55702072
55702503
55702434
55702437
55706009
55707674
55707276
55707267
55702558
55708159
55704021
55704147
55704003
55702573
55707024
55702494
55704242
55704511
55702419
55702518
55702416
55702422
55708021
55708192
55707009
55707668
55708495
55702452
55702449
55706063
55707234
55704051
55702012
55702467
55702470
55706003
55702166
55702329
55702275
55706093
55706018
55708429
55707075
55708006
55706387
55708507
55702139
55708177
55708228
55702284
55706099
55706141
55707081
55708041
55708072
55707099
55704278
55707315
55702440
55707399
55707177
55707360
55708231
55707599
55706027
55706030
55707231
55702600
55702576
55704194
55704197
55704111
55704355
55707141
55702229
55702015
55702410
55706144
55702202
55708060
55708483
55707703
55704135
55702585
55704114
55702238
55702235
55702413
55702341
55708550
55702030
55707686
55707608
55706150
55702588
55707003
55706069
55707312
55708252
55708279
55707602
55707617
55704117
55704254
55702591
55707369
55707012
55706024
55707309
55708258
55707270
55707330
55706171
55706174
55706177
55704060
55704179
55704321
55708183
55704129
55702368
55704159
55704144
55704263
55704266
55704057
55706081
55702335
55708051
55707677
55707285
55707384
55707138
55707680
55707195
55707201
55707336
55708267
55707390
55702353
55707165
55706126
55702303
55702375
55706096
55704132
55707333
55704024
55706390
55702232
55708201
55702211
55702115
55704126
55704030
55706342
55708249
55704027
55704069
55704318
55708075
55706159
55702157
55702039
55704045
55702054
55702473
55702199
55708255
55704099
55702594
55702406
55702217
55707321
55702175
55707623
55702425
55702428
55704063
55704066
55702497
55702606
55702085
55702090
55702063
55708153
55708285
55702169
55702326
55706372
55702042
55708465
55707183
55707093
55707053
55702281
55706108
55704212
55708237
55708144
55708216
55708087
55707069
55708625
55706057
55706378
55706384
55706357
55708468
55704081
55702506
55704176
55702208
55702615
55707135
55702371
55707620
55706129
55704245
55704505
55707063
55708426
55704105
55702272
55708012
55707136
55707105
55708480
55706351
55704200
55702476
55706348
55702543
55707021
55707258
55704260
55704508
55702109
55707189
55708240
55708084
55704042
55702461
55702464
55702251
55702552
55704138
55704303
55704221
55704224
55704227
55707087
55706366
55702561
55707198
55704006
55704281
55704084
55702512
55708477
55702142
55702320
55708108
55702266
55706105
55704309
55708504
55707527
55708198
55707033
55704339
55704514
55708123
55702009
55707291
55702254
55702362
55707671
55706132
55708018
55706168
55702300
55706102
55702407
55704182
55702033
55702546
55702075
55704275
55708628
55707114
55704015
55702359
55707090
55706363
55707048
55708180
55706021
55702124
55702136
55704188
55707216
55708501
55702242
55707662
55702455
55702118
55702190
55702196
55708634
55706006
55706375
55707078
55704236
55704090
55702536
55707393
55704348
55704517
55708420
55702555
55702223
55708003
55707495
55704075
55702485
55708225
55706066
55707084
55706360
55704203
55706165
55702309
55706114
55702527
55707647
55707324
55704233
55704499
55702112
55702567
55702214
55706015
55704173
55707237
55708099
55707629
55702618
55704345
55707297
55708030
55704493
55702332
55704209
55707273
55708492
55708631
55708168
55708210
55708024
55704239
55704312
55704162
55708189
55707096
55704293
55704251
55704460
55706162
55704361
55707509
55707650
55707261
55707638
55704102
55702069
55707539
55702515
55704012
55708273
55707653
55706381
55708294
55708297
55708300
55708303
55708306
55708309
55708312
55708315
55708318
55708321
55708324
55708327
55708330
55708333
55708336
55708339
55708342
55708345
55708348
55708351
55708354
55708357
55708360
55708363
55708366
55708369
55708372
55708375
55708378
55708381
55708384
55708387
55708390
55708393
55708396
55708399
55708402
55708305
55708408
55708411
55702036
55707018
55708102
55707626
55707030
55704248
55704502
55702390
55706156
55702311
55706120
55706036
55707108
55707126
55707264
55706078
55706033
55702549
55707641
55708270
55702431
55707123
55707243
55708039
55706026
55702524
55702398
55707632
55707536
55707683
55706048
55706051
55706054
55708033
55708291
55708498
55706060
55708063
55704048
55708114
55704009
55707249
55702198
55704287
55702365
55707111
55708090
55702130
55702121
55707611
55704120
55702220
55706339
55702446
55708186
55708117
55704087
55702509
55702048
55707129
55702597
55702530
55704191
55707072
55708376
55702066
55708622
55706354
55706138
55702148
55707288
55702154
55708474
55708171
55704218
55704257
55708219
55706135
55708009
55702133
55702003
55707066
55704206
55707120
55702533
55708048
55708126
55707303
55702006
55707512
55707614
55704054
55702500
55707381
55707147
55708162
55707378
55702263
55707396
55707171
55707027
55707159
55707665
55702193
55708486
55708619
55708222
55704093
55702521
55704156
55702570
55702479
55702482
55702443
55706087
55706123
55702306
55706153
55708145
55704096
55707557
55704170
55704364
55707560
55702458
55702027
55708264
55708511
55704153
55704324
55708165
55708213
55702491
55702493
55702260
55702374
55702387
55708535
55702269
55706111
55702078
55704072
55704078
55707566
55706294
55707342
55708517
55707345
55708520
55707351
55708523
55707348
55708526
55707354
55708529
55707357
55708532
55708538
55708414
55708417
55704403
55704463
55704397
55707498
55707569
55707563
55707402
55706180
55706183
55706308
55706273
55706234
55706243
55708432
55708553
55708541
55704406
55704394
55704330
55707572
55707405
55706186
55706312
55706276
55706237
55706246
55708435
55708556
55708544
55704409
55704466
55704391
55704333
55708147
55707515
55707575
55707408
55706189
55706315
55706279
55706240
55706249
55708234
55708438
55708559
55708547
55704412
55704469
55704388
55708150
55707518
55707578
55707411
55706192
55706318
55706282
55706252
55708514
55708441
55708562
55708462
55704415
55704472
55704385
55707521
55707581
55707414
55706195
55706321
55706285
55706255
55708444
55708565
55704418
55704475
55704382
55707524
55707584
55707417
55706198
55706324
55706288
55706258
55708447
55708568
55704421
55704478
55704379
55707420
55706201
55706327
55706291
55706261
55708450
55708571
55704424
55704481
55704376
55707530
55707590
55707423
55706204
55706330
55706264
55708453
55708574
55704427
55704484
55704373
55707533
55707593
55707426
55706207
55706333
55706297
55706267
55708456
55708577
55704430
55704487
55704370
55707542
55707429
55706210
55706336
55706300
55706270
55708459
55708580
55704433
55704490
55707545
55707432
55706213
55706303
55708583
55704436
55704367
55707548
55707435
55706216
55706306
55708586
55704439
55707551
55707438
55706219
55708589
55704442
55707441
55706222
55708592
55704445
55707444
55708595
55704457
55707554
55707447
55706228
55708598
55704451
55707450
55706231
55708601
55707453
55708604
55707456
55708607
55706393
55707459
55708610
55704448
55707462
55708613
55707465
55708616
55707468
55707471
55707474
55707477
55707480
55707483
55707486
55707489
55707492
55706225
55707656
55707689
55707366
55707144
55702205
55707039
55707156
55702127
55702350
55708132
55708135
55708288
55706045
55706012
55702393
55702395
55702401
55708174
55708042
55707042
55707246
55707506
55707051
55702564
55704284
55704315
55702103
55707659
55707168
55702579
55704215
55704141
55704185
55702172
55702323
55704272
55704336
55704342
55702145
55707117
55707132
55707372
55707015
55707150
55707222
55707339
55702106
55707325
55707180
55707282
55707255
55707219
55707240
55706369
55702317
55702160
55704358
55707192
55707318
55708078
55702045
55708156
55708111
55702257
55708081
55702540
55702245
55702248
55708093
55707279
55707102
55708195
55702051
55702609
55706090
55708471
55706084
55704036
55702356
55702347
55708489
55704352
55706117
55708069
55702021
55707363
55707162
55707213
55704150
55704039
55704400
55707387
55702344
55708243
55706345
55708057
55707207
55702314
55706039
55706075
55706042
55708129
55708282
55707635
55707587
55708120
55702226
55704123
55707204
55706072
55708054
55702603
55708027
55708261
55707605
55707006
55707045
55704230
55707054
55707057
55707060
