53421030
53405673
53431775
53413800
53402565
53435482
53404775
53402265
53431215
53431495
53439205
53435475
53402503
53423320
53402080
53413240
53420488
53425380
53422738
53425280
53404358
53401245
53401410
53415310
53402752
53423590
53407770
53433580
53404325
53439290
53403220
53405320
53439080
53401441
53423440
53413350
53413351
53413352
53413353
53413354
53402022
53402032
53402021
53402029
53402027
53402026
53402025
53402024
53402028
53402020
53402023
53403230
53404403
53402030
53429620
53429622
53437710
53421700
53413780
53429150
53439040
53415120
53402540
53417285
53425180
53439020
53415050
53425400
53422718
53437300
53415170
53435520
53435430
53402055
53425025
53425420
53427040
53439300
53415140
53402648
53431050
53433530
53439520
53401160
53401255
53405390
53439310
53431605
53402085
53402086
53402087
53435561
53435560
53411005
53429060
53409815
53409816
53404335
53431125
53433540
53427760
53404215
53403824
53431680
53429530
53427135
53413215
53407790
53429725
53421760
53421761
53427111
53427110
53433180
53433181
53433182
53431670
53423360
53431245
53425010
53421810
53425030
53403555
53403556
53403557
53401265
53403690
53401535
53401760
53435410
53435400
53411327
53401170
53429330
53425020
53405080
53405082
53427730
53431255
53425000
53431660
53429420
53402183
53402380
53439500
53415040
53439260
53404317
53413491
53413490
53403691
53409245
53419700
53402658
53427050
53429461
53425790
53404196
53435795
53402150
53403010
53404315
53402505
53401815
53427610
53404305
53402190
53431650
53405748
53402100
53402230
53402460
53409465
53437185
53431640
53403410
53425170
53422722
53435452
53423450
53423740
53423410
53403285
53409847
53439240
53422451
53425230
53425160
53409025
53439140
53427290
53437240
53402810
53435610
53425150
53404105
53402802
53402803
53402804
53401040
53439670
53413480
53403610
53401680
53444360
53420440
53421420
53419160
53423600
53429510
53425430
53422640
53402705
53421625
53419670
53404367
53409110
53427240
53407780
53402835
53443781
53443782
53443783
53443785
53443786
53443787
53443788
53443780
53443784
53422530
53441347
53431850
53427245
53421780
53439380
53427770
53402855
53417070
53417071
53405322
53437080
53413310
53413311
53413312
53420496
53433000
53439590
53442390
53425240
53425190
53433570
53402466
53425260
53425720
53431620
53431600
53431630
53425680
53431610
53439230
53415130
53425670
53425750
53437595
53402652
53439110
53415000
53404686
53431765
53404500
53429560
53431460
53435130
53423560
53402135
53402136
53409750
53431145
53429130
53439430
53409505
53425755
53431235
53429670
53402780
53435310
53439280
53420480
53402440
53442345
53405720
53405689
53409228
53429410
53423000
53421720
53429520
53419195
53443080
53402654
53419600
53422520
53442335
53437170
53413225
53401070
53404535
53439370
53401340
53401338
53437605
53431785
53433520
53431400
53402581
53402580
53402583
53405623
53405585
53405645
53421037
53421036
53421038
53421039
53423461
53413805
53405372
53421392
53402575
53403510
53403511
53404235
53403826
53427330
53427520
53425480
53425270
53425700
53405545
53442385
53425615
53429065
53425640
53425660
53422410
53425490
53425690
53431265
53425630
53417115
53431450
53425500
53439100
53417160
53427465
53425655
53425450
53425650
53425651
53425652
53425653
53403360
53427635
53429425
53401350
53427100
53405115
53404170
53404171
53422736
53439760
53423105
53402572
53437350
53402494
53439120
53416160
53439090
53404050
53431560
53404090
53442050
53425440
53431275
53425620
53404620
53439440
53417120
53417121
53442395
53431285
53425610
53425560
53409848
53404625
53435500
53433790
53431725
53422500
53402010
53402019
53402017
53402018
53402011
53402016
53402015
53402014
53402013
53402452
53402012
53431090
53417480
53417620
53413470
53419240
53419200
53419180
53431295
53425590
53425591
53429550
53439210
53416090
53402498
53439450
53417130
53421565
53422380
53401360
53427350
53425460
53431305
53425580
53439015
53439016
53402305
53401620
53425510
53422748
53404450
53404465
53439330
53431550
53439030
53405615
53417190
53403592
53405605
53439130
53439770
53402805
53404205
53425470
53422720
53404745
53413442
53431697
53431325
53425250
53402630
53429710
53425530
53439320
53417180
53439801
53435840
53402310
53405625
53403775
53441601
53441602
53441604
53441605
53441603
53441606
53401273
53401270
53401675
53429675
53431335
53433490
53439060
53439050
53437040
53425550
53425350
53422732
53422635
53404355
53431790
53425220
53413000
53420140
53416710
53409260
53425770
53431345
53437030
53437020
53431120
53429135
53433550
53405450
53421035
53405455
53413810
53421394
53402585
53425140
53439220
53423760
53437150
53429090
53429355
53437160
53403570
53427170
53437072
53437071
53437070
53413685
53413686
53413687
53427120
53435750
53416000
53431355
53437140
53404630
53404635
53404633
53402720
53405350
53427150
53415380
53435350
53425360
53425730
53435065
53435510
53402815
53435448
53404700
53435470
53437410
53429750
53437420
53425710
53413680
53401510
53405131
53409125
53404520
53422744
53441625
53423030
53401000
53415370
53402793
53429100
53427780
53415308
53415309
53415301
53415300
53415302
53415303
53415304
53415305
53415306
53415307
53415289
53415299
53435280
53441795
53429085
53427550
53429110
53423040
53423060
53423240
53423550
53439150
53443100
53423623
53443101
53443102
53435434
53437735
53441510
53417715
53420000
53416695
53409005
53409006
53413095
53404275
53429370
53429120
53421710
53405636
53431845
53402775
53429780
53429740
53425320
53423250
53423260
53404320
53442030
53421805
53405263
53405725
53405264
53404280
53404281
53404282
53404283
53404284
53404285
53404286
53404287
53404289
53405170
53402430
53402502
53401725
53413245
53402003
53403750
53413120
53413125
53419720
53435590
53437060
53429140
53427670
53427510
53437180
53417220
53437200
53417230
53437201
53429760
53435450
53423070
53403480
53405070
53435458
53405420
53423300
53415210
53415211
53402713
53405140
53405260
53413540
53402545
53403210
53402358
53417250
53416720
53416730
53427220
53435480
53429790
53419340
53402624
53421740
53427030
53431135
53437220
53435464
53421471
53407120
53441500
53407240
53442040
53407580
53407600
53407660
53407650
53407610
53407630
53407640
53407605
53407590
53407300
53407010
53442170
53407350
53442180
53442181
53442190
53421491
53407220
53441495
53421501
53442130
53407305
53442131
53442132
53442133
53442134
53442135
53442136
53442110
53407270
53442000
53407310
53407520
53405817
53407560
53407575
53407510
53407511
53407512
53407513
53407530
53407570
53407540
53405813
53442150
53442151
53407230
53442060
53441540
53442070
53442071
53442072
53442080
53442081
53442082
53442083
53442084
53407331
53442160
53407250
53407670
53407740
53407345
53407700
53407701
53407710
53407730
53407550
53407690
53407720
53407715
53407260
53442100
53421500
53407225
53441530
53442020
53442021
53407320
53442140
53407470
53405744
53407450
53405803
53405773
53407430
53405766
53405768
53407440
53407460
53421490
53407130
53407420
53441580
53441585
53441130
53407500
53441550
53441555
53441560
53407495
53441565
53407480
53441570
53407481
53407482
53441571
53441572
53441573
53407490
53441590
53441120
53441140
53407410
53407483
53407400
53427655
53401390
53420476
53433760
53423823
53411550
53433440
53437475
53402760
53421730
53429080
53431440
53431510
53421785
53404130
53403311
53407210
53435490
53444410
53422000
53417725
53441380
53421260
53409590
53444120
53444121
53441630
53441632
53421301
53409560
53421271
53409530
53441220
53409490
53421521
53421290
53421310
53409520
53441200
53421300
53409540
53421291
53409550
53409551
53421292
53421520
53409570
53441190
53421261
53409580
53444000
53441216
53431792
53402140
53435800
53413132
53402605
53439803
53421815
53442090
53431166
53431167
53439000
53437000
53435000
53433260
53431165
53429000
53427000
53427085
53443110
53443111
53443112
53402610
53422610
53425310
53402050
53429800
53420340
53420330
53418160
53418165
53444500
53441110
53444501
53404550
53402656
53402496
53419350
53401740
53403630
53405600
53429701
53429702
53429703
53403631
53403656
53404350
53437210
53409796
53409797
53403155
53433600
53402490
53439780
53441171
53402785
53431740
53405715
53422175
53435390
53435380
53405110
53437390
53401530
53402390
53444045
53444046
53444047
53431055
53422650
53443000
53443002
53403001
53435570
53405430
53433470
53423290
53431590
53423080
53417090
53417091
53423100
53402622
53423200
53429770
53423110
53443130
53443131
53411221
53429690
53425570
53429170
53455010
53429275
53431690
53437190
53423220
53433590
53437590
53405470
53439560
53405550
53405560
53405460
53439460
53405490
53439580
53405510
53405520
53405530
53405540
53405081
53421610
53423462
53413815
53421611
53421612
53421396
53402595
53409837
53409838
53413190
53402300
53427675
53419220
53442010
53439813
53409380
53429720
53404645
53429220
53402683
53429700
53425520
53413205
53429650
53401560
53401562
53404770
53403300
53437290
53409420
53439610
53444530
53422010
53421101
53444350
53422020
53403585
53409181
53421090
53409230
53429430
53421091
53444330
53422040
53407255
53404610
53421100
53444340
53409835
53422050
53409055
53417510
53433500
53429820
53429810
53437151
53439250
53407620
53409330
53444380
53417702
53401744
53429285
53422075
53401661
53402517
53435530
53409335
53422540
53437120
53402464
53409655
53422590
53441125
53421840
53443185
53425425
53422740
53437510
53409440
53439630
53444540
53422080
53444541
53444542
53444545
53444546
53441610
53441620
53402360
53444543
53441612
53429755
53402600
53402603
53402607
53402613
53421605
53423466
53413820
53402456
53405480
53423575
53402423
53402730
53402845
53433135
53402476
53401080
53401081
53429400
53439160
53439470
53425810
53429345
53405305
53402787
53402165
53421670
53439820
53439595
53441750
53421842
53439045
53423130
53416800
53425300
53401240
53401235
53429590
53429630
53425760
53402626
53419650
53402130
53439070
53417260
53416545
53416546
53416556
53416557
53416558
53403580
53403600
53402765
53402210
53429745
53433715
53405732
53402220
53422734
53413300
53413301
53413302
53423090
53422724
53437837
53433510
53431105
53413790
53425780
53422420
53420455
53420456
53404065
53404085
53401180
53422665
53420472
53415030
53404445
53429830
53405410
53402458
53402628
53421800
53429660
53420460
53419735
53435170
53439811
53421560
53413825
53402614
53409795
53429210
53403460
53402362
53442370
53405060
53405300
53404555
53420425
53441105
53401300
53437480
53416130
53427720
53416245
53441780
53441781
53441782
53441783
53441784
53404300
53442360
53442361
53442363
53423400
53403295
53402707
53419300
53423837
53403760
53403770
53437730
53439170
53433210
53433211
53433214
53401451
53429270
53437205
53413140
53437690
53409845
53413040
53402110
53404690
53402510
53437550
53439720
53417112
53417145
53413325
53405330
53401460
53404250
53404655
53403640
53403641
53429245
53401670
53431755
53402065
53433055
53405040
53444030
53444031
53444032
53402170
53435770
53433160
53404080
53402700
53429390
53403120
53441787
53442365
53442367
53442366
53405380
53421830
53403245
53439730
53404680
53423520
53402850
53402425
53403365
53403141
53401315
53405717
53433780
53404505
53402830
53401250
53405315
53405313
53442400
53402523
53401305
53429680
53425740
53402615
53402617
53423467
53413830
53433150
53401100
53429570
53431480
53437540
53417400
53435250
53417280
53417281
53402783
53416590
53413060
53404760
53402420
53402040
53402660
53403290
53420500
53404740
53402472
53417500
53444490
53442045
53441600
53402195
53404755
53435790
53403587
53423420
53404545
53415260
53405570
53439180
53401310
53423280
53439181
53405370
53439155
53402859
53429640
53413210
53402060
53413590
53439200
53401640
53404720
53437380
53437650
53417290
53427580
53423840
53425725
53437640
53416140
53403590
53413720
53437630
53417270
53431470
53437840
53423270
53435370
53437310
53429840
53403446
53404220
53403828
53404077
53433810
53425050
53425051
53427425
53439510
53433040
53404660
53423463
53413835
53431045
53404330
53409050
53441505
53437515
53402665
53427625
53439350
53437842
53403131
53403130
53423480
53431570
53413580
53413581
53403485
53413582
53402620
53422630
53422660
53403820
53439190
53439193
53402840
53429450
53403450
53405603
53405360
53402770
53433650
53429030
53435550
53435549
53435548
53435547
53435546
53435545
53402368
53409849
53413630
53439270
53421385
53401450
53435031
53437820
53435030
53437700
53423465
53402525
53417405
53437800
53437740
53437750
53417390
53429185
53437362
53437361
53437360
53417300
53423510
53404430
53404365
53404225
53403830
53423180
53401810
53401811
53404650
53401110
53416080
53404370
53417580
53425080
53425081
53437520
53401505
53420320
53429610
53423190
53435432
53437733
53435454
53425565
53423050
53437600
53417380
53437790
53416100
53425070
53421425
53427680
53423170
53417080
53431700
53419640
53425060
53401590
53401591
53404070
53439810
53429040
53433610
53422580
53439530
53422430
53423150
53423790
53437760
53433140
53404030
53431825
53423230
53423010
53437720
53425200
53422730
53431370
53423120
53431530
53423210
53427065
53402762
53402527
53421600
53402529
53437610
53417310
53420470
53435442
53413365
53421845
53427660
53423390
53402703
53433120
53403312
53404360
53427530
53427090
53401210
53416170
53405505
53443030
53405265
53417000
53409846
53413020
53409825
53413640
53437850
53435230
53404665
53420474
53435484
53403225
53439812
53403620
53403621
53402167
53405125
53403650
53402570
53433450
53401720
53416020
53416021
53404705
53437320
53402468
53439791
53404510
53401625
53422030
53422490
53402820
53402632
53413185
53439790
53437050
53439690
53427480
53403505
53437844
53439010
53437010
53435010
53433270
53431175
53429010
53427010
53433170
53423833
53427710
53439410
53423340
53402728
53429260
53403560
53404210
53403822
53402655
53402432
53402462
53437490
53431395
53429445
53405261
53405262
53405191
53405192
53405190
53401233
53402290
53437810
53435020
53437495
53437230
53401400
53401341
53401342
53404412
53413390
53413391
53429300
53427080
53401405
53401370
53401375
53419230
53427260
53402670
53427700
53403080
53401395
53423330
53413525
53402115
53402117
53402116
53402105
53427470
53435210
53401140
53401145
53431705
53429395
53421825
53423160
53423161
53417360
53417361
53415385
53419360
53419290
53423800
53431545
53435105
53417370
53404140
53404141
53403755
53427620
53405711
53405704
53405705
53405706
53405707
53402255
53431540
53401225
53401226
53401227
53402485
53413235
53422550
53441095
53420486
53402847
53402827
53431315
53425540
53425605
53431155
53415386
53403780
53403126
53435120
53433100
53427630
53416630
53435600
53435601
53402642
53402643
53402644
53402207
53419250
53419251
53431350
53402005
53413650
53427020
53401435
53402635
53402645
53437250
53435300
53433630
53409805
53409806
53405580
53402197
53435320
53433665
53431832
53443392
53402857
53433460
53405713
53402442
53401650
53401845
53404290
53417350
53417166
53401630
53413530
53401631
53401632
53402852
53404245
53403832
53402662
53404795
53433070
53404785
53435355
53404405
53439420
53427650
53427410
53427340
53413620
53403140
53433220
53423825
53409090
53407000
53402427
53402772
53402675
53415200
53402767
53402542
53402160
53402161
53402162
53402727
53427230
53409740
53409741
53402842
53423570
53420494
53437560
53437620
53404425
53405440
53402186
53402185
53443180
53402664
53407150
53422510
53421590
53419320
53423460
53423165
53437330
53437340
53417330
53415710
53423020
53435260
53417340
53431420
53404345
53401635
53435190
53401770
53402532
53423500
53402520
53402280
53433060
53429765
53413280
53404340
53404725
53429310
53431430
53402474
53417755
53435220
53417320
53413152
53413154
53413150
53405640
53405641
53423205
53401835
53416750
53402330
53423225
53404110
53423490
53401150
53401072
53401074
53401076
53401078
53401083
53401085
53420420
53420010
53420100
53420110
53420120
53420130
53420135
53420150
53420160
53420170
53420180
53420190
53420020
53420200
53420210
53420220
53420230
53420240
53420250
53420260
53420270
53420280
53420290
53420030
53420300
53420310
53420040
53420050
53420060
53420070
53420080
53420090
53422390
53401335
53422620
53409500
53402395
53422714
53439705
53403060
53439785
53431800
53433620
53439660
53413460
53427490
53423540
53402666
53435455
53437260
53402260
53402685
53402215
53404230
53403842
53431840
53402640
53423750
53421680
53402750
53402680
53402366
53420498
53415531
53415532
53415533
53415530
53416410
53433030
53433031
53401621
53402090
53421595
53423464
53402492
53403575
53403576
53417450
53420478
53404233
53403834
53433720
53402812
53437580
53435700
53433410
53435701
53435702
53435704
53435703
53413710
53420492
53401735
53401736
53431780
53435040
53404010
53435462
53402535
53404015
53404017
53404016
53404018
53404590
53404591
53404592
53404593
53404594
53404595
53402536
53402537
53404525
53413660
53437430
53405160
53402433
53413560
53435580
53435581
53417521
53417520
53413331
53413330
53433480
53427460
53422460
53402743
53405310
53402270
53427210
53422600
53402550
53403065
53403066
53403067
53413730
53439171
53427270
53403100
53402374
53404395
53435330
53402454
53429460
53437280
53403280
53427310
53409195
53409196
53444020
53427180
53413511
53413510
53429380
53437770
53402177
53441793
53442355
53415330
53423470
53425665
53413600
53429775
53402285
53429070
53439700
53409728
53402120
53402123
53402121
53402122
53407355
53402155
53405317
53409360
53409844
53413200
53409852
53409854
53419610
53413610
53401825
53404150
53402235
53402236
53402320
53402325
53404431
53404432
53437780
53413151
53420484
53401237
53429305
53402737
53433800
53437090
53402725
53433090
53401627
53435080
53441595
53413250
53413251
53413155
53404765
53416575
53404780
53433820
53402245
53422560
53419580
53404307
53404200
53404201
53404202
53404203
53404270
53404670
53423215
53401095
53427250
53439151
53402385
53439025
53413085
53402740
53423370
53415190
53427380
53431070
53422370
53425800
53431565
53429190
53423380
53404075
53422750
53439680
53419285
53441790
53442380
53403305
53401415
53404255
53443120
53443121
53401065
53403150
53402710
53437530
53403275
53421750
53404390
53409205
53441115
53429180
53427320
53402590
53427140
53423580
53431555
53401730
53401731
53404295
53402275
53401230
53403310
53419630
53437370
53431520
53401220
53417440
53416070
53435440
53405301
53416120
53405210
53435444
53423815
53437130
53403251
53404190
53403255
53403256
53403257
53403258
53403253
53417771
53417772
53417773
53416770
53402045
53437470
53437670
53417430
53435085
53423140
53433250
53403170
53403050
53431806
53439390
53402554
53402558
53419130
53416150
53404640
53427360
53405595
53429785
53405150
53441360
53441361
53421690
53421650
53429290
53402634
53423235
53425040
53431410
53404353
53402560
53429071
53429072
53429073
53429074
53419620
53437450
53433110
53427450
53402175
53413090
53401610
53401611
53401612
53401613
53401615
53433190
53423830
53429615
53422712
53404460
53404470
53405120
53439802
53429315
53404218
53403836
53404035
53422645
53435275
53404227
53403840
53402482
53421051
53409410
53439600
53444520
53422090
53403550
53421461
53441400
53407750
53421441
53407060
53441450
53421451
53407050
53441420
53421480
53407140
53441490
53421481
53421482
53421483
53421430
53407090
53421470
53407110
53441440
53421440
53407070
53441460
53421431
53407080
53441470
53421450
53407100
53441430
53407101
53421460
53407040
53441410
53404485
53402445
53404495
53423310
53401345
53433640
53402250
53419710
53419711
53421380
53441070
53409065
53409066
53421400
53441310
53441311
53441090
53407170
53421510
53407030
53441350
53421505
53421410
53407020
53441340
53441341
53441342
53421391
53441300
53407190
53441301
53421401
53441320
53407810
53441321
53421411
53407200
53441330
53441331
53441334
53441335
53441333
53421412
53441100
53407180
53421390
53441080
53407160
53441332
53421050
53409390
53439540
53422100
53429465
53401754
53405090
53403400
53401570
53437680
53416570
53416571
53425330
53425331
53425332
53425333
53402690
53419680
53421061
53409430
53439620
53422110
53429160
53442120
53437660
53417460
53417461
53435160
53401840
53437852
53402776
53435476
53402790
53441210
53439152
53405180
53417530
53429200
53429201
53423610
53435460
53402507
53423255
53423730
53435472
53431835
53425410
53425411
53425412
53425413
53437570
53404710
53429500
53427300
53435060
53417602
53417603
53417604
53417605
53417606
53417607
53417608
53417609
53416600
53401165
53431580
53416541
53416542
53416543
53416544
53416532
53416534
53416536
53416538
53416540
53405255
53404695
53433050
53431730
53422752
53425100
53433080
53402240
53417030
53422728
53425130
53433290
53435697
53431695
53433770
53425290
53422742
53433300
53417470
53435270
53417031
53431810
53437270
53404560
53435474
53420490
53435200
53416670
53413134
53423350
53435180
53416420
53431720
53427071
53443160
53439740
53423770
53443161
53425415
53433245
53402470
53423265
53415280
53441660
53421820
53401326
53439800
53416201
53416202
53416203
53404540
53402515
53402795
53435050
53425120
53404160
53425110
53425111
53439750
53423780
53417040
53417041
53404480
53403681
53403680
53401775
53443150
53427750
53427500
53431340
53413403
53413402
53413401
53413400
53422570
53403380
53403390
53439710
53402400
53437115
53437110
53401130
53427665
53416190
53427740
53427070
53435438
53427430
53433130
53401357
53439035
53431185
53435620
53417681
53417682
53417683
53417684
53417685
53417686
53417687
53417688
53417689
53416680
53407280
53402205
53403810
53401445
53417690
53416220
53444361
53444362
53427420
53405500
53413170
53404475
53425835
53423622
53402512
53405355
53427440
53427400
53425830
53402180
53435456
53404440
53425840
53431080
53405220
53435090
53435091
53435092
53401330
53427640
53431745
53403160
53411325
53427690
53433680
53431665
53431000
53429540
53403800
53401425
53419400
53405296
53425210
53439650
53403330
53435150
53416660
53402715
53401830
53431735
53403335
53403500
53404060
53404515
53403371
53403370
53405575
53435810
53417600
53405275
53403495
53435360
53421221
53409690
53444200
53421223
53444201
53421170
53409510
53444170
53421555
53421231
53409650
53421251
53409620
53444130
53444131
53444132
53441643
53421255
53421280
53409600
53444140
53444141
53421161
53409640
53444180
53441651
53441652
53421241
53409630
53444160
53444161
53444162
53441653
53421250
53409610
53444150
53421253
53421240
53444190
53441655
53421230
53409680
53421233
53435468
53421080
53439480
53422120
53423145
53429280
53421021
53409350
53444400
53422130
53439511
53439512
53417705
53402735
53429325
53403731
53416181
53416184
53416185
53416182
53416186
53416183
53415535
53441390
53421081
53439550
53409255
53422140
53435070
53402354
53402837
53402356
53403320
53403319
53431685
53433280
53421640
53431060
53435110
53407760
53443040
53421835
53431815
53421660
53401665
53433020
53433740
53423820
53423827
53433200
53417781
53417782
53417783
53417784
53417786
53417787
53417785
53416780
53425090
53433750
53433751
53435760
53413080
53405030
53401601
53401600
53435650
53416650
53416651
53404675
53409340
53411000
53405280
53413370
53413371
53405130
53405525
53401710
53413420
53413105
53413360
53413160
53413010
53403000
53403322
53403325
53413411
53413410
53404180
53404181
53404182
53413270
53413110
53413111
53437836
53413050
53435015
53405290
53405515
53435540
53435541
53435542
53404240
53413750
53413440
53431839
53405020
53405010
53413520
53403102
53413290
53413291
53413011
53413012
53413013
53401247
53433660
53411520
53413430
53413100
53413101
53404073
53422400
53413450
53411511
53409200
53415240
53401700
53401701
53427130
53401020
53413165
53413166
53413340
53413696
53413320
53413136
53404400
53425340
53422746
53439400
53433690
53433145
53441760
53441761
53441762
53441763
53441764
53441765
53441766
53409823
53409827
53409828
53409829
53407330
53437825
53429255
53441480
53403740
53402797
53423430
53431030
53405807
53429230
53403490
53409843
53427200
53435140
53401480
53401483
53429805
53413030
53402500
53437848
53401540
53401542
53420482
53444221
53403745
53401765
53444411
53444412
53444413
53444414
53444415
53431020
53405703
53437400
53402745
53405400
53427590
53439360
53427591
53499899
53429580
53427160
53425370
53422726
53401481
53401456
53401458
53401454
53401457
53401459
53401482
53433400
53416051
53416050
53416053
53416052
53435660
53417561
53417562
53417563
53417564
53417565
53416560
53401440
53417591
53417592
53417595
53416593
53416594
53416596
53425390
53435075
53416060
53422415
53431010
53419280
53419270
53433830
53442330
53405200
53433785
53416010
53416040
53402726
53416030
53401500
53427280
53443090
53413070
53402636
53419255
53417490
53409733
53409735
53409736
53409737
53409738
53409739
53409742
53409743
53422710
53433010
53422480
53429651
53401820
53435290
53402625
53429480
53421031
53409370
53439490
53444420
53422150
53417707
53401750
53413230
53433645
53402375
53429050
53427095
53417275
53431710
53417611
53416610
53433420
53435690
53409480
53441180
53421335
53421531
53409160
53421533
53421311
53409170
53441280
53441270
53409135
53421361
53409150
53441240
53409140
53441255
53409130
53441260
53421360
53409100
53441230
53421363
53421362
53409470
53421551
53421345
53429470
53421041
53409400
53444430
53422160
53417708
53401752
53404615
53403540
53403541
53403488
53402350
53404530
53421351
53409010
53441290
53421352
53421354
53402723
53421340
53409080
53441040
53421343
53421342
53421350
53409060
53441010
53421321
53441055
53421330
53409180
53441060
53421333
53409030
53441030
53421571
53441050
53421573
53421331
53409175
53441265
53421341
53409040
53441020
53421347
53421550
53409070
53441000
53441001
53402480
53401595
53402832
53416565
53419210
53437846
53413500
53402733
53437854
53435740
53407265
53419690
53402372
53402778
53425765
53435100
53413260
53441800
53442375
53442376
53404260
53403730
53416180
53402340
53413195
53437460
53402800
53437440
53433240
53401120
53401597
53429795
53403440
53403441
53401320
53401321
53401322
53401323
53401324
53401328
53404380
53404213
53403844
53435680
53416640
53431390
53402008
53435820
53401545
53401546
53401455
53413175
53435730
53435420
53401467
53401468
53441203
53441204
53443230
53441201
53441202
53441205
53441207
53441208
53441206
53405000
53443010
53443011
53404100
53417710
53427540
53429490
53422655
53442350
53441313
53433670
53435340
53431330
53401585
53435035
53405734
53405736
53404120
53419310
53429360
53429025
53427645
53435446
53401690
53401691
53416554
53417555
53417556
53417557
53416552
53416553
53416550
53416551
53416555
53416549
53415400
53435710
53415340
53415341
53435720
53415460
53431040
53439055
53402410
53401010
53433430
53415420
53431360
53409190
53402070
53433710
53433265
53433266
53435611
53435612
53427600
53404750
53401190
53401200
53404363
53427560
53415320
53415321
53435478
53405738
53427570
53415410
53404735
53433380
53415360
53441768
53441767
53441769
53413561
53402145
53403846
53422700
53404303
53431750
53415220
53413697
53402755
53433330
53415450
53427390
53405613
53415290
53415291
53435640
53435641
53435642
53427190
53421020
53444390
53422170
53422180
53417703
53401746
53433801
53402825
53421071
53409450
53439640
53444544
53422190
53444555
53409451
53403420
53409455
53444557
53433350
53402450
53421160
53409720
53444050
53422200
53409721
53421211
53409800
53422210
53421201
53409770
53444090
53422220
53421220
53409700
53421225
53421181
53409710
53409810
53441155
53422230
53421210
53409670
53441165
53421180
53409820
53444210
53421511
53409780
53444100
53422240
53421513
53409790
53422250
53444085
53433360
53435605
53415470
53404715
53404310
53404311
53404313
53431816
53431817
53404040
53409841
53409842
53431770
53433340
53433320
53415430
53401135
53431760
53435466
53402539
53429020
53429340
53429250
53439570
53444370
53422260
53419140
53417701
53401742
53422265
53435436
53403040
53443771
53444025
53443772
53443773
53404490
53433730
53423817
53413670
53401420
53429240
53433230
53423530
53444480
53404420
53435240
53435780
53419150
53401090
53441695
53441696
53443697
53443698
53402695
53415390
53401105
53429350
53435670
53415510
53435671
53404410
53422450
53413130
53433310
53415480
53433370
53415520
53433390
53415490
53433565
53431500
53435045
53435055
53433560
53431380
53435705
53403070
53437838
53431820
53433700
53422470
53421110
53409270
53444280
53422280
53407365
53421120
53409320
53444300
53422290
53402650
53421171
53409290
53444220
53422300
53421173
53444230
53444240
53421150
53409760
53421151
53421152
53421141
53409755
53444060
53422320
53421131
53409310
53444310
53422330
53421121
53409730
53444070
53409731
53421130
53444040
53422340
53444041
53402455
53421140
53409300
53444320
53422350
53409301
53421143
53409280
53444250
53422360
53421325
53403520
53401416
53402370
53444260
53444270
53444290
53413220
53404020
53405535
53401050
53401051
53401580
53402364
53404730
53407405
53435630
53415500
53415501
53435631
53413181
53413180
53439340
53409240
53437100
53404408
53402352
53427370
53429320
53404790
53439565
53401645
53423811
53423810
53419660
53442195
53442196
