55196751
55196683
55196659
55196220
55190838
55190308
55190389
55195647
55190806
55193092
55197057
55197045
55194481
55190200
55190721
55190365
55194175
55194180
55196735
55196630
55196230
55196609
55194760
55195278
55195126
55190062
55192636
55192316
55197015
55197012
55195556
55191657
55194321
55195112
55195728
55197075
55195716
55195079
55196003
55192380
55190395
55196805
55195530
55195749
55195800
55190335
55190338
55190544
55194387
55192300
55190530
55190551
55195263
55194342
55191666
55191645
55190718
55190584
55197032
55192651
55190218
55196290
55192539
55194484
55190706
55195542
55192435
55194375
55190004
55190006
55195842
55190836
55195626
55190542
55190659
55193539
55193560
55195252
55195315
55194306
55194756
55190250
55190778
55195073
55192444
55191570
55195848
55191454
55194030
55195070
55190538
55196009
55192345
55196386
55195815
55196378
55193105
55192572
55192370
55197058
55192185
55195190
55194130
55194330
55191476
55195012
55194324
55190824
55195006
55192055
55197055
55190230
55195272
55194339
55195051
55192611
55192608
55192150
55194336
55194285
55194290
55195208
55195500
55195057
55194475
55195001
55195287
55190052
55194490
55195296
55196049
55192551
55190214
55195123
55195590
55190206
55195742
55190407
55192530
55192536
55192260
55192584
55192275
55194242
55192548
55190570
55195275
55194357
55190398
55190350
55190356
55192460
55194505
55195262
55197063
55197065
55190603
55192155
55190010
55190600
55190202
55191430
55196240
55190208
55190576
55195060
55195063
55190228
55193600
55197105
55195650
55191618
55190001
55190002
55190216
55190290
55190293
55195845
55195812
55192690
55192200
55195015
55194139
55196790
55190822
55196345
55191603
55197093
55190820
55195345
55194315
55192400
55192470
55190579
55195293
55197060
55195247
55191448
55196728
55194210
55195284
55195692
55196810
55192642
55192020
55195335
55191443
55196225
55191648
55194758
55193519
55190586
55190317
55190320
55194275
55191637
55191445
55191600
55195755
55190830
55194115
55197010
55193038
55193095
55193021
55190610
55192515
55190046
55196820
55190224
55192554
55190534
55194230
55194235
55191690
55190210
55197035
55190260
55190818
55196725
55195340
55191642
55192255
55195668
55192240
55190383
55190386
55190816
55195752
55190804
55190782
55190548
55190712
55194790
55190846
55196388
55192626
55191660
55192657
55191663
55192145
55190744
55190859
55197115
55192375
55197042
55194360
55192590
55195235
55191609
55192605
55194085
55194055
55190857
55191687
55194240
55192430
55191473
55196061
55195832
55192557
55190032
55190034
55195618
55191651
55190030
55197100
55193029
55195036
55195120
55190405
55190532
55190014
55195622
55190766
55197087
55190252
55191485
55196325
55192065
55191440
55190371
55190774
55192170
55192175
55191669
55190242
55192681
55195350
55196064
55195850
55196015
55193050
55195829
55195683
55194205
55196653
55190266
55190533
55192298
55194327
55192090
55192295
55197028
55197140
55196717
55191681
55190332
55193056
55190236
55190808
55195054
55195518
55197070
55192542
55197051
55196285
55194195
55196136
55193041
55194768
55194309
55193035
55196139
55195048
55194109
55196370
55196372
55195611
55190012
55196000
55190788
55195094
55196380
55190856
55190726
55195269
55192110
55197025
55196374
55194050
55191683
55190326
55193511
55190066
55196640
55194010
55194015
55192252
55193521
55195256
55194348
55197023
55192509
55192569
55196242
55194220
55196250
55192080
55192245
55194265
55195527
55195746
55196163
55190044
55192521
55194469
55195827
55193120
55194245
55194451
55194396
55195545
55192452
55190722
55191003
55190344
55194399
55196627
55192440
55194335
55192630
55191606
55195557
55196232
55196738
55195689
55194345
55193112
55190056
55190582
55196043
55195320
55195009
55194252
55192660
55191475
55193493
55195129
55190616
55194442
55190809
55196052
55193499
55193557
55191684
55195704
55195581
55195475
55196154
55196355
55190575
55192596
55195232
55196800
55191579
55194080
55194225
55192160
55191477
55190552
55192390
55195533
55195024
55190791
55190715
55190812
55196160
55193563
55196234
55195199
55195427
55194454
55190770
55195656
55194065
55190258
55193548
55195311
55196151
55191058
55191631
55195325
55193044
55190852
55195584
55191748
55192115
55195563
55192385
55194420
55196270
55194363
55194439
55191573
55195085
55190653
55194372
55195103
55195330
55195030
55193089
55192085
55190392
55191576
55190539
55190255
55190794
55194090
55195039
55192645
55190416
55194466
55194752
55195841
55195238
55195830
55196058
55190341
55193078
55196730
55196166
55197118
55192620
55191439
55192330
55192350
55190650
55190380
55190802
55190656
55190779
55195843
55193082
55192420
55196621
55190597
55190807
55190353
55192195
55195701
55193098
55190256
55192623
55197135
55190554
55192250
55196236
55190262
55196815
55195521
55195223
55195226
55195220
55190412
55196317
55190810
55190813
55190325
55192654
55196392
55195605
55191578
55192587
55190064
55195088
55195132
55190700
55195731
55196740
55195512
55192422
55192395
55192581
55194472
55190714
55192672
55192533
55194487
55196012
55195193
55196148
55195659
55196046
55190854
55195662
55190212
55191697
55196680
55195705
55190828
55190048
55192365
55195552
55194378
55191700
55191469
55192045
55192599
55192602
55190745
55195707
55195754
55194200
55195033
55190814
55190826
55195027
55192560
55191678
55190556
55194250
55196648
55191745
55195569
55193010
55193013
55193015
55193065
55193032
55193102
55197073
55190042
55195629
55190572
55194411
55195548
55196694
55190311
55192100
55196612
55192180
55197077
55195539
55190652
55194248
55190545
55191639
55197089
55195834
55194020
55194025
55196733
55190588
55194300
55190016
55190018
55193514
55197030
55197088
55191482
55190585
55196280
55197097
55192545
55192025
55195360
55192285
55192095
55191680
55196641
55190703
55194070
55195091
55192135
55191634
55196275
55195429
55190036
55194457
55197110
55190634
55190848
55192705
55192669
55197038
55195254
55197020
55192678
55195196
55195115
55191695
55192614
55190359
55190362
55196142
55195617
55191582
55193150
55192315
55192105
55190038
55195632
55190373
55192225
55194260
55195710
55195644
55190368
55191463
55196795
55197098
55196743
55194118
55190625
55195833
55190728
55190240
55197095
55196785
55194402
55194393
55191474
55193085
55193047
55190232
55190573
55196133
55197040
55192527
55190844
55191572
55190598
55196215
55191623
55195734
55195560
55195097
55196685
55197120
55196130
55196238
55192648
55195509
55190737
55195824
55195244
55197107
55195109
55192448
55195614
55190414
55196697
55190772
55193554
55190709
55196670
55190587
55194095
55196610
55191625
55190735
55196672
55194366
55194417
55195854
55195551
55195722
55193059
55195229
55194303
55192675
55191457
55192687
55192518
55190268
55197017
55197125
55192524
55195592
55195042
55195045
55190628
55190631
55190244
55190254
55194381
55194384
55195578
55195579
55196145
55196638
55190222
55195695
55194478
55190204
55195554
55197053
55190591
55196691
55194463
55194493
55194190
55195725
55197091
55191715
55195665
55196200
55190589
55195566
55195608
55190550
55191460
55197067
55190026
55192270
55195260
55194000
55194005
55195100
55196210
55190751
55195501
55192125
55192130
55196677
55191479
55194433
55196006
55190314
55196615
55194060
55194075
55192320
55192415
55190058
55190730
55195266
55195564
55191755
55192050
55193023
55190040
55190741
55193524
55195818
55191720
55192684
55195839
55195635
55191597
55192230
55190724
55193074
55190401
55190727
55196190
55196635
55194255
55195603
55193605
55195821
55192355
55192325
55192310
55192425
55194436
55197048
55197080
55192035
55195003
55193545
55194035
55194040
55194045
55191612
55195021
55195524
55194448
55190834
55195281
55190536
55194133
55194136
55191675
55194325
55193508
55193505
55190299
55190296
55190302
55193536
55193542
55191446
55190374
55190220
55195803
55195536
55190060
55195698
55191442
55196320
55196055
55190832
55192506
55190054
55190840
55196295
55192512
55190323
55195758
55195241
55190785
55190619
55194318
55194100
55194103
55193115
55193053
55193062
55190841
55194414
55193566
55193325
55195305
55191591
55193530
55190028
55192456
55192639
55195205
55194774
55190773
55194755
55194776
55194772
55194770
55190858
55194778
55191466
55195599
55193125
55195425
55195449
55190246
55193128
55196748
55193132
55193135
55196688
55195469
55193140
55195471
55195473
55195467
55195465
55195463
55193527
55195461
55196668
55195459
55196710
55195457
55195455
55195453
55195451
55195447
55196700
55195445
55196703
55195443
55196705
55195441
55196760
55195439
55196675
55195437
55196753
55195435
55196755
55195433
55195431
55196723
55196758
55196713
55196715
55196745
55192165
55191585
55196656
55192663
55190024
55196780
55192700
55195515
55195076
55196360
55190305
55196618
55192030
55195680
55195258
55194460
55193026
55191780
55190370
55196170
55195836
55194766
55195370
55194430
55191775
55192140
55194312
55195018
55194121
55194124
55194127
55194390
55192410
55192503
55194333
55194270
55196376
55194764
55194445
55195671
55197130
55192305
55195638
55197899
55194354
55192075
55191594
55194351
55190020
55190022
55195138
55195250
55194762
55194215
55196662
55190797
55191689
55194423
55190800
55190803
55195713
55191436
55193551
55195290
55191588
55192120
55190738
55190747
55191692
55195743
55190404
55192710
55195719
55190553
55196300
55192578
55192566
55195624
55193071
55195602
55190377
55190842
55192617
55196040
55193068
55190792
55190559
55191472
55190594
55195587
55190238
55192190
55196633
55192666
55195623
55194112
55192405
55190776
55196305
55192563
55194185
55192280
55192290
55192360
55197103
55193496
55191672
55192693
55196720
55192593
55190366
55195308
55194145
55191615
55195299
55195838
55190329
55194142
55192220
55191670
55195202
55194408
55190050
55190733
55196645
55192040
55192335
55192392
55191451
55194405
55195506
55193533
55195302
55194369
55191621
55197085
55191654
55193018
55190418
55196350
55196775
55190755
55196157
55192205
55192210
55192215
55193502
55193517
55190613
55194106
55190347
55195575
55195572
55194362
55192340
55192235
55194280
55190234
55194160
55195620
55196624
55191433
55195593
55195082
55191000
55190622
55194148
55191628
55195596
55196330
55196245
55192070
55196180
55192000
55192005
55192010
55192015
55192060
