56912020
56909716
56909260
56904010
56915070
56912510
56912010
56906505
56903653
56903640
56909440
56912555
56903525
56903455
56915060
56912580
56912380
56903040
56903505
56903390
56912430
56903530
56903510
56909089
56903492
56906335
56906325
56906393
56907250
56906535
56909184
56904040
56903595
56903596
56906410
56909145
56909105
56915350
56906496
56909098
56912155
56912286
56915170
56903240
56912262
56912160
56906470
56906310
56906471
56906520
56912556
56903278
56907240
56903318
56903262
56912178
56903260
56912310
56909204
56909180
56909318
56912321
56903070
56906340
56903235
56906195
56909512
56909595
56909085
56906285
56907200
56909640
56912158
56909484
56906170
56915140
56906245
56904020
56912390
56906210
56903220
56909178
56909690
56912490
56907070
56909200
56907340
56906260
56906263
56904330
56904260
56909700
56906536
56906032
56903234
56904300
56904315
56906120
56906121
56915080
56912030
56909715
56906155
56912080
56909382
56906455
56906390
56906394
56906102
56906101
56906100
56906512
56906040
56909312
56903316
56907080
56912614
56903250
56903010
56912400
56903570
56903660
56912090
56906130
56906131
56903020
56912040
56915110
56903345
56912610
56909630
56906510
56909030
56903412
56903413
56903140
56903141
56909188
56903285
56915120
56912545
56904030
56906073
56909460
56906050
56906440
56907270
56906250
56903370
56909164
56912618
56903356
56906380
56903440
56909125
56906020
56906022
56906021
56912550
56912050
56904422
56909232
56903280
56909300
56906150
56909210
56909190
56903320
56909165
56909192
56907180
56909308
56912223
56912292
56909202
56904200
56909494
56909410
56912578
56909186
56904230
56903342
56909392
56903055
56909234
56912355
56909162
56906115
56906515
56909242
56912250
56903274
56912188
56903400
56912460
56912185
56909500
56912568
56915340
56906275
56904220
56912612
56904370
56912275
56909545
56906382
56909262
56912562
56904090
56903170
56909620
56912470
56903236
56909266
56909118
56903180
56906465
56906320
56906315
56909384
56906425
56904420
56909575
56912172
56915125
56903650
56903560
56903559
56912599
56904340
56912130
56915050
56915030
56903246
56904050
56909530
56912235
56909093
56909248
56909206
56912530
56907090
56906080
56906420
56909535
56909540
56903237
56912532
56912272
56909585
56907290
56903520
56904100
56906538
56906400
56909175
56903330
56909550
56909555
56912265
56909520
56903473
56912440
56903580
56905040
56912140
56903450
56909490
56904305
56904310
56912536
56907150
56903090
56907040
56906525
56912163
56907110
56909182
56909560
56909472
56904250
56903360
56904150
56915320
56903245
56907120
56903264
56912182
56912335
56912227
56903265
56909396
56912320
56915015
56907060
56907280
56912240
56909285
56907100
56915230
56909070
56906330
56907010
56904190
56906110
56912540
56909225
56909360
56909155
56909340
56903230
56912000
56909000
56903000
56904320
56912558
56912060
56912070
56909205
56906265
56912410
56909470
56912282
56912535
56903272
56912186
56909380
56906345
56915010
56915011
56912572
56909154
56909720
56912150
56912151
56903540
56903655
56909390
56912450
56909492
56909010
56909168
56909115
56909135
56909420
56906185
56912175
56903480
56912268
56907295
56904390
56909275
56909185
56912582
56912156
56903276
56903300
56903291
56907020
56903175
56909610
56912167
56909565
56906190
56915250
56907170
56906160
56903238
56904270
56909558
56909128
56912152
56912565
56903610
56912230
56903315
56915310
56905050
56906255
56912284
56909322
56909386
56909542
56904400
56909222
56909292
56915280
56904240
56909645
56903030
56907160
56912210
56912290
56912560
56903465
56912515
56909095
56912200
56912590
56903511
56903512
56903165
56903242
56912280
56903243
56903110
56907220
56912220
56906060
56903312
56905060
56915160
56906462
56909305
56909230
56909245
56903200
56909651
56909650
56906030
56906031
56909570
56904170
56909582
56907315
56909496
56907350
56903290
56912500
56904140
56915035
56903100
56906140
56906141
56909450
56904130
56907320
56907140
56909320
56912120
56909238
56907130
56909350
56906034
56909430
56909302
56909532
56903442
56912520
56909148
56909478
56912215
56907260
56903550
56912184
56909475
56909495
56912595
56903279
56912324
56912170
56909314
56915260
56909195
56909152
56909580
56912100
56909264
56903210
56909020
56903425
56909272
56912225
56909502
56906205
56915040
56909515
56906072
56906494
56909514
56906430
56903441
56912360
56912165
56915270
56915025
56903490
56912198
56909172
56903590
56903340
56912370
56903630
56903150
56906036
56915200
56912300
56909372
56903620
56907330
56915130
56909040
56904430
56912593
56909132
56903247
56906180
56912600
56903271
56915300
56906530
56909214
56909255
56912264
56912192
56912615
56907310
56903600
56903031
56906497
56903047
56903375
56909220
56909208
56903267
56903241
56903452
56904160
56915220
56912570
56909480
56915020
56912538
56904110
56904180
56915210
56909258
56904410
56912142
56903269
56912285
56912575
56907190
56907050
56905020
56912194
56909486
56909482
56909505
56909252
56909235
56915045
56905010
56909295
56915150
56909216
56909215
56903310
56906460
56909237
56903244
56906392
56903120
56903160
56904350
56909268
56909176
56915296
56909590
56909212
56906502
56903050
56907030
56903248
56912174
56903080
56906495
56906225
56903185
56909600
56903266
56906220
56915000
56906500
56909050
56909278
56909290
56906370
56906371
56903491
56903460
56912260
56909388
56903420
56909485
56909400
56904060
56904440
56915115
56915290
56906405
56912270
56903311
56909298
56909282
56903485
56906305
56912278
56906295
56915100
56903350
56906200
56906215
56909525
56903273
56903268
56903277
56912395
56903275
56903263
56908020
56908025
56908030
56908035
56908040
56908045
56908050
56909680
56906280
56906391
56912190
56915190
56909510
56904280
56909605
56915090
56903282
56909326
56912552
56906300
56904070
56906350
56906351
56909103
56909538
56906474
56903500
56903060
56915240
56907210
56912350
56915899
56912180
56903475
56906480
56906537
56909170
56903467
56903313
56903232
56903411
56905030
56909310
56906321
56906240
56903410
56903415
56906090
56909280
56906261
56906230
56909060
56912340
56904360
56909508
56903270
56912110
56904120
56906103
56906071
56906070
56903470
56906270
56903261
56903380
56912420
56909370
56912251
56909250
56906322
56909240
56909670
56903431
56903430
56909671
56909661
56909660
56903314
56909236
56912274
56909270
56906498
56912330
56906000
56912233
56912480
56906290
56909160
56909130
56909140
56909120
56909090
56909080
56909150
56909100
56906450
56909138
56909110
56903130
56906011
56906010
56904210
56912585
56915155
56904080
