54727195
54730380
54735380
54735792
54710170
54720814
54735413
54733250
54737310
54737405
54745000
54737355
54705260
54705240
54737300
54720085
54737470
54715535
54735780
54710150
54730410
54730411
54740120
54705045
54735270
54745750
54710200
54735260
54710490
54745080
54735805
54735025
54710030
54735250
54735210
54735035
54720822
54705405
54710855
54735080
54720035
54745025
54733160
54745170
54715680
54720570
54720010
54715190
54735760
54735761
54737640
54720796
54715686
54720676
54710720
54710040
54710791
54735045
54740805
54735405
54720510
54735070
54720816
54705397
54740680
54715550
54737100
54745670
54735055
54723050
54715110
54720305
54745681
54745240
54720325
54740650
54727190
54735065
54745582
54715730
54735075
54737375
54720818
54723150
54735784
54715590
54735127
54705073
54705190
54740730
54745360
54720195
54745285
54705340
54705341
54735407
54745700
54733755
54723090
54710740
54737465
54737460
54737550
54737185
54737435
54737070
54705418
54737530
54745200
54730740
54705080
54725220
54740750
54735565
54720798
54735150
54720684
54720682
54745060
54740070
54745370
54710680
54705403
54727240
54715670
54737615
54705475
54740570
54735370
54705690
54705691
54720155
54735795
54737380
54720610
54710750
54745235
54715705
54740560
54740562
54740561
54740370
54745430
54720360
54745830
54725060
54745520
54745280
54745560
54705010
54733310
54710540
54737630
54705394
54723015
54720265
54740720
54745380
54737165
54727180
54727181
54727182
54727183
54737115
54720065
54727200
54745710
54720686
54740815
54737790
54745770
54745655
54710838
54715630
54735660
54740440
54740430
54735710
54710670
54710320
54725210
54730750
54730751
54737295
54727370
54715810
54715811
54715812
54745440
54735090
54735500
54745160
54705000
54740000
54705610
54740040
54735700
54735030
54705300
54705301
54745470
54720178
54710610
54705140
54705141
54705142
54705143
54745690
54733080
54745600
54735570
54735571
54705700
54735170
54745820
54735590
54705152
54705151
54705150
54733070
54727210
54705070
54730125
54745840
54735510
54735511
54705270
54735520
54735522
54705305
54745580
54735085
54745590
54745450
54740790
54733220
54737145
54737065
54720840
54710840
54735530
54737370
54735540
54745210
54727230
54735550
54740670
54730030
54745460
54710450
54737400
54735095
54705075
54705076
54705074
54705680
54705392
54733270
54737290
54735810
54705085
54735360
54715795
54715796
54740490
54745730
54745682
54715835
54720808
54720792
54737190
54733100
54745050
54737740
54735796
54730020
54715055
54735087
54745330
54733300
54745490
54730720
54720075
54710140
54710500
54710590
54710110
54740130
54705705
54745180
54740160
54735825
54705412
54735040
54735041
54720683
54720663
54720668
54720664
54720662
54720661
54720667
54720666
54740760
54720669
54740761
54720812
54720806
54730450
54730420
54735640
54710090
54705211
54705210
54705212
54705213
54737110
54737111
54737112
54710650
54705374
54720320
54745480
54730360
54735770
54730050
54725030
54745135
54720246
54720244
54720205
54720215
54720245
54720185
54720105
54740110
54735738
54720225
54710370
54715170
54720293
54720515
54735470
54735471
54715505
54723040
54720014
54737240
54745220
54705575
54705420
54715000
54710010
54705800
54745040
54740740
54740741
54705550
54740660
54740661
54725070
54735020
54740010
54745190
54710070
54737010
54733240
54737305
54737175
54735745
54735105
54705330
54705570
54740280
54745720
54745075
54715545
54740580
54733180
54740170
54725120
54737770
54737771
54737772
54737480
54735078
54710730
54735115
54745551
54745790
54715755
54723025
54710794
54720291
54735230
54730282
54730281
54730280
54730283
54720115
54720713
54705810
54735125
54710210
54705386
54745760
54715740
54710260
54710620
54710420
54723105
54740656
54740831
54737255
54720681
54715691
54730150
54710360
54710290
54745035
54720294
54710803
54715040
54710550
54733815
54737230
54737715
54735100
54745140
54720022
54705740
54705407
54715555
54735580
54720000
54715180
54745825
54710560
54730160
54715700
54740690
54737515
54715350
54705050
54710822
54715575
54745055
54737000
54720674
54720678
54727610
54710793
54737495
54723100
54740315
54723010
54723110
54715370
54735736
54710630
54715720
54715696
54715240
54715220
54705790
54735827
54735828
54715380
54715210
54710220
54715250
54710060
54723030
54715595
54740480
54727220
54740770
54735600
54745245
54735190
54715450
54710270
54715120
54715160
54740620
54715280
54715230
54745010
54745570
54737340
54705378
54735734
54715585
54733150
54737320
54705015
54740590
54735330
54705365
54735135
54715150
54720702
54730430
54730431
54745740
54715030
54735145
54705200
54705202
54705201
54705203
54705204
54705205
54735000
54730000
54725000
54715260
54710830
54723080
54737605
54715780
54737585
54725040
54745530
54725090
54740530
54745610
54710440
54745780
54720016
54737425
54737505
54737590
54715715
54740610
54735340
54730351
54730352
54720295
54715060
54735155
54733170
54737120
54715560
54737195
54740420
54730735
54730230
54735740
54710800
54745832
54705430
54745552
54710640
54720725
54705840
54705020
54705127
54745185
54745195
54710801
54715430
54745045
54715290
54710815
54710710
54720689
54745005
54715480
54715490
54715460
54715470
54720257
54720191
54730770
54705285
54715320
54715321
54715660
54715400
54715790
54723060
54710280
54723055
54715520
54720520
54730800
54725080
54737155
54745620
54745065
54733260
54737105
54745230
54705660
54705410
54705470
54737455
54705450
54740060
54705380
54705097
54705180
54705184
54705183
54705182
54705181
54705186
54705185
54705187
54705188
54720011
54715605
54705350
54705761
54705762
54705113
54705759
54705480
54745630
54710400
54737345
54705310
54705311
54735610
54745651
54715140
54730165
54745550
54733040
54705077
54705093
54730250
54715270
54705620
54705621
54730070
54730130
54730790
54740400
54730110
54730240
54737600
54705400
54737795
54740150
54735165
54733290
54710690
54735130
54735133
54737725
54745650
54705095
54737415
54705384
54705320
54705215
54705216
54730120
54705120
54705630
54715540
54745640
54733190
54737130
54740270
54725110
54705710
54715340
54720717
54735290
54725170
54723160
54715640
54723095
54715330
54735748
54735280
54715300
54705370
54735350
54737710
54705055
54720071
54740710
54737445
54740780
54735480
54735310
54715440
54735320
54735321
54725230
54745822
54705250
54710700
54735790
54735791
54745020
54745130
54725140
54740390
54710240
54705424
54740190
54710790
54737525
54735720
54710832
54730200
54730201
54730202
54730203
54735409
54715825
54725250
54733340
54705130
54735440
54715725
54710350
54733050
54725240
54705235
54737635
54735782
54735175
54735172
54715650
54737210
54710190
54740100
54740090
54733805
54740240
54733765
54737450
54715130
54737535
54737735
54735400
54735401
54740795
54730090
54737540
54737650
54705290
54720650
54740250
54720197
54735800
54705820
54735744
54705376
54727250
54737730
54737555
54705060
54733030
54725130
54727285
54735730
54735731
54715200
54733825
54710310
54715390
54715710
54705360
54745090
54735775
54727260
54745410
54720711
54740300
54705520
54705025
54705422
54730725
54720345
54723035
54720140
54720695
54730700
54720160
54720180
54723065
54735120
54745805
54735093
54733200
54710806
54715620
54735815
54735200
54735830
54720150
54745828
54735755
54735756
54735752
54710520
54735185
54705760
54723135
54720243
54715310
54705720
54727300
54727270
54705440
54705280
54705287
54705286
54705284
54705283
54705281
54720735
54737360
54745250
54720710
54745265
54737420
54730040
54730042
54730041
54730043
54730044
54715625
54735108
54720190
54730012
54730011
54725020
54730010
54730013
54720310
54740180
54710050
54740550
54737610
54737485
54735335
54737500
54710852
54735490
54720074
54737560
54720290
54720275
54730285
54730260
54730190
54730194
54730193
54730192
54730191
54730195
54723075
54720045
54737545
54723140
54720730
54720400
54715610
54723130
54730220
54705640
54705103
54705530
54745255
54705160
54740800
54720260
54710180
54735411
54740630
54735195
54737285
54735403
54705372
54723045
54720270
54745836
54720280
54710828
54737625
54745826
54715570
54737620
54720187
54710848
54735205
54735215
54740220
54733695
54723125
54720200
54720750
54733835
54720300
54735225
54720240
54720230
54740640
54735235
54715580
54740700
54720001
54710570
54715745
54720775
54735826
54710410
54710380
54745290
54715615
54710120
54720110
54737780
54710390
54720740
54720780
54737090
54737091
54737092
54737093
54745522
54705605
54745095
54735016
54705123
54735430
54705295
54705040
54705110
54705111
54737785
54710810
54735680
54705460
54710797
54737080
54737081
54745521
54745260
54740450
54745310
54745510
54737385
54720794
54740140
54720745
54705170
54710842
54725190
54715645
54735203
54720025
54715050
54705388
54715760
54737595
54720070
54745110
54740050
54705125
54723115
54720100
54715690
54730370
54730371
54737040
54730690
54730080
54730100
54730101
54730102
54730600
54730601
54730610
54730620
54730630
54730632
54730631
54730180
54730640
54730650
54730660
54730661
54730670
54730671
54730680
54730681
54720804
54745120
54730390
54730395
54710835
54705600
54730310
54715360
54727280
54720250
54720095
54735012
54735011
54735010
54740030
54730715
54710470
54705590
54715080
54740460
54735180
54715510
54720023
54735245
54720292
54740305
54705500
54705540
54737140
54745810
54745300
54745834
54715010
54710000
54735785
54715420
54715410
54705510
54720705
54737350
54745660
54745100
54705765
54740500
54740501
54740502
54705105
54737150
54705730
54745125
54723070
54715655
54737125
54737315
54735630
54745150
54735650
54745070
54735620
54720715
54705335
54720670
54720671
54737020
54745340
54740520
54733000
54737395
54710784
54735160
54737160
54705035
54705650
54705651
54705652
54705670
54720335
54737765
54735395
54710020
54720125
54737745
54733775
54715500
54715501
54730810
54723120
54710818
54705417
54735255
54735256
54715020
54735110
54735390
54737430
54740260
54705220
54705490
54715530
54720285
54737720
54715600
54705088
54733060
54735690
54710130
54735265
54737170
54745835
54740350
54740340
54740360
54710600
54737200
54705108
54705090
54720719
54720018
54740320
54730730
54740380
54727600
54737410
54710580
54710781
54710250
54740510
54715750
54705753
54715025
54745691
54737520
54745320
54745680
54745085
54745350
54740230
54745581
54740310
54733280
54735670
54710808
54727290
54720235
54720013
54720255
54720015
54720012
54720315
54730321
54730320
54710820
54727030
54727170
54727130
54727140
54727090
54727150
54727120
54727010
54727080
54727160
54727040
54727070
54727050
54727000
54727060
54727100
54727020
54715800
54715801
54715802
54715803
54715804
54715735
54720020
54705560
54710787
54735425
54740020
54745270
54740575
54705830
54715815
54705580
54735461
54735462
54735460
54740410
54720122
54720210
54735240
54705288
54720765
54720805
54720690
54745400
54715706
54710230
54745390
54745420
54710510
54745030
54720060
54710100
54735840
54715770
54733230
54737180
54733705
54748899
54710300
54720755
54735060
54745115
54720810
54737135
54733140
54720800
54710430
54740330
54720824
54745500
54705100
54737050
54735794
54735793
54725100
54735275
54720410
54710160
54705065
54705066
54727310
54727311
54737575
54715685
54715090
54710780
54720170
54720198
54720196
54720199
54735820
54720192
54720175
54745540
54723145
54735220
54737475
54723085
54737490
54720173
54733785
54720165
54737440
54705415
54720130
54720135
54720720
54733795
54720194
54737510
54737570
54745425
54735742
54730400
54733120
54720785
54720220
54705282
54735450
54745800
54735285
54740290
54705038
54737390
54710825
54720460
54720560
54710080
54745015
54705230
54727340
54733020
54730270
54735420
54727320
54730440
54730710
54733130
54720050
54720090
54720091
54720092
54720040
54720540
54720760
54720080
54710480
54720620
54705750
54705751
54733010
54705752
54705115
54725180
54710660
54740820
54705426
54735117
54737330
54720675
54735415
54735417
54735300
54720630
54727380
54737760
54745275
54715100
54727330
54727331
54725160
54733320
54737060
54710340
54720600
54720500
54737030
54725150
54710330
54720700
54720640
54735050
54725050
54720530
54720802
54740657
54740832
54737260
54720680
54740200
54720055
54735750
54730140
54720024
54720021
54723155
54733090
54733210
54737335
54705390
54735295
54735305
54720470
54720490
54720006
54720005
54740655
54720008
54737250
54705780
54705770
54710795
54720480
54720708
54730780
54705118
54745145
54740210
54720420
54720450
54735315
54705083
54740470
54720440
54720330
54705030
54745225
54737325
54710460
54730060
54725010
54720370
54710770
54727360
54720704
54710530
54740080
54720550
54725200
54720390
54720340
54730745
54720825
54710760
54735560
54730170
54715070
54715695
54720121
54720073
54720072
54720145
54720665
54727350
54733330
54737280
54730330
54720795
54720120
54720770
54720790
54720350
54720030
54735140
54735141
54740540
54740600
54710812
54720380
54737365
54737565
54723020
54705382
54745824
54745827
54737645
54720580
54720815
54720590
54720830
54720430
54720820
54710845
