59640500
59628834
59612300
59626032
59633435
59633540
59612400
59622805
59617098
59628580
59643462
59635140
59632138
59625725
59643228
59626010
59640576
59625195
59640578
59600515
59607435
59603180
59603070
59612152
59621630
59633240
59622160
59611520
59628501
59607590
59631260
59614240
59609009
59626620
59612850
59619260
59643230
59612107
59630500
59618020
59618600
59619010
59632185
59628502
59630840
59616075
59619700
59620440
59618114
59626040
59628564
59607148
59623509
59617746
59614090
59607060
59617332
59609510
59625599
59645184
59616680
59626330
59600485
59618700
59600195
59600315
59621000
59628515
59621375
59600045
59609520
59628384
59625523
59633220
59633736
59615600
59625646
59646862
59617614
59607209
59625739
59626050
59609522
59616065
59607412
59607150
59621260
59625765
59617616
59625101
59617210
59631540
59625788
59615490
59620345
59620340
59612080
59625721
59646675
59640510
59632274
59628240
59617030
59618030
59618031
59618032
59628573
59607540
59605030
59628120
59643232
59608007
59632183
59619410
59613770
59600180
59619050
59628567
59616328
59621452
59600294
59600040
59640667
59610210
59643234
59612250
59600010
59625498
59616666
59625341
59631440
59614470
59643632
59643236
59640472
59631451
59625524
59612064
59627556
59609318
59631555
59600425
59605040
59612430
59618571
59610110
59603030
59612060
59628504
59630420
59604115
59604110
59612035
59626500
59631533
59625197
59622715
59616560
59640488
59604250
59633842
59618592
59632276
59622795
59614672
59628453
59621122
59615442
59603140
59634164
59605060
59623524
59646560
59616566
59634434
59616320
59643436
59633420
59600752
59615260
59612170
59618115
59609585
59633360
59621242
59630470
59626350
59645045
59615280
59626080
59625450
59643238
59634694
59630377
59607825
59600451
59604424
59604423
59630831
59616648
59607057
59616086
59616552
59631463
59617600
59617260
59628442
59608015
59625105
59632280
59621396
59616715
59633755
59615422
59627674
59646589
59615140
59613585
59631485
59607548
59612700
59617354
59619035
59619690
59633825
59607155
59631353
59616562
59630630
59628600
59612270
59621340
59628572
59607215
59633230
59625620
59622430
59631535
59609415
59621350
59619635
59619630
59633125
59607790
59605275
59600051
59616556
59628535
59616686
59616085
59609320
59600125
59645144
59600462
59600460
59607510
59631520
59604276
59626020
59631292
59625594
59620420
59612310
59616303
59621360
59615417
59607083
59628230
59628828
59607824
59619120
59616073
59617322
59640476
59630512
59620755
59600280
59620757
59630383
59626030
59635000
59610150
59634090
59616671
59631092
59619750
59617602
59607788
59625830
59607842
59630508
59631481
59622465
59614407
59615416
59625572
59604431
59604380
59625609
59604272
59607819
59621282
59643478
59625612
59625648
59617200
59614404
59617060
59625735
59600352
59615250
59615548
59625128
59609005
59603430
59631482
59645146
59628433
59607830
59622075
59646819
59616602
59621378
59633370
59628784
59628210
59616689
59630682
59632216
59620320
59628480
59645216
59604220
59618230
59618630
59625082
59616706
59628805
59615375
59626310
59614535
59634416
59645212
59612100
59607100
59616548
59615348
59621647
59621240
59625250
59625251
59643240
59640470
59632198
59616110
59632119
59620470
59612202
59633020
59634662
59646735
59633646
59625517
59632144
59609583
59616730
59643242
59640468
59628503
59632189
59643480
59612730
59614530
59633480
59603060
59615320
59616672
59628640
59631230
59622045
59623534
59625619
59615386
59614620
59626130
59632104
59613630
59625460
59620510
59640466
59632190
59630367
59621210
59618710
59622470
59607740
59628460
59628380
59612120
59616738
59620325
59632134
59633210
59621374
59621330
59640514
59640524
59640464
59640462
59640242
59625778
59620390
59646845
59632192
59632202
59640390
59640244
59618070
59625753
59616087
59600150
59632115
59632090
59607575
59640580
59625260
59625752
59625490
59625488
59615165
59618555
59610230
59640310
59616681
59609425
59633346
59633050
59628506
59622740
59634650
59622420
59628579
59643372
59626550
59643244
59616732
59643374
59617752
59600290
59619660
59640538
59614310
59622200
59634170
59621041
59623542
59632136
59614415
59628372
59628310
59634120
59623320
59621211
59609581
59600750
59615314
59616139
59604030
59607132
59630860
59612410
59628360
59625080
59633330
59645164
59604130
59603080
59605080
59616650
59620318
59646827
59640246
59643472
59643246
59620305
59600740
59600182
59628827
59625614
59604438
59609314
59625520
59600090
59607480
59612370
59640248
59609579
59628430
59630620
59631120
59605061
59617724
59604453
59609577
59603766
59620592
59618141
59643380
59604452
59614740
59633070
59622800
59609020
59628649
59628582
59628593
59607482
59634088
59628349
59646410
59640250
59625510
59625660
59643248
59643250
59640460
59625350
59635146
59625540
59621373
59634108
59625050
59607425
59607050
59628300
59634111
59634128
59643252
59643415
59611050
59611455
59618580
59618050
59600328
59618643
59616330
59607545
59643254
59640540
59600329
59617754
59631050
59646365
59609546
59643256
59616746
59612030
59628290
59630853
59625061
59615290
59609002
59625550
59625270
59619580
59631210
59614060
59634020
59640320
59634168
59645202
59612520
59625216
59604474
59635144
59607850
59628432
59607270
59625561
59615530
59643376
59643258
59625410
59646305
59640358
59634134
59633849
59621320
59616069
59618654
59621100
59620745
59609575
59634645
59640456
59643340
59643260
59615550
59625630
59625649
59621190
59628452
59645166
59616736
59631630
59617025
59614500
59633560
59633760
59645196
59614510
59622400
59626280
59640454
59640452
59640530
59640450
59643262
59612056
59612040
59612340
59633838
59600310
59605085
59617740
59607584
59612110
59628562
59631240
59612320
59612330
59640252
59640254
59611061
59611062
59612350
59626750
59626270
59635111
59619755
59631150
59633410
59626290
59633260
59631170
59631500
59622450
59631385
59607520
59621394
59631387
59614140
59628250
59621292
59615690
59625012
59612500
59623501
59640256
59618144
59628375
59628220
59607390
59630385
59640586
59630300
59600152
59621377
59611370
59632077
59607525
59625188
59626260
59607400
59631370
59616722
59640258
59614750
59614110
59646864
59616707
59625732
59609330
59616685
59604470
59623548
59646882
59607543
59619500
59604472
59632208
59646276
59614680
59625235
59640448
59640446
59640444
59600320
59605320
59604010
59634692
59614760
59617310
59615680
59614630
59632142
59614790
59620530
59616734
59600022
59617738
59619060
59607560
59621690
59615670
59617708
59614000
59619190
59632172
59616758
59600605
59600749
59600540
59614710
59628825
59611382
59618220
59618620
59632204
59643414
59643268
59600324
59600160
59616742
59633640
59643270
59619045
59646825
59622798
59625729
59615495
59628620
59611270
59640548
59628090
59604428
59612790
59633670
59625635
59607526
59634156
59607163
59633828
59603130
59626120
59632290
59607052
59621280
59607855
59640570
59607040
59616670
59626320
59628436
59613560
59625602
59623300
59620595
59615255
59619087
59613690
59609465
59619200
59619020
59618610
59618200
59617692
59609342
59605160
59604100
59625240
59615180
59626420
59625170
59631160
59632176
59616752
59607090
59607780
59614485
59609324
59608012
59618120
59621120
59621124
59621123
59621125
59616664
59620490
59631310
59631114
59609310
59616540
59621512
59634680
59620350
59611150
59603200
59607135
59607030
59625385
59632194
59610090
59628438
59600050
59643428
59621680
59631420
59640260
59631200
59612620
59607225
59619600
59615120
59607308
59600503
59621441
59625585
59625499
59625663
59614780
59605510
59630398
59611020
59626100
59634637
59632239
59603020
59611195
59607020
59610175
59625000
59633065
59628795
59628000
59633856
59630365
59626238
59607133
59620480
59628422
59607227
59621670
59621171
59619510
59616033
59615425
59607240
59605095
59626740
59615463
59645142
59628424
59646829
59633090
59626660
59617280
59630400
59631527
59628434
59621600
59612122
59616430
59613555
59646270
59642620
59605140
59604070
59605235
59620400
59609473
59616606
59604080
59620615
59616054
59633130
59619610
59617610
59614100
59632285
59612760
59628461
59616360
59605285
59607110
59625504
59645015
59600520
59632148
59614010
59625596
59631358
59617094
59612375
59617622
59625489
59634109
59618150
59621150
59616542
59643274
59632218
59620570
59626200
59621250
59618730
59643421
59619047
59615415
59631280
59625738
59628846
59628566
59607571
59643456
59640410
59628650
59628130
59617350
59614490
59603380
59603202
59633085
59617080
59628398
59628200
59646581
59605155
59625290
59600410
59600476
59616160
59607074
59628165
59628400
59625758
59612180
59609338
59622050
59640234
59631492
59625744
59646858
59625743
59600788
59616142
59620650
59616554
59631355
59626256
59646823
59626340
59607228
59643419
59643264
59612460
59612203
59625617
59607544
59623540
59645100
59631380
59614600
59604155
59600365
59607087
59607105
59643360
59632272
59616340
59607340
59605015
59603340
59600340
59600255
59612116
59626252
59622174
59600192
59643432
59618116
59630381
59616673
59603150
59612205
59631522
59613530
59643458
59609400
59609000
59640262
59618753
59611030
59611495
59605263
59619217
59620337
59640264
59612455
59615840
59625615
59625190
59625198
59617092
59623528
59607812
59633818
59612800
59628670
59600380
59620710
59625763
59621290
59615344
59643379
59622790
59622748
59625040
59625496
59625690
59615356
59615346
59615342
59615318
59600608
59615355
59622760
59618080
59633642
59640266
59633654
59621220
59631470
59617706
59617250
59620612
59609011
59625734
59625083
59621005
59621110
59617040
59600343
59620625
59633805
59615388
59619702
59625737
59621332
59614580
59621372
59621490
59622030
59631371
59621446
59600327
59630560
59607475
59627596
59607523
59603120
59615035
59625502
59621425
59619402
59604274
59614512
59614570
59630285
59628604
59622010
59628682
59603752
59630295
59600775
59622065
59633837
59634396
59626140
59630570
59632234
59605065
59607577
59605460
59604060
59605130
59612207
59613610
59609308
59612450
59646815
59612630
59633280
59625760
59607804
59613820
59625406
59633800
59625408
59630265
59609506
59633310
59628443
59607821
59616676
59643394
59628426
59619160
59620365
59632167
59640665
59615590
59607811
59620740
59628568
59646800
59621230
59633720
59612119
59617680
59617704
59634080
59646808
59607059
59609306
59615790
59609435
59617684
59625035
59616044
59645158
59620747
59635025
59643466
59611470
59628459
59622055
59622070
59600372
59646585
59607430
59607582
59625754
59631042
59607600
59609336
59617345
59612208
59621371
59617315
59619252
59630375
59619280
59634092
59615780
59614412
59620395
59619255
59627673
59623315
59615543
59614582
59607477
59607230
59615770
59631100
59626165
59600140
59621399
59620635
59609332
59616697
59600415
59607226
59625582
59625742
59633660
59607806
59604432
59604040
59616361
59630405
59630430
59627560
59633740
59620706
59633780
59625764
59628140
59621530
59625300
59626105
59625395
59625526
59615200
59604345
59615170
59626236
59625774
59607010
59615800
59612140
59631460
59619206
59609004
59621485
59607210
59626530
59600070
59616038
59607265
59618625
59628823
59646870
59604442
59614130
59614400
59600240
59625081
59646587
59620660
59619150
59617690
59631455
59619770
59605480
59605240
59605010
59600472
59626110
59607229
59619148
59633500
59626150
59633320
59645190
59607455
59621520
59615240
59625611
59646804
59628385
59616550
59640560
59626756
59605265
59607339
59605280
59621660
59619215
59640590
59613800
59620688
59600332
59600341
59628680
59645148
59615360
59611285
59611130
59631530
59613830
59628444
59621515
59607792
59628376
59631190
59615409
59604260
59600430
59633170
59628530
59625588
59643476
59612209
59607069
59640671
59620737
59634060
59604394
59612600
59646720
59634635
59617736
59622755
59635126
59633630
59625767
59620315
59645006
59623538
59633820
59604300
59604340
59625631
59631290
59614290
59625180
59625181
59632235
59633300
59631300
59620620
59628690
59645206
59615820
59613720
59609022
59646873
59625522
59614270
59612280
59632240
59616052
59619032
59627562
59618245
59621483
59618290
59633745
59603758
59617618
59630396
59620730
59625175
59621310
59628612
59605570
59630680
59621560
59615376
59630260
59631421
59640556
59600115
59645198
59628615
59607070
59607245
59607450
59621500
59621501
59616071
59625733
59630353
59626160
59620380
59615357
59622750
59633830
59616700
59612580
59614420
59616750
59617096
59633641
59646360
59643412
59615547
59605259
59616744
59616132
59613740
59643422
59615010
59628597
59625500
59615160
59640430
59600322
59600200
59600321
59619218
59640268
59630297
59621450
59630361
59632368
59626170
59620693
59623200
59622250
59625210
59600395
59600390
59600453
59604210
59628507
59632197
59632195
59625166
59604348
59600445
59616120
59614402
59617335
59632322
59616754
59632187
59646856
59625750
59619145
59633380
59615310
59634104
59628280
59632178
59632196
59621060
59614405
59625011
59626380
59605120
59604050
59618160
59621160
59618670
59625515
59614430
59621380
59631510
59615340
59628800
59632180
59611460
59613670
59611240
59615435
59609006
59631503
59612062
59612135
59632213
59617744
59607364
59640270
59625762
59622745
59628648
59646280
59640535
59626180
59619720
59620560
59620572
59632328
59640272
59640274
59646806
59626090
59607082
59614220
59628320
59600135
59633390
59628608
59628609
59625616
59643378
59609595
59612627
59632182
59621300
59625340
59622170
59616093
59614584
59626705
59631270
59600130
59616180
59640276
59646575
59616000
59620682
59609589
59625390
59617090
59640370
59640405
59634657
59609587
59634690
59612635
59617220
59640478
59604455
59628170
59635132
59630363
59604092
59616290
59615210
59600168
59603000
59614690
59616564
59633705
59612025
59615352
59607208
59620732
59612095
59612123
59631425
59616705
59625716
59612490
59621460
59633440
59609578
59643346
59616678
59619165
59609576
59643470
59609553
59628425
59632127
59609508
59640542
59625777
59617318
59621580
59646821
59612013
59612670
59616058
59612070
59643417
59632315
59643629
59614160
59614440
59628771
59604200
59640278
59627600
59620702
59628842
59600245
59607580
59633843
59609016
59626710
59643440
59643408
59640440
59628631
59635110
59607446
59634030
59632220
59632236
59634058
59634064
59632238
59634038
59634039
59634059
59635154
59635152
59635150
59643448
59635148
59643386
59634033
59632230
59634062
59634063
59634035
59632245
59634069
59634032
59634037
59634036
59634061
59628423
59616724
59646475
59612206
59640280
59640352
59625045
59607055
59617086
59633095
59611190
59616701
59607610
59615370
59615100
59625085
59625485
59610280
59618560
59618035
59600020
59621644
59626222
59609840
59614610
59604122
59628776
59621294
59614660
59617686
59607793
59634404
59626033
59631509
59614030
59640584
59607205
59626390
59630855
59620684
59621487
59631364
59626752
59627576
59621516
59619550
59633738
59631539
59643622
59640552
59632295
59609302
59613780
59613790
59634412
59621402
59640588
59625601
59634400
59643441
59628777
59619270
59615400
59628110
59618660
59621030
59618255
59621475
59625755
59611120
59630585
59600166
59607330
59603330
59609700
59604412
59604420
59632320
59628537
59600302
59626060
59626570
59643384
59643405
59626540
59604160
59635096
59630610
59615330
59603085
59645009
59621126
59626217
59615374
59626190
59628439
59604463
59628779
59603760
59616109
59640582
59605190
59630373
59625225
59625226
59607620
59633643
59600167
59603050
59632243
59610200
59611200
59612012
59618550
59612200
59631111
59631140
59631145
59607075
59625070
59633690
59616105
59628080
59621398
59616092
59604422
59616138
59607478
59625503
59609090
59608840
59600492
59611220
59600015
59643266
59607815
59645186
59615350
59626520
59621650
59628510
59600330
59600331
59607814
59640574
59607839
59600470
59643623
59631450
59607832
59607630
59612660
59628700
59626400
59632383
59628160
59607817
59616694
59615452
59628574
59621551
59600465
59600300
59621525
59640233
59616326
59612570
59600305
59612220
59631640
59628540
59615190
59604480
59604478
59616300
59628450
59615418
59619711
59622135
59625400
59625193
59607410
59628381
59622180
59634424
59600396
59600420
59600405
59600397
59604392
59604439
59619250
59608030
59635600
59605520
59614170
59628606
59646802
59616037
59609420
59612097
59645188
59631465
59630472
59603248
59625787
59616702
59625756
59609026
59609523
59630403
59635112
59626410
59609605
59646879
59609530
59619590
59631250
59625730
59600360
59620335
59625560
59628392
59616679
59622085
59600297
59643392
59619140
59611140
59640232
59600619
59600190
59621225
59621410
59631550
59643435
59628830
59643464
59616047
59620708
59625150
59625155
59622460
59632214
59640669
59621642
59631495
59600751
59617300
59630310
59625603
59633680
59632125
59615380
59616568
59625605
59633096
59646835
59626751
59630280
59607056
59625573
59631480
59609410
59626070
59628607
59607837
59607233
59621115
59621296
59604280
59632398
59646570
59625776
59621291
59620695
59607089
59612530
59620677
59640558
59626512
59615488
59616350
59604448
59604347
59622025
59628386
59643630
59621540
59625031
59619100
59626430
59620630
59628389
59626370
59622210
59646264
59612124
59634850
59621454
59616062
59628180
59628635
59613680
59607214
59623526
59625785
59612720
59612190
59628456
59622140
59621524
59625644
59612710
59609007
59612560
59615270
59640554
59615401
59610170
59631151
59619765
59628810
59607158
59607203
59630660
59630510
59623536
59611095
59600157
59619300
59628688
59633485
59626450
59631560
59625782
59616760
59603390
59614540
59612015
59616693
59622410
59607207
59630410
59623500
59612360
59628390
59646843
59628500
59614590
59604330
59600781
59621528
59621621
59612058
59615377
59633808
59626490
59607231
59607527
59646884
59625330
59634106
59620550
59621495
59612480
59625574
59621546
59627550
59612130
59628618
59625062
59607218
59615336
59615334
59634150
59604320
59633765
59604445
59635030
59617606
59611290
59612066
59633658
59607232
59631483
59625420
59619540
59633685
59625590
59619717
59617722
59643348
59615070
59620697
59646850
59616137
59612592
59608022
59628455
59628687
59628720
59633854
59612160
59633120
59628840
59611440
59618671
59626470
59625380
59627568
59600155
59621040
59618740
59615411
59615372
59613840
59625757
59607058
59646868
59628315
59619780
59643625
59640282
59616450
59631105
59640284
59621464
59643427
59625722
59615438
59617728
59643484
59609560
59640286
59640288
59635122
59600193
59617088
59628740
59600242
59627584
59631552
59613650
59604440
59634158
59633140
59611295
59645153
59625487
59614480
59609480
59632143
59614350
59607500
59613750
59619705
59619000
59646854
59622738
59628070
59615130
59612210
59609304
59625320
59609322
59612038
59646841
59621457
59634160
59646565
59607640
59631363
59628684
59625518
59621536
59607808
59604471
59625724
59626212
59640290
59646583
59620686
59605284
59612470
59621071
59623552
59612045
59607470
59619310
59640292
59612471
59616677
59640572
59621170
59628651
59616756
59635124
59634129
59612380
59625090
59600260
59605260
59640294
59622730
59614840
59615155
59613570
59615545
59604230
59631265
59633710
59625805
59633025
59607211
59645150
59615030
59612085
59616190
59633850
59609300
59633718
59615498
59633855
59612063
59643403
59626510
59625723
59625110
59600296
59633636
59621466
59625187
59643628
59611210
59620752
59604310
59616662
59607650
59623512
59634166
59618640
59621486
59618240
59618241
59640230
59618581
59616710
59616049
59619760
59616380
59604290
59600440
59643400
59632122
59619715
59625751
59630379
59632324
59631512
59632070
59605575
59617230
59628435
59631467
59635070
59619201
59612150
59607535
59628750
59626300
59616420
59612020
59625586
59625606
59603775
59607472
59603750
59607565
59625647
59625595
59625584
59625506
59607054
59627580
59607660
59625622
59612840
59611360
59643627
59613660
59621445
59630675
59615000
59604429
59616675
59604421
59625770
59603762
59631543
59631565
59625638
59631547
59633725
59630836
59622060
59614210
59617694
59643445
59612230
59615499
59631032
59643404
59640438
59633652
59610030
59621514
59617712
59616030
59628383
59646344
59646685
59635134
59634125
59646485
59646747
59625600
59631360
59607003
59608020
59619168
59613635
59631060
59609170
59609526
59607237
59633840
59607320
59631110
59621513
59612750
59635010
59628457
59632056
59607007
59631410
59646872
59633763
59634398
59628683
59633715
59611080
59625325
59600488
59630850
59633770
59620692
59625720
59645162
59631400
59605020
59611380
59607217
59612440
59628605
59626640
59626720
59626241
59631457
59633752
59646839
59631112
59616070
59626753
59619746
59631490
59600323
59621235
59626215
59617240
59625780
59605150
59604090
59633075
59615444
59621502
59616687
59631020
59600450
59617604
59622455
59642600
59605330
59603370
59607826
59604125
59628824
59619220
59611490
59628363
59635062
59620410
59600535
59621295
59600560
59615220
59628471
59632378
59627582
59603170
59643626
59616080
59635100
59607680
59625310
59631034
59607578
59625501
59645182
59619530
59634098
59627586
59631517
59626000
59609340
59617352
59633180
59643388
59623544
59605500
59628040
59646272
59616558
59617696
59626680
59619712
59628427
59625736
59607012
59612650
59614670
59622718
59600325
59628525
59614200
59628645
59611450
59607081
59645154
59628575
59614560
59609012
59609018
59645168
59609010
59628689
59630290
59630445
59622485
59621610
59621526
59617020
59612626
59607489
59622015
59607242
59625608
59617325
59628633
59630480
59623506
59631422
59616056
59643624
59627578
59626237
59604342
59620714
59616610
59635114
59646227
59628421
59646847
59632150
59609328
59631545
59646886
59631507
59633764
59632174
59607813
59616696
59620670
59604433
59604370
59603121
59627558
59620640
59623530
59609532
59646871
59616708
59623518
59628565
59646268
59646876
59634096
59645180
59625604
59621645
59607175
59623546
59634162
59640235
59645208
59600565
59607822
59625057
59610290
59628634
59614640
59627572
59633750
59621544
59605008
59634154
59645012
59616668
59607844
59615419
59625741
59621534
59625589
59631513
59616695
59646812
59632364
59607071
59625748
59607280
59632300
59622475
59604436
59607528
59631514
59645020
59610220
59633790
59628512
59600760
59603768
59603175
59634094
59630351
59609348
59632385
59625194
59634100
59646852
59627590
59628636
59620680
59612112
59631192
59640490
59603764
59616310
59640562
59615691
59615580
59609600
59613705
59621550
59634419
59622020
59617270
59617702
59616544
59630580
59645152
59619330
59628685
59630349
59628563
59631375
59626161
59625650
59612127
59630505
59646266
59635092
59614250
59614020
59626590
59645214
59615391
59625015
59619640
59631220
59609528
59620678
59616704
59607223
59604460
59604466
59619710
59600490
59626218
59616709
59600080
59626440
59614260
59616703
59634698
59614730
59635020
59643452
59631142
59631350
59600017
59640296
59615110
59627588
59619230
59628520
59634135
59646274
59625761
59625628
59603460
59625032
59625230
59643468
59621370
59600463
59621438
59615362
59640298
59614370
59610120
59618750
59621090
59603025
59611090
59600165
59630359
59640302
59625280
59614800
59609548
59620450
59619570
59615060
59632237
59607360
59616097
59626360
59608014
59618646
59646831
59625597
59633344
59633040
59621391
59621510
59623521
59635060
59600250
59603350
59607250
59625728
59612420
59625020
59631487
59625055
59646505
59640304
59628571
59633010
59628772
59640306
59630440
59646415
59628619
59628454
59612115
59607490
59616270
59628610
59616210
59631428
59643276
59634130
59604242
59604169
59635128
59619240
59646455
59625610
59643310
59617756
59640300
59600012
59631010
59603420
59607001
59607000
59612000
59614460
59617742
59625470
59615095
59609460
59630490
59646695
59628587
59610300
59646760
59620720
59635120
59607258
59633656
59643220
59614770
59616674
59615413
59607820
59607440
59612690
59609440
59607235
59626600
59626560
59607310
59622120
59612260
59632480
59632212
59628773
59614775
59614320
59626210
59626102
59607147
59633080
59621270
59620750
59619166
59632305
59607818
59612820
59614401
59612240
59612068
59615105
59612780
59607161
59618683
59610180
59621180
59618680
59635090
59632110
59646278
59600270
59605200
59605270
59614150
59640308
59634126
59614080
59633290
59603480
59621430
59625033
59607579
59628150
59626225
59616135
59643278
59621480
59609582
59600326
59625745
59600531
59626580
59633110
59632210
59614190
59625440
59645192
59604180
59633700
59628441
59645159
59643280
59625160
59607290
59628387
59619202
59631125
59631365
59607216
59615540
59628630
59614280
59626038
59634675
59621575
59621050
59622758
59628646
59631453
59625084
59609344
59643631
59616546
59619490
59609800
59621435
59621469
59630540
59626220
59632326
59632060
59626230
59600100
59621392
59646833
59628595
59643282
59614360
59628638
59628654
59643490
59643284
59609550
59643454
59643424
59643286
59609544
59643320
59640436
59616604
59634074
59627675
59634082
59627672
59634073
59634072
59634066
59634076
59616608
59634078
59634071
59634065
59627676
59634067
59646520
59643288
59617716
59616740
59609542
59615470
59643290
59646435
59643292
59612072
59615020
59632362
59604165
59633853
59646888
59605090
59643382
59619695
59626480
59628437
59632358
59612075
59632395
59620645
59609346
59630845
59609552
59617720
59632224
59616720
59628508
59620520
59604244
59625165
59614820
59607415
59607140
59621118
59617698
59643294
59628774
59628458
59616301
59640544
59607130
59625100
59600786
59633845
59607072
59626460
59628100
59646260
59604415
59604430
59614520
59618110
59618111
59618112
59620610
59625010
59607700
59613600
59626240
59607073
59633200
59630838
59604240
59616039
59633530
59625592
59607710
59628642
59615412
59630865
59628245
59611010
59621010
59618760
59627574
59616250
59625360
59625185
59625060
59646700
59615050
59632181
59634115
59630650
59614300
59640326
59628589
59617730
59614830
59609554
59609569
59646337
59614330
59616748
59617732
59609556
59617084
59630830
59646290
59646755
59608008
59643296
59634696
59620665
59610310
59640328
59633638
59609568
59643298
59634121
59632200
59628848
59609832
59609822
59609812
59609806
59609810
59609803
59609815
59609809
59609828
59609829
59609827
59609813
59609825
59609823
59609807
59609816
59609820
59609831
59609801
59609824
59609818
59609802
59609835
59609821
59609811
59609833
59604454
59631090
59635136
59618045
59611100
59618570
59611457
59628591
59643474
59634640
59612010
59612078
59612590
59614550
59604167
59610190
59604190
59625430
59609014
59615080
59626730
59600030
59616100
59643300
59628770
59612076
59626610
59617612
59625727
59628552
59609334
59607840
59609008
59603756
59633735
59619708
59607085
59633815
59621449
59646250
59609001
59635085
59630670
59621517
59621468
59625578
59631537
59612582
59609312
59607807
59619620
59633450
59628260
59613710
59625199
59617330
59646255
59634133
59631464
59604270
59625192
59632175
59611260
59632075
59614120
59628330
59628786
59628395
59607530
59609326
59621448
59605070
59626630
59609003
59621542
59625618
59604450
59630355
59613810
59607107
59631180
59611320
59604395
59618170
59613590
59626650
59621522
59619320
59615361
59625530
59618107
59609316
59607385
59630369
59631452
59613625
59626690
59625740
59604390
59619730
59632242
59628778
59628050
59607220
59600351
59612640
59617340
59632404
59628803
59618082
59614487
59619040
59611097
59603035
59619748
59640368
59633648
59600065
59609475
59621062
59628614
59620676
59631424
59634685
59619164
59640330
59627566
59634442
59607420
59643302
59621390
59617718
59618652
59621080
59640434
59607380
59607720
59605210
59618720
59600145
59605400
59619400
59600400
59621400
59604140
59620690
59634116
59633634
59643370
59625120
59625220
59609573
59609567
59615835
59628815
59614650
59646262
59645120
59607078
59646881
59633682
59607238
59612065
59600582
59625130
59619257
59616302
59627592
59628845
59610240
59600220
59643304
59607255
59645194
59620675
59625521
59618593
59611060
59619216
59618590
59618060
59630460
59613550
59633852
59640332
59612540
59621404
59600480
59615390
59600370
59600454
59628643
59628641
59613640
59628644
59607585
59631521
59623515
59614810
59615358
59626250
59619162
59623503
59631475
59628517
59627570
59627595
59625255
59632146
59614410
59616728
59635138
59628550
59600265
59600230
59600266
59616440
59649899
59620355
59640334
59609571
59632140
59625370
59626670
59628394
59628782
59628020
59616726
59628396
59628030
59632222
59646525
59633650
59609562
59635142
59628686
59646420
59634410
59607145
59621068
59640338
59640432
59625640
59626285
59617750
59628010
59616688
59609590
59600170
59640458
59646400
59617082
59633135
59612610
59613645
59626287
59603440
59620540
59620742
59616570
59621535
59625633
59632388
59615090
59635050
59632050
59607315
59633835
59609477
59630847
59603320
59645200
59646817
59619742
59619130
59620667
59607816
59616400
59633460
59607120
59616612
59625215
59621620
59617215
59616691
59607300
59632310
59607423
59603190
59611070
59621070
59618770
59614230
59615441
59620735
59617726
59628637
59646860
59630640
59621497
59643434
59617714
59643406
59620460
59633005
59633590
59603210
59600474
59618656
59640536
59625495
59612510
59619560
59643272
59607035
59616600
59634394
59615300
59619290
59603754
59625486
59617620
59615150
59625613
59626213
59607810
59633470
59615695
59618117
59627564
59604020
59611110
59613760
59646810
59633827
59633520
59614180
59605101
59605102
59605100
59603100
59604120
59628681
59646866
59616711
59600127
59628350
59622445
59603245
59607427
59603240
59628190
59616140
59645204
59628613
59614390
59633250
59640336
59607200
59612136
59604402
59628509
59628590
59614450
59631423
59617682
59615332
59634132
59600110
59604446
59604350
59618190
59631070
59640339
59632278
59646590
59617734
59609470
59621334
59640340
59640342
59628585
59609570
59628340
59643438
59607350
59612390
59609350
59630357
59618744
59612290
59615480
59620370
59619030
59604352
59607542
59625140
59607802
59631515
59626242
59607180
59607550
59612061
59645160
59634110
59607838
59612050
59614720
59633810
59607164
59630390
59617700
59604456
59607166
59607730
59631456
59619520
59609430
59643420
59640442
59618130
59621130
59612117
59643482
59600317
59600210
59619210
59633505
59646874
59609566
59615408
59633315
59607080
59616145
59615230
59628603
59631429
59643416
59614380
59616220
59633844
59631390
59643402
59640344
59616390
59600060
59643429
59640346
59622735
59628428
59633847
59646745
59628388
59608010
59610330
59643446
59634422
59646350
59643426
59640428
59632206
59630835
59625576
59628440
59621570
59609405
59609565
59617688
59625772
59625607
59628632
59628270
59610140
59621140
59618140
59645210
59634655
59643350
59640425
59607574
59643444
59646258
59631525
59619049
59619170
59614700
59634406
59617748
59631518
59605340
59600350
59605006
59631430
59632117
59625583
59614040
59615451
59619744
59628490
59607260
59603173
59607685
59616230
59600610
59634172
59640660
59605075
59631138
59631340
59600570
59600550
59632066
59604400
59607084
59600120
59628275
59628348
59604447
59643447
59635130
59614050
59635160
59604434
59623532
59625625
59631115
59600335
59619670
59614070
59604195
59628647
59630371
59619680
59615560
59633645
59615421
59628617
59626254
59621640
59640348
59640350
59628832
59620655
59633430
59628838
59623550
59628836
59612621
59633100
59632386
59612625
59607860
59631650
59633730
59642000
59609610
59609015
59600890
59635005
59612125
59607452
59614340
59618751
59631130
59631135
59632390
59628844
59612105
59617608
59612067
59633060
59633342
59633030
59633445
59628532
59628505
59633160
59626700
59628560
59640595
59628470
59621470
59607234
59633190
59633150
59604435
59604360
59616370
59616041
59625627
59611250
59604410
59625030
59632215
59633610
59646837
59616095
59617320
59607370
59628570
