59151250
59161450
59155645
59140030
59160625
59146385
59152175
59141265
59150443
59152030
59151680
59158186
59144725
59152820
59141420
59147590
59141500
59145633
59157238
59149401
59149400
59149390
59149286
59149290
59149300
59149406
59149363
59149270
59149370
59149280
59149373
59149306
59149296
59149310
59149340
59149303
59149330
59149376
59149343
59149326
59149283
59149366
59149356
59149353
59149350
59149336
59149313
59149333
59149403
59149293
59149320
59149316
59149323
59149410
59149360
59149420
59149402
59149380
59150765
59144340
59158752
59147618
59150646
59144735
59158210
59140578
59140518
59140535
59142508
59140530
59140515
59140525
59140520
59140575
59140550
59140580
59140555
59140570
59140546
59155583
59150640
59160406
59141775
59150758
59161635
59150485
59142621
59151770
59144670
59160429
59155233
59143255
59152800
59159540
59159515
59146470
59161180
59145320
59145322
59145324
59145326
59145330
59158240
59144848
59152540
59160605
59159460
59151840
59151433
59144054
59151110
59142505
59148830
59150490
59157318
59160400
59144288
59146270
59150673
59141455
59142656
59155565
59143037
59158198
59144762
59141270
59159620
59141825
59146145
59152240
59158735
59158750
59158730
59158002
59158150
59146035
59146570
59140105
59155380
59159640
59152675
59141685
59148240
59145270
59149196
59151735
59148415
59150655
59146425
59157160
59158825
59157253
59144738
59150832
59155315
59159550
59152105
59152060
59152380
59147620
59158236
59151800
59142760
59158765
59158155
59144842
59156488
59143455
59149025
59147370
59142750
59143110
59160772
59145550
59156050
59151510
59161615
59161580
59149550
59143150
59140350
59157175
59161600
59144380
59142522
59144270
59161665
59150570
59150530
59141540
59141535
59145260
59161476
59153300
59144333
59160810
59157203
59148810
59161270
59155430
59150423
59148333
59151730
59151290
59148812
59143080
59158820
59147500
59152040
59142140
59142823
59142798
59152515
59160421
59152390
59145080
59158224
59145085
59160432
59148182
59151185
59146390
59145276
59142030
59150460
59141475
59158178
59152100
59144044
59142430
59142350
59156490
59154195
59158757
59158773
59142825
59140700
59143275
59142792
59147485
59146420
59150350
59140085
59161430
59159650
59140260
59147560
59147555
59148590
59160830
59146810
59144740
59158234
59145800
59147550
59144500
59152001
59142500
59142440
59153150
59151610
59151600
59159780
59152180
59147435
59144585
59141275
59153035
59153010
59153020
59161545
59152012
59146590
59142675
59155260
59152245
59144605
59150798
59141320
59160416
59146595
59160404
59161000
59151230
59144743
59140345
59141180
59160398
59144785
59145090
59159565
59155115
59159465
59160390
59146625
59161760
59146370
59146380
59147060
59142200
59145430
59149604
59142110
59161200
59161205
59158248
59144565
59151035
59156495
59142090
59150220
59144747
59155320
59148323
59152840
59144314
59153210
59144665
59148326
59148405
59144280
59143035
59160426
59154105
59154240
59141050
59159525
59145450
59147390
59154115
59149618
59152845
59148450
59153155
59159670
59149600
59158220
59142085
59148790
59152295
59146563
59149070
59148160
59149090
59150010
59156660
59143360
59146750
59149890
59147200
59140180
59152170
59148175
59146435
59142794
59148410
59142360
59152363
59147398
59141350
59140100
59155228
59150600
59154185
59155370
59155740
59155371
59156060
59159475
59159740
59160414
59146460
59142720
59159535
59153345
59156209
59156219
59156244
59156250
59156243
59156222
59156218
59156249
59156221
59156202
59156210
59156200
59156215
59156236
59156238
59156237
59156248
59156247
59156212
59156228
59156203
59156360
59156350
59156357
59156325
59156310
59156305
59156335
59156355
59156315
59156330
59156345
59156320
59156340
59156230
59156246
59156223
59156206
59156201
59156227
59156204
59156205
59156208
59156214
59156239
59156225
59156242
59156217
59156226
59156740
59156743
59156850
59156770
59156758
59156783
59156808
59156798
59156800
59156813
59156838
59156768
59156793
59156843
59156775
59156788
59156785
59156795
59156778
59156803
59156750
59156755
59156825
59156830
59156833
59156845
59156745
59156753
59142195
59156748
59156763
59156765
59156835
59156773
59156780
59156840
59156805
59156810
59156823
59156828
59156760
59156820
59156790
59156815
59156818
59160430
59160410
59140265
59145040
59158262
59150270
59151466
59152725
59149010
59144750
59141730
59150400
59141585
59156510
59158775
59153052
59150095
59144064
59155475
59155145
59155220
59147440
59153001
59151580
59155576
59146840
59148320
59155680
59144846
59161016
59140250
59146210
59148840
59161555
59152770
59145252
59151445
59160401
59144753
59141700
59144755
59152005
59144068
59151436
59151665
59144072
59146592
59140790
59142420
59140670
59141600
59141605
59144052
59145525
59142115
59144758
59155460
59148520
59148783
59142815
59150670
59144756
59152090
59143250
59144760
59157380
59155340
59142646
59158830
59152230
59160424
59151650
59140115
59140120
59155040
59156670
59145100
59158254
59158233
59144773
59144220
59160770
59160775
59148330
59150644
59155055
59146190
59141010
59143050
59144640
59147380
59161632
59148623
59154110
59161013
59151270
59147525
59146530
59149020
59144768
59160715
59144764
59155560
59144420
59155135
59140340
59140310
59140840
59141000
59142240
59161478
59150300
59150305
59150310
59155586
59151130
59158252
59142529
59149566
59151725
59151100
59155256
59146830
59148556
59148610
59149592
59146825
59144770
59158795
59159655
59145256
59140320
59140610
59140620
59156680
59141460
59155420
59148270
59141690
59142320
59158260
59155385
59159730
59150650
59156700
59155325
59159690
59146573
59161266
59148060
59152510
59150370
59146100
59141090
59150790
59158266
59142210
59152125
59146345
59150230
59142075
59150040
59141805
59160620
59145605
59161655
59161123
59146245
59157333
59142230
59145258
59140495
59142708
59140490
59146546
59144849
59144775
59150340
59145610
59150820
59143290
59160411
59141615
59143200
59143190
59148366
59140740
59140745
59150560
59161473
59144778
59150596
59141382
59155596
59144780
59144695
59157400
59158760
59140175
59141100
59147470
59140450
59146040
59141110
59145650
59150050
59144730
59150368
59140290
59141150
59145590
59145560
59160730
59161050
59155412
59140680
59144292
59140810
59155410
59149016
59148558
59147626
59144590
59146085
59146090
59140780
59145490
59158160
59152822
59152535
59148773
59161500
59150642
59141740
59142340
59150788
59146080
59144286
59143160
59146553
59158250
59148185
59146800
59141255
59155110
59158268
59161020
59151120
59158798
59141530
59160720
59160722
59147600
59151425
59151710
59154265
59145520
59145703
59160675
59143140
59143145
59150810
59141120
59145580
59142290
59158740
59148285
59157188
59140200
59140205
59140585
59140650
59149580
59157353
59152543
59149626
59140255
59146200
59141005
59140015
59148350
59146845
59155620
59155612
59146290
59141580
59155625
59145208
59141410
59155510
59155360
59161633
59148300
59146255
59161303
59143245
59140220
59140225
59152010
59143280
59152574
59148265
59155765
59159770
59159485
59155775
59159530
59159580
59159810
59159680
59155770
59155785
59155780
59159630
59159720
59161260
59161263
59161530
59150410
59154150
59141720
59149572
59146652
59142130
59145710
59145780
59158246
59147825
59161560
59145700
59144390
59158172
59141435
59152626
59155610
59149013
59149576
59155810
59156070
59141750
59147835
59144375
59142060
59143025
59146180
59141015
59153400
59151363
59161590
59161595
59144098
59153600
59151366
59157250
59157340
59153205
59140315
59140630
59146170
59141020
59147045
59150663
59151720
59148480
59157190
59155580
59150786
59160392
59152080
59147610
59152780
59153160
59160422
59155590
59150275
59155335
59159665
59147515
59142330
59142503
59149190
59161520
59152110
59148485
59158810
59144285
59160825
59140720
59158188
59146150
59141045
59146152
59155655
59153200
59146395
59159555
59159660
59140270
59146230
59141130
59145840
59157300
59157293
59140053
59155310
59160615
59150430
59161026
59161470
59157360
59159480
59154170
59142095
59150480
59141630
59148823
59150205
59145460
59155490
59155550
59149882
59141075
59160413
59141440
59144660
59144680
59150240
59145765
59150330
59144655
59151570
59147445
59152745
59145820
59161568
59144570
59148465
59148466
59145825
59150365
59157326
59146250
59144595
59144610
59142255
59149578
59148338
59147860
59155230
59159750
59157323
59148370
59151590
59152623
59155240
59158835
59161220
59142235
59161660
59155725
59141670
59141240
59149620
59141225
59155615
59158242
59144645
59158227
59142250
59142692
59140033
59160540
59161175
59158755
59152646
59149624
59152480
59146660
59157396
59144048
59155480
59155175
59157356
59155495
59155535
59155500
59155530
59158228
59158790
59148460
59152130
59142712
59152370
59145120
59152185
59152195
59152190
59149622
59152550
59157185
59143225
59140130
59159450
59155685
59148230
59148780
59152647
59144700
59161040
59161420
59150835
59156730
59150676
59145790
59146305
59150150
59151070
59157365
59141755
59141380
59140750
59161645
59159435
59152025
59152210
59150686
59140080
59146585
59142684
59142260
59145670
59144575
59150830
59151060
59142300
59151360
59158232
59151285
59149346
59149610
59150688
59150666
59150667
59151750
59149608
59149606
59144808
59144800
59144812
59144796
59144810
59144802
59144804
59144798
59144794
59149612
59144806
59155440
59160645
59150796
59143058
59151280
59148470
59142730
59149562
59155470
59144630
59148630
59148336
59141200
59144352
59142652
59152830
59143040
59141450
59157408
59161306
59161465
59142020
59161570
59161280
59140160
59140765
59140770
59140775
59155435
59157193
59150160
59149584
59144370
59141575
59141570
59141230
59147400
59148363
59144560
59140565
59161515
59143705
59157358
59149586
59142310
59145030
59145315
59142810
59143020
59144320
59140710
59148420
59160650
59140210
59144850
59144326
59152790
59142155
59147375
59150130
59155520
59160660
59160710
59161060
59140690
59141030
59141645
59145640
59151350
59141760
59150475
59160725
59150540
59150590
59160537
59160530
59161052
59160705
59151390
59151391
59161750
59141430
59156690
59161275
59145400
59142695
59145838
59141660
59144828
59150335
59145160
59141400
59144323
59150470
59144354
59155593
59155715
59146120
59141080
59161433
59144368
59144075
59146648
59146650
59143010
59155710
59141520
59157248
59161605
59143240
59157246
59148280
59145272
59155555
59146300
59155525
59143042
59152630
59145220
59158184
59152580
59161075
59149193
59144526
59161625
59143060
59144283
59161640
59151020
59158192
59144536
59142626
59142727
59161550
59157218
59158196
59151030
59144822
59144273
59152255
59155485
59161290
59161490
59143285
59148220
59143300
59146340
59151500
59141510
59144615
59147830
59151380
59143155
59157310
59144092
59141840
59157230
59161525
59161033
59147413
59143265
59143270
59144346
59148738
59144534
59141515
59141415
59149200
59141715
59157196
59149170
59143180
59143220
59154130
59144046
59152440
59141655
59160655
59144250
59157330
59155246
59142516
59144042
59150210
59142225
59140360
59156240
59145180
59148776
59152546
59152655
59152660
59155690
59156720
59151640
59140365
59150623
59155225
59146619
59157403
59152633
59158194
59149554
59140185
59160780
59155545
59155190
59148833
59144620
59149602
59147616
59157406
59144094
59155216
59141610
59146130
59141070
59157260
59143210
59159700
59151485
59159645
59142732
59159800
59159455
59149006
59157336
59144724
59148814
59161631
59161080
59143100
59141310
59142120
59140090
59140095
59140400
59140405
59140325
59155001
59149175
59146440
59149455
59144343
59161190
59161730
59148440
59148340
59161630
59144336
59161510
59161070
59158190
59147810
59145000
59144826
59145280
59151010
59146600
59157343
59161565
59157243
59145140
59147640
59145060
59141340
59151400
59148295
59160670
59160673
59142662
59141710
59161065
59154220
59158855
59150060
59150446
59152140
59142145
59146666
59160407
59151180
59141035
59159440
59142280
59150495
59141465
59158267
59141800
59155280
59155390
59142080
59145130
59145135
59159610
59144070
59151660
59144058
59150450
59144260
59156484
59144305
59155150
59161663
59149558
59142642
59145096
59141040
59140480
59140327
59146010
59141135
59145037
59145250
59141105
59160815
59156234
59161700
59160680
59146240
59146030
59141555
59146235
59150693
59141820
59151038
59149560
59147850
59153350
59160750
59160752
59160754
59145630
59160700
59161575
59156486
59141385
59145204
59153046
59153030
59144635
59147625
59147410
59147624
59147629
59147540
59147495
59147627
59147420
59147490
59147505
59161230
59160415
59146613
59141470
59159505
59144035
59149556
59161250
59161460
59160405
59149060
59156080
59152620
59147865
59152835
59140040
59155395
59160610
59148490
59142682
59149892
59149260
59157313
59145274
59142770
59142775
59145300
59145310
59147815
59143030
59151275
59148816
59161710
59145600
59141405
59157206
59157256
59160590
59157233
59149880
59143120
59151330
59144096
59147840
59157316
59149552
59161720
59143130
59143135
59150510
59161670
59141545
59156232
59144290
59161661
59155720
59160640
59143115
59161485
59147855
59149574
59152600
59150683
59145093
59144538
59144318
59155050
59157240
59145420
59161705
59144625
59157350
59148650
59161830
59145200
59157270
59148845
59145360
59151830
59158182
59140820
59140800
59141560
59142380
59143000
59143195
59144795
59157320
59161006
59147450
59150615
59142514
59140300
59141160
59145720
59161003
59161650
59150630
59150635
59148826
59148760
59141830
59141810
59140560
59157215
59152530
59140020
59140025
59145350
59145810
59145815
59140170
59140110
59142507
59147510
59145050
59145052
59158258
59141635
59144350
59155140
59150440
59147365
59160409
59148836
59145565
59157393
59152665
59144298
59141745
59143055
59141330
59141220
59158170
59157170
59148770
59159495
59161210
59147580
59155236
59148400
59141680
59143015
59161036
59147623
59158238
59158265
59148495
59155400
59152525
59153015
59151592
59156440
59156430
59156435
59156450
59148595
59146664
59149614
59150678
59151667
59159635
59160820
59143350
59159545
59142160
59141490
59156220
59155250
59148820
59141590
59157236
59145390
59141550
59155155
59153050
59149568
59142630
59152730
59158209
59142520
59149500
59144600
59143065
59147606
59143005
59141025
59151240
59148600
59157390
59161300
59140230
59140235
59157385
59150648
59152250
59158800
59147100
59144530
59147150
59147080
59147075
59147090
59147070
59152520
59147135
59147095
59147160
59147085
59142738
59147125
59147110
59147130
59147145
59147120
59158264
59140145
59147140
59158745
59147465
59147425
59147430
59140370
59140373
59140376
59152070
59145510
59145070
59153043
59154350
59152650
59158400
59146617
59155600
59152155
59154140
59161770
59146587
59140465
59154310
59158840
59140043
59160600
59157283
59141280
59141235
59142205
59141395
59147415
59141145
59140285
59145760
59143205
59140140
59149582
59146540
59152450
59150020
59146280
59146662
59149616
59148800
59152160
59154145
59159710
59145254
59152150
59151455
59144650
59150015
59140050
59142105
59151150
59151140
59158226
59141790
59141260
59152360
59155573
59151795
59152260
59147475
59161170
59161043
59144204
59144118
59144142
59144188
59146644
59144215
59154008
59144116
59144106
59144200
59144198
59144124
59144130
59144172
59154253
59154050
59144160
59154285
59154070
59154085
59154250
59144193
59144195
59144205
59144180
59154200
59154075
59154225
59154010
59154095
59154270
59144197
59154080
59154215
59154015
59154230
59154190
59154245
59154030
59154125
59154325
59154260
59154165
59154025
59154135
59154055
59154330
59154180
59144138
59144140
59144182
59144162
59154155
59154255
59144114
59144126
59144156
59144144
59144213
59144176
59144174
59154290
59154335
59154120
59154000
59154100
59154020
59154205
59144191
59144134
59154235
59154065
59154040
59154003
59154035
59154175
59154280
59144168
59154045
59154160
59154005
59154060
59154218
59154090
59144100
59144164
59144206
59144154
59144120
59144110
59144178
59144104
59144136
59144194
59144184
59144152
59144146
59144201
59144128
59144166
59144112
59144186
59144170
59144122
59144108
59144208
59146615
59144150
59144212
59144132
59159430
59150620
59152290
59150260
59151300
59151760
59154210
59144066
59154275
59154320
59154321
59150660
59145110
59142510
59142070
59144355
59142665
59146070
59141210
59146020
59147460
59144000
59144300
59149564
59152825
59146310
59142790
59159310
59159340
59159300
59159330
59154300
59159320
59151163
59151166
59159350
59146580
59145370
59148570
59147395
59150672
59142780
59144532
59141175
59143070
59144838
59144824
59152810
59155700
59155705
59152636
59157370
59142672
59161620
59143295
59143260
59146140
59141065
59161455
59146160
59147385
59158845
59146360
59154315
59150690
59158208
59149596
59150190
59140001
59140023
59140248
59146220
59140660
59146480
59156410
59155760
59147190
59147230
59147260
59141770
59152050
59146566
59152645
59158850
59147520
59152015
59140730
59140190
59140195
59140640
59152330
59141795
59158860
59146350
59151463
59150426
59152135
59149594
59150258
59160402
59146363
59140280
59141140
59145830
59145835
59152020
59152120
59144060
59156400
59155032
59155048
59155038
59155042
59155046
59155044
59155034
59155030
59155036
59146576
59142518
59152280
59151200
59158742
59158720
59160396
59151023
59152376
59155120
59142100
59150140
59160394
59144580
59146005
59158222
59146000
59152740
59152455
59151415
59151540
59151410
59151450
59151460
59161120
59151430
59150793
59151815
59152460
59151427
59150360
59151440
59151470
59151820
59150613
59151480
59151818
59151812
59151560
59151530
59151550
59151310
59151585
59151160
59151000
59161030
59146550
59140540
59140380
59140382
59157286
59147305
59147280
59147320
59147270
59147285
59147290
59147275
59147310
59147300
59147295
59147315
59147265
59147325
59142270
59152373
59140392
59141142
59140485
59150618
59144050
59148360
59146275
59152828
59157180
59143555
59142796
59141765
59142185
59145455
59142150
59155243
59144276
59144090
59150070
59157328
59155052
59155465
59150045
59150657
59146670
59160585
59149230
59149195
59146410
59149160
59149115
59148660
59148743
59149240
59142190
59149206
59148730
59149145
59149220
59148710
59148620
59148723
59148720
59148734
59148673
59141705
59160403
59148696
59148625
59148703
59149250
59148690
59148713
59141185
59141190
59148740
59149100
59149110
59148700
59148680
59148666
59149235
59148753
59148090
59149225
59148683
59149203
59149243
59146405
59149130
59148746
59148736
59149125
59148732
59148686
59149246
59148706
59148663
59149140
59149120
59149105
59146400
59148670
59148716
59148200
59148693
59149210
59149135
59148676
59148750
59148726
59146415
59149255
59149150
59148180
59148235
59148380
59157410
59145620
59158185
59150775
59150815
59148793
59140125
59143090
59144040
59149570
59141055
59141060
59142390
59142736
59144210
59157210
59160630
59159445
59144056
59151490
59157265
59150255
59146543
59145500
59161899
59159600
59158230
59142800
59150250
59150245
59150162
59146110
59141085
59146556
59143215
59160420
59140355
59155125
59160423
59144840
59141290
59142135
59155570
59150770
59152750
59158200
59152350
59141095
59140295
59141155
59145730
59140060
59155185
59148634
59147455
59141125
59145770
59142512
59148550
59147530
59149598
59142170
59142180
59161487
59141640
59161585
59148260
59160800
59160805
59147820
59157275
59149165
59140385
59159790
59141250
59141170
59145660
59141625
59151040
59152693
59152703
59152710
59152705
59152695
59152698
59152700
59152708
59152713
59152690
59152718
59152720
59152723
59152715
59150166
59140505
59155730
59142716
59150135
59161480
59143230
59144310
59157296
59157220
59141092
59144330
59145570
59157290
59152670
59157198
59152200
59141445
59155540
59150164
59157345
59146610
59146640
59151370
59161610
59141620
59146690
59158805
59150168
59148786
59158780
59147050
59147628
59156822
59145608
59146820
59150783
59145240
59140590
59152053
59144675
59160428
59147535
59151295
59158229
59145480
59146353
59142410
59151305
59158815
59143235
59157346
59150155
59153330
59148310
59151235
59142125
59142528
59142502
59161023
59151190
59144360
59149003
59149588
59148580
59153025
59156710
59146356
59152490
59155630
59155632
59144690
59146430
59155605
59152640
59148290
59146050
59146055
59146560
59155180
59161010
59150120
59140460
59142714
59140455
59144685
59140010
59146260
59146265
59146060
59147630
59155253
59146366
59140046
59150420
59147603
59148472
59152405
59152400
59152220
59160431
59150100
59150110
59144294
59146450
59144540
59152505
59155213
59155165
59155160
59155170
59152500
59155210
59145410
59158244
59157280
59151288
59143410
59143406
59143405
59143402
59143403
59143407
59143413
59143411
59146295
59152270
59150085
59150090
59146038
59158770
59142220
59145435
59145440
59158256
59142519
59159590
59144158
59142525
59141650
59144365
59151026
59144062
59155130
59155515
59155505
59142375
59140500
59140510
59140470
59142723
59140543
59140390
59142704
59140036
59155290
59145380
59150080
59153040
59150030
59157200
59150680
59146330
59141300
59144296
59142740
59150520
59148430
59152760
59144315
59142370
59161410
59141480
59151015
59159560
59147480
59155234
59161440
59144088
59147613
59161085
59150200
59142725
