29190560
29199678
29197507
29192842
29199324
29198145
29192884
29199156
29199177
29197714
29198230
29197316
29198055
29194706
29190246
29194439
29194354
29192705
29190208
29198010
29194308
29190204
29194144
29192506
29193605
29197132
29197144
29193198
29197520
29196166
29192727
29194248
29199646
29190802
29198227
29199641
29193756
29194519
29196045
29199105
29194538
29194505
29199649
29194750
29197509
29199679
29190258
29192118
29190332
29192217
29197013
29195622
29190048
29193746
29190135
29190230
29190018
29190480
29190412
29194309
29198381
29197590
29197589
29193730
29199659
29196318
29196093
29198485
29198483
29198480
29197054
29198169
29195654
29197726
29193714
29199645
29193612
29190614
29197099
29199786
29197087
29197519
29197117
29193720
29198221
29194710
29194275
29194322
29192706
29192709
29192703
29193010
29193192
29193090
29193234
29199826
29199526
29194551
29190515
29194214
29192315
29190355
29199630
29194523
29197571
29199675
29193646
29190107
29196070
29190384
29192130
29190226
29192208
29192112
29190356
29190042
29190821
29198369
29190242
29192280
29192010
29192445
29192348
29195648
29192704
29198459
29198366
29193140
29193704
29198357
29198606
29194542
29192133
29190220
29192200
29193017
29199159
29198178
29190668
29194730
29194735
29194521
29194791
29190664
29198354
29199774
29199653
29197063
29192339
29193530
29193043
29190645
29196154
29196223
29196230
29190615
29194737
29198336
29196369
29196094
29199661
29196214
29196025
29199562
29198333
29195480
29194548
29197700
29199306
29197631
29194109
29197634
29197721
29197705
29199330
29198618
29195657
29197522
29197713
29194335
29199798
29193018
29196227
29197527
29198303
29199318
29195454
29195487
29194208
29194138
29194110
29197156
29197060
29192803
29190252
29194303
29194409
29195445
29194014
29194105
29194200
29198306
29196242
29197551
29194230
29194725
29194325
29197535
29194135
29194324
29190730
29197556
29193610
29192092
29192410
29192205
29192063
29199541
29190800
29199108
29192507
29192450
29197165
29199628
29199304
29196216
29193405
29193613
29198106
29197601
29197667
29193046
29198309
29194006
29194345
29194512
29193609
29190050
29198037
29196164
29199690
29194316
29196170
29196195
29192505
29193100
29199326
29199168
29193634
29196303
29199327
29199180
29192721
29198186
29197310
29193407
29193611
29197312
29199339
29192015
29192276
29197532
29199672
29197580
29197610
29197057
29194254
29190657
29194518
29194306
29190684
29198312
29194056
29194162
29197577
29199625
29194044
29194245
29194119
29194339
29194412
29195421
29199303
29198039
29197510
29199022
29190754
29192863
29199806
29199507
29198224
29199828
29199523
29192027
29192335
29198168
29199515
29198321
29190727
29199535
29190824
29193710
29193042
29198233
29190803
29197105
29193508
29197051
29199686
29198324
29194445
29194113
29193506
29194757
29198097
29194212
29198164
29194059
29194166
29199302
29199170
29199512
29197704
29192113
29199602
29199588
29194246
29199132
29197528
29199770
29198460
29199766
29198028
29198058
29199150
29194217
29194203
29199540
29199756
29199130
29198315
29197195
29193538
29198318
29194593
29193724
29199102
29193726
29190806
29197505
29192876
29192090
29193400
29199667
29192712
29193535
29192818
29197147
29196171
29190125
29190266
29190608
29195424
29196506
29198627
29194507
29196378
29192078
29193024
29192504
29199612
29196162
29199577
29190388
29190692
29190625
29198040
29190130
29192066
29192503
29193066
29192436
29193427
29193601
29190616
29194719
29198236
29192268
29192030
29190807
29199594
29199093
29190661
29190609
29198172
29193638
29199531
29199153
29193145
29198327
29198330
29190470
29194563
29190604
29190760
29199521
29199147
29199533
29197184
29190234
29190224
29190250
29194210
29194430
29194515
29190535
29194559
29199613
29192878
29192870
29198157
29193748
29193222
29193306
29193332
29193230
29193180
29193321
29193540
29193186
29193345
29193430
29193512
29193300
29193201
29193327
29193162
29193324
29193228
29193330
29193305
29193174
29193342
29193219
29193322
29193302
29193216
29193150
29193309
29193339
29193433
29193225
29193315
29193532
29196324
29196034
29197306
29199099
29193525
29199636
29190674
29199696
29193060
29198182
29196146
29193039
29194313
29199096
29198239
29198509
29199332
29197718
29199537
29190809
29192085
29196087
29199300
29192806
29196036
29193352
29193505
29193168
29193556
29193340
29193421
29193355
29193403
29193350
29193354
29193503
29193237
29193336
29193424
29199051
29190763
29195495
29194524
29199054
29194761
29199698
29190642
29190570
29199814
29199514
29192018
29192274
29190706
29194703
29196240
29190660
29190715
29194276
29192827
29192866
29196327
29196028
29199329
29199525
29190814
29197504
29196503
29190724
29193700
29193600
29196161
29190635
29196402
29196115
29196169
29196100
29199642
29197604
29190314
29192442
29192243
29192127
29198181
29199656
29195626
29194326
29198310
29196354
29196390
29196372
29196381
29194247
29198160
29198110
29197153
29199676
29198100
29193153
29193313
29196348
29190575
29194026
29194758
29193317
29193626
29195660
29193514
29194164
29194040
29190670
29199695
29196363
29192400
29192088
29193406
29194767
29196500
29190624
29197542
29193632
29194280
29193087
29199788
29194721
29198339
29195427
29195603
29196530
29196057
29190540
29194614
29197568
29194220
29194620
29193616
29196097
29196086
29198036
29194124
29194304
29196020
29197658
29192824
29193628
29192882
29199125
29197048
29199336
29190466
29198189
29199556
29199559
29199551
29199568
29199553
29199571
29190525
29194566
29190415
29190476
29190545
29194611
29198456
29199631
29190610
29195491
29197534
29195473
29192084
29198342
29190206
29193202
29193025
29197586
29194250
29198167
29197730
29197710
29192334
29199647
29198143
29198242
29194709
29197150
29198161
29198477
29199310
29199548
29198300
29199010
29198600
29198200
29198025
29198500
29198450
29197554
29197020
29197025
29197188
29197545
29199057
29196207
29190613
29199582
29190025
29194705
29194752
29196015
29190066
29190180
29190210
29192109
29193081
29192715
29196149
29195632
29195600
29193560
29194333
29194130
29194038
29199680
29199812
29199513
29195410
29198609
29193204
29192086
29192454
29198345
29192871
29194133
29199820
29199519
29199624
29197129
29198630
29193622
29199030
29190603
29190340
29190335
29190341
29190344
29190365
29190368
29190653
29190308
29190311
29190347
29190371
29190353
29190739
29190359
29190374
29190765
29190390
29190338
29194053
29194442
29194258
29194156
29197706
29190380
29192318
29192472
29192851
29190102
29192154
29192094
29194000
29197539
29197559
29190606
29199578
29194327
29194503
29194111
29195485
29199665
29194206
29194318
29194557
29194718
29194010
29199619
29193069
29194041
29194118
29194433
29194242
29194342
29199626
29198633
29199351
29190317
29194764
29197536
29197318
29195488
29195624
29196109
29194204
29194351
29194578
29199317
29193510
29193325
29197655
29196022
29197661
29198503
29194176
29194062
29193572
29199648
29195409
29190812
29194047
29194131
29194264
29194122
29199534
29193742
29199830
29199684
29190682
29196306
29196017
29194568
29196204
29193574
29196403
29197619
29199650
29197010
29197308
29190654
29190627
29199644
29190709
29199042
29193744
29197515
29199527
29197613
29198166
29198094
29199778
29194517
29194720
29192270
29192024
29194572
29194311
29196336
29196089
29193203
29192435
29198348
29193045
29198351
29199090
29190742
29194704
29198360
29192080
29192346
29193732
29190712
29194533
29194715
29198147
29193630
29190611
29199570
29199584
29198245
29199322
29194172
29194312
29194260
29199087
29194207
29199305
29199654
29195493
29196509
29192321
29199309
29190264
29192100
29192072
29199681
29194754
29198363
29198603
29197740
29197162
29199666
29193578
29192500
29198192
29193716
29194722
29194270
29190428
29190254
29190325
29190034
29197108
29197066
29194215
29194305
29196042
29190636
29197625
29199048
29196203
29192025
29193110
29190065
29194128
29193195
29190505
29194320
29190700
29199039
29199345
29194095
29193736
29198506
29198163
29197607
29194153
29190468
29194617
29192880
29194332
29199066
29194301
29190015
29199754
29199144
29199538
29193734
29194310
29195639
29193084
29196106
29199590
29199750
29198210
29199776
29192309
29196103
29199622
29193752
29193115
29192082
29196083
29199576
29196226
29190175
29190070
29198530
29197715
29199141
29197526
29193740
29194227
29196091
29196151
29192048
29199816
29199516
29199682
29197703
29195479
29197508
29190748
29194218
29199025
29195482
29195425
29198109
29199165
29199509
29199601
29199312
29197178
29193504
29190045
29193528
29193314
29192042
29198636
29195476
29199530
29193078
29190478
29198158
29193320
29190054
29192357
29196218
29190232
29190140
29190022
29190142
29190418
29190417
29194328
29194025
29190590
29199655
29198134
29194749
29199342
29190464
29194545
29194008
29194321
29190165
29194424
29190272
29195609
29195470
29198046
29196174
29195606
29195457
29190110
29190680
29194711
29196173
29194415
29199640
29196512
29196050
29192800
29193231
29193333
29196030
29194536
29195469
29193012
29195418
29196328
29198180
29195499
29195666
29193030
29193636
29195460
29190612
29198190
29196079
29193502
29193319
29190685
29190633
29193606
29195615
29190115
29190080
29196065
29199784
29197646
29199639
29196175
29196208
29193171
29193326
29196405
29195420
29196213
29199529
29199635
29192277
29193607
29193015
29194751
29194147
29198372
29197548
29190687
29194590
29190455
29190618
29194068
29194174
29190072
29193614
29190617
29198612
29196176
29192821
29199808
29199508
29194236
29194017
29194100
29192033
29192265
29199616
29193120
29195628
29196237
29196228
29194117
29190055
29198175
29195621
29196032
29196320
29196325
29196206
29193054
29190274
29190160
29196153
29193057
29196342
29198085
29192035
29192202
29197708
29194077
29194108
29194575
29194410
29194107
29190500
29195612
29195412
29192854
29194127
29192857
29198375
29195629
29198602
29196112
29196515
29190268
29194074
29194112
29198378
29190565
29194527
29190648
29193215
29195415
29195633
29194086
29194202
29194126
29197503
29190222
29195623
29198383
29196155
29195663
29196518
29196088
29197511
29190460
29198132
29193604
29197640
29190815
29190703
29194702
29190626
29197652
29194753
29199657
29193750
29192012
29192278
29193418
29196521
29199179
29194626
29194622
29199191
29194632
29199188
29192246
29194628
29199187
29199190
29199185
29199172
29194630
29199173
29199182
29199193
29199181
29199195
29192214
29194624
29199175
29199184
29199194
29199176
29199315
29199604
29190382
29192142
29193754
29198151
29198162
29197512
29199599
29196160
29194436
29197036
29193738
29197111
29193618
29195645
29197185
29192250
29190323
29195433
29196209
29192525
29190400
29190046
29190320
29190305
29190092
29194180
29198404
29190805
29199123
29197518
29194020
29190035
29194141
29197711
29193722
29190620
29198022
29198527
29190718
29190745
29199764
29193708
29196150
29197530
29190228
29190300
29194132
29190062
29199762
29199027
29192515
29193564
29199620
29190170
29190639
29199621
29193568
29193602
29193051
29194746
29194317
29199677
29190607
29198453
29198202
29192830
29194050
29194121
29194261
29190270
29190120
29197562
29192324
29190145
29195463
29198043
29194418
29194509
29193640
29194106
29190058
29194233
29196085
29196330
29196234
29190216
29194421
29194336
29194403
29194115
29192057
29190200
29190376
29194004
29192121
29192736
29193048
29190100
29198407
29196231
29190672
29192262
29192036
29199320
29192336
29199671
29199790
29194269
29199045
29190622
29198149
29193712
29198217
29198512
29197712
29190651
29192272
29192021
29197616
29197302
29198624
29197574
29197592
29197314
29197102
29193072
29194581
29197075
29197096
29193130
29199673
29194129
29197078
29197141
29194080
29190260
29194102
29190068
29192809
29194788
29190484
29190095
29198260
29199643
29190262
29198386
29193526
29196168
29193318
29193213
29196404
29190757
29197517
29197514
29196246
29199111
29194224
29194120
29194300
29194400
29198248
29193500
29199629
29196221
29197565
29196167
29192833
29199772
29196205
29196220
29197531
29196163
29196128
29197126
29196222
29193075
29199694
29197516
29196012
29198191
29196215
29199598
29193063
29198502
29193310
29193159
29196010
29195406
29196300
29196200
29199637
29195451
29197069
29190678
29190218
29194406
29190302
29194330
29194506
29190462
29196060
29199796
29193544
29198251
29199542
29199633
29193205
29193035
29197649
29197745
29194035
29193348
29198103
29199664
29194612
29192812
29196140
29190605
29194785
29198254
29190705
29199810
29199511
29194302
29198112
29199138
29192873
29192877
29190681
29198108
29190378
29192845
29192733
29199328
29199301
29190683
29190686
29199335
29194314
29190026
29190421
29190240
29199120
29194734
29198389
29196321
29190386
29192700
29192354
29199651
29198174
29190362
29190435
29194701
29196172
29199129
29190112
29197506
29198179
29198474
29194090
29193027
29197521
29196322
29199758
29196351
29197168
29193177
29192724
29199674
29195448
29192707
29196339
29197675
29190403
29190085
29194159
29199503
29192725
29194023
29194125
29190628
29194255
29195631
29199586
29196357
29194205
29197598
29198076
29198176
29192718
29197533
29198013
29198521
29190721
29197727
29199036
29197513
29190256
29190329
29190619
29192207
29193206
29199536
29198126
29198122
29198128
29197622
29198177
29190510
29199081
29199518
29198154
29199135
29190801
29196244
29199084
29198257
29198203
29190813
29192745
29190808
29197670
29199334
29199078
29196137
29194755
29190676
29190602
29197172
29192517
29192874
29193552
29198620
29198049
29197081
29196533
29195436
29194157
29194585
29192520
29198615
29197072
29197709
29199660
29192312
29192279
29190689
29196082
29198604
29199692
29193189
29193312
29199658
29196075
29190155
29198061
29199075
29193520
29199670
29198187
29198471
29199174
29199013
29194560
29190827
29199539
29198206
29199117
29198165
29195430
29199632
29193728
29198209
29192875
29198392
29199589
29199072
29199016
29199019
29198104
29199500
29199610
29194029
29198114
29192742
29199532
29197525
29199804
29192730
29199752
29199528
29197553
29192409
29192418
29198153
29192403
29193409
29198070
29192466
29198034
29192463
29192412
29198064
29192430
29192460
29198019
29192451
29192415
29198150
29192342
29192433
29192512
29198088
29198156
29198091
29192421
29198082
29198079
29192469
29192424
29192427
29192457
29196524
29192860
29199634
29199760
29199800
29195442
29190736
29192406
29192836
29194209
29196366
29196360
29190482
29190014
29196225
29193522
29196157
29195403
29199623
29197595
29199668
29198173
29197090
29193021
29190117
29197735
29198171
29198185
29193702
29197190
29199069
29196309
29195497
29195439
29192222
29192136
29192213
29190667
29192259
29192225
29192234
29197193
29194708
29192215
29192256
29192135
29192247
29197187
29192148
29192327
29192231
29198212
29192145
29192210
29192240
29192219
29192228
29192105
29192212
29192204
29192151
29192237
29192216
29192253
29193548
29194707
29197643
29198410
29190601
29199592
29199063
29196134
29192839
29199768
29196210
29190202
29193308
29190666
29193516
29199331
29195642
29198395
29192510
29193718
29190350
29194182
29194315
29190688
29192333
29194211
29199899
29199662
29197550
29194251
29197664
29199574
29190830
29194240
29199060
29190474
29190406
29197093
29199126
29192815
29194360
29195625
29194756
29198073
29190698
29199510
29190212
29192115
29192211
29195651
29193037
29193608
29194239
29194116
29194427
29194348
29196156
29194596
29190550
29199171
29199794
29198052
29198398
29196121
29199663
29197084
29199669
29190818
29196315
29198170
29190733
29198215
29198515
29192872
29196312
29196211
29197304
29192702
29193156
29193311
29196131
29196527
29199652
29190600
29194150
29194307
29197583
29196414
29199321
29199780
29199583
29190816
29199114
29194071
29199325
29190662
29196411
29199818
29199517
29199307
29197628
29197547
29198102
29197120
29197138
29190038
29190150
29190236
29193518
29193033
29193316
29198528
29190214
29192103
29192075
29194530
29194779
29197724
29199192
29190409
29194587
29190452
29193402
29194104
29190087
29194273
29199792
29199782
29190244
29193165
29193036
29194083
29198016
29194213
29198155
29199186
29199189
29198121
29199348
29198465
29196345
29198116
29193208
29193207
29190472
29194554
29193706
29199308
29198401
29194713
29194265
29198152
29194201
29198218
29190555
29192448
29197707
29199183
29198120
29197019
29198033
29193210
29192303
29199822
29199520
29194539
29198188
29192869
29193624
29199506
29199595
29199545
29190105
29190010
29194583
29190450
29194584
29194728
29194727
29190810
29190621
29193095
29194170
29194032
29192060
29193415
29193603
29195400
29192345
29199333
29199688
29199033
29196393
29196399
29196384
29196408
29196375
29196333
29197181
29196396
29190751
29194114
29199627
29197028
29198621
29198462
29198517
29198211
29197045
29199162
29198468
29197114
29192045
29199824
29199522
29193620
29197637
29196143
29199572
29198193
29196035
29197300
29197529
29194716
29193642
29190276
29192040
29192106
29192209
29190326
29190248
29190424
29190030
29196219
29190205
29197500
29192051
29190238
29197524
29199638
29190458
29194602
29190520
29199607
29193307
29199580
29194168
29190082
29199524
29190075
29190090
29194500
29194123
29194448
29194323
29190530
29194608
29193303
29193183
29194178
29194065
29193576
