29214190
29221013
29226691
29220210
29220220
29220200
29220053
29200580
29208139
29221210
29212260
29208062
29226766
29213523
29210380
29215240
29203140
29216057
29216470
29203290
29206715
29201022
29215325
29213015
29200240
29215688
29226748
29215017
29215340
29211040
29211210
29208310
29222040
29200152
29202510
29202010
29213090
29215160
29220720
29226620
29221000
29208460
29208098
29217170
29215360
29210255
29206060
29221090
29208120
29220623
29227530
29206705
29200210
29216745
29210342
29206322
29221165
29206640
29221760
29222653
29208340
29217350
29211116
29201032
29212087
29211119
29217080
29215210
29226685
29226605
29226430
29226615
29211122
29201170
29216800
29216707
29216770
29216024
29227317
29216723
29217305
29220470
29202390
29201370
29200032
29203065
29206700
29226753
29214010
29220413
29216017
29222557
29227333
29226540
29226705
29211045
29203420
29217120
29211340
29213195
29209015
29210065
29213553
29222190
29221300
29212120
29227195
29216390
29216480
29222535
29208280
29200410
29201010
29211124
29215700
29203320
29220250
29215730
29221015
29203170
29206720
29200390
29220522
29227410
29211160
29213215
29227540
29227600
29210200
29227030
29222620
29200590
29210320
29220599
29211170
29221055
29215030
29215510
29203017
29226435
29216035
29220615
29226716
29201460
29200115
29227020
29222615
29203235
29202340
29226732
29200110
29220505
29220415
29215615
29226400
29210170
29208101
29215120
29210190
29200635
29200440
29216330
29210035
29215565
29215220
29216135
29216610
29212020
29200320
29216510
29226725
29227408
29208008
29215016
29208090
29208048
29216185
29210260
29215490
29216620
29213010
29202502
29209078
29221770
29215500
29221135
29206510
29222103
29220010
29208051
29211146
29206430
29216230
29222643
29208057
29210105
29209080
29221660
29208151
29215180
29216052
29200120
29217235
29213035
29210120
29226749
29220410
29201330
29227414
29227550
29208054
29220575
29201090
29217085
29221460
29220310
29201025
29203010
29216430
29203500
29206180
29208580
29216100
29227220
29221370
29206230
29208520
29216630
29208157
29200310
29215280
29215000
29226727
29216380
29200505
29213050
29209007
29220602
29212200
29213505
29226777
29220601
29214200
29221011
29226692
29220050
29214130
29220100
29220190
29220160
29220170
29214090
29220120
29220090
29220080
29214160
29220110
29220140
29214120
29220150
29220060
29220070
29220075
29220130
29220057
29217125
29217020
29215310
29203460
29227235
29216062
29226105
29203120
29208300
29211126
29201057
29216780
29211100
29216575
29216540
29220690
29216240
29211128
29215300
29215260
29213185
29220745
29215170
29216010
29215555
29206260
29208700
29222555
29210440
29209072
29211330
29221030
29216680
29216020
29215660
29222230
29227170
29213280
29206470
29206624
29222080
29226015
29201310
29226690
29200290
29216565
29220617
29216113
29213110
29211270
29212130
29216550
29227335
29216710
29210080
29216440
29210130
29221610
29222180
29202570
29216740
29209025
29206100
29203200
29203035
29215744
29211200
29202290
29203011
29226035
29222010
29227128
29216120
29208044
29222511
29213430
29211152
29215610
29216735
29209057
29221520
29216060
29227165
29221050
29227130
29221420
29215624
29210420
29226755
29216460
29213245
29221360
29227416
29208046
29206500
29220550
29214210
29210140
29209005
29215012
29208112
29226693
29227353
29227630
29208230
29201020
29211132
29208330
29217217
29206520
29220000
29208190
29220315
29221510
29206307
29222050
29226025
29201320
29212250
29213522
29210375
29208680
29226761
29215400
29217230
29206410
29206622
29221083
29216200
29208490
29208102
29202150
29217050
29202480
29201067
29201350
29216280
29215580
29221250
29216150
29208084
29208087
29221075
29215710
29206440
29201160
29211136
29213013
29226738
29202110
29202210
29202230
29212315
29216245
29200640
29200142
29210430
29220401
29208145
29208059
29201060
29211134
29217330
29203007
29202235
29213420
29203470
29208390
29201050
29227307
29226530
29226120
29209064
29203490
29214170
29200650
29200146
29217245
29214280
29216110
29227105
29222540
29208061
29209074
29227260
29210442
29211120
29213270
29220240
29214040
29212050
29222116
29227060
29222640
29200380
29221260
29210520
29216750
29222545
29220705
29215025
29206630
29206550
29215620
29221040
29227545
29227535
29208430
29227300
29200365
29209053
29221170
29208355
29217200
29206130
29221080
29215640
29221020
29221095
29220425
29210385
29208177
29209062
29222140
29221700
29226758
29202070
29220400
29203412
29222107
29206380
29206620
29217090
29208202
29200280
29214220
29203204
29208114
29220665
29226694
29208345
29201475
29215205
29210280
29220517
29220590
29220734
29216195
29200615
29200430
29202556
29210100
29208025
29200270
29216802
29222117
29220624
29216820
29211030
29220290
29214050
29208032
29212170
29212140
29222505
29222325
29212150
29222364
29212160
29222365
29222350
29221600
29226759
29208091
29212345
29215075
29220580
29215460
29227215
29226719
29208022
29220600
29200043
29220450
29201130
29203300
29217240
29208015
29220560
29208030
29212090
29208039
29209022
29226744
29214230
29221017
29221012
29226696
29213380
29200176
29200080
29201230
29216410
29217205
29200520
29200570
29212040
29212110
29220180
29201080
29208195
29201035
29210500
29214100
29202515
29203400
29200117
29202050
29200606
29214270
29200680
29200465
29201012
29208075
29226715
29216500
29220625
29210010
29200075
29210220
29227015
29222610
29208180
29206464
29202508
29215540
29200740
29221010
29200186
29220402
29200540
29202552
29202020
29203205
29211635
29221440
29214030
29210490
29222120
29221630
29226754
29226750
29217180
29217220
29217255
29210435
29215690
29203350
29221180
29213200
29201250
29201412
29209065
29217035
29206607
29211180
29227210
29217025
29216807
29212240
29208053
29213517
29220432
29227406
29226730
29202470
29203485
29203380
29202540
29202260
29202555
29203416
29200455
29203415
29208080
29215010
29214330
29203180
29214240
29221047
29222240
29222518
29203207
29221730
29215230
29220732
29215140
29214015
29201220
29203417
29226684
29200162
29216810
29221245
29202460
29202380
29206530
29212290
29208148
29213525
29201016
29226760
29211144
29213060
29209051
29208056
29210505
29217340
29201093
29222330
29201055
29214140
29208590
29206025
29221750
29221500
29215670
29209076
29200060
29221007
29226712
29200675
29200420
29215390
29226625
29201270
29217295
29215290
29216420
29210005
29215440
29216145
29215050
29216795
29206140
29211142
29214025
29217225
29221085
29206190
29215720
29208133
29206420
29216175
29210110
29222022
29211015
29201000
29212325
29222515
29201070
29206210
29200180
29209060
29203435
29202023
29200174
29202559
29200705
29220506
29208045
29208020
29208047
29212330
29213538
29221190
29217370
29217450
29221195
29213213
29220030
29222113
29227155
29227141
29203100
29217130
29227160
29208480
29200070
29208155
29220420
29211150
29213240
29209050
29217380
29208210
29201150
29211138
29208570
29217390
29216000
29217045
29209010
29213255
29208173
29208142
29214260
29201045
29216047
29216300
29214350
29215150
29206335
29208028
29221570
29200190
29201097
29203013
29221035
29212365
29210410
29201210
29226040
29222015
29215100
29222520
29213165
29200140
29208197
29216350
29214065
29227255
29227151
29213070
29212010
29201470
29213080
29202490
29200015
29227127
29226770
29208375
29212230
29217270
29213513
29211682
29216520
29213370
29201120
29210460
29203510
29213202
29216640
29211615
29222510
29213160
29221117
29202531
29203230
29203130
29221053
29206617
29201340
29208400
29216210
29208092
29206540
29212210
29208049
29226780
29213507
29213250
29220427
29200185
29213235
29203215
29203418
29201036
29210470
29227050
29208370
29227024
29220502
29222607
29208250
29211148
29208380
29210050
29203240
29216290
29211112
29203250
29217310
29222630
29220501
29210427
29208070
29213550
29211118
29227605
29227412
29220025
29227140
29227337
29212220
29208042
29213503
29216165
29202240
29202525
29202500
29200045
29200730
29220750
29222123
29201490
29201062
29216115
29201132
29220330
29211117
29206560
29222200
29206570
29206580
29208043
29203390
29203495
29220305
29216095
29216670
29216814
29221145
29215014
29202533
29216033
29214400
29206727
29227315
29216755
29215380
29220511
29200560
29203213
29200330
29214150
29216015
29227225
29210150
29227305
29226718
29222210
29200200
29220300
29227320
29206480
29220417
29227080
29222655
29215080
29220520
29203040
29220555
29226745
29210250
29210350
29206280
29208510
29215480
29226723
29226724
29201450
29214018
29215445
29201280
29208003
29206723
29226752
29214110
29200160
29203001
29200260
29210015
29221057
29202420
29202190
29210230
29215060
29202545
29220756
29220404
29210090
29208060
29215190
29203465
29202025
29200345
29201200
29208163
29210335
29220629
29220598
29213506
29211001
29212215
29210525
29215002
29211630
29213005
29213205
29214005
29210355
29214370
29210001
29211370
29212001
29221045
29211008
29227190
29226710
29226682
29227200
29210155
29210300
29203440
29210510
29221155
29215013
29215110
29215450
29214180
29211605
29221115
29216340
29208085
29200720
29200168
29202504
29208420
29227480
29226110
29226711
29200400
29201013
29216815
29215320
29221720
29216705
29215005
29217360
29216005
29220545
29202310
29201290
29201094
29215420
29213260
29211290
29216819
29208040
29226743
29220513
29226733
29215742
29217250
29201135
29215505
29216760
29220430
29213155
29206325
29214045
29220445
29200230
29201100
29203405
29202021
29220570
29208620
29215365
29200170
29210040
29200475
29200155
29200690
29200405
29201011
29226410
29217215
29200095
29216600
29226729
29220752
29222320
29209014
29226726
29227265
29221025
29215630
29216140
29208081
29222633
29210175
29213225
29201008
29206707
29209003
29222525
29200145
29203020
29201075
29214290
29216530
29214300
29206090
29206010
29203280
29210352
29210450
29210045
29201422
29220040
29208495
29208103
29209028
29213501
29206030
29206345
29206110
29215330
29222310
29217285
29210020
29226060
29222030
29221024
29208440
29201115
29208096
29220460
29213145
29216260
29201017
29201087
29220020
29208605
29200620
29200132
29221160
29208260
29211360
29201385
29210270
29203014
29208670
29214355
29222650
29227070
29226717
29210030
29200250
29215070
29206270
29208500
29220630
29226728
29209090
29210305
29202330
29202160
29212355
29208640
29226735
29226695
29226687
29210013
29201047
29201190
29221043
29214310
29206320
29206330
29206340
29206350
29206360
29206370
29206490
29206303
29203430
29203370
29221340
29215575
29208630
29206220
29220422
29206590
29210390
29222280
29227245
29227126
29208710
29208055
29208082
29220508
29220525
29208615
29201052
29201455
29220660
29208035
29208050
29200150
29227013
29222603
29210345
29210357
29206312
29220435
29215015
29215600
29216065
29226610
29226775
29226510
29226700
29215470
29208550
29206290
29208600
29222560
29222370
29217040
29216812
29208010
29216085
29200265
29201015
29201445
29209026
29216720
29208240
29212335
29211140
29227205
29227147
29206020
29227115
29216580
29220710
29200485
29220507
29208170
29208167
29220595
29215130
29216320
29202400
29220650
29226763
29221130
29206602
29226683
29203335
29203110
29220618
29215270
29220455
29215055
29206713
29203023
29206300
29223030
29201400
29227075
29214320
29208650
29212100
29227065
29222645
29200610
29200122
29220627
29222220
29200550
29215155
29215215
29208220
29200220
29220619
29220754
29208136
29209012
29201360
29201410
29227250
29226420
29226500
29212340
29211610
29213500
29227404
29220340
29208405
29227330
29201480
29210180
29220440
29227402
29226740
29227125
29213040
29220510
29208037
29222090
29226020
29227120
29221450
29227230
29227035
29222625
29210530
29222070
29226010
29209018
29216817
29213252
29226751
29210160
29210290
29210330
29217100
29227240
29216105
29221320
29201260
29226741
29214035
29221390
29206315
29206000
29200710
29200480
29201083
29200285
29221120
29220603
29221560
29216180
29209020
29208110
29208410
29209006
29213350
29211310
29202370
29201077
29221065
29217010
29213140
29211350
29203340
29209030
29222647
29208660
29206070
29216360
29221240
29211130
29213175
29220680
29215550
29221230
29216190
29201039
29216690
29220320
29220325
29221710
29215570
29208470
29208099
29220620
29210185
29221205
29216045
29201037
29213290
29208270
29203450
29217320
29203425
29202022
29213230
29215250
29208360
29216130
29216650
29216715
29213025
29217070
29220270
29226425
29226713
29221400
29203225
29200255
29208610
29210070
29227400
29223020
29220230
29221220
29221380
29216075
29203160
29206725
29222530
29210340
29220608
29200300
29216050
29211230
29220585
29200025
29206302
29209066
29226515
29202547
29211110
29213190
29220280
29212030
29208029
29211280
29209019
29208105
29222300
29221200
29226737
29216080
29227185
29206605
29220747
29220412
29226702
29208183
29212075
29203520
29206710
29210060
29216250
29227055
29222635
29201085
29201432
29216590
29221540
29214060
29212095
29208034
29221590
29221350
29212310
29208052
29209045
29206304
29213534
29202543
29226765
29220611
29200125
29217290
29201095
29211622
29216790
29211625
29201240
29226747
29200660
29200450
29202040
29202350
29201105
29208089
29200030
29200010
29210240
29214340
29227340
29210365
29202360
29203190
29202535
29202030
29203475
29200605
29200112
29208058
29202541
29200055
29215350
29217190
29201078
29211250
29209068
29217030
29209017
29210315
29208093
29206610
29216570
29212300
29209075
29210425
29210025
29209035
29202549
29206450
29227150
29227615
29202558
29220540
29220509
29221110
29217110
29211114
29227175
29227143
29209024
29203422
29222105
29200630
29200136
29201440
29206645
29202554
29227010
29222605
29208100
29209040
29211154
29202537
29222150
29221150
29220500
29215200
29203025
29220743
29222035
29200655
29200350
29213100
29210360
29200040
29215560
29217280
29206716
29213170
29227040
29222613
29200050
29202512
29213120
29211162
29215530
29216014
29216125
29213030
29216061
29200700
29200172
29202506
29226630
29226736
29221215
29202080
29202270
29221140
29201380
29206615
29220733
29217140
29213210
29227145
29227139
29213532
29221550
29226756
29220606
29217300
29215430
29203480
29210370
29216040
29214070
29212270
29213530
29220670
29210325
29221225
29221790
29221740
29208187
29221410
29206200
29210210
29208555
29208450
29208097
29206718
29214195
29214275
29208193
29216450
29206356
29206468
29206465
29206467
29206462
29206463
29206466
29216090
29200065
29226746
29222368
29208000
29208690
29208320
29206160
29203210
29221310
29220055
29208024
29212155
29227129
29208540
29206240
29214360
29201021
29206150
29214011
29206310
29222115
29222270
29214250
29220532
29201014
29200685
29200035
29200490
29208160
29203050
29202430
29202550
29202170
29201041
29227310
29227360
29227325
29226100
29227470
29227345
29226525
29222290
29216030
29227180
29209016
29217150
29211320
29203045
29222513
29220553
29226030
29222005
29221490
29208154
29215655
29208086
29200020
29202410
29203012
29200340
29200625
29215746
29215045
29226080
29222025
29208095
29216818
29201424
29220535
29201009
29222627
29200670
29200500
29214410
29214420
29226772
29211684
29227640
29220740
29220512
29227415
29200530
29222170
29221280
29215650
29210405
29203330
29227899
29221650
29220015
29222617
29206460
29206600
29210480
29222160
29221670
29215595
29201437
29216170
29220408
29215680
29202300
29206120
29202130
29202120
29202250
29211600
29215645
29222623
29222250
29213242
29213130
29201140
29203005
29200090
29206327
29201027
29206040
29206050
29206250
29216160
29206400
29226130
29221005
29221105
29226115
29227347
29215020
29215370
29208088
29203270
29227343
29227610
29227350
29201044
29208063
29221125
29222135
29221690
29215585
29202280
29215011
29201043
29226742
29212180
29220406
29208625
29212060
29221470
29215590
29211115
29210303
29206390
29212280
29213527
29220442
29211158
29216560
29227620
29222340
29212070
29202440
29202530
29203411
29200645
29200360
29210310
29211035
29213400
29211240
29211020
29220407
29217160
29216025
29216805
29200665
29200370
29201030
29206612
29200130
29220614
29208065
29208720
29208505
29201005
29211190
29206305
29221305
29220405
29222360
29222500
29220730
29220005
29223010
29208005
29215740
29226520
29226680
29226600
29227100
29222600
29227025
29226415
29210415
29213228
29221430
29203360
29206080
29203212
29213220
29202450
29203424
29214380
29202090
29202220
29226090
29209070
29208530
29211620
29215090
29216021
29227110
29227149
29221680
29215628
29216042
29215035
29201180
29221060
29220530
29201046
29210347
29221780
29217213
29220403
29203410
29209055
29226050
29222020
29217060
29216490
29208130
29211025
29222125
29215520
29221270
29210535
29226757
29213390
29221100
29200105
29200100
29213020
29208023
29214020
29216730
29212080
29220045
29203220
29221480
29215607
29213150
29222110
29222100
29221640
29221620
29222127
29214390
29203310
29215040
29208094
29222637
29201042
29216816
29221185
29202513
29208350
29201110
29222609
29220742
29220515
29206626
29226739
29227322
29227313
29200415
29200085
29216310
29216400
29226721
29222260
29208290
29211220
29217265
29222550
29222380
29210400
29208012
29208200
29217334
29216013
29213360
29211260
29208560
29206170
29227135
29227137
29203055
29222366
29222367
29212190
29221175
29212320
29226762
29213536
29211686
29202140
29206613
29202560
29217015
29202320
29203427
29214080
29216155
29208083
29201430
29222130
29217260
29216220
29216070
29211300
29221530
29215635
29216370
29220758
29202520
29202060
29221580
29226720
29210426
29201390
29203150
29217210
29216270
29226070
29222024
29203260
29220260
29220527
29221290
29200510
29200600
29200107
29208021
29208027
29210125
29220621
29203070
29220612
29220616
29202180
29201073
29201420
29203090
29203060
29220607
29220605
29203030
29210536
29220503
29220504
29203080
29220613
29220604
29202200
29202100
