29182731
29180061
29173089
29182492
29182490
29176546
29182117
29168720
29175852
29175371
29173322
29178072
29160040
29168083
29175854
29160450
29169669
29164879
29164834
29164867
29177225
29173036
29172090
29173510
29175110
29175520
29175344
29175585
29175269
29175234
29173688
29179405
29179395
29179155
29175680
29179365
29171535
29179360
29179258
29178026
29164832
29164873
29177658
29179205
29177652
29177601
29162355
29172040
29171227
29177187
29176199
29177006
29164498
29175107
29176132
29164010
29169646
29162630
29166832
29179410
29176442
29179090
29171417
29179415
29162632
29169681
29162520
29169628
29169629
29166829
29170207
29161376
29178228
29163382
29180240
29164790
29171754
29162545
29162533
29168701
29170192
29171217
29168088
29170833
29182572
29167780
29172655
29164303
29160760
29165491
29182175
29166020
29177299
29165806
29161757
29182411
29180031
29164062
29176518
29178765
29175383
29180024
29175425
29175609
29170502
29177185
29178035
29178034
29162270
29175035
29161810
29175634
29167524
29163485
29177395
29177394
29177399
29170097
29182487
29182486
29178295
29178302
29162274
29175080
29162260
29176793
29162200
29161811
29179257
29170163
29170107
29163342
29182504
29161754
29178342
29160166
29168540
29170051
29177233
29161780
29172717
29176357
29175598
29175506
29178643
29171737
29182310
29175575
29172846
29176291
29161547
29180230
29178571
29175135
29171759
29164814
29175264
29166046
29182679
29175447
29163558
29170541
29171454
29168550
29173547
29176008
29176065
29162149
29162202
29164493
29165755
29173750
29168090
29161717
29170812
29176856
29165150
29175341
29164023
29177183
29175109
29179150
29177301
29165810
29161725
29180032
29180244
29166100
29178760
29164745
29162041
29160093
29162042
29172061
29178222
29160102
29160101
29163530
29175635
29182631
29170336
29161812
29175636
29176556
29170388
29171534
29162044
29172410
29177224
29176883
29176047
29176283
29161762
29161583
29180033
29165802
29172835
29175701
29172855
29173300
29175703
29164825
29164754
29162159
29176045
29173005
29176542
29164762
29170186
29163250
29163399
29177307
29176524
29165795
29164623
29176431
29160065
29160069
29160075
29160097
29175037
29172043
29178041
29177050
29170182
29175562
29178280
29178285
29177800
29182506
29161620
29176504
29175405
29165420
29173039
29178110
29178262
29167083
29162687
29168152
29178107
29176797
29178122
29172840
29177316
29172665
29176197
29171208
29163537
29160052
29179115
29180239
29162521
29164789
29171756
29171757
29168702
29179015
29166822
29173139
29179251
29180259
29179252
29161594
29180225
29164791
29178570
29167024
29175708
29163406
29168703
29162510
29163404
29162642
29162530
29163583
29179070
29169676
29164848
29164828
29170531
29175789
29182585
29182610
29167830
29176511
29177129
29177085
29177284
29177077
29177076
29177075
29175785
29175421
29162300
29171090
29175025
29176387
29176794
29161855
29178224
29163483
29179085
29177177
29172380
29171512
29173138
29169648
29169650
29171061
29178044
29171726
29170330
29161833
29167108
29169035
29171403
29167541
29173682
29175324
29166155
29161049
29165825
29161763
29182407
29180034
29178265
29160528
29165798
29162737
29165748
29173360
29162410
29162584
29163595
29179165
29179300
29163344
29164536
29168690
29160024
29173537
29161277
29175380
29161851
29167539
29170208
29178706
29182395
29182367
29182661
29177186
29175077
29172039
29175108
29171056
29179254
29179010
29177767
29166081
29175322
29175321
29175336
29175492
29175072
29175343
29162345
29171069
29162306
29162308
29162307
29172320
29172783
29163489
29172841
29175398
29175404
29163262
29169205
29164753
29167137
29176581
29177387
29167526
29170532
29170543
29178725
29182526
29173071
29175213
29175590
29164430
29175172
29167744
29178111
29164804
29178310
29175274
29177515
29178126
29168020
29175735
29176582
29162501
29175670
29161723
29161791
29176381
29162689
29162708
29176100
29176439
29167573
29170183
29170184
29178708
29176048
29173664
29161112
29161113
29161114
29167566
29164092
29161004
29161006
29161007
29173730
29172680
29175665
29161002
29161695
29160019
29175337
29177012
29177040
29177045
29160123
29175301
29177314
29160031
29160084
29164622
29164637
29164066
29165640
29167538
29177184
29178043
29178039
29172280
29172797
29176374
29163576
29182496
29161736
29180035
29161580
29169030
29173075
29163480
29163646
29173031
29164865
29169675
29162637
29175499
29177116
29161559
29162370
29178561
29176583
29161623
29162579
29168665
29166320
29175755
29160770
29166080
29161728
29180036
29182205
29176341
29166088
29171272
29179256
29167136
29171424
29163317
29164530
29160220
29173559
29167741
29179190
29171448
29163306
29163175
29173558
29164539
29171407
29179020
29175408
29166530
29166842
29179005
29170823
29170729
29166250
29177223
29170213
29165080
29172719
29166024
29171190
29170376
29163502
29176339
29182622
29170529
29168105
29171081
29169440
29171258
29160054
29173315
29169820
29160143
29160144
29160146
29173097
29175442
29175621
29163545
29173672
29164624
29178707
29170540
29182540
29167720
29178715
29176019
29175817
29176425
29170225
29171023
29176384
29176810
29169707
29176814
29164895
29164486
29166860
29175711
29171206
29175161
29175637
29172833
29172863
29175440
29176023
29176866
29178678
29163552
29163602
29163513
29170530
29182576
29169715
29179110
29162650
29162829
29162030
29162051
29162648
29164440
29163557
29166853
29176145
29162657
29162614
29168055
29172240
29173000
29176388
29182474
29161731
29180037
29176361
29170455
29176516
29176148
29166858
29163563
29170510
29179075
29173040
29182035
29182363
29182522
29175179
29164335
29164035
29164639
29161790
29165171
29165152
29164830
29161280
29164473
29173735
29163463
29170545
29175638
29170544
29175752
29165788
29172001
29172867
29172015
29163326
29168440
29160160
29164151
29172076
29163579
29175551
29179100
29161276
29171205
29178037
29171528
29173137
29172050
29177178
29177620
29168420
29163328
29160290
29173538
29182732
29160440
29180025
29172617
29175853
29172652
29168721
29172684
29173313
29178075
29160048
29160305
29160756
29160329
29160307
29160308
29172250
29173028
29162372
29179095
29163293
29179030
29179130
29170154
29170534
29164056
29175137
29164802
29161572
29180229
29178580
29176584
29172857
29162827
29171752
29163408
29168704
29167051
29182193
29164823
29170414
29164826
29176359
29161748
29180038
29182383
29178201
29172079
29182333
29182337
29182165
29166068
29163456
29163560
29173032
29169732
29163632
29170535
29163487
29162392
29172510
29179080
29179185
29170209
29164446
29160103
29167748
29167180
29163517
29176050
29178685
29178214
29170536
29175251
29175163
29175616
29176035
29161753
29180039
29180221
29171742
29161613
29161614
29175400
29163555
29164355
29164083
29175435
29179350
29167605
29175751
29170546
29163515
29175042
29162619
29173141
29172010
29177181
29172088
29163307
29171409
29175802
29164528
29167176
29167807
29167803
29173516
29176193
29178022
29164800
29164880
29173006
29182025
29182436
29170548
29178240
29178705
29176018
29177351
29177514
29176586
29182524
29182681
29169734
29170311
29182686
29182694
29182695
29175494
29177103
29175641
29173736
29170537
29171748
29164470
29167565
29175112
29175510
29170038
29171051
29177226
29177126
29161537
29164464
29161770
29171235
29160847
29161588
29180200
29178551
29176587
29167033
29177278
29164810
29182213
29182295
29160853
29169792
29170400
29164017
29164084
29160028
29163301
29164526
29164837
29164877
29173517
29168590
29166767
29172114
29177510
29173068
29160132
29175571
29173705
29182690
29177524
29164766
29160339
29160574
29163686
29179125
29163497
29175320
29165070
29179305
29175450
29170359
29162400
29171150
29161827
29171049
29160049
29163616
29171740
29170547
29170549
29171701
29175395
29175642
29175643
29166843
29176561
29165190
29179120
29177222
29161781
29177320
29175052
29172041
29173049
29176771
29176383
29164817
29170204
29162681
29168700
29168334
29168330
29168610
29179060
29172150
29164874
29167129
29177603
29170539
29166733
29163458
29163570
29179105
29168134
29171180
29164452
29182015
29182020
29166071
29178563
29165610
29176532
29180040
29176335
29161565
29182503
29161745
29172021
29164150
29178300
29172861
29177215
29177283
29164627
29165745
29182115
29165746
29164628
29176222
29161000
29161032
29162596
29177071
29167623
29161690
29178202
29178203
29172478
29179195
29170550
29175418
29160848
29182617
29170397
29167607
29180041
29182424
29161785
29171753
29172709
29166049
29171728
29164504
29166115
29180006
29173016
29179345
29166066
29163676
29163591
29178113
29170538
29170442
29172110
29175781
29171231
29172003
29178038
29179355
29166113
29161535
29163312
29163331
29164495
29163341
29163165
29175769
29180266
29176435
29167631
29170324
29168600
29168143
29168710
29176221
29164022
29164787
29178520
29167029
29171703
29171237
29168705
29177070
29162293
29161121
29179065
29176795
29162271
29172590
29164855
29169687
29167124
29179528
29176817
29176813
29161272
29182460
29182238
29167777
29179035
29179055
29162360
29161808
29176796
29162661
29162626
29178047
29172400
29178055
29177163
29166073
29171736
29163619
29170542
29163575
29163362
29170533
29163448
29176337
29171019
29164499
29166654
29166460
29160445
29182738
29168722
29175767
29175461
29180017
29172686
29173302
29178065
29175857
29182663
29160311
29160317
29160314
29160321
29160334
29160309
29160312
29160313
29160332
29160318
29160301
29160322
29160316
29160315
29160546
29166290
29170516
29167558
29175745
29172812
29163292
29160061
29169672
29179225
29162685
29166140
29161735
29180042
29178260
29172087
29171262
29178006
29162620
29177179
29168146
29175758
29175403
29180054
29175399
29175588
29175644
29175601
29175250
29171735
29170526
29169673
29169666
29179250
29164888
29179235
29168560
29166610
29171229
29171232
29171034
29163631
29171207
29170523
29160780
29160306
29168133
29177318
29161719
29170820
29170727
29168695
29168131
29176310
29173026
29176285
29170078
29177630
29170518
29163352
29163674
29166849
29168520
29179280
29170217
29176300
29172055
29177604
29171228
29177175
29172778
29175426
29175611
29178051
29172440
29170203
29166022
29166280
29175754
29176438
29167642
29160068
29166057
29172066
29166360
29175377
29175390
29175646
29160536
29170424
29178232
29173745
29163572
29182614
29170522
29170514
29163314
29166600
29160172
29168470
29173515
29164522
29169630
29166047
29170174
29166827
29172714
29182484
29182023
29182073
29170730
29170817
29175647
29164750
29180021
29166077
29172354
29171053
29162276
29164821
29179255
29164887
29163468
29166014
29166869
29176433
29176042
29179320
29171257
29166560
29170063
29168145
29170521
29168154
29179061
29168148
29169614
29179210
29172520
29164856
29169638
29180027
29175181
29175257
29170226
29161244
29172155
29170152
29179059
29179245
29164456
29163253
29165813
29163392
29163164
29170057
29177221
29182240
29168318
29170808
29161039
29171275
29163356
29171411
29167547
29166145
29160050
29166773
29171428
29177306
29182400
29180043
29178761
29178282
29170528
29176380
29175607
29179335
29178690
29161116
29182489
29166380
29175763
29175392
29176522
29177014
29161274
29162021
29162615
29182387
29182335
29182174
29175451
29170094
29180011
29178115
29178123
29165260
29162506
29167740
29175340
29162132
29164345
29165024
29169840
29182185
29162722
29162480
29172027
29167190
29170520
29170519
29171249
29166032
29164896
29172130
29162264
29164752
29166053
29165160
29180058
29171214
29176010
29173037
29172707
29180253
29163169
29162707
29167739
29166580
29164872
29169699
29173096
29162631
29172358
29162268
29179260
29177790
29163400
29180044
29166030
29164030
29177303
29161738
29182195
29175439
29175648
29180008
29172829
29180256
29160785
29165330
29161710
29180084
29180260
29164077
29162682
29163162
29164878
29173035
29162266
29172037
29164462
29170072
29170524
29160104
29175139
29164798
29161562
29163386
29180226
29178581
29176614
29167179
29162821
29162536
29168724
29172530
29171066
29162272
29162507
29170067
29180053
29165600
29167163
29170515
29160430
29161118
29161548
29180236
29178586
29162529
29162676
29162547
29168706
29162605
29170227
29175220
29175572
29175278
29175649
29175651
29164314
29165612
29162508
29172708
29175444
29173069
29173710
29179230
29162303
29171065
29164886
29176772
29169703
29162512
29167139
29176816
29164897
29167649
29179220
29172036
29176201
29176203
29176192
29176191
29173535
29175178
29178243
29161384
29169790
29169784
29182734
29165130
29162000
29161543
29161550
29178207
29167114
29161534
29168071
29169612
29171055
29173024
29179265
29169689
29162440
29172357
29176202
29166091
29179385
29173066
29173092
29164052
29168151
29164860
29175718
29175659
29163499
29172852
29166103
29175652
29175653
29163590
29163571
29170527
29178695
29177150
29160117
29160844
29182621
29170525
29160849
29163609
29176307
29165240
29173528
29175654
29173676
29161713
29161008
29175602
29175645
29172702
29162698
29172160
29163313
29176143
29177358
29182747
29176395
29160124
29168319
29170709
29175555
29162732
29173114
29170733
29162232
29173131
29169616
29179310
29172120
29162263
29171408
29163354
29164533
29165032
29168045
29170740
29168322
29172097
29178750
29160105
29164074
29167743
29176502
29161014
29175567
29167810
29176430
29160011
29175170
29166590
29171029
29171255
29160240
29168370
29173512
29165250
29164045
29163241
29175639
29164024
29172810
29177304
29166050
29161749
29164155
29180046
29178230
29182112
29182005
29182375
29182155
29172098
29172099
29168490
29164546
29171439
29167551
29167563
29160009
29160171
29160007
29173548
29166770
29161840
29164732
29161275
29182618
29170512
29175047
29172042
29163573
29170405
29175583
29176512
29175229
29177060
29167644
29176343
29161741
29180047
29161766
29182495
29180048
29163298
29167617
29167602
29180089
29171445
29163627
29163498
29166190
29177227
29177217
29177271
29177235
29172884
29166850
29170800
29177213
29160055
29175563
29161779
29178266
29177396
29177375
29161685
29161020
29177810
29166820
29168076
29165065
29172115
29178053
29178063
29170096
29164863
29169696
29173666
29172352
29164542
29165615
29163452
29171050
29161809
29171216
29171010
29170700
29176588
29177389
29176589
29177374
29179215
29176382
29162206
29166084
29180217
29177518
29170342
29180250
29180083
29175455
29172830
29173350
29170517
29178014
29166700
29173560
29180079
29179330
29176427
29166021
29177174
29179040
29177165
29164866
29175067
29164836
29172105
29176218
29178032
29178033
29175105
29170189
29160109
29160111
29161846
29160112
29160113
29166075
29171238
29177153
29178023
29172300
29172873
29178532
29176334
29171100
29175050
29161824
29162652
29160064
29162208
29170732
29162647
29162612
29170212
29167178
29167542
29171401
29176142
29175215
29175656
29163172
29165817
29173697
29182675
29182521
29182678
29182554
29172083
29182625
29175777
29177125
29180216
29162819
29162539
29179240
29179400
29171273
29179011
29164820
29173553
29166736
29167141
29171435
29164544
29160270
29164796
29177118
29161542
29180208
29167031
29182320
29175169
29175182
29182094
29176548
29175851
29178754
29172645
29168723
29182739
29160444
29173317
29178068
29161170
29168122
29160331
29173324
29160323
29160328
29160325
29160337
29160326
29160552
29160327
29160324
29173055
29171223
29178028
29172370
29177188
29172779
29176428
29175415
29175766
29161132
29176773
29171731
29179270
29177519
29163310
29175615
29175279
29162724
29175657
29175433
29170386
29177300
29162720
29160020
29176026
29176288
29176873
29177013
29175388
29175658
29177312
29164255
29160021
29163618
29173081
29170412
29162616
29162617
29176855
29178759
29182749
29177480
29168325
29161626
29175561
29178672
29173119
29177352
29160071
29176137
29160857
29160094
29177350
29161610
29177397
29177357
29176151
29168308
29161454
29177392
29177356
29175605
29161624
29162038
29177379
29164757
29175260
29175783
29175514
29162310
29171047
29175065
29176798
29161839
29162826
29162210
29177236
29164505
29170196
29175457
29162017
29162677
29162678
29162729
29162672
29162679
29162692
29173675
29176863
29175591
29173671
29173755
29170513
29175303
29178352
29175319
29161567
29161601
29168707
29180049
29182275
29182430
29170077
29182721
29170834
29170731
29176877
29176287
29176332
29168030
29176324
29177495
29163277
29160079
29175633
29160116
29169721
29170721
29162666
29162675
29175409
29182737
29182030
29172688
29162735
29175554
29182434
29173111
29162226
29178774
29172692
29167611
29167652
29173660
29173305
29177520
29178346
29179531
29182278
29170734
29182450
29180057
29167523
29169215
29180050
29176055
29161760
29182373
29176421
29161609
29182177
29167175
29182497
29180030
29176592
29162505
29175160
29163655
29170422
29166085
29182273
29182425
29177370
29168323
29161627
29175564
29178673
29173121
29163628
29160745
29180012
29169781
29170380
29171704
29163524
29176857
29176876
29161701
29161035
29161418
29182092
29160106
29168040
29175849
29176551
29178753
29172639
29168725
29175768
29173312
29182662
29168120
29175850
29162470
29172560
29162326
29162514
29180087
29163171
29176369
29161746
29180051
29182075
29160078
29160037
29176593
29161103
29173669
29173079
29175416
29172782
29164072
29163430
29163396
29163251
29160792
29182050
29182523
29182584
29173074
29182575
29173765
29163503
29170401
29175206
29165680
29162741
29167080
29168060
29165770
29175773
29178212
29176526
29176039
29177310
29176528
29173052
29164262
29161026
29161033
29164441
29176531
29177061
29176534
29164256
29173065
29175661
29163320
29168340
29173033
29176791
29169686
29176441
29173015
29177657
29175431
29182619
29182547
29182537
29182555
29165480
29164078
29163163
29163160
29172803
29175306
29162525
29164253
29162683
29170427
29162280
29171120
29175005
29161814
29176799
29162212
29175515
29182634
29170314
29163636
29172727
29172073
29172074
29167616
29170340
29178231
29161134
29175125
29177305
29164799
29161593
29164475
29164021
29180237
29164503
29172077
29162589
29175204
29172696
29168734
29178206
29170416
29163561
29165450
29180016
29161595
29175662
29182583
29182611
29182542
29171732
29162658
29162673
29162674
29175127
29177660
29178360
29176022
29178209
29178679
29173087
29164327
29166730
29165740
29182637
29173320
29172682
29164254
29164140
29182720
29165754
29163504
29173022
29164840
29176790
29169697
29172140
29162275
29172072
29172796
29172701
29167608
29164032
29163265
29165310
29161714
29180068
29175710
29182579
29161704
29170810
29161802
29177530
29160053
29182626
29161232
29182557
29167576
29164380
29161803
29163629
29162634
29162180
29161144
29178752
29168726
29175374
29182722
29182668
29176538
29177080
29176139
29177072
29165148
29170173
29177237
29161786
29171744
29182283
29182287
29182225
29168625
29160164
29168655
29163340
29170346
29178226
29172847
29182677
29173014
29180015
29175436
29167533
29166102
29170701
29170803
29160107
29160108
29164261
29165660
29167537
29164783
29171405
29160173
29173694
29180203
29180070
29178550
29163543
29164049
29162810
29170362
29164845
29170403
29161131
29175312
29164857
29169708
29176808
29176809
29176774
29170410
29160845
29163672
29160852
29160864
29163520
29170446
29160855
29170360
29173670
29162352
29172080
29177670
29171058
29177159
29164884
29162750
29177680
29182493
29163321
29173554
29177182
29176594
29178263
29171508
29172045
29172490
29172470
29172786
29172290
29171513
29172787
29172350
29171515
29172788
29178019
29178245
29178247
29178246
29172570
29176429
29172068
29172071
29172069
29172007
29172002
29172012
29172035
29164478
29178040
29170368
29178686
29176021
29178682
29172704
29167732
29178341
29176196
29162623
29176861
29178677
29161716
29161787
29161608
29182502
29177018
29177008
29175387
29176508
29176038
29180010
29172836
29180207
29177117
29161549
29164008
29178562
29164626
29164629
29175496
29170444
29171048
29163556
29169682
29182491
29163670
29180213
29175497
29177105
29161564
29167016
29162587
29167049
29166235
29173546
29162309
29166420
29173775
29175663
29182632
29170327
29175664
29178700
29170216
29175394
29164792
29161541
29178400
29170714
29175210
29182691
29182685
29177523
29176049
29164468
29182682
29162140
29175313
29173048
29175311
29167800
29167527
29173683
29164153
29175310
29175666
29169671
29176363
29161732
29180029
29178303
29178216
29178217
29178219
29177512
29162728
29177238
29182122
29182757
29172638
29168727
29167771
29175772
29173307
29182669
29176320
29163653
29160740
29171418
29163322
29164538
29160200
29173514
29171160
29170164
29165040
29162033
29167658
29168575
29163339
29170390
29180073
29169691
29171434
29160177
29163531
29173557
29166670
29164523
29162697
29168692
29178545
29171239
29171705
29178056
29170350
29173142
29172020
29177158
29175062
29166078
29171084
29167138
29175432
29180018
29164251
29163353
29173531
29168530
29163294
29164534
29168670
29170406
29163620
29164849
29170354
29162214
29170445
29178250
29162719
29175845
29172670
29175667
29175424
29175812
29173064
29168074
29161013
29161034
29164263
29169805
29167792
29167657
29175668
29177156
29171234
29165787
29177155
29182180
29182038
29162519
29180059
29176090
29175430
29175669
29180263
29163604
29175715
29164510
29176012
29178684
29178711
29172030
29175166
29176216
29177157
29178031
29173140
29162691
29162628
29171215
29177162
29167738
29167600
29177154
29166834
29164864
29169664
29176778
29176776
29171201
29177127
29161574
29164784
29180219
29171532
29167550
29175149
29161551
29163385
29180222
29164731
29168708
29166089
29175597
29176390
29162135
29172084
29163242
29164025
29172694
29165100
29180255
29163161
29161768
29163650
29163656
29173001
29170101
29171727
29165055
29164381
29180060
29162710
29177795
29166076
29163519
29162340
29171040
29161837
29175517
29170504
29176212
29173054
29172813
29166640
29171433
29175717
29169667
29178052
29173785
29170499
29170500
29163580
29166868
29168650
29180052
29177280
29165807
29166300
29161734
29178770
29170178
29162640
29175188
29175256
29175603
29175589
29175382
29175599
29166062
29172811
29161240
29164815
29167028
29170824
29180206
29166012
29175180
29175277
29170228
29175186
29175671
29175254
29173091
29175595
29164894
29162302
29160127
29160034
29162830
29176327
29178601
29160547
29172800
29162147
29162138
29162145
29175596
29161789
29166110
29164120
29165753
29162714
29165791
29176875
29176351
29176027
29176290
29161755
29180204
29178345
29182397
29182217
29172703
29173529
29164501
29175771
29166310
29175378
29166844
29178521
29173002
29170507
29166655
29170501
29160115
29182688
29182532
29182577
29182533
29164323
29165120
29175317
29165013
29164046
29163230
29160027
29160147
29160148
29164360
29163496
29169780
29165828
29166651
29164370
29165510
29164632
29165047
29164795
29182077
29182756
29178757
29172616
29168728
29167769
29175775
29173309
29164458
29170503
29161804
29164449
29171455
29163308
29167586
29164497
29170506
29163469
29173805
29164782
29170420
29163539
29182573
29173696
29173667
29164767
29172632
29175848
29167534
29162012
29160734
29173053
29177007
29178720
29167081
29175407
29175410
29173132
29173093
29175339
29175677
29175422
29173678
29164457
29175806
29163621
29163611
29164541
29163532
29182628
29170316
29168066
29163544
29175441
29175784
29161286
29160074
29161165
29164476
29182636
29163453
29164875
29178058
29165803
29172025
29176224
29177164
29175318
29164034
29163274
29165410
29180254
29163166
29175326
29175302
29170300
29160437
29182755
29178756
29172629
29168729
29182080
29175793
29182505
29170202
29164755
29168132
29176362
29182203
29178353
29171414
29177152
29177640
29182480
29161729
29171251
29166847
29173685
29176353
29161726
29182405
29173709
29175330
29173677
29176149
29176138
29172859
29172878
29172104
29172849
29166028
29161715
29170829
29164082
29167131
29162382
29172135
29171063
29160030
29169808
29163588
29176434
29163637
29163553
29163678
29163357
29164157
29163435
29175594
29161009
29175214
29169656
29182633
29176777
29176811
29163299
29168430
29173549
29170168
29163482
29170161
29170156
29177770
29166821
29170157
29182215
29166210
29170027
29177243
29161783
29171734
29182293
29182234
29171059
29164871
29176815
29169706
29169716
29172875
29167134
29177208
29173030
29172026
29177600
29172580
29176217
29162337
29165757
29175129
29160131
29176366
29172824
29163638
29164002
29164442
29172886
29172827
29163640
29172056
29173045
29175500
29171415
29173555
29175740
29176340
29165800
29162739
29176364
29170320
29162727
29182462
29182236
29165180
29180019
29165440
29176110
29167568
29175305
29163523
29163644
29170509
29170435
29176377
29172870
29172848
29172777
29172799
29172111
29182403
29170062
29177242
29172627
29175458
29166195
29166044
29161720
29170813
29170728
29166862
29166857
29180210
29168160
29176326
29161568
29161764
29182190
29161252
29166864
29172856
29166170
29166855
29172823
29172116
29166000
29173815
29175672
29172825
29182630
29170358
29160755
29166871
29172858
29172063
29172876
29161718
29170831
29170079
29170083
29172822
29172888
29172106
29173695
29182200
29168140
29177296
29182468
29178301
29170805
29172821
29170726
29175753
29172826
29168150
29180243
29165821
29166087
29172881
29180211
29176372
29161742
29182303
29179285
29177239
29165797
29166370
29172869
29172860
29170037
29166092
29171256
29176373
29178104
29182432
29182113
29161743
29180246
29178354
29182033
29176028
29162043
29162540
29162838
29160422
29182754
29167761
29175774
29166033
29171431
29167548
29171437
29169690
29169678
29169713
29164850
29173532
29171449
29164543
29176294
29165819
29175217
29175622
29178267
29176305
29179259
29176211
29164883
29176775
29171067
29173025
29177766
29169683
29167133
29177608
29164839
29162667
29162669
29162347
29172031
29177768
29178645
29178644
29161820
29171522
29175618
29161031
29175314
29175309
29178610
29168195
29168360
29175185
29175253
29175090
29178013
29182481
29182472
29172828
29173345
29182340
29182220
29175446
29170344
29169680
29169659
29173681
29166734
29175673
29175460
29161722
29175674
29172839
29163566
29171436
29167587
29173534
29173825
29163606
29171426
29168640
29171267
29169695
29164833
29172351
29175714
29177285
29171271
29177173
29169677
29169679
29175057
29178027
29173135
29177655
29177605
29171516
29172420
29175104
29175060
29166205
29171062
29167128
29178208
29182239
29164892
29176209
29172818
29163679
29171248
29161285
29175676
29166051
29170821
29175261
29173027
29177675
29164851
29169684
29167143
29169658
29172033
29162269
29173011
29166120
29182448
29161758
29169811
29170394
29163645
29162527
29163568
29166074
29175632
29175216
29180028
29178215
29162575
29167754
29167802
29161825
29172815
29182535
29167629
29160004
29172834
29172641
29160142
29162160
29160151
29167726
29182536
29182539
29177017
29176506
29175315
29162136
29172722
29168680
29172064
29167174
29176865
29176286
29167532
29175268
29175230
29175584
29162011
29162611
29172801
29180005
29175678
29167639
29175304
29167531
29177650
29176597
29176025
29173687
29176328
29176879
29182230
29177246
29161778
29182290
29182323
29161756
29182110
29160161
29180257
29175679
29175716
29182168
29175491
29177104
29171722
29170087
29180071
29162130
29163542
29180072
29163324
29164524
29163688
29177328
29172706
29163280
29175329
29163254
29175386
29167559
29161010
29175681
29163525
29163567
29166072
29178552
29173067
29161011
29176060
29176437
29176281
29173533
29170308
29167770
29175212
29161025
29173078
29178106
29178121
29167637
29167653
29173051
29164037
29164490
29162035
29175323
29175225
29173070
29182541
29162706
29175578
29162712
29173094
29160025
29182530
29182531
29182556
29175308
29164095
29164631
29162723
29182520
29182040
29176862
29165020
29180086
29180252
29173310
29173330
29169185
29173059
29167574
29167742
29167745
29182581
29165620
29172691
29180082
29175700
29180261
29164496
29163174
29162709
29175683
29180020
29173692
29172724
29172650
29176444
29182499
29167555
29164647
29164465
29178777
29175810
29175513
29176558
29162509
29164451
29175593
29169782
29164252
29175342
29175201
29175334
29176859
29176598
29169027
29161028
29169825
29160333
29160790
29170712
29178764
29168025
29165015
29179050
29164259
29167736
29161012
29162725
29162157
29162015
29162600
29164868
29166023
29169709
29164847
29172029
29171410
29173003
29160126
29177009
29169783
29176860
29169698
29177212
29166230
29170086
29164448
29161777
29178533
29177298
29160017
29167645
29161021
29180062
29163486
29166055
29175397
29162734
29182199
29175187
29175619
29175255
29171456
29160230
29171264
29160524
29171252
29167561
29171442
29167553
29164142
29175428
29175684
29180264
29172851
29168147
29182753
29182070
29160491
29172622
29175776
29182427
29175175
29175007
29175686
29163538
29176393
29176360
29182501
29161767
29176779
29169622
29160492
29167185
29163614
29164535
29163455
29173835
29182744
29161152
29160435
29167763
29175779
29163681
29172805
29170372
29172806
29175803
29175017
29175173
29175787
29175454
29173830
29172804
29166083
29164487
29170166
29177248
29170068
29162001
29162388
29163673
29162377
29182458
29169632
29177704
29177702
29164846
29172500
29178213
29169670
29166837
29169719
29182667
29182680
29182551
29170708
29172062
29170454
29164751
29177525
29160122
29165200
29164515
29162380
29172640
29177760
29166854
29177780
29163608
29175687
29163540
29162141
29164636
29175688
29172802
29162511
29176599
29176601
29177401
29170064
29161733
29177402
29177360
29163533
29170466
29164758
29163593
29173832
29170465
29164433
29164511
29171533
29162664
29162641
29169661
29165650
29161776
29162656
29162659
29182548
29182534
29169620
29177700
29175396
29166031
29176781
29169662
29182538
29165030
29162645
29162655
29166070
29176367
29162002
29161759
29178355
29180258
29162022
29162518
29182377
29182330
29182163
29170056
29165670
29179045
29175027
29178057
29173130
29161799
29175128
29172310
29162695
29172784
29177205
29176226
29164844
29170490
29163529
29171710
29170461
29165570
29170491
29163526
29170363
29163536
29171751
29164123
29163268
29178553
29166035
29166340
29175370
29177171
29171720
29170088
29164050
29175183
29162748
29163388
29175511
29175811
29172660
29172619
29172789
29175223
29175576
29167772
29177516
29175276
29160099
29175222
29175574
29175625
29175124
29175174
29182173
29182017
29182125
29175704
29173044
29163244
29176881
29176289
29173061
29180220
29177513
29177111
29161566
29167022
29162824
29162593
29182684
29182543
29178205
29178204
29167584
29182380
29177517
29160791
29175420
29175750
29172716
29177030
29175401
29164097
29173674
29176338
29176299
29176397
29176296
29175689
29176870
29175316
29165630
29164480
29180076
29167572
29163569
29170467
29175265
29175577
29160051
29162080
29170081
29161018
29162644
29162522
29162543
29175224
29165741
29167626
29162610
29162544
29160125
29160098
29162047
29164759
29160420
29160154
29182742
29167762
29175792
29182104
29161830
29169626
29166490
29178531
29178356
29172200
29162265
29169688
29167119
29164831
29177123
29161546
29177122
29173023
29168635
29170306
29180212
29177115
29161573
29167017
29171747
29176227
29162580
29161598
29161599
29180022
29165490
29163168
29173731
29164869
29163336
29168510
29173564
29170430
29167795
29171715
29171725
29163528
29182494
29171213
29172044
29178045
29175083
29173133
29177161
29175376
29175381
29166774
29163327
29162500
29163457
29163677
29170508
29163495
29164481
29173706
29171523
29178048
29172008
29177172
29182028
29172820
29172107
29173095
29177656
29177169
29177763
29180209
29177101
29162285
29161556
29167019
29162401
29175707
29177087
29162576
29165743
29175119
29163315
29169636
29166835
29176331
29176297
29172022
29164854
29169700
29162613
29164829
29173047
29165830
29169642
29170036
29164461
29170176
29170099
29170167
29172004
29172721
29172726
29163278
29164060
29165090
29163390
29169806
29162025
29182574
29182693
29160014
29160016
29182578
29160129
29160141
29162721
29162092
29172712
29160083
29161570
29161856
29173720
29175331
29176358
29173050
29167638
29167627
29176304
29176871
29162010
29162155
29162204
29162385
29162715
29162571
29171241
29167820
29161017
29161705
29160859
29182613
29182580
29173708
29161711
29161036
29176070
29176443
29173684
29163366
29170002
29161772
29170092
29172882
29182300
29162820
29173038
29164764
29163626
29163641
29172094
29170091
29163477
29163615
29161270
29166101
29171406
29169480
29163587
29166863
29166540
29166872
29175151
29161555
29178585
29161622
29162809
29162591
29164812
29168711
29171212
29176392
29166150
29176330
29165827
29182500
29166856
29178320
29162738
29182187
29176378
29175307
29161821
29165060
29176152
29178347
29162635
29175207
29167525
29178030
29173136
29162190
29176198
29172070
29172819
29177206
29175120
29166065
29175582
29176616
29168317
29175122
29175228
29161029
29177372
29175273
29164889
29169831
29160077
29173703
29161828
29182478
29173780
29162153
29160771
29177024
29169800
29175171
29180056
29172713
29160134
29160136
29160137
29160149
29182687
29182683
29182527
29182546
29182549
29160013
29169809
29177247
29175236
29161005
29166390
29166848
29175712
29164621
29182452
29166350
29175690
29175145
29166058
29160781
29161382
29160042
29161001
29161230
29180400
29170235
29177281
29176422
29176015
29162122
29169832
29162703
29180267
29176342
29176807
29160840
29167750
29178120
29160165
29178200
29167183
29166095
29167635
29177681
29161160
29164038
29177522
29177211
29161793
29178015
29180090
29163387
29162702
29177430
29164044
29163370
29163245
29163270
29168013
29160087
29160088
29160089
29160091
29175300
29177607
29168350
29166766
29163564
29164862
29168450
29173520
29163565
29163494
29170439
29170437
29163304
29164467
29175691
29168460
29169100
29175327
29167585
29164500
29180064
29170093
29166040
29177309
29178304
29160532
29172086
29177521
29161792
29161805
29177005
29177015
29177511
29170172
29167528
29160032
29180223
29175141
29178525
29162586
29180232
29176024
29180026
29175762
29175391
29166135
29176036
29167804
29164477
29163612
29171741
29161712
29172831
29161788
29164853
29169618
29169624
29163465
29164824
29178683
29166690
29160190
29168595
29177160
29180055
29165591
29162649
29170098
29171020
29163512
29163451
29163365
29164747
29170024
29175406
29170106
29170806
29175449
29163402
29170310
29171219
29176603
29169634
29173833
29182615
29170440
29163464
29165460
29164257
29164258
29176604
29169830
29176606
29177371
29172615
29163541
29162633
29170356
29182100
29182010
29182360
29182150
29182280
29171224
29171083
29176345
29161744
29182108
29180231
29175456
29175271
29175608
29175121
29164801
29163384
29164485
29175720
29166870
29178560
29162585
29168712
29163671
29172816
29175189
29172460
29172785
29177207
29178719
29163654
29160752
29164482
29182207
29168149
29170711
29161857
29175764
29175414
29173700
29163488
29162825
29170505
29170222
29171018
29176812
29176782
29177651
29163675
29170223
29170438
29176029
29163617
29160044
29161287
29170073
29182086
29161750
29178220
29178225
29167098
29167101
29167100
29173686
29167103
29167084
29167105
29167082
29167106
29167094
29167091
29167092
29167102
29167104
29167097
29167095
29177762
29167085
29177611
29167099
29166079
29167089
29178211
29167093
29167090
29167087
29165350
29163284
29180085
29175692
29172843
29170023
29164463
29170804
29170151
29163574
29172853
29164788
29169640
29166830
29172838
29177326
29177330
29168139
29171712
29166043
29162403
29165270
29161703
29161016
29176371
29161751
29182084
29179175
29177276
29176295
29176352
29161727
29166060
29177308
29182482
29178290
29178762
29177273
29170162
29177322
29177659
29170194
29171423
29177231
29163349
29177282
29160496
29182743
29161225
29172675
29167749
29175782
29173689
29163622
29176858
29161773
29170111
29176316
29176318
29170366
29176329
29170103
29176325
29164125
29172340
29172872
29161692
29172844
29175502
29177113
29167021
29175709
29162598
29173739
29172625
29175855
29178112
29172635
29175100
29175270
29182590
29175587
29175235
29175525
29164018
29163481
29175693
29175452
29175694
29170717
29163634
29172699
29161019
29162019
29162517
29170463
29173084
29170464
29175385
29161708
29166185
29171085
29167018
29180218
29175503
29161582
29161584
29175443
29164492
29162365
29171022
29176783
29172230
29161185
29173063
29163432
29169665
29160525
29160185
29160415
29165010
29168320
29163405
29167111
29165752
29168078
29161172
29167088
29173834
29163521
29170462
29162304
29165742
29165818
29178268
29170066
29182082
29182313
29182166
29160527
29166330
29172108
29163462
29178755
29177297
29161747
29161707
29170719
29170835
29163461
29172091
29182752
29177440
29168326
29170214
29164643
29175559
29178691
29175719
29173118
29178721
29161037
29166064
29178357
29176034
29162688
29162624
29163269
29160455
29161122
29163398
29167751
29173004
29182571
29173017
29170718
29171277
29176784
29169694
29172390
29172874
29164882
29177470
29175558
29168327
29160139
29182750
29161596
29175627
29176284
29172093
29173117
29161389
29162057
29164469
29165110
29163275
29175695
29175730
29180251
29164076
29163173
29165290
29166027
29167037
29167760
29167747
29178367
29172359
29166825
29170830
29160763
29163643
29176554
29177016
29176153
29170392
29163562
29166824
29161818
29162390
29175085
29182751
29160121
29161581
29177400
29168328
29175613
29173120
29160851
29177151
29162350
29171027
29175070
29161813
29168185
29164455
29162671
29162045
29162717
29162690
29170428
29182582
29176869
29169810
29171517
29178024
29163648
29165786
29160008
29172364
29177168
29176208
29162693
29175106
29166470
29175788
29175375
29162150
29171733
29180009
29182243
29176002
29175419
29163260
29163581
29176800
29170188
29177228
29171729
29177272
29166220
29170177
29161784
29177216
29170010
29173836
29175808
29182098
29160442
29175373
29172611
29161123
29182723
29165530
29177610
29172210
29166873
29172260
29170364
29179044
29172362
29166215
29164841
29164822
29164843
29161771
29161575
29169714
29178062
29176214
29162278
29172170
29169720
29166652
29167654
29167632
29172814
29160529
29172879
29182586
29176336
29161737
29163652
29163660
29163335
29173519
29168585
29176206
29171518
29172430
29177690
29163454
29166851
29163635
29175143
29162532
29167044
29175617
29175252
29175167
29182624
29160843
29171276
29161558
29176609
29162528
29168713
29162070
29162034
29162036
29172109
29162095
29172220
29162581
29162317
29169685
29162572
29180224
29164040
29161554
29178583
29164805
29162812
29171717
29175118
29162594
29182612
29168714
29166054
29172854
29166061
29171447
29166826
29160169
29168685
29173556
29166732
29171443
29163527
29171745
29170334
29170378
29166042
29182210
29170089
29176136
29163355
29167734
29166067
29164453
29165050
29166680
29168390
29168615
29164502
29170197
29163484
29171429
29162450
29172145
29173029
29169710
29160522
29162313
29162515
29179253
29179145
29169702
29162333
29172270
29169711
29162283
29173021
29175604
29175490
29175140
29180235
29175262
29175221
29175573
29164803
29177102
29175423
29175761
29167752
29161592
29178530
29164041
29161832
29162822
29171718
29171402
29167543
29173701
29163418
29168730
29177373
29167041
29176621
29175030
29161709
29182197
29164055
29164141
29175184
29168010
29166828
29182096
29165400
29162524
29162185
29163348
29160162
29161849
29172101
29167615
29178223
29176389
29170219
29170218
29161699
29173018
29172832
29166034
29175581
29164444
29172647
29164042
29172628
29177540
29161826
29172623
29175800
29160039
29163391
29173704
29175840
29175227
29177602
29177761
29179524
29175696
29160772
29164765
29161730
29182088
29170468
29175272
29160744
29176091
29175165
29180081
29175697
29165370
29176120
29167168
29162013
29175655
29182670
29160045
29160047
29175328
29175804
29173058
29163393
29164020
29163586
29171404
29171422
29173518
29176194
29166063
29170071
29161681
29182237
29170725
29170724
29162636
29169712
29162342
29168170
29170044
29172009
29164876
29162742
29163624
29171713
29168715
29169663
29166867
29166833
29167557
29166768
29173513
29168480
29160182
29164859
29164891
29169723
29170224
29168321
29170043
29160180
29168500
29173536
29168605
29164785
29175147
29161571
29164011
29180228
29176611
29172078
29162538
29172693
29168716
29182183
29180063
29164861
29176786
29169704
29167132
29162490
29172365
29162513
29172034
29171070
29161834
29162216
29162609
29182620
29172540
29166026
29166510
29178348
29162663
29178049
29161577
29180233
29163373
29171723
29168717
29163334
29168410
29175801
29164531
29161278
29166731
29164893
29167556
29172887
29178061
29178029
29178046
29169674
29177166
29176368
29169693
29164835
29182370
29161752
29162460
29172028
29178261
29182343
29182102
29167142
29172366
29166765
29160170
29168400
29164459
29162815
29161238
29164447
29161250
29175412
29175413
29161236
29172845
29161242
29176301
29176410
29175445
29173043
29170042
29166620
29171033
29176033
29176020
29161279
29165170
29176436
29166831
29164858
29169668
29169644
29163346
29169729
29166823
29165809
29161740
29166852
29162740
29182307
29182071
29168138
29178270
29171170
29170713
29170187
29173010
29171261
29163466
29163534
29180088
29163305
29173527
29160280
29168660
29166056
29166097
29170074
29170104
29182454
29175807
29171064
29165580
29177128
29161552
29180215
29178543
29176612
29167036
29175706
29162582
29162583
29173702
29175495
29160860
29168345
29168165
29167660
29167825
29168005
29168015
29168004
29170415
29170304
29175629
29166048
29161700
29170807
29161602
29170704
29161024
29177108
29161557
29170511
29167662
29160118
29173837
29182635
29170460
29167529
29172718
29166160
29170822
29161724
29171743
29171140
29176801
29176037
29177001
29175698
29171505
29172081
29164644
29165155
29171209
29176806
29160073
29170706
29178070
29177740
29168100
29175162
29180045
29180238
29161105
29160072
29162743
29182544
29175722
29175699
29173326
29161142
29172067
29161628
29160086
29160748
29164081
29172883
29182545
29182441
29182470
29172871
29182525
29175702
29172082
29160765
29172065
29160062
29182570
29161612
29165051
29161629
29160120
29168156
29165749
29168601
29168602
29168603
29173740
29164429
29175756
29175389
29161769
29175550
29180023
29169330
29172330
29172781
29171269
29171259
29176424
29168141
29182724
29160438
29161124
29167753
29175372
29182444
29182440
29182442
29182446
29173034
29171035
29175015
29161806
29175631
29161589
29175566
29176613
29175552
29160159
29176322
29177450
29182438
29182120
29168284
29170159
29182735
29177403
29182317
29164101
29173113
29162230
29161411
29163551
29163589
29168144
29176544
29173738
29163500
29163316
29160158
29163350
29176787
29161388
29176868
29176302
29160762
29160041
29161560
29177410
29168311
29163471
29160114
29182725
29172649
29172612
29167755
29172731
29160596
29165560
29164350
29172643
29172651
29175856
29172600
29162014
29162621
29180067
29175614
29165300
29173737
29172610
29173082
29175560
29161795
29164488
29170374
29170028
29177249
29172058
29172113
29177112
29161553
29180205
29164063
29161621
29162597
29176228
29161615
29166005
29166200
29166500
29176355
29167790
29161822
29168103
29169802
29167048
29160783
29182528
29182529
29176292
29165550
29175570
29165520
29166260
29164014
29170052
29161774
29170053
29175437
29175759
29178522
29166225
29160575
29169580
29169210
29167536
29160567
29160530
29169490
29169430
29160562
29161850
29169045
29161765
29178264
29182106
29160561
29169110
29180242
29165340
29175498
29176223
29180007
29178358
29167172
29167554
29167562
29177074
29165067
29178221
29169033
29167598
29167590
29169080
29169470
29160563
29170048
29170102
29167594
29169250
29167578
29166440
29169410
29169360
29169420
29160560
29180241
29171052
29177124
29172697
29161576
29164051
29163378
29178540
29167032
29171750
29162537
29172723
29165751
29164807
29164144
29164145
29160537
29169400
29160511
29161844
29160554
29160538
29167599
29169055
29169050
29169500
29161563
29164811
29180227
29172698
29163372
29162818
29162535
29162592
29164808
29164793
29180234
29164797
29162262
29175117
29162814
29162542
29160540
29161845
29160541
29169075
29160550
29160570
29160533
29160518
29160517
29169570
29167593
29160558
29169190
29160566
29160338
29160548
29160553
29169010
29161854
29169014
29169016
29169300
29169140
29167580
29169065
29169120
29169160
29160515
29160569
29160544
29169270
29169540
29167595
29169220
29167535
29161831
29169260
29160571
29169380
29160520
29160510
29169530
29169310
29169047
29169290
29164483
29169295
29169240
29167581
29169101
29160564
29169451
29169340
29160551
29160557
29170031
29182464
29160565
29169037
29169170
29161835
29169370
29160531
29169550
29169450
29161847
29169046
29169460
29161829
29169510
29169025
29169465
29169200
29182270
29182420
29167596
29170047
29169060
29160516
29167570
29169040
29169070
29169180
29169520
29167560
29169350
29160580
29160576
29160590
29160573
29161841
29160514
29169150
29160556
29169280
29169130
29167597
29160521
29169390
29161838
29160559
29169230
29167582
29169320
29169724
29169590
29166096
29160513
29169090
29175579
29175325
29175266
29175226
29160043
29161015
29176617
29162018
29161038
29179530
29177526
29173057
29182385
29171529
29175675
29162023
29162060
29165592
29164761
29175660
29168022
29176440
29182676
29169807
29180249
29178584
29171242
29180013
29175402
29176432
29163351
29173526
29168675
29171708
29170398
29162662
29182410
29163518
29182664
29173340
29172631
29172602
29170318
29160070
29176080
29172620
29175815
29180066
29167575
29168718
29162503
29172817
29175765
29175462
29182485
29178351
29162504
29168719
29164302
29164633
29164635
29162627
29162629
29162680
29171519
29162694
29175168
29172842
29162684
29171524
29162696
29164640
29164641
29172095
29175237
29175586
29160526
29172057
29172360
29177176
29161544
29175032
29175164
29176280
29164885
29178012
29163663
29176788
29172085
29173541
29160210
29166650
29178020
29171457
29163329
29162328
29169736
29161281
29170716
29164432
29162290
29171110
29175045
29161815
29176802
29162218
29162813
29162531
29161823
29180014
29175580
29160750
29165430
29161721
29180262
29163167
29184899
29172642
29173839
29161800
29182072
29182726
29167756
29163493
29170302
29163689
29166180
29170054
29177244
29171419
29171421
29171416
29163330
29173522
29166630
29160260
29160026
29178042
29163662
29175332
29175203
29162330
29175010
29176803
29161836
29162220
29182673
29173007
29171453
29163668
29171738
29170341
29171438
29173543
29166735
29170361
29171024
29164870
29170069
29170836
29180201
29171413
29177114
29161569
29175509
29175111
29161794
29178542
29161022
29161023
29170802
29162526
29162833
29169794
29176229
29170025
29170426
29176195
29172353
29177167
29163467
29163490
29167650
29173741
29172626
29170305
29171025
29163594
29175379
29165540
29163343
29173551
29166769
29168580
29160063
29175393
29164806
29173077
29166400
29162182
29176011
29177020
29178726
29176013
29177019
29177025
29178724
29176009
29166410
29175411
29175600
29165048
29165793
29176014
29176016
29176017
29162665
29162643
29168175
29169020
29176789
29169692
29169042
29175438
29166846
29172837
29175713
29164527
29168570
29172032
29178227
29161030
29175565
29175208
29182674
29164053
29161027
29165390
29161561
29182741
29177420
29175556
29163506
29168285
29162733
29176303
29176396
29173115
29162234
29161399
29172125
29176219
29170370
29182665
29182666
29173673
29161545
29178582
29171702
29162534
29179170
29169701
29164484
29164838
29172190
29162267
29162516
29180247
29164450
29164054
29168190
29178210
29182365
29182160
29182660
29162736
29177393
29182056
29176535
29160096
29176770
29161590
29182748
29177490
29175557
29168313
29172089
29170169
29162731
29182327
29173116
29162570
29182074
29162646
29161414
29165822
29162726
29170326
29163666
29163607
29177606
29162292
29182672
29176030
29173062
29164330
29164471
29170418
29170337
29163577
29163338
29166720
29173523
29171412
29167549
29178365
29166010
29172356
29168620
29171739
29162670
29162686
29162622
29172180
29171265
29162699
29182476
29166480
29175786
29167610
29163492
29163633
29163491
29168130
29172550
29171057
29162273
29169705
29179200
29163522
29170404
29175610
29170402
29173668
29164509
29173552
29176386
29167107
29182727
29167757
29171425
29163318
29163667
29170434
29172850
29175705
29173795
29172038
29167300
29175842
29175818
29167015
29168080
29165360
29178108
29176041
29175384
29178625
29165054
29166653
29161248
29171068
29176780
29168180
29172880
29175626
29176400
29178635
29175620
29163267
29172862
29171446
29163303
29168331
29166660
29164852
29168142
29182393
29170351
29171263
29171254
29178642
29160581
29169560
29163363
29164756
29163459
29179135
29175778
29166450
29167577
29163659
29172361
29171253
29166125
29170809
29170702
29170046
29171716
29175338
29180080
29170082
29161775
29170109
29167571
29182297
29171250
29177755
29163266
29163478
29163603
29180248
29166130
29161607
29164625
29171746
29166165
29163664
29161761
29177270
29178350
29182170
29182390
29167167
29175335
29180214
29177109
29162578
29175493
29167042
29160046
29161819
29173080
29173707
29172614
29172648
29163578
29182045
29175453
29165210
29161817
29164507
29163630
29180074
29168380
29173542
29167588
29171458
29167552
29163364
29175427
29173012
29163625
29177805
29175630
29166029
29175606
29176379
29178218
29163680
29170206
29161782
29172006
29172450
29172711
29167564
29180202
29165380
29161798
29167567
29170229
29171444
29171028
29168630
29164786
29170032
29161539
29168731
29175464
29175263
29175568
29175569
29175219
29175628
29166045
29163658
29175640
29165208
29182629
29163460
29175505
29175055
29162362
29171031
29170004
29161816
29176804
29162222
29170153
29171758
29170382
29170231
29165140
29168137
29178279
29163657
29176141
29175553
29182733
29175612
29163273
29160081
29176333
29176552
29162048
29168283
29176134
29170158
29172689
29164016
29173112
29162228
29177381
29178776
29169652
29170084
29166086
29170193
29177324
29161578
29175592
29177380
29168315
29173122
29161380
29175205
29175333
29182488
29163501
29171721
29171749
29173008
29164340
29171268
29166105
29178359
29160036
29163661
29166082
29160092
29163337
29162158
29160168
29173539
29161246
29166550
29170179
29162502
29171459
29167775
29167609
29176207
29178050
29171233
29172363
29171526
29162625
29170199
29175177
29175259
29170232
29163585
29175623
29176375
29178620
29172798
29175258
29173355
29175624
29178641
29178523
29176354
29172885
29162573
29170352
29162320
29170198
29171131
29162806
29175006
29176805
29162595
29175512
29161848
29175040
29161807
29163642
29170332
29173544
29168565
29176391
29182745
29170049
29166845
29166240
29170061
29178572
29182315
29182090
29182196
29170076
29170059
29166175
29178640
29163535
29163311
29171427
29164529
29163333
29166710
29160174
29173540
29182692
29168324
29182736
29160076
29176323
29177415
29170720
29162039
29169718
29162651
29173110
29162608
29162224
29172687
29171054
29166836
29166059
29178675
29163559
29171452
29160119
29160846
29182623
29170303
29166069
29182285
29182422
29182235
29169610
29165139
29165156
29165161
29182746
29167758
29170497
29160153
29169833
29161625
29164015
29166270
29170033
29177241
29164454
29182305
29182178
29170160
29169012
29163297
29170325
29170312
29166430
29170328
29167569
29170496
29170495
29162090
29163375
29163412
29182483
29171706
29170493
29180069
29180078
29167589
29171700
29171755
29169725
29172005
29172868
29175809
29182498
29170492
29182616
29172866
29172060
29164809
29165230
29170399
29166025
29176370
29176298
29166520
29175757
29175417
29164320
29165320
29164760
29180065
29164763
29163240
29169654
29163669
29163516
29172808
29167655
29182466
29176426
29164300
29178709
29178681
29182456
29180245
29166090
29164489
29160761
29164881
29176785
29162430
29172355
29171026
29162653
29175725
29165057
29161597
29177353
29161617
29177355
29161457
29161603
29161591
29177378
29161618
29161458
29161459
29177377
29177354
29161466
29178054
29164842
29173134
29165789
29172000
29171527
29175126
29162046
29162052
29160152
29160082
29170494
29173679
29165500
29164310
29176146
29176133
29176135
29178330
29176293
29176346
29160850
29175116
29176521
29175650
29164460
29175508
29171030
29177119
29161536
29178710
29161739
29160543
29167027
29160773
29172877
29162599
29164088
29180265
29168136
29182198
29170811
29166052
29178541
29171719
29173680
29161585
29161540
29176204
29171218
29178010
29178025
29178036
29172075
29161234
29176536
29171724
29165144
29165147
29165143
29165062
29165141
29165025
29161801
29175448
29175805
29167730
29175459
29177232
29175463
29175176
29175434
29176624
29172633
29173380
29173693
29165046
29165146
29182728
29160742
29161133
29164064
29163623
29178008
29176423
29171247
29178630
29176385
29176792
29165052
29165131
29182729
29163582
29163651
29163649
29163584
29175501
29164491
29165053
29182730
29176394
29170498
29163665
29164047
29164009
29179390
29180075
29163592
29170315
29165137
29165133
29165136
29165134
29165132
29165135
29177742
29177744
29177741
29177743
29177746
29177745
29177750
29177752
29178081
29168063
29168096
29168064
29169727
29178116
29169717
29173691
29177754
29178090
29167606
29177756
29178091
29167620
29177757
29178092
29167628
29177758
29178093
29162668
29162660
29162618
29162040
29176147
29178109
29162037
29172112
29177063
29178125
29167647
29167633
29176213
29176225
29176131
29167601
29178094
29167622
29173661
29173009
29175516
29168081
29178082
29168068
29167630
29173665
29167634
29173041
29173046
29178124
29173662
29175507
29168079
29178083
29168069
29178084
29168077
29168107
29167604
29168082
29168073
29178085
29167613
29178086
29168095
29168085
29168075
29168070
29167614
29168065
29168062
29178087
29168067
29168072
29167625
29164445
29162055
29178114
29160033
29162654
29167656
29178088
29175504
29167603
29173663
29173019
29178089
29167619
