76913078
76907236
76900484
76900614
76900842
76907536
76907648
76907666
76907680
76901860
76913193
76912229
76907892
76907832
76902519
76907228
76908314
76901136
76901133
76901123
76900267
76908770
76914563
76912230
76906688
76906692
76912255
76908582
76909824
76909794
76909780
76907578
76907566
76907554
76907542
76907538
76913842
76901040
76900445
76912084
76901429
76912318
76909518
76909667
76912270
76906457
76901802
76906540
76906538
76907494
76907476
76907448
76901224
76900463
76906624
76912198
76913836
76901203
76900218
76912300
76912346
76900468
76909402
76907165
76912350
76900024
76900220
76906453
76913831
76907442
76913830
76912552
76908168
76908730
76908742
76909746
76909748
76909628
76909616
76901884
76907232
76913438
76909644
76901688
76901686
76906799
76901850
76902520
76906384
76907430
76907478
76914591
76909396
76907026
76909676
76909658
76904180
76904398
76904397
76912880
76913097
76908540
76908606
76908628
76908674
76908675
76908696
76900840
76907540
76907642
76907670
76907682
76906418
76909398
76900278
76906460
76906463
76908146
76900314
76900755
76912237
76908376
76908239
76908217
76908378
76908205
76908470
76908709
76908476
76908685
76908684
76909788
76909785
76906387
76906554
76906394
76901013
76901019
76901044
76901056
76901070
76912074
76912308
76900312
76900759
76901704
76901698
76912522
76906385
76914894
76914870
76908312
76900785
76900698
76900673
76914587
76909434
76907364
76907392
76907382
76907376
76901420
76906410
76907468
76912408
76908516
76908608
76908562
76900590
76912124
76907870
76914842
76913780
76908319
76908323
76913774
76913698
76908421
76913692
76908433
76913602
76913594
76908527
76913116
76908529
76913106
76913094
76912684
76908547
76912678
76912645
76914654
76909662
76909663
76912068
76908744
76909734
76912710
76912524
76908570
76909830
76909827
76909832
76909793
76909777
76909839
76909607
76909599
76909457
76909459
76913546
76906616
76907024
76914568
76912223
76906732
76902513
76900227
76900242
76906724
76906726
76906738
76906760
76906780
76900007
76900022
76900053
76900077
76900103
76900119
76900142
76913886
76913595
76913114
76908514
76908496
76908482
76908718
76908732
76912296
76906614
76901029
76901126
76901144
76901185
76907181
76901882
76913068
76913082
76912697
76900168
76907004
76902515
76909522
76907399
76914760
76901716
76909632
76900072
76900079
76907614
76913870
76909610
76901886
76909516
76908024
76900009
76907588
76901690
76901692
76908226
76908200
76908722
76908700
76909742
76909768
76909837
76913871
76913526
76914834
76914822
76914693
76914722
76913265
76913237
76912243
76900336
76901397
76901396
76906378
76912192
76900216
76914800
76913166
76908164
76908198
76908724
76908702
76909744
76909750
76909765
76909626
76913418
76913191
76912228
76900795
76907609
76907774
76907768
76907629
76907734
76907730
76907660
76907655
76908354
76908408
76908449
76908448
76908504
76908503
76908616
76908617
76908596
76908594
76909821
76908578
76909857
76909899
76900030
76900004
76900010
76900014
76900011
76900214
76914830
76913789
76913768
76913705
76913686
76913609
76913587
76913121
76913101
76913070
76913084
76913087
76912695
76912673
76912649
76900150
76912868
76900164
76901138
76900295
76907721
76907720
76907674
76900170
76913559
76913568
76913575
76913581
76913598
76907884
76902526
76902523
76900174
76908282
76908003
76908264
76908055
76908260
76908061
76908158
76912663
76912754
76908746
76909732
76901878
76914652
76912544
76912532
76908243
76908224
76908720
76908690
76909776
76909835
76908766
76913223
76909488
76913512
76913478
76901801
76901800
76913279
76913267
76913235
76912242
76907022
76909606
76900290
76902525
76907541
76907842
76900156
76908152
76900184
76900265
76900470
76900465
76900459
76907882
76907846
76906772
76914854
76913748
76913754
76913764
76913776
76912352
76901175
76908754
76912844
76912742
76912706
76912703
76912687
76908554
76908598
76908644
76908658
76909758
76909730
76909682
76913813
76913803
76913783
76908321
76908340
76908342
76908344
76908303
76908362
76901025
76901048
76901052
76901066
76901081
76900749
76900718
76900649
76901054
76901112
76913895
76913168
76913014
76913147
76913020
76913123
76913060
76913072
76913110
76908518
76908508
76908486
76908706
76908736
76900032
76912840
76912746
76912665
76912681
76908556
76908590
76909806
76908647
76909804
76908655
76909760
76909724
76909718
76909660
76909679
76909668
76909530
76909520
76912058
76912052
76912042
76902514
76904502
76909512
76906740
76913183
76901648
76907888
76907838
76912366
76913500
76913492
76914571
76914803
76908772
76900671
76901016
76901034
76900663
76901060
76900641
76900631
76901074
76901720
76904244
76900188
76907396
76907386
76907378
76900850
76907529
76907530
76907652
76907527
76907662
76906611
76907676
76914734
76914712
76914700
76913817
76913744
76913729
76913633
76913565
76913158
76913173
76912886
76912872
76912184
76914560
76906472
76900236
76900237
76900209
76900212
76900018
76900047
76900045
76900044
76907576
76907598
76908156
76907890
76907836
76906744
76914716
76914724
76913735
76913639
76913563
76913160
76913175
76912890
76912852
76914596
76909892
76900860
76912523
76914762
76907171
76912066
76902512
76913257
76913247
76912246
76906722
76906721
76912322
76912348
76906375
76913857
76913860
76908020
76908279
76908280
76901162
76901179
76901195
76912856
76912722
76901834
76914573
76900779
76900706
76900667
76901038
76901122
76901270
76901266
76901220
76907183
76913828
76914794
76914828
76913766
76913711
76913684
76913615
76913585
76913130
76913066
76913076
76913052
76912699
76912669
76912655
76913420
76908360
76908394
76908458
76908492
76908630
76908650
76909814
76909852
76909540
76913056
76913050
76901856
76907224
76906420
76913199
76913217
76913277
76913261
76913863
76912266
76912419
76904482
76912407
76907424
76909618
76904518
76901652
76901650
76912082
76900618
76912298
76906698
76912558
76901696
76904230
76914586
76912338
76906440
76908436
76908452
76908474
76908203
76908714
76908196
76908725
76912540
76912529
76900028
76900213
76900048
76900207
76900183
76900070
76900181
76900108
76900114
76900144
76900149
76900808
76900805
76900806
76900892
76900687
76900685
76901012
76901011
76900026
76912262
76901230
76907463
76914583
76901706
76904235
76901708
76901710
76913058
76913048
76912714
76908068
76908109
76908159
76908253
76902527
76901412
76906742
76913542
76913508
76913486
76913430
76913396
76906656
76906442
76914740
76914738
76914730
76914726
76913822
76913739
76913826
76913737
76913838
76913647
76913540
76913641
76913557
76913554
76913163
76913188
76913177
76912895
76912859
76912100
76901226
76914570
76901262
76913197
76913219
76913243
76900556
76900578
76913434
76909502
76912537
76912536
76906383
76906436
76907422
76907400
76907394
76912238
76906626
76906376
76913829
76913865
76914597
76901430
76901446
76901456
76912543
76912525
76906756
76913872
76913858
76913514
76913496
76912260
76912269
76904220
76913851
76913480
76913426
76914898
76914806
76914790
76914788
76914692
76912520
76907728
76907668
76909836
76909614
76906388
76912424
76909392
76906574
76906546
76912426
76912316
76906646
76913018
76912535
76914746
76914766
76914706
76913807
76913756
76913719
76913666
76913625
76913571
76913152
76907782
76907760
76907740
76907179
76914550
76914551
76908289
76908274
76908256
76914868
76907300
76901872
76901808
76901868
76901848
76901662
76900814
76900884
76912134
76908119
76908148
76901164
76901177
76901197
76907216
76907230
76909666
76907191
76901718
76904242
76909898
76907872
76909630
76914593
76913841
76913195
76901660
76904182
76907402
76907440
76907472
76906558
76906572
76913893
76912252
76912557
76906654
76906673
76912342
76912659
76912638
76908565
76908564
76908586
76909810
76909800
76909770
76909634
76909653
76909642
76906776
76901854
76901853
76909846
76909847
76913031
76900540
76900548
76900564
76913889
76901818
76901816
76907016
76909650
76913887
76901146
76901183
76901187
76900316
76900332
76913855
76913848
76909406
76901189
76901222
76912304
76914592
76912548
76912534
76913859
76913864
76901844
76912416
76906746
76900816
76907306
76902521
76908370
76908386
76908384
76908462
76908488
76908680
76908672
76908660
76909798
76900692
76900682
76901022
76901130
76901632
76901644
76901682
76904238
76913832
76913528
76913502
76908241
76908220
76908207
76908712
76908688
76909782
76909849
76907006
76908122
76909674
76909506
76909496
76909498
76908326
76908358
76908374
76908377
76908238
76913035
76907868
76907874
76907852
76900550
76907175
76907187
76914862
76914848
76912253
76912334
76900134
76907546
76907636
76907726
76907718
76900154
76901874
76901158
76913530
76913544
76913834
76913510
76913485
76913432
76908424
76908396
76908380
76908222
76908142
76908306
76908305
76914844
76901880
76913016
76900486
76908328
76908356
76908366
76908242
76901846
76912302
76913136
76913124
76912848
76912726
76912701
76912689
76908552
76908600
76908638
76908664
76909684
76904232
76909508
76913852
76913482
76901393
76913185
76913099
76908536
76908612
76908626
76908678
76908698
76908752
76908768
76902511
76901382
76901378
76902509
76901381
76901368
76901426
76901609
76912354
76906578
76906640
76906676
76909510
76912231
76914561
76900200
76906778
76912186
76901015
76901020
76913436
76912667
76912762
76901809
76901810
76906662
76914754
76912559
76912336
76908052
76908262
76900724
76900639
76901064
76901104
76904196
76912204
76913007
76907218
76902517
76907010
76904510
76909688
76909728
76900467
76908116
76900694
76900704
76900716
76908018
76907304
76901154
76901181
76901191
76908140
76904506
76902507
76912760
76912738
76902510
76912328
76913225
76912236
76912130
76900224
76900225
76900198
76900239
76900192
76900261
76900285
76900176
76900293
76900305
76900160
76900773
76900774
76907384
76907370
76907586
76907568
76907556
76907620
76907643
76907644
76907606
76907626
76907638
76901380
76901388
76901193
76901228
76908512
76908494
76908480
76908716
76908726
76901002
76900899
76901018
76906411
76901804
76901812
76906464
76906651
76906664
76900140
76900825
76900132
76900835
76907544
76907640
76907724
76907673
76907684
76906414
76904206
76907486
76907508
76907492
76900490
76900608
76913733
76913721
76913709
76913701
76901484
76912259
76912268
76908014
76908112
76907464
76912410
76906444
76912202
76914564
76912758
76912661
76912679
76908558
76908588
76909808
76909802
76909762
76909638
76909721
76909719
76914581
76906448
76901702
76901694
76912182
76909482
76912547
76908118
76904210
76908368
76908382
76908468
76908478
76908676
76908668
76908662
76909790
76909844
76909843
76909842
76906478
76908428
76908446
76908466
76908212
76900222
76912206
76912090
76906609
76906672
76906627
76906628
76906641
76906642
76906675
76906674
76906681
76906682
76906660
76906648
76900582
76900570
76914852
76907177
76906730
76900310
76900769
76914567
76908412
76908404
76908388
76908389
76908236
76908230
76908162
76908154
76912254
76912190
76913868
76909432
76908008
76908292
76908294
76901384
76906386
76906650
76906544
76900346
76901161
76913221
76912227
76913189
76913231
76913239
76901629
76901630
76901607
76901651
76901487
76904178
76906562
76906550
76914590
76914562
76900244
76901450
76900622
76901078
76901084
76900352
76907482
76907452
76912415
76909480
76912196
76912554
76914758
76900001
76900034
76900060
76900088
76900096
76900124
76900128
76900832
76900858
76900868
76907414
76907366
76913650
76913725
76913723
76913668
76913682
76913707
76913696
76913697
76909640
76909602
76901258
76912222
76912261
76912064
76913002
76906652
76913062
76912542
76912530
76912892
76904301
76907308
76902522
76912332
76901408
76901610
76901466
76904212
76912320
76912551
76901622
76901600
76901478
76906696
76914565
76906576
76906638
76906680
76906684
76912364
76901402
76906690
76909888
76906754
76914578
76909714
76901370
76901394
76912401
76901376
76901390
76914547
76914546
76908064
76912734
76912750
76901876
76913856
76913849
76901160
76901838
76908762
76908760
76912056
76907280
76901416
76914580
76908334
76908416
76908440
76908522
76908538
76908560
76906381
76906570
76909436
76912210
76906451
76912306
76909476
76912361
76912360
76908414
76908398
76908390
76908228
76908166
76908150
76900637
76901068
76901102
76914555
76914554
76913064
76912653
76907008
76902508
76907862
76909834
76909833
76900469
76907484
76907462
76907380
76907524
76907438
76901668
76902516
76900771
76900708
76900665
76901042
76901120
76901272
76901260
76900761
76900712
76900656
76901050
76901114
76901282
76901254
76901250
76901428
76901448
76901454
76907604
76907623
76907622
76907646
76901624
76901602
76901480
76912526
76912527
76906390
76906694
76908336
76908410
76908442
76908510
76908610
76908592
76908584
76908572
76908580
76909816
76909796
76909772
76909622
76909623
76908438
76908456
76908472
76908210
76912120
76912031
76912036
76912862
76912718
76913003
76913039
76913041
76913081
76913089
76912692
76908544
76908602
76908636
76908666
76909736
76909710
76909692
76901157
76912294
76906766
76904218
76912330
76914595
76912404
76907466
76901400
76901424
76901436
76901438
76907490
76912310
76906409
76914542
76912032
76912409
76901432
76901444
76901458
76912413
76906379
76904204
76904203
76906770
76901618
76901496
76901470
76914584
76914576
76912423
76904188
76904187
76912180
76909690
76908349
76908350
76908402
76908401
76908455
76908454
76908499
76908500
76908620
76908621
76908641
76908640
76909818
76909854
76912521
76900344
76904519
76907474
76907446
76909838
76908301
76912256
76912265
76900270
76900178
76900075
76900084
76900086
76907562
76907616
76907762
76907750
76907810
76907834
76907856
76908855
76901152
76901142
76901274
76900297
76914796
76901150
76901148
76901268
76900751
76900767
76900788
76900791
76900802
76900801
76900886
76900811
76900845
76900848
76907533
76907532
76907650
76907664
76907678
76913548
76900804
76912414
76907488
76913550
76913504
76913281
76913494
76913398
76913395
76907470
76901646
76907169
76912405
76900115
76900162
76900302
76900855
76912876
76913091
76908542
76908604
76908634
76908670
76908693
76909740
76908749
76909705
76908757
76909704
76909840
76906728
76912086
76909486
76900888
76900889
76900690
76900803
76900783
76900702
76900765
76900714
76900735
76906720
76906797
76909484
76906798
76909514
76909669
76901712
76913023
76913010
76913074
76907173
76901386
76906392
76906416
76906419
76909665
76914569
76908170
76908728
76901369
76901395
76912556
76912046
76912324
76906450
76914575
76913746
76913752
76913762
76913770
76900202
76906752
76906716
76906734
76906750
76913226
76913275
76913227
76912239
76900317
76912358
76913840
76913845
76906678
76906679
76912671
76912651
76906395
76914582
76912326
76906670
76906666
76907161
76913853
76913484
76901418
76912647
76907864
76901666
76901700
76904224
76912538
76912528
76913025
76913008
76914588
76914812
76907444
76907460
76909716
76912539
76912550
76907240
76901486
76901714
76904240
76912641
76904246
76912418
76904516
76904515
76912263
76909694
76909672
76900797
76900152
76900775
76900757
76900308
76900330
76913897
76912312
76908296
76908249
76908248
76914866
76914858
76914810
76914802
76914742
76912226
76900574
76912225
76912208
76907226
76907234
76912062
76913054
76912340
76900263
76904512
76907163
76901858
76906774
76902506
76913259
76913245
76912245
76904208
76913498
76913490
76900276
76912044
76900299
76908764
76909708
76900628
76901076
76901088
76914764
76914767
76914732
76914559
76914558
76907858
76904500
76901636
76907388
76909850
76908372
76908392
76908460
76908490
76908632
76908652
76909812
76912194
76904194
76908574
76909856
76909848
76909851
76908774
76909702
76909686
76909647
76909646
76912040
76912038
76909545
76909670
76909890
76914782
76912078
76900745
76900722
76900643
76901062
76901108
76908048
76908268
76906768
76904214
76900476
76901620
76901498
76901476
76912314
76907480
76907450
76908272
76908270
76900588
76900576
76900050
76900054
76900062
76907574
76907600
76901806
76902524
76904508
76907012
76913287
76913263
76913241
76912244
76912643
76901836
76901156
76901140
76901280
76901680
76900753
76907866
76907020
76900882
76913249
76912247
76901870
76914770
76914786
76914824
76913797
76913713
76913676
76913617
76913579
76913132
76913273
76913229
76912240
76900896
76901640
76901642
76909528
76909524
76907736
76907746
76907819
76907828
76909526
76907776
76907766
76901840
76914838
76914818
76914780
76914694
76914720
76914598
76914836
76914820
76914792
76914774
76914778
76914696
76914718
76914804
76914772
76914708
76914714
76909896
76913029
76913005
76900105
76900098
76907560
76907618
76900020
76900038
76907580
76900204
76912188
76900246
76900536
76900552
76900560
76908298
76914864
76914850
76914816
76914798
76914756
76914744
76914736
76906452
76901616
76914572
76906380
76912406
76901205
76913731
76913720
76913715
76913699
76914577
76912421
76912420
76904184
76912412
76900166
76900818
76900730
76900726
76900633
76901072
76901100
76907812
76913181
76913108
76908534
76908614
76908624
76908682
76908704
76908740
76908776
76900894
76900678
76900654
76900652
76900624
76900620
76900612
76907896
76907829
76901634
76909504
76907808
76907814
76907784
76907758
76907742
76906736
76907752
76907688
76907748
76907744
76907686
76900747
76900720
76900647
76901058
76901110
76912072
76912076
76907780
76907764
76907738
76907754
76907745
76907714
76906415
76907817
76900272
76912060
76912070
76904216
76901664
76912088
76907806
76907712
76900274
76912080
76900474
76900471
76900500
76900473
76900554
76900558
76913854
76906568
76900282
76912292
76913156
76913561
76913567
76913140
76913573
76913128
76913583
76913589
76912257
76912417
76906629
76906630
76906548
76906565
76906556
76900005
76900003
76900027
76900036
76900058
76900057
76900081
76900082
76900101
76900100
76900136
76900121
76900137
76900830
76900827
76900862
76900881
76900864
76900877
76900876
76901080
76901082
76912553
76906446
76906382
76901404
76901406
76901614
76901166
76901173
76901199
76909712
76912368
76909394
76904520
76908276
76914899
76912403
76912411
76907458
76913033
76913004
76901814
76904484
76912370
76909418
76908058
76902518
76907514
76913201
76912344
76914579
76901410
76909738
76909706
76909700
76900866
76906542
76900348
76900259
76900258
76900196
76900195
76900052
76900069
76900067
76900064
76900065
76907572
76907612
76907611
76907771
76907770
76907756
76907804
76901842
76914840
76913787
76913772
76913703
76913690
76913607
76913591
76913119
76913104
76913093
76912693
76912675
76904480
76906393
76912221
76913164
76913143
76913138
76913126
76913112
76908520
76908506
76908484
76908708
76908707
76908734
76900793
76908120
76900288
76900172
76900109
76900094
76907558
76907624
76900449
76900451
76902500
76900461
76914585
76900117
76900126
76907548
76907634
76907732
76907743
76907716
76913815
76913801
76913791
76913778
76908332
76908352
76908364
76912425
76913271
76913233
76912241
76912050
76912054
76904504
76907014
76913524
76913422
76900186
76901009
76913046
76909845
76909841
76907356
76901116
76901106
76901086
76901083
76914710
76914702
76914698
76913809
76913750
76913727
76913664
76913631
76913569
76913154
76913012
76913171
76912883
76913000
76912730
76907880
76900334
76907018
76907886
76901374
76906564
76906580
76906571
76900280
76901414
76907528
76901626
76901604
76901482
76908317
76908330
76908418
76908430
76908524
76908532
76908550
76908568
76912637
76906438
76901612
76901494
76901468
76907398
76914748
76904200
76908284
76908266
76908161
76907390
76904192
76907898
76900898
76900675
76900660
76900645
76900626
76912200
76909536
76908001
76914878
76907582
76900041
76907564
76900063
76914874
76908287
76900091
76907552
76900093
76914872
76908309
76914846
76900129
76900837
76907537
76914832
76913785
76913795
76914826
76900853
76913805
76914690
76907518
76900871
76914688
76913811
76907408
76914656
76913869
76913899
76914650
76901007
76907362
76901169
76907320
76901171
76901201
76907296
76904501
76907876
76907850
76900777
76900781
76900700
76900669
76901031
76901124
76913660
76913670
76913680
76913694
76908426
76908444
76908464
76908214
76901658
76900799
76900696
76900680
76901027
76901128
76900566
76900568
76913179
76900158
76900338
76912654
76907840
76900073
76913044
76914752
76914776
76914704
76914728
76909656
76907860
76907854
76907167
76907894
76907830
76909726
76909636
76909604
76900544
76900584
76912545
76901440
76901452
76901489
76912356
76909400
76912402
76912258
76912267
76901830
76900482
76900542
76900546
76900606
76912546
76912533
76914589
76914574
76913645
76913658
76913672
76913678
76913688
76901638
76913850
76913428
76913424
76906794
76909478
76907878
76907848
76900562
76900572
76906552
76908006
76908050
76908066
76908114
76914890
76912030
76912034
76906718
76908160
76900530
76900610
76913635
76913629
76913621
76913613
76913605
76900111
76900095
76907550
76907632
76901832
76900763
76900710
76900658
76901046
76901118
76901276
76901256
76907368
76907372
76907250
76907220
76901434
76901442
76901460
76901372
76901392
76906622
76913891
76912555
76906470
76906764
76906762
76912264
76913637
76913627
76913619
76913611
76913600
76907467
76912422
76914566
76914750
76914768
76914784
76913799
76913758
76913717
76913674
76913623
76913577
76913142
76913037
76904190
76912224
76900190
