76980640
76981126
76981128
76982088
76986338
76987366
76987452
76982009
76983020
76981490
76980788
76980856
76983540
76982142
76982228
76982230
76983554
76982082
76982042
76988085
76988097
76986520
76986552
76986461
76985796
76980284
76987092
76987116
76987108
76980008
76980028
76981216
76983523
76982242
76983548
76987624
76984104
76984107
76984126
76984127
76984161
76984160
76983312
76983226
76987894
76988026
76981260
76981280
76981296
76981324
76982086
76982036
76981050
76982102
76982022
76980616
76987840
76982190
76983182
76983170
76983030
76983010
76983119
76980233
76980232
76980235
76980234
76980152
76980153
76980090
76980091
76980075
76980078
76980016
76980013
76987048
76985760
76985316
76985338
76985314
76985258
76988088
76985784
76981158
76981058
76985212
76985334
76985290
76982108
76982110
76981178
76983451
76981172
76980848
76985346
76980830
76980868
76980814
76980804
76980806
76980756
76980750
76987242
76987226
76985234
76987704
76980288
76983216
76982157
76980638
76980626
76982153
76987652
76984000
76983057
76984032
76987110
76987158
76980290
76987012
76985328
76985148
76980824
76980876
76987114
76987148
76982058
76982032
76983490
76983414
76983404
76987380
76987379
76987347
76986568
76987337
76987754
76987642
76987644
76982114
76985005
76982018
76982016
76983378
76983398
76983290
76987618
76980286
76981028
76980282
76987622
76985090
76983191
76982074
76987368
76987396
76987410
76982138
76982236
76980698
76987606
76983054
76984006
76980314
76980210
76980184
76980130
76980114
76980054
76980046
76988046
76980322
76983052
76984008
76987244
76980862
76980893
76983365
76980850
76983193
76980685
76980714
76980663
76980690
76987140
76987138
76987136
76987240
76987262
76980744
76980694
76986600
76986598
76986606
76986640
76983082
76982063
76987088
76987156
76982051
76987168
76987198
76987214
76987304
76983174
76982172
76982134
76983558
76982080
76987412
76987460
76986619
76985032
76985012
76980318
76982220
76984040
76984034
76982820
76982821
76983014
76983013
76983044
76983045
76984014
76984017
76982456
76981210
76985092
76987766
76985110
76985024
76987628
76980742
76980866
76980844
76987014
76987050
76985249
76987182
76985303
76987192
76985251
76987308
76987709
76980100
76980122
76980228
76980166
76980150
76980094
76980068
76980010
76984036
76980170
76980194
76982176
76982200
76982198
76986554
76987750
76981111
76981099
76981097
76981095
76980811
76980809
76980807
76980753
76980751
76987061
76987037
76987027
76987025
76987377
76987419
76987487
76987533
76987633
76987655
76987657
76987683
76987685
76980348
76980333
76980350
76983084
76983089
76983086
76983093
76983092
76983088
76983090
76983091
76983087
76983085
76983094
76983098
76983095
76983102
76983101
76983097
76983099
76983100
76983096
76983103
76983105
76983107
76983106
76983104
76982650
76982616
76982652
76982654
76982660
76982662
76982808
76982665
76982816
76982637
76982606
76982632
76982672
76982640
76982642
76982624
76982824
76983008
76982668
76982614
76982610
76982618
76982620
76982622
76982608
76982634
76982648
76983024
76983046
76983040
76982600
76982828
76983004
76982798
76983026
76983016
76982806
76983000
76982839
76982837
76982802
76983022
76982796
76983028
76982794
76983034
76982804
76982826
76983006
76983018
76980346
76980331
76980352
76980354
76980344
76983110
76983109
76984124
76983108
76983117
76983118
76983112
76983116
76983115
76983111
76983113
76983114
76984151
76984088
76984100
76984116
76984082
76984094
76984136
76984170
76984164
76984168
76984122
76984166
76984090
76984076
76984134
76984074
76984084
76984096
76984144
76984146
76984130
76984102
76984092
76984120
76984086
76984098
76984148
76984150
76984178
76984118
76984110
76984174
76984176
76984172
76986594
76983048
76984012
76980760
76982468
76984020
76984044
76980772
76981472
76983848
76985388
76986466
76988095
76981430
76981383
76981456
76981380
76981451
76981448
76985539
76985589
76986438
76985700
76985697
76985798
76985826
76985886
76985542
76988099
76988086
76987208
76987018
76988133
76988136
76988142
76988145
76988151
76988139
76988148
76988154
76987010
76988032
76983441
76983384
76985660
76985787
76985748
76984156
76984158
76985298
76980710
76980146
76980132
76982452
76983552
76988052
76987660
76982454
76988083
76983462
76981192
76983442
76983382
76983350
76983198
76980670
76980654
76987611
76987042
76983270
76983272
76983304
76983240
76987898
76985364
76983897
76983250
76983831
76983278
76982675
76983298
76982677
76982791
76983246
76983035
76984003
76982304
76982331
76982318
76982333
76985896
76987604
76980224
76980196
76980740
76988012
76982800
76983836
76982056
76982830
76983002
76987118
76986418
76987344
76986603
76987384
76987436
76986653
76987502
76982196
76986474
76988092
76985230
76985240
76985202
76985200
76985204
76985220
76985198
76985218
76985236
76985214
76985216
76985232
76985206
76985238
76985242
76985192
76985244
76985222
76985194
76985196
76985224
76985228
76986592
76983256
76983252
76981326
76981286
76981302
76981328
76981318
76981308
76981311
76981288
76981322
76981330
76981304
76981258
76981252
76981264
76981276
76981266
76981268
76981274
76981278
76985570
76985563
76985556
76985560
76985558
76985152
76985158
76985136
76985138
76985156
76985154
76985150
76985146
76985140
76985160
76985169
76985144
76985166
76980070
76980050
76983832
76987232
76985100
76987090
76982070
76985575
76985577
76985573
76985576
76985580
76981114
76981023
76981082
76981094
76985578
76985802
76987034
76987035
76987129
76987230
76987174
76987169
76982049
76987171
76985226
76982001
76985190
76985130
76985168
76985113
76981048
76981148
76983079
76988000
76987122
76987236
76986566
76980762
76985758
76985582
76985584
76982466
76985571
76988028
76981120
76981040
76981068
76981090
76981062
76981166
76983450
76983444
76983412
76983268
76985592
76985586
76981064
76982472
76985594
76980818
76980872
76982066
76987238
76986819
76985274
76985362
76985426
76983376
76983396
76983294
76983368
76980881
76980316
76983564
76988036
76986527
76986564
76986562
76987688
76983518
76983436
76983438
76987646
76987060
76987626
76980666
76980624
76985764
76983512
76987768
76983536
76980004
76980026
76980040
76987080
76987150
76987132
76987256
76987229
76987258
76987209
76987328
76980072
76980060
76987322
76987218
76985038
76982302
76982346
76980084
76980104
76986644
76980786
76983330
76983214
76980688
76983207
76980642
76986570
76986586
76982156
76982214
76982216
76983042
76987676
76985030
76988055
76980006
76980024
76985834
76986572
76987706
76982212
76985104
76985034
76985042
76987654
76986642
76987270
76985492
76985527
76985530
76985574
76985476
76985478
76985792
76985474
76985472
76985504
76987592
76980884
76983353
76983356
76983196
76985520
76985498
76985468
76985522
76985494
76985495
76986550
76986523
76985497
76987278
76985050
76980887
76983380
76983400
76983288
76987752
76987770
76987022
76980158
76980136
76987760
76985441
76985340
76985427
76985366
76985400
76985300
76987416
76987762
76987764
76988084
76980239
76980250
76980294
76980217
76980324
76980364
76980205
76983550
76983514
76980306
76983362
76983316
76983302
76988044
76987774
76985768
76987068
76980737
76987072
76980691
76980649
76982084
76980611
76982118
76982131
76982116
76982249
76982270
76982247
76985822
76981132
76987086
76987162
76987216
76987202
76986843
76987254
76987212
76985318
76985247
76985209
76985336
76985452
76985268
76980680
76980658
76987008
76980790
76987360
76986434
76986428
76985710
76986602
76986612
76986588
76982072
76986574
76983510
76983482
76983428
76983392
76980230
76980208
76988042
76988058
76980214
76980180
76980140
76980108
76980058
76980036
76985820
76981056
76981174
76981187
76983460
76983470
76983478
76983264
76983562
76983504
76987058
76980746
76987106
76985830
76987054
76987432
76981272
76981320
76980718
76987334
76982046
76987176
76987078
76980846
76980682
76980634
76987044
76983494
76983257
76983410
76983259
76987144
76987154
76987164
76987222
76987204
76987318
76985052
76980148
76980138
76987866
76987892
76987250
76983858
76983861
76985444
76985418
76981208
76983430
76983424
76983282
76980800
76981250
76981270
76981314
76981241
76988030
76987356
76987364
76980212
76980182
76980134
76980110
76980056
76980042
76980222
76980172
76980144
76980098
76980066
76980022
76982044
76982014
76983202
76983210
76982162
76983217
76983176
76983160
76983219
76983221
76982186
76983566
76987094
76987672
76980292
76987264
76987206
76980726
76980723
76980699
76980702
76987076
76980308
76987234
76980618
76988072
76985098
76983538
76983364
76983373
76983314
76983393
76983296
76985106
76988050
76981212
76987614
76986646
76982136
76982238
76982240
76980168
76980186
76983348
76983200
76988016
76981052
76981144
76987128
76981262
76980357
76980360
76987692
76985794
76980696
76980652
76985108
76980086
76980106
76981316
76980860
76982160
76982150
76986595
76986613
76987616
76987678
76987668
76987640
76987700
76987702
76987666
76980096
76980116
76983080
76984078
76984079
76981087
76980820
76980878
76981153
76983445
76980898
76983387
76983390
76983406
76983407
76983283
76983286
76982630
76982627
76982656
76982658
76985096
76982458
76987594
76987600
76987602
76987598
76987596
76985884
76985882
76985880
76981348
76981355
76981374
76981357
76981344
76981359
76981371
76981434
76982090
76982024
76982010
76982006
76982012
76982030
76982275
76982038
76982112
76982040
76982020
76982028
76983468
76983520
76983434
76983416
76983274
76982670
76982612
76983474
76983484
76983466
76983472
76983480
76983262
76983506
76983464
76983476
76983266
76982646
76982604
76983492
76983422
76983488
76981000
76983371
76983418
76983448
76986607
76986580
76985828
76987302
76980870
76986560
76980896
76984023
76984047
76982450
76984071
76984111
76984113
76986576
76987372
76987324
76987312
76985254
76985272
76985416
76983542
76980764
76980765
76980720
76980839
76980678
76980675
76980632
76980629
76988038
76981118
76981032
76981076
76987272
76980770
76980164
76980178
76981162
76986840
76982164
76984028
76983838
76984132
76986316
76986304
76986290
76986300
76986312
76986296
76986308
76986324
76986292
76985422
76985448
76985454
76985412
76985484
76985163
76985456
76985458
76985461
76985410
76985420
76985480
76985408
76985446
76985432
76985438
76985406
76985430
76985414
76985404
76985440
76985450
76985424
76985482
76985486
76985401
76985489
76985670
76985532
76987246
76980672
76980656
76983531
76983516
76983533
76985752
76983840
76982344
76982290
76982334
76982310
76982352
76982308
76982356
76982281
76985036
76982283
76985040
76982340
76982294
76982306
76982296
76982314
76985020
76982292
76982342
76982376
76982288
76982298
76982374
76982370
76982277
76982286
76982362
76982364
76985014
76985054
76982316
76982366
76982360
76982368
76982372
76982358
76985048
76982312
76982350
76985890
76985894
76985888
76985892
76986788
76986822
76986816
76986837
76986320
76986813
76986825
76986834
76986831
76986782
76986382
76986411
76986348
76986376
76986354
76986342
76986336
76986368
76986362
76986426
76986378
76986350
76986344
76986374
76986356
76986340
76986346
76986370
76986360
76986372
76986358
76986352
76986380
76986325
76986334
76986332
76986780
76986794
76986809
76986810
76986802
76986800
76986806
76986796
76986828
76986784
76986798
76986792
76986786
76985264
76985312
76985320
76985270
76985322
76985276
76985308
76985262
76985310
76985250
76985358
76985260
76985326
76985256
76985306
76985350
76985354
76985370
76985342
76985376
76985344
76985372
76985374
76985282
76985283
76985380
76985379
76985280
76985324
76985278
76985266
76985288
76985330
76985292
76985286
76986610
76986584
76981445
76981468
76982092
76982026
76983834
76983890
76983864
76983874
76983882
76983884
76983880
76983876
76983888
76983868
76983892
76983878
76983894
76983872
76983870
76987822
76983340
76983338
76983324
76983238
76985762
76985778
76985812
76980310
76980074
76980064
76980712
76983276
76983292
76983242
76986590
76980628
76987314
76982460
76988082
76983163
76982184
76982210
76982232
76983178
76987370
76987001
76987326
76987279
76987300
76987195
76985295
76985294
76985356
76985351
76985434
76985435
76985464
76985141
76985510
76985133
76987674
76988080
76985010
76983432
76983420
76983280
76987388
76980822
76987886
76980020
76980044
76987016
76988060
76987346
76982076
76982096
76982104
76982106
76982078
76982098
76982100
76980018
76980038
76988076
76981214
76982194
76982244
76982272
76983180
76983166
76982188
76983032
76981206
76988024
76983546
76980614
76982147
76980668
76980648
76985102
76981352
76985780
76984042
76980636
76980620
76988054
76986424
76985008
76986656
76980366
76980200
76980192
76980124
76980120
76980052
76980048
76988078
76987882
76987852
76987850
76987827
76988130
76987806
76987252
76987220
76987224
76981442
76981464
76983850
76986472
76988094
76980874
76980708
76980802
76980716
76980832
76980798
76980858
76980796
76980854
76980778
76980852
76980728
76980088
76980112
76980339
76980340
76980328
76980362
76980204
76980188
76980128
76980118
76986432
76982222
76987890
76984026
76985676
76985684
76985664
76985690
76985682
76985678
76985686
76985688
76985666
76985672
76985674
76985668
76985692
76985662
76987066
76980162
76980176
76986556
76988074
76980300
76980297
76980220
76980174
76980142
76980102
76980062
76980032
76980030
76983186
76982170
76982140
76982174
76982204
76982206
76983036
76983037
76983012
76983011
76983081
76983168
76982208
76982234
76986578
76986582
76987040
76985382
76980270
76980252
76980236
76980160
76980156
76980082
76980080
76980002
76988034
76988010
76988004
76987878
76987832
76987790
76983189
76982166
76982167
76982146
76980734
76980736
76982224
76983335
76983204
76983212
76983333
76983228
76983327
76983236
76983486
76983426
76983402
76983320
76983224
76980226
76980198
76981265
76981291
76981283
76981340
76981335
76980828
76980782
76980774
76987620
76988899
76987856
76988087
76988098
76981116
76981026
76981078
76981092
76980816
76980792
76980794
76980758
76980748
76987064
76987046
76987030
76987020
76987374
76987400
76987476
76987536
76987630
76987680
76983544
76983508
76980012
76980034
76980660
76983408
76983309
76983310
76983233
76983230
76984030
76980312
76988070
76982218
76985756
76985332
76983846
76985386
76986464
76981480
76988096
76987310
76987518
76987522
76987514
76987530
76987498
76987305
76987342
76987354
76987358
76987352
76987510
76987330
76987472
76987306
76987490
76987494
76987480
76987464
76987526
76987468
76987560
76987556
76987540
76987506
76987572
76987575
76987590
76987568
76987564
76987428
76987448
76987316
76987421
76987424
76987404
76987408
76987320
76987340
76987332
76987350
76986651
76987004
76982179
76983184
76982181
76983172
76982192
76987758
76982004
76987266
76987200
76987188
76985390
76983842
76980202
76980190
76980126
76985534
76985536
76986860
76986852
76986856
76986858
76986862
76986854
76986803
76986850
76986847
76986430
76986366
76986364
76985695
76985707
76985754
76985722
76985736
76985750
76985733
76986420
76985718
76986422
76985714
76985730
76985704
76985702
76985744
76985790
76985824
76985898
76985726
76985766
76985776
76981042
76981038
76981168
76981022
76981044
76981182
76981124
76981170
76981190
76981066
76981034
76981030
76981036
76981180
76983454
76981084
76981194
76981184
76983456
76981186
76983458
76982644
76982602
76981020
76981121
76981136
76981156
76981164
76981080
76981160
76981134
76981203
76981146
76981176
76981072
76981074
76981130
76985818
76980826
76986412
76983300
76983244
76985016
76986414
76988068
76985022
76981140
76981137
76981046
76981141
76981054
76981149
76981151
76981060
76980834
76980835
76980784
76980837
76980776
76980731
76980730
76980703
76980706
76987070
76987097
76987099
76987056
76987101
76987032
76987247
76987002
76987277
76987362
76987392
76987444
76987548
76987608
76987650
76987664
76987670
76987696
76987698
76984038
76988081
76985094
76985018
76985026
76988066
76980272
76980280
76980302
76980336
76980342
76988018
76988006
76988021
76982144
76982226
76983050
76984010
76986436
76981460
76983852
76985384
76986468
76988093
76987818
76987820
76987812
76987816
76987824
76987830
76987848
76987814
76987810
76987838
76987858
76987844
76987846
76987834
76987842
76987862
76987836
76987802
76987796
76987798
76987804
76987808
76987792
76987880
76987870
76987874
76987884
76987888
76987800
76987794
76987896
76982054
76987024
76987178
76985028
76983556
76985044
76985002
76985000
76987260
76987074
76987096
76987104
76980320
76981332
76981377
76983560
76983854
76986470
76988091
76987756
76980890
76982464
76987268
76986558
76987544
76986648
76985508
76985470
76985518
76982462
76986413
76985800
76980304
76983386
76983346
76983206
76982810
76981244
76981247
76981255
76982068
76987112
76983083
76983344
76983342
76983322
76980622
76982202
76983360
76983358
76983318
76983307
76983248
76982813
76982812
76982832
76982833
76988002
76985496
76985500
76985466
76985514
76985506
76985502
76985516
76985551
76985524
76985572
76987274
76981201
76981196
76983498
76983501
76983496
76983254
76988048
76988020
76984138
76984141
76988040
76980326
76980644
76980646
76988014
76985046
76987120
76982060
76982034
