48002112
48012808
48012102
48000145
48022180
48015068
48008460
48009574
48013780
48021555
48007090
48007130
48005464
48023675
48013024
48014082
48007050
48007146
48016625
48005060
48009610
48013164
48000246
48020681
48009340
48009442
48023580
48011148
48019075
48022505
48013152
48012234
48013256
48015498
48007482
48012370
48023795
48022630
48020621
48012238
48012040
48022155
48009886
48002586
48001706
48000720
48007046
48008154
48002752
48014070
48008384
48015510
48021735
48012358
48018845
48000009
48007824
48018125
48012254
48018850
48009622
48000133
48012168
48019105
48009128
48012386
48000033
48015490
48000143
48021710
48021790
48008360
48007174
48000171
48018035
48008496
48007126
48008452
48018530
48005674
48007358
48007426
48000634
48007518
48005416
48005202
48018720
48012240
48002100
48021720
48008186
48018840
48007354
48012160
48002756
48009810
48005322
48007780
48000426
48000718
48000424
48000430
48000602
48000396
48009706
48009590
48021570
48000640
48021565
48005084
48009754
48007378
48018545
48018860
48019145
48021545
48019110
48014122
48001824
48013498
48022240
48015136
48014134
48010618
48019148
48012558
48019570
48019180
48012648
48000195
48002744
48007162
48022105
48012224
48008158
48009184
48013028
48005726
48009386
48024120
48005004
48008492
48020235
48020440
48020525
48007182
48013052
48005036
48002708
48015120
48009296
48002574
48023330
48009196
48024130
48015140
48013076
48021665
48000093
48020750
48012652
48008440
48009458
48013676
48007234
48019580
48018515
48019100
48012182
48012566
48018120
48021635
48018160
48012108
48013470
48013072
48021590
48018315
48022845
48015160
48016730
48009494
48021715
48000468
48019150
48009072
48007632
48008424
48005448
48000604
48018715
48015156
48009822
48020240
48021560
48021595
48000474
48018065
48007836
48007684
48018650
48007462
48005052
48013168
48022455
48021820
48019605
48008428
48012562
48003334
48018630
48021675
48022045
48015116
48008170
48000410
48012184
48012024
48010248
48010444
48005286
48002248
48020561
48016055
48020355
48020345
48007078
48008476
48018015
48012414
48009344
48011168
48010682
48020611
48010252
48013788
48023680
48000199
48023570
48000460
48001690
48008376
48000632
48005140
48012216
48015040
48009766
48019795
48018780
48012430
48021575
48022165
48019175
48008106
48009606
48009024
48003338
48013248
48001698
48021740
48013502
48023585
48000422
48010802
48001710
48019155
48009618
48016720
48005698
48012318
48016605
48018660
48000368
48015575
48012030
48015438
48000436
48007880
48016100
48018610
48022010
48018165
48007118
48022850
48022195
48000179
48007892
48007314
48009224
48000676
48010638
48005428
48014050
48023645
48019620
48012068
48000446
48001702
48001722
48007214
48013494
48000083
48020445
48022380
48007042
48005524
48010550
48016105
48013252
48019090
48009782
48016745
48013394
48018090
48009550
48016020
48002216
48007178
48020485
48007386
48015462
48010394
48020565
48020290
48012176
48018565
48000370
48012244
48000105
48012872
48006090
48012578
48012278
48012604
48018705
48012314
48000232
48014090
48016045
48009654
48009662
48020495
48012608
48022565
48000141
48002570
48007346
48010358
48022185
48010630
48018535
48007274
48022815
48019195
48022255
48022065
48001742
48020011
48009332
48023180
48015092
48008174
48016095
48012612
48023135
48007290
48010650
48010468
48005152
48000644
48000059
48008344
48023560
48016530
48012334
48007844
48007110
48001738
48008556
48015526
48016155
48009474
48020625
48023325
48002578
48002558
48001746
48016035
48020265
48005242
48007062
48012836
48002252
48021730
48016510
48013398
48012864
48020171
48015398
48011164
48002602
48002610
48022145
48023200
48009200
48009434
48006094
48006034
48016060
48010476
48000660
48009490
48012856
48015506
48020470
48009486
48018700
48005508
48008512
48007190
48009288
48023605
48023140
48020615
48022420
48009292
48020521
48010260
48019575
48019190
48002384
48008324
48020531
48022245
48018810
48018865
48012310
48000029
48000191
48000053
48009558
48007636
48009562
48000041
48002024
48000075
48020285
48009466
48012126
48019615
48018870
48000201
48012624
48007022
48000620
48015478
48012094
48009818
48005222
48000147
48005460
48002104
48005246
48007098
48018135
48024035
48013172
48008182
48021705
48013244
48000366
48000081
48009148
48018595
48009348
48024260
48022780
48009674
48023218
48012616
48005516
48014114
48000228
48001852
48009478
48000420
48012074
48002240
48018740
48024185
48007470
48020720
48016595
48018150
48013660
48000181
48005318
48020785
48008328
48020690
48012142
48009482
48016580
48020250
48010622
48010602
48005230
48007872
48019675
48018800
48008540
48009140
48013016
48009826
48002068
48005350
48008552
48024270
48020665
48009614
48023640
48000648
48005234
48022860
48012418
48012034
48009718
48018580
48020491
48021795
48010626
48008392
48013640
48013684
48000338
48007102
48007030
48012246
48000666
48024285
48022800
48007122
48013084
48001864
48019285
48000658
48000270
48002148
48024125
48000724
48013196
48010694
48008138
48012018
48000137
48009068
48007210
48000077
48015108
48005008
48012164
48007876
48005346
48019645
48005544
48021755
48012632
48021630
48015482
48013036
48018510
48024290
48013664
48008284
48008194
48010698
48016070
48010374
48022830
48020555
48007294
48007362
48007154
48007454
48009830
48012100
48007554
48020221
48019740
48012226
48022445
48012122
48002156
48001828
48008472
48005190
48012780
48012398
48009172
48000011
48007510
48012284
48016623
48000612
48001860
48022545
48008368
48005444
48000063
48000067
48005608
48005250
48006120
48018690
48007394
48008448
48007478
48005576
48022205
48001848
48005484
48008516
48005048
48016525
48005210
48015422
48012664
48000254
48013176
48005536
48014074
48007474
48000005
48010350
48009370
48009004
48000670
48012178
48008444
48020065
48018255
48009870
48018240
48012114
48005342
48012130
48013220
48020780
48019165
48000610
48005432
48012078
48009746
48020195
48005750
48000668
48005468
48018775
48014058
48022210
48022015
48008364
48018625
48007680
48000412
48009036
48013004
48018050
48012298
48005112
48011160
48005056
48020685
48009634
48022020
48000163
48009008
48007788
48001714
48021725
48012026
48018100
48009678
48020231
48021765
48019790
48012036
48000205
48018045
48002228
48009814
48007230
48000278
48009578
48024030
48023450
48000019
48012454
48020740
48009188
48005278
48020585
48000864
48012134
48019295
48007442
48000626
48000386
48022150
48009502
48010662
48012058
48018525
48002128
48000258
48010562
48010268
48022055
48010456
48010590
48000266
48002704
48022220
48008090
48008320
48008304
48022360
48009526
48011024
48010798
48024110
48013680
48021810
48022115
48001836
48002132
48020021
48020015
48000013
48007246
48019080
48007302
48012230
48022340
48012402
48007490
48022200
48007218
48005254
48009866
48012106
48012338
48000664
48022450
48020280
48021805
48009638
48020541
48020460
48007186
48000376
48018620
48024280
48022290
48020175
48013188
48012876
48007808
48020745
48020260
48012326
48024070
48002208
48005504
48010398
48016615
48023205
48016110
48012640
48015048
48005564
48012032
48003660
48002136
48012096
48018055
48000161
48005088
48022355
48005326
48000342
48005670
48010594
48015534
48013228
48015088
48005068
48009108
48012302
48002184
48013510
48012132
48009160
48018755
48012004
48016500
48016170
48015152
48010386
48009602
48008408
48009774
48019125
48022110
48007546
48023335
48008412
48009374
48009000
48008340
48002598
48010554
48000129
48022130
48005492
48018790
48018555
48018105
48013792
48012620
48009838
48007266
48012042
48007206
48007278
48000099
48016570
48018575
48007070
48009260
48000149
48019130
48009168
48012206
48013478
48020545
48022555
48012204
48024305
48018675
48012166
48002720
48012128
48014118
48022215
48015132
48022785
48000722
48010272
48007286
48007250
48012294
48009438
48008380
48007644
48018725
48002748
48009084
48007852
48000049
48018025
48000087
48021685
48018401
48020025
48019595
48021660
48002116
48015172
48000035
48009028
48002236
48015390
48015112
48009430
48020191
48012820
48000714
48009598
48010378
48008352
48000394
48021605
48015394
48000167
48023145
48002594
48002176
48005310
48015406
48005020
48022740
48021815
48023595
48023210
48002582
48016090
48022745
48016065
48016115
48010670
48010658
48022350
48020735
48009802
48009770
48002016
48022370
48010690
48022480
48022030
48020575
48022535
48009454
48005120
48000203
48018635
48016545
48009048
48000642
48012892
48012824
48022390
48012844
48023790
48012116
48020455
48012112
48012262
48012680
48012140
48019095
48002192
48012170
48018540
48000462
48015044
48012860
48012868
48000017
48021670
48007310
48012252
48002590
48005496
48010666
48009032
48000007
48000476
48015100
48023620
48009462
48022050
48022775
48005472
48009566
48000242
48010566
48008560
48023120
48012104
48007864
48005294
48001770
48022320
48012260
48009320
48007094
48009530
48000458
48021825
48008528
48005076
48000111
48009060
48008336
48008400
48009514
48015502
48000860
48000868
48020075
48020695
48010606
48007014
48020245
48016725
48009470
48022790
48007414
48005556
48022765
48022300
48022170
48007530
48018825
48005148
48021620
48009666
48000434
48007038
48018735
48007562
48022410
48008102
48018115
48013020
48012084
48023625
48018010
48008464
48012470
48012022
48022490
48022140
48022310
48001750
48023465
48019205
48002264
48005588
48012350
48014054
48001758
48016040
48012526
48016600
48009686
48012190
48013000
48023550
48021855
48023215
48005306
48016165
48022825
48022160
48015168
48002736
48020645
48020700
48020501
48015450
48020601
48009176
48013040
48007628
48010598
48022760
48022495
48000622
48009240
48005330
48008114
48009232
48022515
48000684
48020270
48020765
48019655
48012510
48007896
48009124
48020450
48000672
48022395
48000095
48022375
48018665
48000089
48012052
48018430
48009570
48009136
48012394
48019895
48012342
48015144
48000358
48012236
48007382
48021750
48019115
48012092
48018795
48001844
48021585
48007620
48002084
48000360
48015072
48005436
48012154
48002550
48005552
48012020
48000135
48009088
48000113
48007330
48009076
48005580
48002160
48005064
48023655
48023190
48019890
48013044
48009694
48007640
48008122
48018640
48007402
48019120
48008300
48008142
48007816
48012038
48018770
48019140
48010382
48000364
48012330
48012530
48012438
48002064
48011152
48007018
48012486
48000362
48021615
48012060
48012054
48021580
48012012
48000234
48021780
48020300
48000065
48007558
48007860
48002562
48022405
48005600
48009112
48007812
48015442
48013144
48012600
48012250
48005528
48013490
48007238
48020655
48012502
48012656
48012242
48012158
48012322
48002096
48012684
48005452
48005124
48012268
48000608
48018760
48024155
48000131
48007792
48013260
48013764
48002776
48007526
48000115
48012494
48020340
48020635
48012390
48022175
48005338
48018410
48000079
48009798
48007458
48021600
48021625
48012426
48002092
48018550
48007242
48000654
48007450
48012374
48016710
48009284
48012066
48000045
48007566
48012162
48007338
48021800
48023800
48003330
48024150
48009044
48007350
48000354
48006030
48010794
48002120
48021695
48009582
48007796
48007334
48023685
48018075
48000470
48021830
48007616
48002224
48005044
48024175
48002768
48012124
48000071
48009710
48007820
48005100
48021745
48002232
48018140
48012070
48005512
48013506
48009714
48008118
48021690
48012150
48002200
48009378
48009272
48018130
48007624
48022275
48011140
48020760
48002212
48012200
48000472
48005714
48005612
48002108
48018095
48005678
48007114
48022230
48018680
48012218
48000678
48005682
48022485
48015164
48002168
48008356
48000047
48000003
48007494
48012514
48016010
48015020
48020350
48020081
48018235
48009742
48014472
48000061
48000224
48005706
48005400
48005390
48012542
48007170
48000193
48000107
48009052
48015036
48007434
48000404
48009080
48007282
48022285
48005880
48000850
48000398
48021650
48000464
48009670
48000103
48023600
48022840
48013772
48013140
48013088
48011156
48000378
48010256
48007318
48022770
48005218
48022820
48002566
48008536
48016610
48012896
48007066
48018405
48009156
48000165
48001754
48010280
48024170
48005274
48000618
48008348
48002196
48005282
48008014
48011144
48008576
48012062
48005702
48009252
48015096
48021775
48005754
48000652
48022550
48022530
48006140
48021700
48012796
48012048
48012286
48000189
48005080
48023635
48012550
48012538
48002204
48000057
48020605
48002256
48023690
48003350
48002380
48007366
48005012
48007832
48021845
48012422
48007398
48007202
48021785
48013204
48005028
48002028
48008532
48000438
48000238
48000207
48012196
48002172
48022315
48000442
48007262
48008432
48010480
48024010
48023460
48007730
48007612
48009020
48001832
48012266
48019585
48018425
48000155
48022805
48012462
48020211
48008150
48022540
48007198
48007868
48012274
48008524
48010448
48015024
48023125
48012264
48012546
48000716
48005314
48013784
48007390
48007422
48009586
48021680
48012076
48018785
48020800
48015570
48019610
48022650
48019670
48008296
48008126
48007656
48007648
48009064
48018310
48018060
48020061
48013184
48002124
48019800
48015028
48012002
48012366
48007322
48012080
48012056
48020201
48021770
48012192
48021760
48009382
48018320
48000159
48009702
48022095
48002144
48022645
48000712
48014126
48019210
48016740
48012046
48019590
48018415
48000051
48022100
48019135
48000015
48012804
48012636
48012506
48000027
48000274
48012120
48012272
48007608
48005072
48015104
48005722
48001896
48009280
48000646
48012044
48018835
48009642
48012172
48007418
48013776
48000466
48000073
48005214
48021550
48012222
48012174
48000023
48012354
48018685
48015148
48000440
48012194
48015176
48024000
48023890
48000636
48002040
48009778
48018750
48012628
48009734
48012812
48000250
48020215
48024145
48018420
48012156
48012210
48023565
48018250
48012816
48009506
48000628
48018590
48005532
48012232
48024165
48009236
48013048
48012090
48020730
48009646
48009542
48019745
48005690
48005144
48000852
48011020
48003770
48005660
48005824
48005830
48006040
48007010
48008000
48008010
48008280
48010240
48013688
48013756
48014460
48010578
48010611
48000876
48009730
48000151
48020295
48000021
48009850
48007522
48002060
48002260
48007446
48000674
48012280
48012574
48015454
48012276
48014488
48018710
48005424
48000117
48008110
48023175
48006124
48012490
48009630
48013482
48000374
48018145
48008130
48007086
48020725
48000262
48005334
48023575
48005226
48009450
48012050
48008162
48010614
48014468
48019630
48010582
48013192
48012346
48008484
48016560
48021640
48023650
48023660
48012028
48005024
48000173
48007406
48000352
48007514
48000001
48005568
48022640
48009012
48002712
48007374
48023130
48023320
48016050
48016140
48009308
48018500
48009518
48012888
48009522
48012482
48012474
48012478
48012466
48002728
48002724
48012410
48009534
48012016
48000169
48023345
48000097
48013240
48009212
48022025
48010790
48005730
48000452
48005238
48005032
48022270
48012220
48012498
48005262
48010370
48012668
48022460
48016550
48018815
48019600
48015402
48000153
48020651
48002072
48018830
48015530
48018655
48012188
48014496
48012832
48008388
48015514
48008416
48012446
48015466
48005604
48009498
48007538
48007784
48020185
48002220
48002614
48009858
48005266
48005040
48015414
48010362
48009750
48009152
48022655
48005412
48005258
48024115
48012228
48016505
48002716
48008404
48005408
48005302
48022475
48015056
48013180
48022330
48020671
48000334
48024135
48024160
48005540
48016620
48021840
48007466
48007258
48007800
48012534
48005160
48007150
48001762
48000872
48009790
48012688
48009144
48013652
48016150
48009878
48009244
48016085
48001718
48020570
48009092
48007342
48022520
48012008
48013236
48012082
48005738
48008480
48008146
48018520
48009120
48021610
48000630
48000382
48005686
48000392
48007848
48007856
48007082
48007840
48000408
48008504
48023340
48006240
48000680
48007604
48010354
48007370
48009228
48010686
48020430
48014066
48008292
48008178
48013200
48013032
48010646
48013700
48014086
48012186
48023160
48007888
48002554
48020481
48015124
48012072
48002772
48001766
48007074
48009510
48009256
48023155
48016145
48010452
48009352
48009390
48013410
48012828
48013264
48012442
48020790
48016575
48018020
48020255
48020631
48001868
48009726
48020581
48020595
48018040
48009786
48022120
48012138
48009846
48020775
48005694
48020535
48018080
48019085
48005440
48012660
48012006
48018615
48020071
48000175
48012256
48007326
48000209
48018670
48000390
48020225
48000091
48000125
48007222
48007652
48013160
48013080
48000085
48007410
48012450
48024275
48024300
48010264
48008372
48009208
48018765
48014078
48001734
48000682
48010678
48022235
48001480
48003664
48002140
48023630
48014106
48012554
48018730
48023615
48007134
48016120
48001820
48023195
48020360
48019390
48008094
48001730
48014484
48002606
48022280
48007884
48015458
48012880
48007034
48020435
48023610
48023150
48009016
48010488
48005596
48000109
48007194
48009220
48020591
48018170
48018585
48022500
48022510
48022260
48022560
48002784
48022250
48015470
48022000
48018000
48021500
48009192
48012570
48013216
48018805
48012434
48016715
48005132
48002244
48009594
48009336
48012088
48012146
48012208
48012086
48019625
48015064
48001856
48020795
48012672
48009040
48022795
48007430
48013008
48007534
48021835
48010390
48002820
48012202
48023670
48012064
48016735
48020675
48021655
48008420
48012852
48012000
48000157
48018030
48012582
48019215
48024005
48002824
48001774
48016025
48024180
48000638
48000183
48021505
48018005
48000350
48010276
48012010
48000139
48000616
48010440
48014098
48022295
48000614
48012258
48009164
48018605
48016160
48012848
48009762
48000121
48000432
48023185
48020661
48012676
48022440
48019640
48015486
48009096
48002164
48016585
48008134
48000043
48003500
48002152
48014130
48010464
48007106
48007542
48014110
48022365
48000037
48013156
48005456
48009248
48008166
48018855
48022635
48020475
48012362
48023665
48020205
48016130
48024899
48010558
48022385
48000101
48018745
48012110
48009116
48012306
48007486
48010244
48002732
48001726
48007254
48022575
48012288
48009100
48009738
48010460
48008568
48009328
48007166
48002764
48000428
48022335
48012522
48013068
48012212
48008288
48008190
48016015
48005476
48000123
48013064
48000119
48018070
48007660
48014476
48018110
48022005
48022075
48016555
48022325
48000384
48015084
48015474
48014062
48005298
48022465
48015032
48010570
48018245
48019070
48018875
48012144
48000211
48005174
48005164
48000220
48016535
48013760
48008332
48012290
48009104
48012282
48002760
48021645
48022090
48009268
48009842
48009180
48009546
48005270
48012378
48009132
48015542
48018570
48013644
48023455
48000600
48000478
48016515
48022400
48007550
48013672
48022265
48015060
48000039
48016005
48012518
48012152
48022810
48012270
48009300
48016000
48005592
48019160
48022580
48010654
48005500
48007438
48018155
48009758
48023170
48016030
48015434
48019660
48007026
48019650
48009264
48016540
48022835
48020755
48023165
48020641
48013518
48005560
48022225
48015180
48005572
48022305
48022040
48019170
48013474
48007054
48005734
48013012
48018600
48022855
48010402
48012136
48012382
48007828
48014464
48002700
48019635
48022125
48008396
48007226
48021850
48023555
48022080
48030480
48013060
48013514
48013390
48022750
48009882
48009204
48009216
48018230
48014102
48018560
48001694
48002740
48009658
48009794
48009554
48016125
48000662
48016135
48024140
48020465
48010574
48012014
48005480
48015446
48016075
48005584
48016590
48008098
48000710
48000448
48024295
48014492
48022755
48020551
48010634
48022190
48018505
48015052
48012180
48012098
48012214
48005548
48005290
48018695
48013208
48013668
48013768
48013224
48022135
48012198
48005718
48019185
48012792
48005156
48012644
48008548
48002780
48013648
48022470
48015076
48012148
48010674
48014480
48014094
48015080
48014500
48010642
48016520
48022085
48009874
48008500
48007306
48009446
48000187
48000197
48010484
48000656
48022345
48016080
48005488
48015128
48005520
48005206
48005742
48008508
48000624
48000388
48010472
48007270
48020181
48005746
48020770
48016565
48000025
48012118
48000402
48022060
48012840
48013486
48012784
48012458
48012800
48002188
48009276
48012788
48009854
48009056
48005198
48002268
48009650
48022435
48010586
48013148
48013232
48000606
48013414
48005136
48023590
48005194
48000406
48018820
48013056
48009722
48007158
48000400
48005092
48022415
48022425
48009312
48009324
48009316
48000456
48005420
48000031
48007600
48005170
48005016
48009304
48000177
48000372
48009626
48009698
48000356
48021540
48005128
48009690
48009682
48009806
48009834
48007804
48000650
48000185
48005820
48000380
48000330
48005096
48005404
48022525
48022570
48022070
48009862
48012884
48005000
48000055
48015410
48018645
48022035
48015418
48002180
48015426
48015430
48000127
48019275
48015538
48012406
48015522
48015494
48015518
48020505
48005104
48013212
48022430
48013656
48020511
48020515
48020705
48020710
48020715
48019200
48019270
48019280
48019290
48020275
48005108
48018085
48000416
48024265
48000414
48000418
48000444
48000450
48000454
48001872
48001876
48001880
48005116
48001884
48001888
48001840
48002012
48002020
48002008
48002000
48002004
48002036
48002032
48007058
48002044
48002052
48002048
48002056
48001892
48002076
48002080
48002088
48005834
48008572
48000069
48019665
48008564
48008544
48008520
48008488
48008468
48008456
48008436
48007298
48009538
48010366
48007138
48007142
