44670522
44670532
44670602
44670069
44672850
44672830
44670665
44672035
44670658
44670079
44672710
44670016
44672570
44672808
44670067
44670210
44671835
44671115
44670021
44670123
44670089
44672835
44672005
44670622
44670560
44672660
44672775
44670630
44670033
44672040
44671880
44670120
44670091
44670608
44672800
44670023
44671130
44670046
44670045
44672045
44672695
44670003
44671275
44671110
44672015
44671405
44671280
44671855
44670039
44672865
44671875
44671820
44670640
44671885
44670540
44670065
44672737
44672810
44670672
44670594
44670015
44671260
44671870
44670544
44670642
44670610
44672780
44672855
44672715
44670043
44670009
44672700
44670001
44670017
44670618
44670624
44670081
44670212
44672720
44670524
44670031
44671890
44670085
44670620
44670520
44670124
44670029
44670063
44670600
44671710
44671400
44671390
44670664
44671270
44670606
44672685
44671250
44670538
44671265
44672705
44670007
44670051
44672755
44671865
44672680
44671135
44670662
44672675
44670047
44670214
44672770
44670077
44672500
44672050
44671120
44672860
44672012
44670626
44670644
44672735
44670638
44670562
44672805
44670027
44672760
44670646
44670614
44670075
44670053
44670654
44672010
44670057
44670536
44672815
44670648
44671125
44670674
44670534
44671100
44672750
44672785
44670083
44671255
44672840
44670025
44672765
44670005
44670041
44670652
44670546
44672790
44670526
44672739
44670558
44670528
44670668
44670592
44672745
44672795
44672020
44670059
44670556
44672820
44670676
44671105
44670554
44672000
44670530
44670650
44672825
44672725
44671860
44670011
44672730
44672845
44670656
44670542
44672690
44671830
44672030
44670049
44671140
44672740
44672665
44670552
44671825
44673899
44671845
44670013
44670660
44670061
44672025
44670055
44670122
44670087
44670616
44670612
44670073
44670019
44670550
44670670
44670590
44671840
44671850
44671895
44670636
44670666
44670604
44670071
44670628
44670548
44670632
44670634
44670035
44670037
