46820365
46822185
46820165
46820415
46820280
46820300
46820310
46821460
46820460
46821430
46821470
46820500
46821410
46820225
46820405
46820410
46820305
46820475
46820470
46820485
46820390
46820250
46820270
46820255
46820210
46820355
46820190
46820495
46820425
46820285
46820260
46820440
46820420
46820275
46820265
46820345
46820220
46820335
46820170
46820375
46820295
46820340
46820480
46820195
46820160
46822400
46821360
46821050
46820380
46820205
46820175
46820215
46820200
46820180
46820185
46820240
46822899
46820315
46820395
46820360
46820400
46820330
46820490
46821445
46820350
46820230
46820370
46820325
46820320
46820290
46820245
46820385
