44882055
44881725
44881735
44881700
44880023
44882115
44880097
44880033
44880039
44880041
44880049
44880051
44881155
44882130
44881560
44880021
44881305
44882170
44882175
44882180
44882190
44882350
44882200
44882205
44882215
44882335
44882220
44880119
44881520
44881745
44881750
44881285
44880115
44880121
44880113
44881565
44882330
44882005
44880037
44880061
44881770
44880083
44881530
44881550
44880011
44882120
44882165
44880093
44881755
44880067
44881310
44882155
44880075
44880077
44880081
44881540
44880003
44881300
44881515
44880001
44881525
44881110
44880043
44880015
44880087
44882000
44881780
44880045
44880053
44881280
44880069
44882060
44881760
44881710
44880027
44880063
44881720
44880079
44880123
44882105
44881320
44880029
44880055
44882150
44881775
44881545
44880007
44881730
44882125
44882090
44881150
44880047
44882080
44880095
44882135
44881765
44882160
44882070
44880089
44882020
44882065
44880017
44881130
44880031
44881315
44882145
44880057
44881740
44882010
44881555
44880013
44881135
44882050
44880019
44880111
44882110
44881120
44882140
44881705
44880025
44881125
44882045
44882095
44882100
44881145
44880071
44880091
44880073
44880085
44880101
44882085
44880103
