44820272
44821850
44825020
44822710
44823115
44823468
44820055
44820035
44820278
44820062
44820132
44822605
44822565
44820298
44820300
44820106
44820294
44822550
44820068
44820082
44821280
44823774
44824700
44824496
44820434
44823478
44820053
44820003
44823098
44823766
44823515
44823474
44820049
44824444
44824450
44824590
44824486
44824482
44824424
44824395
44824464
44824745
44822650
44820396
44822580
44823046
44824380
44820332
44820370
44820360
44821010
44820110
44820057
44820060
44820330
44820438
44821005
44822800
44823450
44823105
44823665
44823802
44824000
44824446
44823000
44820268
44821805
44824880
44822525
44822700
44823120
44824310
44822670
44820104
44821840
44820015
44823452
44820388
44821165
44822780
44821310
44824005
44823445
44820264
44824860
44822520
44822685
44823125
44823456
44823464
44822660
44820086
44820088
44820090
44820092
44824635
44824426
44824400
44823250
44823550
44823555
44823585
44823260
44824484
44823060
44820118
44821835
44824730
44821305
44822640
44823235
44823040
44820420
44820019
44823096
44824335
44824434
44824320
44823175
44823180
44823645
44821810
44823640
44823488
44821290
44820338
44823058
44823255
44823084
44820376
44820436
44820045
44822595
44820380
44820274
44821800
44822515
44822675
44823130
44823240
44820448
44822705
44823270
44824330
44823794
44820270
44821795
44825050
44823135
44822620
44823762
44823605
44823800
44823782
44824440
44824325
44822545
44824665
44822570
44822460
44821180
44823786
44823032
44823064
44820372
44820358
44824350
44823764
44823540
44825185
44824210
44821830
44820051
44823472
44820410
44821285
44821030
44820266
44821790
44822535
44822655
44824760
44824420
44824410
44820098
44820406
44824460
44824454
44823590
44823090
44823092
44823042
44820070
44824660
44823650
44820318
44823275
44820262
44821785
44825035
44822530
44822600
44821015
44821295
44822560
44823776
44821230
44820037
44820432
44823205
44822585
44820386
44821780
44825030
44822510
44822695
44820382
44823486
44822505
44822690
44823440
44824750
44824436
44823068
44820007
44820009
44820011
44820031
44822500
44823615
44823460
44823482
44820102
44824432
44824360
44820033
44822555
44821225
44823210
44824390
44824355
44824476
44821275
44823772
44820023
44822665
44823100
44824675
44823462
44823466
44823036
44823200
44820072
44822575
44820136
44820122
44823630
44823595
44824365
44823796
44820442
44823780
44823022
44823028
44821035
44823044
44824305
44820414
44824690
44823458
44824705
44824494
44822495
44822485
44823054
44820348
44824438
44820422
44823510
44823500
44823480
44824650
44824422
44824375
44820080
44824570
44824506
44820047
44823778
44820078
44824452
44823790
44823560
44820096
44823220
44823565
44823570
44822490
44823165
44824315
44824468
44823215
44823225
44820084
44824442
44820260
44820094
44823070
44820350
44823155
44823160
44823770
44823545
44823470
44821270
44823150
44820112
44820013
44820017
44823145
44823230
44821815
44823535
44821315
44823600
44823484
44823788
44824488
44823030
44823798
44823660
44824275
44824448
44820064
44820066
44822680
44823625
44822480
44820378
44820134
44823082
44820354
44822795
44821175
44823245
44823792
44824640
44823655
44822475
44820408
44820043
44824755
44821150
44823062
44822400
44822785
44821155
44820398
44822645
44820005
44823520
44823525
44823580
44824290
44822420
44823140
44820402
44820384
44824280
44820390
44820356
44823575
44822610
44824645
44823784
44820108
44824462
44820074
44820076
44822590
44823026
44824710
44824490
44820394
44824300
44820025
44824725
44822615
44820100
44823610
44823620
44823048
44824285
44822450
44822540
44822465
44824498
44821770
44821460
44821220
44820021
44825899
44820440
44820039
44822445
44822790
44821170
44821845
44823024
44824735
44824466
44823476
44821820
44823066
44823530
44821825
44824492
44824502
44824504
44822440
44824405
44824428
44820001
44823020
44821000
44820458
44823265
44822625
44821300
44823088
44820446
44824695
44823056
44823768
44823050
44823076
44823078
44823080
44824740
44823074
44824385
44824520
44824510
44824500
44824430
44824370
44822425
44824270
44825160
44823110
44820296
44820392
44823038
44824295
44823454
44825115
44824345
44820430
44821020
44820416
44820444
44820041
44820114
44821025
44820334
44820346
44823034
44820029
44822775
44821160
44820027
44820310
44820342
44820312
44820314
44820316
44820352
44820308
44823635
44823072
44820280
44820328
44820320
44823760
44823750
