47900174
47902095
47900162
47901170
47901280
47903115
47902010
47901495
47902060
47902120
47900130
47900146
47900148
47900166
47902065
47900178
47903090
47903035
47903100
47901005
47900134
47903110
47902020
47900122
47901490
47903105
47902050
47900172
47903060
47900112
47903150
47900114
47900164
47900118
47901160
47903130
47902105
47902070
47903000
47902125
47903190
47900138
47900120
47903155
47902015
47903065
47902110
47903175
47900230
47903205
47900136
47903180
47902085
47903165
47902100
47900176
47900170
47903135
47900110
47900126
47900128
47902080
47902055
47903070
47903085
47903145
47900140
47900132
47903185
47903195
47903200
47903080
47900168
47903140
47900116
47900152
47903170
47900124
47900144
47900158
47900160
47901000
47903160
47900150
47902075
47901165
