45825006
45821341
45826782
45828692
45830216
45823543
45823575
45828582
45823651
45828490
45823061
45821212
45821128
45821604
45831104
45823882
45831086
45821870
45826850
45823020
45831026
45830444
45830510
45830140
45822650
45820078
45823460
45823336
45823590
45823605
45830124
45830574
45820610
45820803
45820590
45820541
45828370
45828264
45828552
45831134
45826011
45830818
45826858
45828114
45823073
45826186
45828234
45821028
45828054
45825002
45823121
45826204
45826780
45823150
45826366
45826322
45825151
45823025
45823129
45823206
45826212
45821602
45826330
45826286
45830770
45830836
45828546
45828549
45821144
45828286
45828090
45828093
45820837
45821715
45820789
45820056
45820652
45829016
45823874
45831146
45821495
45826194
45821453
45822323
45830112
45826206
45821222
45828006
45822002
45823680
45828476
45828510
45821455
45821427
45826043
45823600
45823609
45826296
45821813
45821822
45821413
45828414
45830694
45830726
45830526
45822150
45821100
45820739
45830840
45823591
45821192
45820092
45828690
45830060
45831040
45831300
45828540
45830610
45828057
45828378
45831156
45830602
45823480
45828123
45823620
45830866
45821202
45820800
45826061
45826075
45826079
45831072
45820048
45820630
45830810
45826416
45829012
45821240
45821156
45830040
45822060
45830410
45830778
45822610
45826184
45830136
45830864
45821250
45820105
45821014
45821186
45821066
45821072
45823530
45823406
45821034
45823320
45823421
45823331
45821180
45830874
45821044
45821110
45830092
45830100
45830184
45830550
45830312
45830340
45823589
45830690
45830188
45830566
45823065
45821828
45828300
45820632
45830554
45830850
45826045
45831066
45821291
45820126
45821172
45826077
45831142
45821718
45830854
45821309
45821307
45825008
45820857
45826784
45828732
45830220
45823545
45823573
45823649
45820620
45820018
45823872
45821465
45820070
45822030
45822000
45822001
45822275
45820799
45821721
45821616
45826071
45826370
45820045
45822277
45823053
45830860
45828021
45828015
45828201
45821497
45831084
45821461
45823690
45828165
45828204
45828210
45821447
45831060
45830120
45820112
45826862
45823125
45822267
45829114
45831014
45830766
45830428
45830438
45830518
45830750
45830682
45823160
45823139
45821042
45822269
45830338
45830308
45821763
45829036
45820779
45821825
45830852
45823580
45823400
45823601
45823602
45830754
45830514
45830408
45831152
45821706
45830244
45828060
45828558
45821403
45821724
45821816
45821620
45826220
45831008
45820624
45829106
45829110
45820833
45830000
45820014
45829000
45830096
45830172
45830236
45821457
45830280
45830666
45821305
45825010
45821343
45826788
45830212
45828748
45823547
45823571
45823647
45830658
45822656
45823015
45824042
45828246
45820430
45825245
45825249
45830260
45821411
45830828
45821727
45821618
45822265
45826494
45826350
45831076
45823360
45823510
45830390
45830350
45821046
45822634
45821405
45821345
45821297
45828189
45823340
45823226
45823366
45825036
45829024
45830434
45830248
45830352
45820042
45820038
45830330
45830300
45826208
45831036
45828292
45820529
45822612
45822622
45822654
45821415
45823730
45823623
45823720
45823597
45823625
45820350
45820351
45823722
45826013
45822283
45820090
45821022
45822289
45823878
45821210
45820505
45821419
45828438
45821140
45828258
45828252
45826816
45828422
45821819
45821226
45821168
45826091
45822648
45830272
45831154
45823135
45830758
45830436
45830392
45822616
45821858
45828519
45830132
45826866
45830862
45831116
45826039
45821032
45831082
45830426
45821469
45821435
45821339
45821441
45821882
45821769
45821600
45821200
45826428
45828249
45828171
45828213
45823141
45826786
45830882
45823876
45826216
45826190
45821703
45820660
45830800
45830702
45821399
45830116
45821855
45822271
45821433
45822290
45828450
45823610
45820628
45821170
45823143
45823155
45823165
45821730
45821861
45821865
45828522
45826173
45831100
45828147
45828302
45828156
45828138
45828270
45828267
45828141
45828144
45828150
45825263
45830404
45830348
45830304
45830336
45826073
45831074
45825012
45826790
45828722
45830208
45823549
45823569
45823645
45830128
45826210
45820787
45821733
45821622
45822644
45830808
45830824
45831136
45824001
45822329
45823035
45823221
45823431
45826001
45830650
45820095
45821846
45828105
45828153
45828108
45828585
45831004
45823060
45826176
45826188
45822291
45826870
45821058
45821054
45830814
45822273
45826025
45826053
45826055
45826057
45822630
45820797
45823710
45823599
45823627
45822280
45822285
45823740
45823621
45824021
45821303
45825014
45826792
45830204
45823553
45823643
45820549
45820557
45821280
45831032
45820793
45830586
45823426
45822313
45823380
45822626
45829148
45828162
45828168
45820290
45826280
45820795
45821407
45822624
45826874
45823080
45826180
45830430
45830762
45830414
45830268
45823170
45823137
45828543
45828567
45822325
45828063
45830416
45823870
45831122
45828018
45830398
45830344
45826214
45831002
45828402
45820791
45821182
45828240
45831112
45821299
45825022
45821335
45826794
45823557
45823641
45828099
45823030
45826170
45821831
45821876
45821738
45825255
45826200
45821387
45826031
45823500
45820065
45820785
45828430
45829044
45826033
45821380
45821004
45821626
45829116
45830884
45821867
45820340
45821164
45822210
45831080
45829040
45828570
45826878
45823090
45826182
45826083
45820700
45831064
45831016
45820741
45821487
45831110
45826396
45822287
45820110
45820120
45825020
45821333
45826796
45830200
45823563
45826882
45823639
45821196
45821449
45830016
45826476
45821742
45821608
45823050
45826174
45820600
45826474
45823436
45823583
45823391
45821038
45824031
45821429
45821807
45821624
45830892
45822602
45822004
45828129
45823858
45828132
45822040
45826047
45821485
45830832
45822642
45821393
45820060
45831102
45830638
45821030
45820055
45830400
45830346
45830020
45823607
45825016
45826798
45823567
45826854
45823637
45830424
45822620
45828228
45821331
45821700
45821736
45826017
45821849
45821628
45822130
45825026
45826800
45823565
45823280
45823057
45830782
45830662
45825243
45821003
45823630
45823587
45830538
45830734
45820573
45830028
45830646
45830578
45826051
45830858
45830674
45820783
45828390
45820670
45822180
45821132
45821879
45821630
45828048
45828066
45820034
45828276
45821080
45822010
45823290
45825251
45825253
45831050
45820026
45825221
45828298
45825257
45820644
45820648
45830080
45830108
45830168
45830406
45830844
45831022
45831010
45830878
45831030
45825032
45826802
45823561
45828072
45828075
45821417
45828272
45822628
45828573
45829166
45829020
45828386
45821739
45821632
45828579
45820781
45821385
45828394
45828282
45828346
45822360
45830594
45821329
45831124
45828304
45820330
45820331
45823490
45830894
45828051
45826035
45820645
45820490
45831128
45831024
45820560
45830890
45823390
45823341
45823670
45828564
45820171
45820170
45828042
45828039
45823750
45823619
45828290
45828342
45830802
45831114
45820501
45822604
45822317
45823220
45823211
45821148
45823440
45823356
45823381
45820102
45820511
45820537
45823231
45823633
45830562
45820565
45830826
45823210
45823145
45823216
45826218
45831038
45829008
45824011
45831140
45830072
45826804
45820161
45820160
45825030
45821327
45826806
45823555
45821467
45830396
45830252
45830342
45826081
45826886
45831106
45821401
45820050
45821018
45828434
45823260
45821425
45831092
45831001
45821843
45820020
45830678
45828306
45828310
45830898
45821834
45823450
45823361
45823386
45822250
45820085
45820108
45830264
45830888
45820100
45830804
45830156
45830256
45830224
45830546
45828426
45826059
45828126
45828366
45820030
45821837
45821745
45821634
45830036
45821804
45828159
45828174
45830088
45826222
45823396
45822230
45822231
45820733
45826093
45831006
45831052
45826003
45826005
45821000
45820310
45828000
45828096
45822632
45820131
45820130
45822608
45830856
45825028
45826808
45823559
45829086
45823370
45830710
45820533
45828406
45831096
45830296
45821389
45829028
45830044
45830670
45821748
45830534
45830738
45830024
45828030
45820753
45830064
45828288
45831090
45828398
45821423
45831098
45823077
45820098
45821206
45830812
45821160
45821002
45829048
45829060
45823854
45828516
45828231
45828180
45828243
45830886
45820088
45830846
45821751
45821840
45828078
45822311
45830868
45820737
45820151
45820150
45831070
45823410
45820690
45831012
45831056
45820507
45822315
45822636
45831020
45829152
45830148
45830048
45828117
45830896
45821801
45822640
45820025
45821012
45820460
45823270
45820470
45820052
45821026
45831118
45823300
45826224
45821323
45830176
45830880
45822008
45821108
45821104
45821084
45828284
45821056
45822080
45822081
45821096
45822261
45821293
45821070
45820521
45820513
45821092
45822293
45821443
45830228
45830730
45830542
45830196
45830718
45830558
45830614
45825024
45826810
45823551
45823862
45828314
45828296
45828374
45822550
45822340
45823131
45822297
45822299
45822301
45822303
45823069
45830276
45828087
45830876
45822606
45821190
45828219
45823133
45820664
45828237
45830722
45823240
45826812
45830180
45830570
45830654
45821260
45821016
45821337
45823595
45830315
45822331
45828534
45821325
45828525
45822220
45823650
45829112
45821754
45829113
45821610
45822646
45830160
45829104
45829118
45825241
45823127
45823180
45821064
45820072
45822319
45822295
45826814
45830582
45820773
45821810
45821112
45821116
45821431
45821459
45830806
45821612
45828120
45823884
45830422
45828036
45823880
45826021
45821421
45820680
45823430
45823351
45823376
45823866
45830686
45826027
45821491
45830084
45828410
45823230
45828198
45826029
45828255
45828192
45828207
45821409
45828446
45820440
45820743
45820625
45820839
45821489
45826368
45823520
45823585
45830820
45823416
45823577
45823401
45822658
45828027
45820116
45826300
45826240
45828278
45828350
45820140
45820035
45830830
45828216
45828177
45828222
45820081
45820080
45821024
45821301
45821040
45823640
45823611
45821445
45830816
45828009
45828012
45830192
45826049
45826063
45826069
45826065
45826067
45831148
45830706
45820775
45821852
45826019
45821391
45830634
45831094
45820777
45820656
45822652
45826480
45820509
45823110
45826196
45830598
45830642
45820831
45821270
45831078
45821451
45820002
45820006
45822050
45822051
45822279
45830432
45825261
45830104
45822327
45820805
45820755
45826310
45828069
45828081
45830056
45829062
45829122
45823350
45821321
45826824
45830232
45821475
45826818
45821124
45822170
45821130
45826226
45826304
45828261
45828111
45823593
45830822
45830394
45830354
45830320
45829134
45826007
45830714
45822305
45821493
45831150
45820640
45822309
45823864
45831120
45820636
45831068
45820068
45821150
45823005
45823081
45830052
45828135
45826374
45825004
45821020
45821395
45821757
45821614
45821766
45821319
45822321
45828531
45831058
45831899
45820280
45820281
45826820
45826890
45826472
45830838
45828528
45820650
45820022
45831062
45825259
45823860
45830418
45830786
45822390
45820010
45820011
45820082
45828045
45823868
45831088
45830790
45831138
45831108
45823631
45830012
45823856
45828418
45821120
45820668
45820731
45821315
45821136
45831028
45828576
45826087
45831054
45821152
45828382
45828513
45828460
45829004
45830872
45826894
45823040
45823045
45823049
45821048
45821383
45830284
45820122
45820062
45830412
45826822
45831144
45826085
45828274
45830402
45826015
45826023
45821036
45831130
45830004
45830292
45822638
45828024
45828294
45821230
45829132
45830698
45828183
45828195
45830848
45830152
45823886
45830032
45822614
45820480
45823660
45828084
45828537
45823070
45826178
45826037
45823010
45826172
45821463
45821088
45823100
45826192
45821317
45826041
45826452
45820771
45821760
45830144
45828003
45828102
45828186
45831126
45828555
45828561
45826828
45820735
45830332
45821709
45821712
45828464
45822240
45822006
45830420
45830622
45830626
45830618
45828280
45828362
45828358
45828354
45830774
45830834
45830164
45826009
45829032
45821471
45830440
45830522
45830746
45826089
45828225
45831018
45821873
45826426
45823470
45821397
45828442
45822618
45821762
45821606
45821062
45821076
45821082
45823541
45823411
45823725
45823250
45830842
45821176
45831132
45825265
45830630
45830068
45826826
45822070
45822071
45822263
45830240
45830442
45830530
45830742
45823420
45823346
45823371
45821313
45831034
45830870
45830076
45821311
45830288
45820136
45820503
45820525
45828694
45823850
45820767
45828318
45829084
45829156
45826332
45826320
45828462
45828474
45821010
45821216
45828718
45829068
45829140
45826352
45828484
45828704
45829136
45829070
45826354
45828486
45828716
45823653
45829130
45829072
45826356
45828488
45828714
45823635
45829124
45829088
45826358
45828492
45821006
45829120
45828724
45829128
45829090
45826360
45828494
45828726
45829126
45829092
45826362
45828496
45828728
45829094
45829150
45826364
45828498
45828696
45829142
45829096
45828500
45826496
45828750
45829138
45829098
45828502
45826498
45828734
45829100
45826484
45828698
45820751
45823852
45820765
45828326
45829082
45829158
45826334
45826318
45828466
45828504
45820300
45828752
45829102
45826492
45828736
45826490
45828738
45826488
45821008
45828740
45826486
45820075
45828742
45826384
45828744
45826372
45822307
45828746
45826376
45828730
45826378
45826380
45826382
45823123
45828700
45820763
45823888
45828330
45829080
45829160
45826336
45826316
45828468
45826386
45826388
45826390
45826392
45826394
45826478
45826482
45826398
45826400
45826402
45828702
45820761
45828322
45829078
45829162
45826338
45826314
45828470
45826404
45826406
45826430
45826432
45826434
45826438
45826470
45826468
45826466
45828706
45820759
45828334
45829076
45829164
45826340
45826312
45828472
45820040
45826464
45826436
45826462
45826440
45826460
45826442
45826444
45826446
45826448
45826456
45828708
45820757
45828338
45829074
45826342
45826308
45829168
45829170
45826458
45826450
45826454
45826408
45826410
45826412
45826414
45826418
45826420
45826422
45828710
45829154
45826344
45826306
45828478
45820320
45826424
45826302
45826228
45828712
45829064
45829146
45826346
45828480
45828720
45829066
45829144
45826348
45828482
