45603570
45604385
45604755
45604876
45605450
45600778
45606818
45605312
45605464
45607496
45611110
45602050
45600337
45601468
45602694
45602696
45602702
45602704
45602754
45602758
45602762
45601572
45603129
45602086
45604498
45604501
45602384
45603484
45603512
45603528
45602374
45602376
45603552
45603568
45604388
45604398
45604821
45604023
45605620
45608816
45607402
45606618
45605322
45607508
45607376
45608066
45607378
45611030
45608506
45611100
45608628
45608618
45611194
45608752
45608314
45608522
45608556
45608534
45611512
45611544
45611806
45611728
45611726
45611792
45603402
45603404
45607007
45613320
45613417
45613402
45613393
45613388
45603016
45603340
45603332
45608204
45613387
45611650
45613389
45602200
45602185
45613308
45603345
45600160
45600060
45600061
45604124
45613392
45613420
45612114
45603585
45603590
45603625
45603588
45612108
45612152
45613386
45603064
45605515
45611774
45602078
45605405
45611592
45605370
45608252
45604055
45605604
45602138
45600310
45600110
45602012
45602014
45607523
45600517
45600488
45604232
45601324
45603338
45603400
45603290
45603572
45603384
45608440
45604682
45608045
45608102
45606590
45606592
45603058
45600750
45604120
45605530
45605492
45600051
45600050
45600010
45600011
45600032
45600033
45600065
45600066
45600102
45600103
45603710
45601015
45605397
45602195
45602260
45602197
45604673
45600500
45606305
45604635
45606315
45610046
45605200
45605210
45606745
45606776
45600450
45611588
45608290
45601122
45608180
45607148
45608055
45603645
45603750
45606012
45606325
45606612
45606622
45607040
45607120
45602410
45600035
45601456
45602497
45603752
45613558
45607518
45607132
45613058
45608610
45606630
45606598
45602344
45604006
45604588
45608236
45606665
45603023
45603028
45606420
45606625
45606550
45606735
45610050
45608198
45608244
45611632
45611640
45603090
45603235
45603248
45602006
45600218
45600165
45600722
45611874
45602340
45606675
45600312
45605340
45612068
45605470
45605412
45603542
45608504
45608502
45604400
45605455
45606816
45605326
45608405
45604496
45606718
45611112
45603202
45611804
45604027
45600812
45600808
45600339
45601462
45601448
45600774
45602766
45601574
45603134
45602100
45602102
45602378
45602382
45603536
45602161
45602165
45604817
45604874
45605466
45605630
45607404
45606628
45605314
45607506
45608064
45607373
45611032
45608576
45608636
45608622
45608754
45608302
45608306
45608310
45608312
45608526
45611552
45611808
45611730
45603082
45603406
45603408
45607008
45613321
45613416
45613435
45603830
45604225
45600335
45602647
45605512
45611770
45604126
45601282
45600057
45613248
45613244
45608614
45606330
45602688
45606048
45600290
45600283
45600132
45603032
45603108
45603088
45602140
45605600
45611002
45613288
45611018
45600410
45605298
45605300
45606040
45606055
45606432
45606770
45608035
45605614
45611006
45601326
45602520
45613280
45603685
45601426
45601428
45601328
45601330
45613562
45613276
45606768
45613852
45608092
45608104
45602330
45608256
45605117
45611886
45611882
45603765
45604280
45604300
45600520
45603110
45603095
45603070
45602265
45604122
45600175
45606415
45602604
45602602
45606518
45600565
45608194
45606320
45608258
45606601
45606594
45608650
45608648
45603583
45603720
45603620
45604480
45604482
45606250
45602530
45604272
45604268
45606020
45602490
45600583
45602472
45602477
45604278
45604282
45613828
45606778
45606205
45606515
45606530
45602616
45606532
45608100
45608086
45613844
45603795
45604375
45606430
45606435
45600505
45611008
45604040
45604552
45604292
45608822
45606442
45606438
45606451
45606732
45606738
45608346
45607102
45608578
45601125
45604255
45601020
45601030
45601038
45611584
45602672
45608750
45610002
45601320
45601402
45613000
45613550
45604811
45604395
45604494
45606814
45607498
45608415
45601410
45611114
45602250
45606703
45600806
45600349
45600772
45602774
45602114
45602252
45602243
45603127
45602088
45602387
45603538
45602159
45604823
45604884
45604029
45605468
45607406
45605324
45607510
45611034
45608766
45608644
45608292
45608308
45608528
45608318
45611556
45607009
45613322
45613415
45613434
45608226
45603115
45603035
45602500
45613460
45613464
45606300
45600540
45605194
45613478
45604686
45606606
45603097
45608135
45608140
45611866
45608278
45604170
45608450
45602060
45607362
45602640
45603188
45608288
45604671
45604728
45604722
45604718
45605260
45610020
45611870
45611878
45608612
45604118
45606295
45606298
45611860
45611850
45600710
45606610
45606660
45606670
45608604
45608606
45607095
45606390
45606565
45613584
45603360
45603280
45605338
45605342
45603320
45604182
45604188
45604315
45606180
45607332
45607352
45602025
45602055
45603270
45605284
45602180
45605240
45605270
45605225
45606225
45600211
45600210
45605502
45608208
45603042
45606713
45600510
45606720
45606728
45606752
45612048
45604630
45604694
45601476
45600270
45604661
45604688
45608824
45611714
45603237
45603238
45600002
45600077
45600004
45600083
45600006
45600087
45600008
45600093
45601085
45604568
45600580
45601080
45608420
45602405
45604358
45604353
45604362
45610026
45611520
45602390
45613588
45607086
45604305
45605145
45604210
45604611
45605518
45603660
45603690
45612042
45608050
45608058
45600063
45606725
45607030
45611516
45612120
45601145
45603305
45603285
45604802
45604585
45604620
45603695
45604245
45604492
45604390
45604882
45605316
45608410
45611118
45602240
45600804
45600347
45601458
45601474
45601472
45600766
45602770
45603123
45602098
45602090
45602399
45602157
45604831
45604031
45605478
45605628
45607408
45605294
45611036
45608482
45608574
45608640
45608532
45608768
45608316
45611560
45603410
45607010
45613323
45613414
45613433
45600275
45608242
45604402
45601416
45601404
45601412
45604408
45608182
45608652
45600714
45611090
45600470
45608426
45604670
45611746
45604675
45603378
45608858
45611740
45604750
45608860
45611742
45604696
45608862
45611744
45612104
45605120
45606810
45606680
45613296
45601446
45600264
45603532
45604654
45608836
45608834
45608260
45611708
45603335
45603740
45605215
45606275
45605238
45605242
45603184
45603192
45604710
45608432
45611724
45604430
45604880
45608572
45611122
45600802
45600814
45600351
45600764
45602776
45603190
45604488
45603119
45602282
45602096
45602163
45604392
45604837
45604034
45604617
45605632
45607412
45605318
45607502
45611038
45608772
45608467
45608538
45608320
45611842
45611564
45603412
45607011
45613324
45613413
45613432
45608818
45608015
45606600
45606635
45606636
45606685
45600140
45608240
45604158
45604072
45603198
45600555
45600440
45601090
45606690
45606620
45605335
45608084
45606190
45608080
45611612
45607290
45612116
45608186
45605130
45611846
45604242
45604248
45604322
45606215
45610006
45602610
45602608
45604347
45605508
45600180
45612050
45605296
45613074
45602465
45602445
45605390
45601408
45601466
45605102
45605108
45605248
45605252
45604415
45600762
45608582
45611126
45602167
45611796
45602420
45600792
45600794
45600798
45600790
45600353
45604486
45602116
45603117
45602278
45602092
45602094
45604839
45604878
45604036
45605378
45607414
45605320
45611040
45611094
45608774
45608632
45608322
45611800
45603414
45607012
45613325
45613412
45613426
45606395
45606808
45606545
45602515
45606730
45613566
45606522
45606709
45606742
45611832
45604086
45604088
45612032
45603180
45603206
45606015
45605332
45605351
45607500
45600030
45600430
45608115
45608048
45600107
45601554
45611500
45608030
45608238
45601140
45608188
45602235
45600185
45600490
45601576
45612074
45606760
45602505
45602503
45602507
45606782
45607050
45607090
45607138
45607136
45611532
45603265
45611858
45611862
45605115
45604077
45605330
45606200
45608122
45604012
45604010
45604057
45604082
45603310
45603260
45603315
45605608
45600305
45604583
45600100
45601414
45608112
45608264
45608542
45608548
45604484
45604420
45608469
45611130
45602070
45600796
45600355
45600760
45600187
45602112
45602257
45602394
45604842
45604038
45605624
45607434
45607512
45611042
45608776
45608544
45608536
45608324
45611802
45611798
45603416
45607013
45613327
45613411
45613431
45604598
45611608
45608270
45605196
45600295
45600285
45600287
45601050
45601055
45613476
45601148
45601160
45601162
45608024
45606010
45603705
45605232
45606475
45605610
45600460
45600461
45603708
45605612
45600114
45608004
45608006
45608190
45603610
45605385
45612072
45600690
45604172
45604178
45605198
45601070
45600390
45600530
45606018
45613570
45613574
45608282
45611572
45611600
45605490
45602614
45602370
45602642
45604215
45610034
45613066
45608778
45604547
45604405
45607514
45600357
45600183
45602118
45602120
45602267
45603146
45602397
45604844
45604870
45605626
45607432
45611044
45611096
45608552
45608592
45608770
45608326
45603418
45607014
45613326
45613429
45613430
45608234
45600562
45608026
45603112
45603099
45603182
45603186
45603101
45605220
45605279
45605308
45605302
45605304
45605306
45605310
45601062
45612054
45603325
45602545
45606150
45606248
45612064
45602016
45603775
45604425
45611134
45600818
45600810
45600341
45600193
45600197
45603142
45602402
45604543
45604846
45605372
45611046
45608756
45608328
45611836
45607430
45603420
45607015
45613328
45613428
45613421
45611000
45604590
45613030
45600425
45603255
45603370
45600045
45604222
45604338
45600144
45600201
45600200
45600150
45600151
45603382
45603240
45603376
45603253
45613078
45605125
45612044
45607291
45607288
45607123
45607127
45607000
45607003
45603715
45603717
45608460
45608465
45608586
45608566
45600323
45600680
45608206
45613204
45610010
45602010
45602342
45602380
45605135
45601025
45601035
45610014
45600720
45613329
45611138
45600345
45601452
45603132
45602262
45602280
45603152
45602082
45602084
45602392
45604440
45604848
45604872
45607454
45611048
45608584
45608758
45608477
45608554
45608330
45611818
45611790
45611786
45611794
45603422
45607016
45613330
45613423
45613391
45612034
45612106
45603730
45605380
45601164
45612036
45603790
45603825
45605495
45612046
45608230
45608218
45602550
45602367
45606455
45606525
45604075
45603820
45604555
45606050
45600570
45607075
45613512
45613240
45606425
45604002
45604020
45604054
45600573
45603822
45606772
45606774
45606185
45602020
45602270
45613208
45611142
45611144
45611148
45611154
45611156
45611158
45602075
45600465
45605277
45607516
45600070
45606520
45606542
45603650
45605250
45600405
45600590
45602205
45602245
45602247
45607345
45606482
45606701
45606538
45605292
45600280
45604062
45604132
45606005
45606812
45606820
45607062
45607042
45611012
45613516
45606328
45606802
45606780
45607068
45601130
45604025
45604050
45604047
45604064
45603640
45603700
45606480
45606555
45606806
45607504
45600455
45606715
45600445
45607322
45607348
45602470
45602225
45613472
45603638
45603642
45604008
45606243
45606804
45606508
45606512
45613490
45606722
45600325
45603204
45606032
45605482
45603372
45603474
45603374
45600080
45600052
45605235
45607060
45607153
45607098
45602132
45602192
45602178
45607092
45607078
45606235
45606292
45602022
45602018
45602028
45602033
45605230
45602170
45602171
45602346
45603805
45602348
45606596
45607308
45608028
45608400
45602555
45602512
45605355
45600240
45600097
45600098
45600297
45600298
45601051
45601052
45600242
45600244
45600246
45600248
45603200
45606400
45603770
45603725
45607395
45607302
45608196
45608150
45600168
45600162
45600173
45603785
45603312
45605288
45602175
45604151
45604153
45613268
45604804
45613316
45613800
45603231
45603232
45604090
45604091
45604141
45604142
45604100
45604101
45613272
45613300
45600047
45602065
45600343
45603154
45604537
45604539
45604541
45604442
45611050
45611102
45611104
45611106
45608760
45608336
45611810
45613331
45613407
45613419
45600361
45601454
45602122
45602124
45603156
45603047
45604531
45604813
45604446
45607450
45611052
45611108
45608462
45611170
45611172
45611184
45608568
45608338
45603424
45607017
45613332
45613406
45613418
45604228
45604290
45604298
45600090
45603575
45603578
45608220
45600116
45603103
45608272
45610040
45604238
45604342
45607105
45607112
45607108
45603295
45600136
45602606
45605281
45602540
45606140
45606210
45606505
45602334
45602338
45600800
45602618
45604205
45604351
45610030
45611528
45611536
45611540
45612078
45608286
45608228
45601060
45604160
45606280
45606282
45603760
45602038
45613260
45613264
45604202
45604208
45604595
45604645
45606822
45606022
45604093
45605258
45602620
45605618
45604565
45604575
45606220
45606440
45600495
45607084
45607026
45603388
45603386
45602518
45605622
45606707
45611150
45600363
45602128
45603158
45604533
45604827
45604448
45607446
45607536
45611054
45608764
45611174
45608332
45603426
45607018
45613404
45608222
45602000
45602144
45602255
45600515
45601095
45605205
45600146
45600148
45600023
45604412
45611004
45601150
45601154
45601156
45601158
45608094
45607305
45608511
45610004
45608508
45608401
45608402
45607338
45607341
45607300
45607313
45607141
45607144
45607298
45607296
45608408
45603004
45600073
45603006
45603018
45612138
45612142
45612154
45612150
45612146
45612136
45612140
45612148
45612166
45612144
45612164
45605480
45605485
45600700
45606245
45606603
45605606
45605602
45611576
45612070
45606645
45605634
45603635
45603780
45604155
45604192
45604288
45606060
45606548
45606232
45606230
45608124
45601284
45608126
45608128
45613062
45606449
45600120
45600480
45600820
45600822
45600712
45605286
45602190
45603337
45600705
45606465
45606510
45602230
45602272
45601322
45605388
45605392
45604150
45604250
45605520
45605522
45604678
45602365
45608108
45608110
45601310
45600155
45604345
45605132
45600075
45604365
45604438
45604175
45603062
45603054
45604114
45604130
45606478
45607328
45607343
45602510
45613228
45601152
45604116
45600550
45603078
45604623
45604615
45604592
45604647
45604557
45604562
45607294
45600085
45610038
45603662
45603782
45603732
45603788
45603162
45604529
45604833
45604452
45607440
45607533
45608762
45608588
45608473
45608334
45601582
45603428
45607019
45613403
45613424
45600124
45600153
45613832
45613856
45606640
45608224
45603066
45608602
45601100
45601135
45602135
45602130
45604295
45604382
45603275
45608106
45604095
45608276
45602004
45606650
45604380
45604410
45606535
45603652
45602528
45603818
45604580
45602475
45605245
45608424
45603398
45604668
45611720
45605435
45602126
45604523
45604450
45604454
45607456
45611058
45608594
45608340
45603430
45607020
45613422
45613425
45612128
45612126
45612130
45612124
45604285
45604527
45604700
45604666
45608254
45611718
45603745
45611152
45604180
45606500
45600015
45608212
45604015
45607072
45607082
45607130
45604690
45608428
45611722
45603396
45604310
45602460
45602455
45604302
45613554
45611604
45612080
45602035
45600040
45602682
45602686
45600020
45606655
45600191
45600190
45608445
45603073
45608596
45600203
45603164
45604521
45607438
45608342
45603432
45607021
45613394
45613427
45613070
45604332
45604168
45604368
45604372
45604349
45607480
45607482
45607484
45605475
45611624
45605525
45608184
45608060
45613256
45613252
45604235
45604265
45605472
45608274
45603675
45613520
45602590
45602480
45602525
45602522
45602483
45602493
45602595
45608078
45607371
45607070
45607088
45602002
45612038
45600171
45600170
45604355
45607365
45607325
45603580
45603810
45606445
45607336
45607358
45607385
45602644
45613488
45611506
45606418
45606412
45604070
45601108
45600776
45603194
45603196
45603835
45603838
45604610
45604625
45603630
45600816
45606062
45604018
45604570
45606064
45606265
45606485
45606540
45607150
45611010
45613232
45604017
45604098
45604103
45602652
45606528
45613216
45613212
45613220
45606502
45607521
45600055
45606422
45606428
45606237
45606239
45606322
45606453
45601110
45613236
45603040
45605510
45600420
45611778
45606175
45608268
45605505
45604195
45603573
45602008
45611524
45603735
45603815
45608284
45602155
45605110
45607035
45605208
45605202
45605212
45613858
45607118
45607115
45606748
45602030
45602031
45603330
45604640
45603300
45613492
45613504
45601065
45601068
45600359
45604436
45613578
45611854
45602495
45602485
45600207
45603136
45604519
45607436
45611062
45608344
45603434
45613385
45603380
45604702
45608854
45611736
45603392
45600268
45602372
45604658
45604764
45608850
45608812
45608852
45608546
45611712
45603010
45603012
45600308
45600320
45600321
45604128
45608856
45611738
45606800
45608496
45608216
45604517
45607424
45603436
45613397
45613401
45605616
45606611
45608475
45603106
45603166
45603060
45603755
45604107
45603008
45604109
45608090
45608072
45605375
45612134
45612162
45600585
45600587
45603350
45603800
45604198
45604162
45605350
45605368
45605360
45612160
45604335
45605395
45612132
45605365
45605430
45612158
45605420
45612156
45604060
45603670
45603680
45606460
45606470
45606824
45600475
45606755
45608070
45602040
45608040
45613304
45613468
45604080
45604252
45613528
45613804
45613816
45613820
45608062
45607038
45608435
45601105
45607125
45607048
45606000
45606472
45600108
45608192
45606045
45606028
45604800
45604806
45612066
45611580
45600544
45600702
45600547
45613050
45613054
45612110
45600195
45600215
45600221
45600222
45600317
45600220
45605222
45605218
45605228
45614899
45605445
45604513
45607422
45611064
45613381
45613400
45612122
45603355
45603242
45608248
45601075
45604067
45604258
45603045
45606290
45603250
45602275
45612052
45613284
45604000
45604051
45604068
45604003
45604105
45604138
45604043
45604112
45606260
45600435
45608118
45607367
45613486
45613482
45600437
45604134
45604083
45604136
45604692
45604662
45608826
45611716
45603565
45603845
45604890
45604762
45604378
45600560
45605460
45611772
45608266
45604318
45604312
45608422
45600260
45603390
45604664
45604684
45611702
45603665
45601120
45610024
45613480
45605265
45608471
45607005
45606608
45600021
45600367
45600315
45605140
45607420
45601602
45613380
45613399
45608814
45600130
45600128
45607369
45601302
45601308
45601304
45601306
45606740
45606750
45606758
45606762
45604560
45605272
45605268
45606252
45608280
45604262
45605345
45605462
45606052
45602612
45602335
45602698
45600535
45608455
45604200
45612102
45603075
45603394
45600266
45603534
45604656
45608832
45608830
45611710
45604697
45608438
45611732
45600095
45603245
45604715
45601436
45601434
45604725
45604745
45602350
45602352
45602354
45602356
45603068
45612082
45612118
45612112
45604613
45604511
45607418
45611068
45613398
45613396
45600525
45604652
45601444
45600262
45603526
45608838
45608802
45608262
45611706
45603092
45603084
45611636
45604602
45604509
45607416
45611070
45613436
45613395
45606270
45605382
45603230
45602220
45602222
45611620
45611628
45604605
45604607
45604045
45603125
45603025
45600105
45605290
45608138
45606025
45606490
45606560
45606058
45606241
45606408
45606034
45606447
45608418
45604032
45605262
45604720
45601432
45611750
45604735
45607058
45607052
45607065
45613500
45607028
45604730
45611754
45604705
45601438
45604775
45604695
45611758
45604760
45604680
45604770
45611756
45604740
45611752
45613524
45611596
45606615
45602210
45604308
45607045
45600292
45612076
45604503
45611072
45613410
45613384
45603595
45602415
45608654
45602488
45604507
45604627
45611074
45608626
45613409
45613383
45611076
45613408
45613382
45611078
45613405
45613390
45608430
45608608
45608616
45603050
45600675
45600730
45600277
45600478
45600577
45611653
45606662
45606682
45606698
45611652
45606658
45606678
45606696
45601115
45611822
45611651
45606652
45606672
45606694
45611826
45611658
45606648
45606668
45606692
45611830
45611657
45606642
45606688
45611838
45611656
45606632
45611814
45611655
45606638
45611654
