46438017
46438524
46438015
46438536
46438011
46438482
46438286
46438480
46438822
46438005
46438212
46438834
46438001
46438206
46438478
46438238
46438522
46438496
46438404
46438502
46438278
46438262
46438244
46438057
46438802
46438520
46438025
46438514
46438284
46438504
46438474
46438200
46438027
46438204
46438462
46438408
46438234
46438019
46438250
46438264
46438214
46438828
46438714
46438832
46438510
46438506
46438047
46438816
46438248
46438039
46438470
46438472
46438226
46438710
46438210
46438232
46438516
46438716
46438051
46438528
46438826
46438500
46438280
46438812
46438063
46438512
46438484
46438518
46438224
46438402
46438274
46438220
46438023
46438246
46438706
46438029
46438282
46438494
46438276
46438041
46438820
46438007
46438530
46438806
46438242
46438266
46438218
46438708
46438464
46438059
46438037
46438270
46438236
46438061
46438208
46438268
46438702
46438406
46438830
46438230
46438804
46438228
46438808
46438049
46438045
46438033
46438810
46438202
46438532
46438272
46438053
46438534
46438526
46438216
46438400
46438508
46438498
46438222
46438043
46438490
46438486
46438818
46438035
46438899
46438055
46438260
46438252
46438031
46438704
46438824
46438003
46438021
46438476
46438013
46438492
46438460
46438288
46438468
46438712
46438538
46438800
46438700
46438814
46438240
46438009
46438466
