42717150
42738280
42738290
42738275
42721830
42740180
42703010
42703020
42740270
42709215
42738295
42717820
42717485
42717080
42717420
42738315
42738325
42738305
42721840
42710510
42710520
42739025
42714030
42738340
42732770
42739145
42711420
42702230
42703380
42703390
42740315
42738810
42713630
42702850
42702860
42702870
42721875
42713390
42703150
42700220
42713600
42702070
42701250
42702410
42702010
42738575
42721280
42700260
42719770
42721885
42738540
42740365
42713650
42740080
42702090
42705230
42730590
42704050
42704060
42704070
42704040
42702160
42740085
42713350
42738555
42711550
42711560
42711570
42705370
42722110
42722120
42722130
42724030
42738365
42740155
42713690
42713700
42703670
42702080
42706030
42703750
42706020
42704550
42711780
42723035
42725420
42703530
42719750
42724000
42720000
42700630
42711790
42717000
42741270
42723000
42724010
42732750
42722890
42724005
42722895
42740285
42713520
42730530
42705260
42702020
42740205
42740260
42712830
42709500
42700340
42740525
42738535
42738465
42702830
42732820
42740500
42706660
42740160
42711660
42738440
42738445
42738450
42721255
42713640
42740170
42738605
42706040
42711530
42724050
42724060
42724070
42712750
42712760
42712770
42702890
42713230
42709230
42702640
42740320
42710400
42710560
42739020
42717870
42717875
42710620
42717115
42701660
42710410
42701690
42722050
42721130
42713410
42721220
42710880
42719780
42717580
42717575
42717570
42739195
42739200
42740210
42703600
42711440
42702520
42722880
42709800
42703420
42739030
42713426
42713378
42713370
42713375
42740300
42701330
42734370
42709880
42706620
42702110
42738895
42709260
42739625
42722860
42738660
42739255
42703030
42739125
42701810
42703040
42721240
42738815
42728890
42710500
42700610
42713730
42738565
42701820
42709850
42709870
42702600
42740410
42700330
42740075
42717445
42706390
42705470
42700620
42722160
42706550
42701310
42709740
42728740
42705300
42706230
42713570
42705590
42705600
42702880
42703000
42739630
42721890
42740520
42740215
42738760
42702470
42738415
42738890
42706480
42706490
42706500
42706505
42713470
42739045
42722870
42713840
42740485
42714150
42714160
42714170
42711400
42711410
42722220
42739610
42721210
42718000
42740115
42739240
42740295
42738285
42738300
42721820
42700580
42721265
42719760
42710110
42700540
42705630
42709860
42722030
42706270
42739100
42739090
42739070
42722070
42722080
42722090
42739075
42711430
42734325
42713320
42724020
42711800
42740225
42740290
42740555
42740560
42709830
42709820
42709790
42733010
42702820
42711540
42739670
42705420
42739085
42739095
42705720
42705730
42705740
42739105
42728730
42739110
42700590
42709220
42740510
42709780
42734410
42726860
42733470
42730440
42728650
42728670
42728680
42721180
42717520
42710600
42709770
42718010
42725480
42711835
42739170
42722060
42738270
42738610
42740505
42706090
42738615
42710120
42738560
42701850
42717880
42717885
42706300
42738855
42732850
42740530
42703680
42733590
42733600
42740125
42738835
42704590
42704600
42704570
42704580
42711580
42711590
42738795
42738265
42702480
42738770
42713400
42702580
42702590
42702030
42702205
42703180
42706460
42702130
42721140
42721150
42700230
42738230
42740230
42734400
42740220
42712860
42713490
42702200
42714060
42738525
42701390
42738570
42738665
42738695
42738860
42717005
42734280
42728640
42728690
42734420
42716330
42713770
42713850
42718030
42739600
42739655
42722210
42740240
42721880
42739005
42713220
42713219
42713214
42713218
42713216
42721258
42702790
42702040
42730450
42734360
42703710
42740150
42739245
42741220
42709210
42725580
42722150
42700670
42740235
42716290
42700860
42706430
42714180
42738675
42738850
42741110
42703410
42716380
42738260
42709450
42738590
42722000
42722010
42738235
42703200
42710420
42738885
42714020
42714040
42702210
42709460
42714090
42714100
42719810
42719820
42738425
42738430
42738435
42739180
42711710
42740165
42703060
42703070
42740375
42740140
42710850
42703130
42732760
42726780
42732755
42709490
42738250
42706670
42712780
42738375
42739650
42706200
42738750
42738400
42738405
42738700
42703550
42706120
42701700
42738410
42718020
42740330
42738805
42716280
42730460
42730470
42730480
42730490
42730500
42730510
42730520
42713310
42717835
42726830
42735100
42710570
42738690
42738680
42739235
42718015
42700270
42738740
42738745
42738635
42703510
42709410
42739615
42738495
42738500
42739150
42710140
42739690
42739680
42713580
42713590
42739665
42703090
42739575
42703540
42739115
42711630
42728880
42713800
42725500
42738225
42740550
42718025
42718035
42718040
42703720
42717815
42704090
42704100
42704110
42704120
42704130
42704140
42739040
42738510
42711730
42740475
42738710
42740480
42740345
42739210
42738595
42703170
42734205
42702670
42713750
42713760
42738330
42738335
42700640
42713890
42709290
42709300
42709310
42709320
42709330
42709340
42709350
42709360
42709370
42709380
42710530
42710540
42710550
42739685
42709440
42732790
42703210
42700600
42739675
42740105
42740250
42725450
42706260
42713340
42714130
42701800
42734380
42728790
42734200
42734230
42706720
42710630
42700320
42711510
42711600
42711610
42700210
42703160
42738200
42725620
42728600
42711830
42738530
42710150
42738720
42704690
42739165
42719890
42740420
42740425
42700530
42710490
42739695
42738735
42740200
42704720
42716320
42739605
42714140
42713820
42706070
42739155
42704640
42718045
42728860
42718050
42738640
42703650
42704670
42703760
42705660
42740495
42706190
42732830
42706700
42700880
42700810
42738515
42718070
42705560
42703690
42738875
42738390
42712790
42739250
42700820
42705640
42740310
42701360
42701370
42701350
42701270
42701280
42701290
42713430
42701710
42701740
42740095
42725490
42739080
42721100
42701300
42738830
42700830
42719880
42738650
42725510
42725600
42740535
42721110
42738630
42718065
42733580
42722180
42721870
42702450
42702190
42738520
42711720
42719790
42701780
42738475
42710160
42701830
42718075
42733540
42740255
42741120
42722170
42712840
42740545
42740395
42700560
42705240
42706150
42738460
42710610
42711690
42739215
42738865
42706590
42738485
42739645
42711670
42740070
42710170
42739580
42713160
42706360
42739140
42712820
42702710
42706680
42706160
42706250
42706420
42702150
42702250
42709470
42738625
42739160
42703570
42703580
42713780
42710450
42714240
42740380
42710460
42713240
42713280
42713290
42739190
42702530
42704010
42704020
42704030
42729010
42704000
42703740
42701430
42738490
42711680
42738345
42713660
42701670
42740050
42700690
42703590
42702180
42713620
42730580
42739705
42700200
42738470
42703110
42711520
42702050
42739700
42702630
42700180
42703190
42730560
42732890
42740385
42701680
42700700
42701860
42710480
42722020
42704660
42738480
42738845
42738600
42722040
42740390
42721270
42706110
42707000
42706640
42719830
42738825
42740065
42738880
42713610
42713670
42713680
42711740
42702780
42714110
42714120
42703400
42732780
42709270
42739205
42739230
42739660
42741150
42703120
42710870
42709480
42738780
42703220
42701890
42725430
42711820
42710590
42725570
42724090
42725530
42724100
42725590
42725460
42725495
42740060
42703100
42706560
42706570
42706580
42701410
42730570
42718080
42739050
42739055
42739060
42739065
42728780
42740400
42701420
42713810
42713830
42702650
42738820
42739015
42712810
42728660
42713420
42741170
42739130
42702460
42717495
42717405
42706180
42712850
42713740
42718085
42733550
42739035
42705310
42705320
42738785
42740430
42740435
42740445
42740450
42703500
42700140
42700650
42706140
42705750
42700550
42738355
42738370
42738380
42738505
42701440
42702430
42701450
42702000
42709190
42708850
42702420
42701750
42724110
42728820
42700310
42741140
42738585
42701380
42738310
42721850
42714260
42705250
42725610
42740245
42725560
42711450
42711460
42711470
42711480
42711490
42706450
42706440
42702140
42740565
42740570
42740572
42704710
42701320
42739590
42738395
42732800
42710430
42711620
42702660
42738655
42705360
42703050
42740455
42732860
42718055
42706010
42705760
42733520
42705430
42705450
42706395
42705460
42706330
42705440
42709400
42700680
42718095
42717010
42717825
42703230
42721160
42738545
42716270
42738350
42738685
42732840
42709250
42706170
42721230
42739635
42721190
42710890
42709430
42738790
42721200
42740440
42740460
42702440
42700890
42702770
42739010
42721260
42721250
42738205
42721170
42724040
42711810
42711815
42701880
42710440
42706350
42721860
42704740
42703560
42704730
42703640
42706310
42700660
42714190
42714210
42714220
42700160
42740405
42705400
42711750
42711770
42717855
42717860
42711760
42709240
42740415
42706210
42702720
42704560
42701840
42741160
42704650
42733000
42740575
42741100
42740585
42740580
42722190
42738220
42738725
42703430
42739225
42706340
42723105
42728590
42732740
42726870
42739740
42702730
42739175
42700190
42705350
42706100
42734390
42740470
42713710
42713720
42739555
42718090
42717865
42738705
42725540
42725550
42702620
42741190
42741200
42741230
42725470
42725520
42709890
42718100
42719850
42714070
42714080
42706220
42705670
42705680
42705690
42705700
42702740
42702760
42702800
42719800
42738550
42706320
42713860
42713870
42713880
42701650
42728800
42728810
42728840
42713300
42714200
42714000
42741240
42703730
42740195
42738800
42740045
42718110
42709280
42702490
42711700
42710580
42733490
42738215
42728870
42733510
42703700
42701790
42701760
42728770
42735000
42734430
42713330
42728830
42713500
42739135
42702260
42741250
42722850
42706530
42706540
42701400
42740490
42740135
42706690
42738245
42714250
42706050
42738840
42739595
42702170
42738385
42702060
42713530
42713540
42703620
42730550
42702750
42740465
42740145
42721120
42738420
42709390
42728710
42728720
42701340
42717650
42707050
42701770
42702570
42703140
42739565
42739570
42718105
42716360
42741260
42722840
42705290
42741130
42740175
42716370
42717850
42740190
42722205
42741210
42709760
42722200
42717830
42706600
42702550
42719840
42705270
42704080
42705610
42705620
42705710
42741180
42705650
42708120
42708840
42707710
42707660
42708130
42708210
42708770
42707740
42707870
42707880
42708750
42708860
42708780
42707690
42707730
42707120
42707820
42707300
42708100
42708110
42708150
42707780
42707700
42707150
42708330
42707060
42707070
42707750
42707200
42707210
42707030
42707810
42708270
42707290
42708280
42708400
42707160
42707260
42707080
42708070
42708080
42707840
42708300
42707020
42707790
42708050
42707090
42707850
42708800
42708360
42707170
42707240
42707720
42707770
42707650
42708380
42708290
42708870
42708880
42708260
42707250
42707890
42707760
42707680
42708170
42707190
42707670
42707800
42708310
42708760
42707830
42708720
42708000
42708010
42708020
42708890
42708350
42707100
42708410
42708220
42708230
42708240
42708810
42708180
42707180
42708060
42708830
42708030
42708040
42708740
42708370
42708390
42708200
42707040
42707010
42708730
42707130
42707640
42708090
42708340
42708250
42707630
42707110
42708140
42707860
42707280
42708820
42708320
42708790
42707140
42708160
42707270
42707220
42707230
42708190
42700290
42716300
42728610
42709200
42700570
42728620
42728630
42729020
42730540
42728625
42704700
42740185
42713480
42713510
42713560
42726820
42739185
42712800
42702810
42702840
42740055
42739550
42700870
42713060
42713212
42713250
42713260
42713270
42740325
42702560
42738670
42710130
42703080
42700150
42729030
42713790
42722250
42722260
42719870
42722270
42718005
42740090
42700130
42717845
42702540
42728700
42740100
42740040
42739745
42709810
42713550
42738360
42708725
42701765
42702100
42706630
42702120
42734240
42734250
42702680
42702690
42702700
42738320
42724080
42732810
42709420
42739620
42701720
42733500
42705330
42702240
42738715
42734340
42734350
42749899
42721290
42700280
42740350
42704610
42704620
42704630
42706470
42722230
42740275
42706610
42702610
42711650
42711640
42700170
42701260
42712740
42710860
42702400
42703440
42714230
42700165
42739120
42729000
42703630
42706130
42738210
42740305
42738580
42714010
42739000
42728850
42739560
42700850
42709840
42740130
42740355
42740360
42711500
42706410
42705280
42716340
42740370
42706730
42732870
42740280
42714050
42703520
42706525
42706510
42706520
42740120
42722100
42722140
42721810
42700240
42739585
42701870
42716350
42705410
42730600
42740340
42734290
42734300
42734310
42734320
42734330
42740110
42716390
42716310
42700250
42718115
42740335
42706240
42738870
42734220
42713360
42724120
42738620
42738730
42705480
42705490
42705500
42705510
42705520
42705530
42705540
42705550
42738645
42738765
42738775
42719860
42706650
42706280
42740515
42739220
42738455
42713440
42706080
42733480
42733485
42705340
42702220
42739640
42717840
42717810
42734260
42734270
42705570
42705580
42705380
42705390
42706400
42701730
42713380
42740265
42710470
42733530
42702500
42728750
42728760
42706370
42706380
42706290
42722240
42706710
42718060
42702510
42702270
42702280
42706740
42700840
42709750
42732880
42734210
42704680
42713120
42738755
42725440
42717015
42713450
42739710
42713210
42713170
42713130
42713070
42713020
42712870
42717090
42717610
42717615
42717620
42717625
42717630
42717635
42717640
42717645
42717655
42717660
42717095
42739765
42717665
42717670
42717675
42717680
42717685
42717100
42739770
42717690
42717695
42717700
42717705
42717710
42717715
42717720
42717105
42739775
42717725
42717730
42717735
42717740
42717745
42717750
42717755
42717760
42717765
42717770
42717775
42717780
42717110
42739780
42717785
42717790
42717795
42717800
42717805
42717120
42739785
42721800
42700300
42740540
42717125
42717130
42739790
42717135
42739795
42717140
42739800
42717145
42717020
42713460
42739715
42703610
42703660
42733560
42723070
42738240
42733570
42713180
42713140
42713080
42713030
42712880
42739805
42717160
42739810
42717155
42717165
42739815
42717170
42739820
42717175
42739825
42717180
42739830
42717185
42739835
42717190
42739840
42717195
42739845
42717200
42739850
42717025
42739720
42713190
42713150
42713090
42713040
42712890
42717205
42739855
42717215
42739860
42706060
42717210
42717220
42739865
42717225
42739870
42717230
42739875
42717235
42739880
42717240
42739885
42717245
42739890
42717250
42739895
42717255
42740000
42717030
42739725
42713200
42713100
42713050
42713000
42717260
42740005
42717265
42717270
42717275
42717280
42717285
42717290
42717295
42740010
42717300
42740015
42717305
42740020
42717035
42739730
42713110
42713010
42717310
42740025
42717315
42740030
42717320
42740035
42717325
42717330
42717335
42717340
42717345
42717350
42717355
42717040
42739735
42717045
42717050
42717055
42717360
42717370
42717365
42717375
42717380
42717385
42717390
42717395
42717400
42717410
42717415
42717060
42739750
42738255
42717065
42717070
42717425
42717430
42717435
42717440
42717450
42717455
42717460
42717465
42717470
42717475
42717075
42739755
42717480
42717490
42717500
42717505
42717510
42717515
42717525
42717530
42717535
42717540
42717085
42739760
42717545
42717550
42717555
42717560
42717565
42717585
42717590
42717595
42717600
42717605
