48608295
48608330
48608582
48602496
48603712
48603520
48603010
48607285
48605580
48609590
48605059
48603808
48609155
48611114
48611146
48603722
48604005
48608025
48609184
48610612
48603135
48607330
48609474
48605036
48608410
48608380
48604080
48603718
48607180
48603195
48605012
48603572
48603826
48601470
48603512
48603732
48601245
48603832
48608035
48609045
48601205
48609222
48609096
48602010
48602200
48610544
48610492
48602080
48607060
48604740
48605610
48601475
48602110
48610288
48604125
48608574
48608576
48605079
48606540
48606545
48608100
48608105
48607295
48607235
48602700
48605780
48607315
48607185
48603812
48605766
48608260
48608265
48601435
48611098
48604530
48604030
48601230
48607300
48604788
48611038
48601465
48605660
48609486
48610796
48605605
48605055
48605165
48601440
48601385
48601280
48601560
48601225
48602115
48604070
48604564
48611058
48601195
48601208
48610456
48609510
48608130
48604720
48604725
48606520
48611122
48608520
48608385
48610424
48603455
48605235
48605290
48603720
48608060
48605784
48605812
48610484
48611126
48608005
48607190
48603544
48604533
48608600
48608010
48608300
48608584
48608335
48607370
48605530
48608170
48608171
48609494
48602540
48610476
48604470
48605720
48604782
48604130
48610660
48610556
48610496
48605185
48605142
48611017
48610264
48603370
48610236
48611000
48609175
48610400
48610200
48609024
48604060
48604000
48603528
48603532
48611266
48606820
48609482
48605595
48605770
48605772
48603105
48610744
48609470
48607264
48609506
48606810
48601370
48610604
48610240
48605173
48604510
48605680
48609072
48607140
48604504
48604506
48609046
48603300
48609128
48603802
48610262
48603598
48608230
48608231
48609074
48607170
48609172
48611102
48611138
48605555
48605728
48605730
48610244
48605590
48603818
48605550
48603110
48603260
48610740
48610512
48602020
48604045
48610274
48609152
48609605
48611274
48609275
48611132
48608305
48603816
48604240
48610780
48604025
48605836
48604075
48605146
48604466
48608200
48608205
48603190
48603440
48605280
48606840
48611062
48604502
48605675
48604508
48608563
48604540
48605796
48605724
48607010
48606025
48604472
48609044
48610788
48608080
48607070
48601390
48604055
48603716
48609032
48603460
48602070
48601450
48609114
48603842
48605049
48608125
48608127
48609056
48609162
48606510
48602130
48609202
48607310
48607325
48605063
48604786
48609314
48604095
48609302
48609304
48609310
48605355
48605215
48603564
48611030
48601030
48605620
48609014
48604175
48610292
48606815
48607240
48604525
48608180
48607245
48609518
48609146
48603592
48610628
48602140
48604796
48607275
48608110
48603840
48608590
48603250
48610432
48604592
48604560
48603576
48602570
48609492
48608310
48602460
48611005
48610596
48610720
48611015
48608572
48609124
48609238
48609325
48609232
48603824
48603310
48604548
48604730
48603814
48611066
48608586
48604544
48610448
48610760
48601052
48601375
48608315
48603015
48608050
48603065
48603588
48604512
48608588
48603220
48609110
48608565
48605284
48605345
48609070
48603470
48605270
48603500
48604516
48603435
48603210
48603734
48603736
48609480
48608550
48608555
48604468
48609490
48603504
48605205
48605736
48605195
48603330
48610300
48610464
48603714
48601085
48608015
48604590
48601255
48605225
48608020
48608320
48601248
48604050
48610268
48604170
48608120
48608115
48610560
48603430
48604015
48608480
48609322
48611286
48611295
48611287
48611285
48611280
48611293
48611283
48611281
48611294
48611296
48611292
48611289
48611291
48611290
48611282
48611284
48611288
48601530
48609026
48606550
48601210
48602145
48605134
48610436
48603828
48611254
48603838
48609570
48607290
48607292
48605310
48605700
48605540
48601070
48601270
48609504
48610252
48603230
48608420
48608275
48605840
48605844
48608325
48610784
48609198
48608240
48607262
48610408
48601260
48601000
48611262
48609130
48601215
48601160
48603836
48610524
48609524
48604230
48610256
48603385
48602150
48604464
48605510
48606005
48604514
48608085
48603410
48603830
48603560
48608490
48608290
48603580
48609190
48603524
48603350
48610472
48603800
48605650
48605220
48608070
48603730
48603548
48605804
48611120
48608400
48604195
48601380
48604501
48601220
48609300
48602575
48608040
48608075
48609298
48610216
48610224
48604155
48604780
48608030
48604200
48604586
48603070
48610296
48608580
48604090
48607145
48605245
48610266
48609018
48604478
48603834
48604570
48605828
48603450
48604794
48604476
48603540
48611270
48604792
48604190
48604784
48608375
48601075
48603000
48604010
48604110
48601045
48605480
48611034
48609476
48602210
48602095
48601325
48601055
48601315
48603075
48603030
48603035
48604750
48611086
48603130
48608065
48601323
48601405
48601340
48605500
48611074
48603365
48603375
48604210
48610212
48609316
48608592
48603804
48604165
48604270
48601080
48610440
48601100
48603040
48602580
48601320
48608596
48601185
48603004
48604710
48603726
48605520
48609308
48608440
48609312
48608598
48606530
48604531
48603240
48609060
48609062
48608430
48605400
48605282
48605415
48605420
48605430
48605435
48605350
48605352
48605354
48605410
48605390
48605360
48605380
48605440
48605340
48605370
48605330
48605475
48603820
48602490
48602493
48604582
48611021
48603508
48605560
48602480
48604135
48601378
48605177
48610632
48609140
48602060
48609182
48609186
48609212
48609502
48604035
48610532
48602220
48609318
48605028
48603050
48604790
48602560
48602470
48610468
48611042
48603844
48604798
48604085
48605640
48609528
48603290
48610624
48603241
48602015
48602125
48609500
48605525
48605535
48608280
48608285
48605726
48608470
48602515
48610312
48601415
48601410
48608055
48609178
48611258
48604480
48605071
48606000
48606500
48609496
48607210
48607215
48607000
48601095
48608530
48609516
48605465
48610648
48604100
48602160
48603728
48605485
48610776
48609028
48602710
48610680
48610500
48609038
48609132
48609042
48604235
48605083
48610772
48609226
48604511
48602720
48602100
48609050
48609052
48608578
48603810
48603556
48604120
48601275
48609166
48611128
48601570
48605762
48610700
48610504
48604578
48605179
48611250
48605820
48605824
48604500
48605151
48604518
48604519
48601430
48601295
48610270
48608045
48605041
48610572
48610576
48603320
48609580
48605515
48602120
48609116
48609118
48603090
48606830
48610428
48611020
48605788
48605792
48609180
48603360
48609192
48609194
48609208
48609530
48603380
48608610
48604245
48610284
48603400
48609170
48602600
48605490
48609168
48602005
48602595
48601510
48602030
48604536
48608250
48608210
48607510
48603806
48603822
48609236
48604562
48609234
48608340
48609012
48605816
48605067
48606020
48605230
48607360
48605470
48604760
48605545
48609600
48608345
48605022
48604474
48605169
48610280
48611018
48609508
48604140
48609048
48603552
48611124
48601120
48605570
48604700
48604160
48602090
48609478
48610608
48601150
48601140
48609305
48601190
48610276
48603584
48603200
48603140
48603085
48607390
48605016
48605018
48601090
48610480
48604180
48604185
48607270
48608500
48609138
48609498
48605032
48609142
48604552
48609206
48610260
48605800
48605808
48610278
48609196
48611106
48611142
48609188
48608510
48603516
48601285
48610616
48608350
48607500
48603060
48605575
48605240
48608560
48608540
48610460
48610304
48608570
48603100
48603420
48610636
48611160
48601265
48609230
48605670
48605495
48609025
48601012
48601014
48601040
48601036
48601016
48601018
48601022
48601024
48601026
48601028
48601032
48601034
48607150
48609560
48609085
48603045
48610716
48610508
48609340
48601400
48604205
48601460
48605455
48609001
48609006
48601480
48604220
48605690
48604454
48604458
48609003
48609472
48609005
48604456
48607335
48609526
48604452
48604462
48603150
48609007
48611023
48604450
48609008
48609002
48610286
48604460
48609144
48609034
48609122
48609514
48603170
48603604
48602510
48609522
48610420
48605045
48601010
48608160
48602190
48619899
48603536
48601550
48610568
48604534
48606570
48605722
48609290
48608460
48608365
48604574
48602520
48602500
48605764
48604260
48602565
48610228
48603724
48609540
48607410
48604115
48604588
48603125
48601445
48610248
48610232
48604040
48601540
48607220
48605768
48604520
48605250
48611130
48601350
48609484
48604250
48604255
48608095
48608097
48604770
48608450
48609488
48603596
48610404
48610324
48610308
48610452
48602180
48604568
48606560
48604065
48609220
48603390
48608594
48610272
48608561
48608090
48605760
48611019
48609090
48609094
48605832
48606010
48603465
48605732
48605734
48607250
48603600
48609030
48608465
48604556
48611118
48609156
48609158
48610536
48610488
48605181
48611022
48609036
48609136
48609134
48604150
48603020
48603568
48604020
48610444
48602550
48604105
48608190
48605138
48604584
48605156
48603280
48609016
48610640
48608602
48610412
48609020
48605600
48609022
48608220
48603120
48609080
48608165
48609082
48609100
48609010
48609126
48609160
48605710
48609164
