44772122
44771185
44772136
44770580
44771270
44772445
44771215
44772112
44772490
44772102
44771230
44772062
44771462
44771386
44772110
44772108
44770550
44770011
44770310
44772092
44772555
44772455
44770300
44770330
44770280
44771235
44770029
44771412
44771414
44770545
44770003
44770031
44771424
44772070
44770275
44770053
44772138
44772076
44772435
44771428
44772430
44772440
44771388
44771404
44771170
44770033
44770600
44771390
44772068
44770049
44771460
44770135
44772550
44772088
44772126
44771220
44772132
44772106
44772475
44771398
44771190
44772425
44772500
44770039
44772074
44772124
44772410
44770145
44770051
44771400
44771180
44770560
44770555
44772480
44772116
44772535
44772094
44771442
44770565
44770001
44770295
44771402
44771175
44772130
44770150
44772080
44772128
44772525
44772505
44772064
44772096
44772450
44770605
44770590
44770620
44771432
44772082
44772460
44772098
44771430
44772415
44770007
44770325
44770155
44770160
44770575
44770595
44770305
44772120
44770125
44771396
44771200
44770610
44770090
44770270
44770320
44772495
44772078
44770615
44771434
44771265
44772072
44771438
44770043
44772485
44770570
44771260
44771410
44770027
44772114
44770120
44772066
44771280
44771275
44772530
44770019
44770110
44772060
44771408
44771155
44771392
44771240
44772134
44772100
44770045
44772565
44771440
44770023
44770047
44770335
44771160
44772470
44772086
44770585
44772899
44770025
44771426
44770013
44770005
44771150
44770540
44771225
44771394
44772420
44771290
44772118
44770009
44770315
44772084
44770285
44771436
44771285
44771205
44770021
44771380
44771295
44771406
44771165
44770130
44770037
44770041
