45262890
45260658
45260486
45260712
45260754
45265524
45265538
45260238
45260059
45262710
45262678
45263016
45264422
45264370
45260280
45265470
45265354
45264342
45260700
45260570
45265452
45260516
45264366
45260135
45260109
45260244
45265334
45260069
45263028
45264536
45260220
45260766
45260490
45260438
45264538
45262060
45262018
45264518
45263026
45260236
45262692
45265242
45260007
45264416
45264388
45262414
45264560
45260163
45265482
45263078
45260512
45264512
45264510
45260169
45260554
45260129
45264432
45260009
45260274
45265364
45262068
45261020
45265272
45262458
45260234
45260624
45262066
45262000
45260650
45265342
45263034
45263036
45265404
45262508
45262062
45262012
45260620
45262412
45260636
45265224
45265488
45262686
45262588
45265522
45264584
45265456
45265454
45262714
45262460
45260590
45260232
45260396
45262438
45265460
45265240
45265330
45265332
45260149
45260690
45264360
45260308
45260256
45262442
45264424
45264372
45262510
45265486
45263004
45262888
45260704
45260714
45265526
45260462
45260398
45260157
45264532
45263030
45260011
45260113
45260230
45260266
45260764
45260522
45260103
45260740
45260744
45265428
45265432
45265426
45265200
45264590
45264592
45264632
45264114
45264634
45264100
45260732
45264604
45262464
45260578
45265336
45265338
45264612
45260730
45262868
45260708
45265492
45265528
45260242
45260484
45260390
45265152
45265446
45265110
45265154
45265448
45264476
45264478
45265206
45265234
45262010
45260560
45264232
45264234
45264482
45263000
45263020
45262032
45260762
45264272
45265214
45264624
45264410
45264390
45264484
45260165
45264492
45260518
45260574
45260081
45262478
45260133
45260045
45262676
45265218
45260189
45260188
45262886
45260474
45260706
45265494
45265530
45262898
45262672
45262432
45263014
45264500
45264514
45264324
45264630
45264142
45260562
45260500
45262420
45260061
45265412
45260179
45265418
45260181
45265232
45265226
45264322
45262884
45260472
45260760
45265496
45265532
45264326
45260750
45262006
45264588
45260748
45260099
45260101
45265260
45264596
45260159
45265380
45265250
45265248
45262690
45262582
45260508
45260005
45264414
45260021
45263032
45262882
45260758
45265534
45260460
45260440
45264494
45260153
45260498
45260093
45264374
45264376
45260724
45263002
45265326
45265328
45265210
45262422
45265376
45265266
45262596
45262684
45260187
45262430
45265396
45265398
45265400
45263074
45262880
45260756
45265536
45260648
45260622
45264236
45265498
45265502
45262668
45264618
45264620
45265356
45262670
45260085
45260548
45262500
45260079
45262706
45264436
45265222
45265228
45260115
45260117
45260728
45262878
45260646
45265540
45260199
45265268
45260688
45260514
45265262
45260125
45260127
45264499
45265392
45265394
45265270
45262876
45260644
45260682
45265542
45264328
45264450
45264304
45260684
45260692
45262434
45265408
45260550
45262446
45262664
45264602
45264610
45260496
45260091
45260494
45260155
45262896
45264438
45264334
45262622
45260053
45262872
45260678
45265544
45260224
45260107
45265208
45265318
45260718
45262424
45264434
45264454
45264330
45262512
45264594
45264598
45264600
45260043
45260047
45260039
45262660
45262626
45264522
45262514
45260502
45260698
45260572
45264626
45260177
45265352
45265258
45262712
45260542
45260087
45265220
45262702
45262448
45265386
45265256
45262674
45264444
45260003
45265264
45260105
45262618
45260137
45262452
45265216
45265362
45262620
45260055
45262720
45262580
45262506
45260544
45260097
45263010
45265430
45262426
45260686
45265466
45265346
45260552
45260264
45264386
45260017
45264384
45260015
45265244
45265204
45260510
45260568
45260656
45260694
45265322
45265480
45260049
45262624
45260051
45262700
45260580
45264534
45263150
45264240
45264270
45265312
45264542
45264580
45265000
45264460
45262466
45260588
45262470
45260586
45264292
45262870
45265546
45262874
45260676
45265548
45265390
45265402
45265464
45265378
45265246
45262454
45260246
45260564
45264614
45265472
45262400
45262402
45264462
45262504
45260071
45265320
45262630
45262650
45262892
45262502
45260073
45260193
45260191
45260270
45264320
45260642
45260674
45260063
45260065
45260734
45262708
45262586
45262072
45265372
45265450
45265474
45262696
45262698
45262654
45262614
45260556
45260558
45262450
45264430
45265484
45265340
45264280
45262002
45260630
45264426
45264332
45263018
45262688
45262584
45262070
45262014
45260023
45260025
45260095
45264616
45262598
45262658
45262594
45260041
45262436
45265314
45265316
45260638
45260672
45265550
45262656
45262628
45260576
45260738
45264622
45264540
45264428
45260670
45265552
45265468
45260566
45262734
45260147
45260151
45265212
45262652
45262616
45265382
45265252
45263012
45263006
45264480
45264496
45260504
45260161
45265442
45265238
45265384
45265254
45265230
45264354
45260027
45260304
45260284
45260258
45260260
45260668
45265554
45262004
45264582
45262008
45264382
45262694
45265476
45265478
45260302
45260584
45260582
45264628
45260546
45263024
45260240
45260736
45264440
45264446
45265434
45265438
45262456
45260506
45260175
45265324
45264516
45264452
45264298
45264586
45260139
45260001
45264470
45264464
45264420
45264306
45262462
45260592
45260167
45260171
45260173
45260710
45265458
45260666
45265556
45260664
45265558
45262894
45260089
45260702
45260540
45260524
45260520
45260119
45260121
45260123
45264448
45264358
45264356
45260029
45262704
45264380
45264442
45265444
45265236
45260268
45260746
45262662
45260037
45265388
45264524
45266899
45264348
45264346
45260019
45260662
45260031
45260183
45265416
45260195
45265414
45260185
45260141
45260143
45260057
45262595
45264230
45260276
45260278
45264278
45260145
45262666
45260660
45264528
45264606
45265344
45260222
45260201
45260492
45265348
45265358
45265366
45265368
45265440
45264368
45260696
45263022
45264472
45264474
45264506
45265406
45263038
45264352
45260035
45264350
45263040
45263008
45265490
45260075
45264412
45264378
45262064
45262016
45265462
45264520
45262104
45260482
45262086
45264336
45260272
45264276
45262440
45262058
45262472
45262468
45262056
45262082
45265360
45265370
45262046
45260632
45262040
45264290
45262038
45264296
45264310
45262036
45262102
45260480
45264488
45262034
45264288
45264318
45262044
45264486
45260013
45265172
45262100
45260478
45260716
45260306
45264316
45262098
45260476
45260720
45265170
45262096
45260470
45264286
45265168
45262094
45260468
45264294
45262092
45260466
45260226
45260111
45262090
45260464
45260300
45260282
45262088
