46253555
46250021
46250061
46251260
46251525
46251535
46253615
46250311
46253050
46253560
46250206
46250321
46251510
46250196
46252055
46252060
46253540
46253260
46252040
46252275
46251075
46251325
46252080
46250201
46251200
46253090
46252105
46250211
46250076
46253075
46252280
46252155
46251240
46250251
46250291
46253650
46253640
46251080
46252115
46250326
46250036
46252285
46251385
46251130
46251515
46252125
46251100
46251250
46250066
46251360
46251460
46251550
46251050
46252165
46250096
46253000
46252000
46252010
46251270
46252190
46253095
46250011
46250016
46250236
46251320
46253620
46251310
46250071
46251345
46251555
46252230
46250266
46252200
46250246
46252015
46252065
46251125
46250056
46252240
46250121
46251090
46251195
46251210
46251380
46251495
46253575
46250336
46250131
46253570
46253670
46250166
46252170
46251040
46252265
46251015
46250226
46251435
46251560
46252235
46252130
46253005
46253020
46251305
46251505
46253625
46251355
46251440
46251565
46251480
46251490
46251300
46251180
46253065
46251275
46250261
46251070
46252220
46251350
46251455
46251470
46251570
46252095
46252290
46252225
46252255
46250041
46251450
46251575
46251245
46252270
46252175
46251170
46252250
46253685
46251060
46251330
46251445
46251545
46252030
46252085
46250091
46251290
46251265
46251540
46250306
46253055
46253015
46251175
46251140
46250111
46250136
46252215
46251220
46251530
46251340
46251095
46250186
46253590
46250046
46250301
46251145
46253605
46253045
46252035
46251500
46253080
46250216
46252145
46251005
46251365
46250296
46252045
46252110
46253585
46253680
46250256
46251465
46250176
46250241
46251190
46252090
46253600
46253565
46250006
46251010
46252100
46251475
46251120
46253655
46250161
46252160
46250116
46250001
46253550
46253100
46251105
46251025
46250231
46253610
46251135
46252210
46251235
46250081
46251255
46251230
46251430
46252075
46252020
46250106
46250126
46251000
46250221
46251045
46250181
46252050
46251055
46253060
46250286
46251155
46250026
46253545
46253010
46251225
46253595
46250281
46250031
46251065
46252245
46251215
46253665
46252120
46253899
46251295
46251280
46253085
46251185
46252180
46252070
46252150
46252135
46251485
46251035
46252185
46250101
46252195
46251115
46252025
46251520
46253630
46253070
46250191
46252140
46253675
46251110
46251085
46250366
46253660
46251165
46251150
46251205
46250316
46252260
46251370
46250141
46250151
46250156
46253025
46250146
46253580
46250171
