44440392
44430362
44435492
44444710
44440226
44445614
44445618
44445622
44435448
44444266
44444268
44444280
44444284
44444286
44430078
44434074
44444024
44430294
44432172
44441630
44436644
44430350
44430372
44430576
44430166
44445498
44430092
44440790
44440476
44440218
44430352
44434284
44434288
44434292
44434296
44434300
44434304
44434308
44434312
44434316
44434320
44434328
44434332
44434336
44434344
44434348
44434356
44434324
44435452
44440044
44440832
44442268
44436680
44440520
44440804
44441318
44441322
44436432
44430326
44444012
44435392
44432152
44435464
44430310
44430630
44430716
44431226
44436190
44430728
44445602
44445148
44442260
44442068
44444346
44444348
44444350
44441258
44436194
44445196
44431266
44440834
44436198
44435436
44432180
44441262
44434280
44440436
44440536
44442072
44444372
44430606
44444834
44444332
44444364
44430144
44430148
44430146
44441770
44441606
44445458
44444838
44442084
44442240
44442244
44442060
44441602
44430628
44441162
44444384
44440828
44434496
44430172
44440464
44441530
44441642
44441650
44441646
44445570
44445192
44434082
44441526
44430110
44441514
44444300
44441238
44445144
44440836
44430534
44430120
44430640
44441610
44434464
44430100
44440806
44445554
44431342
44431274
44430316
44435048
44430170
44435080
44445606
44445168
44442096
44444738
44444754
44441334
44440814
44441330
44440816
44434012
44445224
44430638
44430702
44440400
44430126
44440388
44435444
44440214
44431390
44431370
44441354
44444802
44441762
44437630
44441758
44430538
44441594
44440484
44430284
44430194
44436624
44435468
44444718
44444132
44444172
44444184
44436394
44430400
44444032
44430712
44437464
44442032
44441790
44436612
44436860
44436872
44436876
44436868
44436450
44430108
44441510
44440808
44435460
44436178
44436182
44436186
44437468
44444774
44444778
44444782
44444798
44442272
44437424
44438204
44437420
44438030
44437060
44442884
44445634
44441750
44442790
44445450
44442020
44445454
44442248
44442104
44435472
44444176
44444180
44444212
44430568
44430580
44430582
44430584
44430616
44430620
44430550
44437496
44437492
44441738
44444814
44441310
44441314
44430288
44430634
44431402
44444366
44442024
44442120
44434524
44430206
44444694
44431358
44435488
44430358
44435476
44434352
44444762
44436380
44436406
44440368
44442308
44434028
44436242
44434000
44436610
44436864
44442888
44440360
44440842
44441042
44441150
44440040
44444124
44437048
44442216
44442188
44432144
44431386
44431330
44444100
44444108
44431242
44432120
44435416
44435412
44431306
44435408
44442056
44444726
44444830
44440840
44431394
44434468
44434480
44442040
44442880
44440238
44431334
44430676
44430682
44430684
44430686
44430690
44430692
44430696
44430698
44430700
44430704
44430714
44430678
44430340
44431214
44430694
44431210
44430622
44434388
44440838
44445156
44444368
44442794
44445180
44430346
44430546
44430122
44430548
44430552
44441778
44430388
44435496
44430600
44440242
44430156
44430150
44430152
44430154
44430158
44440380
44430392
44435428
44432176
44431222
44434484
44436446
44437634
44430162
44442280
44436632
44430724
44436648
44436382
44430282
44430210
44430274
44445562
44445506
44444426
44444330
44431346
44440576
44434460
44430098
44434428
44440548
44431326
44441782
44441774
44430168
44441654
44440492
44440500
44436226
44436230
44436234
44436238
44434040
44435400
44436210
44444730
44430420
44444188
44444192
44437484
44440234
44430590
44441678
44444474
44444354
44444488
44444500
44444484
44444486
44442140
44430710
44444414
44444314
44440008
44440000
44430074
44445486
44440792
44430096
44445200
44444478
44444358
44434456
44444128
44444136
44444140
44444352
44440468
44435084
44430602
44440376
44444378
44431246
44442292
44430306
44441350
44442228
44434452
44445212
44441590
44430360
44435500
44430334
44442116
44435052
44436428
44436008
44430364
44440496
44436222
44434372
44430084
44444304
44444290
44444292
44444298
44430410
44441250
44444064
44430128
44441198
44430112
44436012
44436016
44436384
44436386
44444196
44444200
44444204
44435480
44441040
44442152
44436436
44435096
44430636
44430090
44444264
44441662
44431338
44436660
44441614
44440556
44432140
44434272
44434276
44434368
44430394
44441742
44440210
44444706
44440798
44440480
44445132
44430566
44441302
44430610
44434252
44434256
44434260
44430588
44437500
44430318
44442532
44441730
44430296
44430188
44442200
44430176
44437642
44444120
44445184
44445514
44435456
44445216
44440532
44445160
44445566
44436000
44440048
44436370
44434516
44434520
44434528
44430070
44436020
44434512
44436688
44434268
44434264
44441274
44445164
44434094
44442204
44430324
44441270
44434098
44434086
44434090
44430378
44432156
44436652
44430086
44444398
44444400
44444406
44444396
44444270
44434392
44442044
44441786
44445172
44434008
44436376
44442212
44444734
44444404
44444216
44441154
44444000
44444072
44444084
44440826
44430160
44441298
44430204
44436416
44430706
44435088
44444092
44441558
44444096
44441570
44441574
44441578
44430356
44440372
44440034
44436170
44445582
44430402
44430370
44445598
44430574
44435440
44431262
44431298
44431234
44445626
44436892
44437036
44440810
44444060
44444068
44430404
44430366
44445586
44445590
44442176
44431238
44440564
44432124
44431254
44442052
44444826
44442304
44434078
44440416
44436396
44431282
44445574
44434380
44442148
44444052
44442284
44435404
44435420
44442296
44436438
44444370
44445140
44441346
44441562
44441734
44436420
44432148
44444766
44444770
44442088
44441218
44430594
44442168
44430286
44430292
44430190
44430192
44444040
44441554
44430278
44440404
44444282
44440508
44441202
44445176
44445490
44430674
44430384
44434444
44430076
44434228
44434236
44430072
44440006
44436174
44434508
44434384
44444722
44440794
44430094
44444112
44440460
44441622
44436390
44441626
44436684
44434220
44434224
44444076
44440030
44445530
44444794
44441306
44440004
44434396
44441518
44442112
44442220
44440488
44444390
44444272
44430592
44440824
44444376
44440524
44445610
44444312
44444842
44445462
44445470
44445474
44444334
44434448
44430202
44432128
44430386
44436434
44436664
44434106
44445124
44445108
44445112
44445120
44442256
44445128
44445116
44445104
44442264
44441746
44444156
44444394
44444392
44444088
44445522
44431250
44440230
44440432
44440408
44440412
44440424
44435072
44435076
44436388
44430300
44434110
44444164
44444294
44444296
44436628
44444302
44430680
44444306
44435384
44430088
44441230
44442184
44445510
44430570
44442524
44440448
44442236
44434024
44434020
44434016
44440822
44440544
44444374
44442160
44440830
44444702
44440028
44436444
44437488
44440800
44436672
44440396
44430116
44444260
44444004
44430530
44444008
44440364
44440002
44442076
44441586
44430320
44441234
44436414
44431322
44444168
44430596
44430328
44430414
44430270
44430208
44434536
44430272
44445494
44441326
44440818
44431278
44435044
44430304
44437428
44442316
44441766
44430308
44431230
44444322
44436378
44434102
44441294
44430102
44434232
44441158
44441222
44430708
44437020
44437024
44437028
44437080
44437000
44437012
44437056
44437084
44437004
44437008
44436896
44437016
44442080
44430598
44431354
44441282
44444750
44444380
44440052
44430532
44430118
44441190
44441754
44431270
44440504
44430114
44441290
44435484
44441342
44441210
44441194
44441214
44441254
44441582
44442108
44434440
44436614
44436616
44445526
44430578
44430586
44430612
44430614
44441178
44437472
44442312
44436636
44430178
44430624
44430626
44437638
44440872
44440250
44430174
44440384
44432168
44435092
44444382
44444080
44430332
44430330
44444152
44444160
44440820
44430344
44430290
44444810
44434360
44435060
44431378
44431406
44436640
44445220
44435380
44444758
44440572
44441338
44430416
44430418
44437504
44435396
44436400
44437032
44445546
44442174
44430554
44430280
44431366
44441266
44444328
44440584
44430354
44441538
44444056
44441534
44441542
44441546
44441550
44430604
44430608
44444818
44444104
44436422
44436424
44436426
44442092
44442172
44444472
44444344
44436620
44436656
44437040
44437476
44437480
44444470
44444342
44430722
44430380
44444278
44444476
44444356
44436202
44432132
44441206
44440444
44430726
44441182
44441186
44441170
44440540
44445208
44442208
44444698
44434070
44442128
44434400
44434404
44434032
44434424
44434492
44434416
44434472
44434412
44434376
44434340
44434420
44445538
44445518
44430396
44436880
44436884
44436888
44445630
44431410
44445558
44435424
44442288
44437436
44437440
44437444
44437448
44437452
44437456
44437460
44430672
44436402
44436372
44436392
44442536
44435056
44437088
44434488
44430718
44440254
44440870
44440258
44430572
44440552
44431318
44444288
44444714
44445136
44430398
44435068
44431314
44445482
44430374
44444786
44436448
44431362
44442528
44430080
44431398
44440222
44445594
44432136
44440580
44442276
44441658
44445152
44431258
44430412
44445100
44444220
44444690
44444402
44436398
44437646
44444410
44444386
44442164
44444416
44431374
44434036
44444482
44444362
44444422
44444326
44445478
44444498
44430106
44444742
44444746
44445466
44434004
44440420
44430390
44440528
44440440
44430164
44432160
44442064
44441598
44430104
44440516
44445502
44434500
44437044
44442520
44440010
44444020
44442144
44444048
44430376
44444044
44444028
44444036
44444016
44430382
44436442
44440560
44445550
44430276
44441522
44440812
44430348
44431294
44447899
44430198
44430196
44430200
44444790
44430536
44430130
44444308
44444310
44436668
44430670
44434504
44441278
44444338
44442028
44432164
44430368
44444466
44444336
44430302
44430406
44430298
44430186
44437068
44444468
44444340
44430124
44430132
44441286
44441166
44444262
44430544
44430564
44430322
44437072
44436418
44442036
44441666
44441670
44441674
44430558
44430138
44430136
44430560
44430140
44430134
44430556
44435432
44442300
44442180
44431382
44434476
44436408
44436218
44445578
44431290
44442048
44436214
44430720
44434240
44434244
44434248
44434436
44435040
44434532
44430408
44442232
44445542
44437432
44437064
44437052
44442192
44444822
44431286
44430180
44444408
44434364
44430632
44440452
44436692
44436430
44444418
44444324
44442132
44444480
44444360
44444458
44444434
44444440
44444420
44444424
44444436
44444432
44444428
44444438
44444442
44445534
44442136
44441226
44436404
44440796
44436676
44444412
44444316
44440246
44444116
44444144
44444148
44444208
44444318
44444320
44430314
44430182
44430312
44430184
44431302
44431310
44440472
44430082
44436440
44445204
44441242
44441246
44441618
44435388
44436206
44444430
44430342
44442124
44442252
44434432
44444462
44444464
44444444
44444456
44440805
44430618
44440456
44442224
44430688
44444492
44444452
44444494
44444460
44444446
44436412
44444454
44444450
44444448
44436004
44444490
44444496
44436410
44442100
44430562
44430142
44431350
44444274
44430542
44430540
44444276
44431218
44444806
44437076
44435064
44434408
44442196
44442156
44445188
44440802
44440428
44441638
44441634
44441174
44440568
44441566
44440032
44440512
44436374
