47671286
47671308
47671196
47670047
47672146
47670049
47670099
47672128
47671216
47671072
47670147
47671306
47670077
47670075
47670035
47670043
47671080
47671288
47671200
47672094
47671290
47671210
47671198
47671066
47672150
47670101
47671248
47671220
47671074
47670021
47671052
47671204
47671068
47671228
47671078
47672132
47670067
47670125
47670119
47670137
47670063
47672096
47671292
47671214
47672292
47672140
47670139
47670105
47671212
47671070
47671180
47671058
47671294
47671304
47671218
47671056
47670089
47670061
47672306
47670003
47671110
47671108
47670113
47670019
47671244
47671090
47671222
47670121
47672154
47670085
47672116
47672084
47671096
47670015
47670103
47670033
47671240
47671084
47672118
47672086
47671302
47671226
47670127
47672092
47672280
47672158
47670131
47671194
47671064
47671092
47671230
47671238
47672298
47672100
47672088
47671242
47672152
47670091
47671282
47670081
47670055
47671106
47670079
47672134
47670027
47670039
47670031
47670013
47671186
47671104
47671232
47671094
47670011
47670017
47671202
47671054
47671088
47670059
47671246
47671252
47670143
47670037
47670149
47672080
47671284
47671001
47670133
47670057
47670115
47670109
47670025
47671280
47671256
47671082
47670111
47670009
47671254
47670051
47670141
47671100
47670135
47671007
47670023
47672296
47672114
47672138
47672144
47672136
47672048
47671182
47671005
47670093
47672082
47670083
47671003
47670117
47670097
47672120
47672090
47672300
47672098
47671086
47672286
47672122
47670087
47670095
47671098
47672899
47671062
47671192
47671060
47672142
47671050
47670041
47671298
47670053
47672148
47672308
47670001
47670129
47670123
47671190
47671102
47671224
47671076
47670071
47670007
47671188
47672290
47672126
47672304
47672112
47672284
47670065
47670045
47670069
47672288
47672124
47672156
47672294
47670005
47670073
47670107
47672102
47672282
47672110
47672302
