47820134
47821074
47821210
47821032
47820094
47820230
47820048
47821022
47821024
47820028
47822355
47820058
47820098
47820240
47820096
47820232
47822050
47821038
47820272
47821354
47820086
47820088
47820108
47821040
47821062
47821016
47820130
47820082
47820084
47821352
47821098
47821130
47822084
47820080
47821026
47820136
47821002
47820020
47822052
47822330
47822104
47822335
47822110
47822240
47820072
47822092
47820140
47822054
47821096
47821006
47821018
47821090
47821208
47821348
47822096
47822310
47822100
47822094
47822242
47821030
47820138
47820256
47821008
47820050
47820052
47821350
47821344
47821356
47820128
47822056
47820110
47822102
47822320
47822116
47822262
47820102
47822058
47820122
47820238
47820116
47820046
47821000
47820022
47821092
47821014
47820032
47820038
47821028
47821080
47821206
47821342
47821076
47821012
47821042
47821082
47821060
47820252
47820262
47820030
47820036
47822118
47820042
47820260
47821360
47821218
47820034
47821034
47820244
47820104
47820056
47822060
47822365
47822260
47822114
47821340
47821220
47822315
47822062
47822098
47820060
47820062
47821084
47821088
47820078
47820250
47820242
47820142
47821010
47821132
47821094
47820024
47820106
47820254
47821004
47820064
47820066
47820124
47822070
47822345
47822112
47822350
47821212
47821072
47820126
47821362
47820054
47822064
47822072
47820234
47820112
47820236
47820114
47822090
47820264
47820274
47820276
47822106
47822340
47822108
47821346
47822066
47822899
47822068
47820118
47822074
47821358
47820070
47820270
47820040
47821070
47822076
47822078
47822080
47820246
47820248
47820092
47820068
47820120
47822270
47822220
47821036
47821214
47821066
47822082
47821020
47821150
47821086
47820266
47820258
47820268
47820090
47820278
47820280
47820074
47820076
47820100
