45994232
45994648
45989140
45989141
45987708
45990247
45989479
45990126
45992129
45992030
45993054
45994066
45988344
45988520
45992306
45987144
45985110
45993141
45993039
45990382
45990750
45985657
45990852
45991042
45991014
45992102
45989212
45987328
45987332
45985190
45990253
45988180
45985238
45987264
45987268
45993416
45993198
45990015
45992530
45992594
45988078
45990048
45990009
45990280
45989482
45992231
45989554
45985118
45986362
45987062
45987140
45993386
45990754
45988564
45990718
45994278
45985300
45989280
45990518
45989560
45989425
45990184
45990111
45994129
45993069
45992123
45987116
45988566
45990756
45993350
45994120
45993129
45990277
45990758
45988184
45987774
45990510
45990714
45992159
45994342
45994348
45993078
45988122
45987440
45987752
45985102
45990205
45989362
45985152
45985096
45987148
45989082
45990648
45990660
45990169
45990220
45987132
45992291
45992249
45990502
45987304
45988568
45988552
45988499
45985592
45985687
45985693
45985735
45990390
45990494
45990712
45992090
45992279
45992390
45992210
45989548
45992423
45985390
45985378
45985392
45993383
45992072
45993370
45992108
45990546
45987762
45992570
45987740
45995342
45991062
45995344
45993272
45993365
45993392
45988158
45987474
45994063
45994087
45994680
45994673
45990664
45990670
45992198
45985279
45990760
45988140
45987225
45985142
45987022
45985003
45990372
45985202
45987092
45986358
45993187
45994135
45990770
45987010
45992051
45990552
45994661
45985188
45985027
45985040
45990099
45990556
45990730
45993410
45992578
45992670
45991086
45989431
45990295
45987743
45990644
45985420
45990196
45993362
45992574
45992674
45988532
45988540
45994186
45993341
45993401
45993404
45987176
45987482
45993258
45993413
45993027
45989252
45992426
45995346
45987488
45992183
45987348
45994099
45990108
45989260
45987172
45994084
45994298
45987764
45988542
45986382
45986064
45993036
45994045
45992021
45994150
45994123
45994262
45993407
45986218
45994664
45987480
45994226
45994647
45989142
45992099
45992153
45992156
45985294
45990178
45985230
45989440
45985050
45988642
45994282
45994286
45988460
45988320
45988546
45985375
45985426
45989194
45989210
45990762
45990734
45992138
45992309
45987228
45987032
45987071
45994806
45987018
45987068
45985394
45988493
45993243
45993237
45985601
45985675
45985678
45994208
45987120
45985170
45985586
45992333
45989443
45985174
45989446
45993419
45985717
45989016
45985058
45992303
45985168
45990364
45990362
45990262
45987080
45987074
45985242
45988110
45987340
45989449
45995358
45986216
45988640
45989040
45989036
45989170
45988208
45990193
45988466
45989220
45991810
45990650
45990012
45989485
45995332
45990844
45994228
45994645
45993230
45989144
45993422
45989557
45987360
45987396
45994318
45994333
45993240
45985708
45985726
45989374
45990370
45991054
45990804
45992315
45993425
45992366
45992494
45991160
45991142
45994192
45993189
45994154
45993192
45993204
45993172
45993431
45985406
45988490
45992174
45986200
45986100
45991106
45993003
45988626
45985402
45985404
45989563
45992506
45992598
45989434
45989437
45990724
45985273
45990720
45988152
45993356
45992270
45992189
45992258
45994188
45989004
45991074
45985160
45987000
45985154
45985158
45985214
45994818
45987008
45987758
45985108
45985094
45987288
45987292
45989020
45989049
45995334
45985598
45985681
45994290
45988154
45992510
45992634
45992514
45992375
45990742
45989012
45993434
45993437
45993440
45989079
45989258
45987634
45993446
45987316
45988175
45987320
45992078
45990740
45990764
45991146
45990534
45993428
45985042
45987200
45989422
45993457
45987192
45992444
45987792
45987794
45987436
45987196
45987188
45994856
45993458
45992363
45993461
45994862
45988544
45985122
45985076
45990536
45990307
45985178
45993455
45990538
45987260
45992234
45994156
45994274
45990081
45988562
45987416
45992378
45993304
45994351
45994649
45989200
45989202
45990542
45993452
45989112
45985092
45994230
45994646
45989146
45985046
45990350
45990322
45987460
45987734
45993169
45994865
45994868
45994871
45986024
45990562
45985232
45985226
45987760
45993271
45993292
45985005
45993175
45990480
45990223
45992228
45986226
45986208
45989491
45992498
45990566
45987472
45987219
45994658
45987572
45987622
45989234
45989228
45988102
45989497
45994174
45987778
45987626
45992012
45989566
45991180
45991070
45985282
45994809
45989230
45994270
45990732
45985224
45990018
45987756
45990105
45994236
45989148
45988202
45988204
45988192
45988194
45992192
45993168
45993255
45985610
45985666
45987112
45989000
45988469
45994093
45993120
45994033
45993449
45990313
45990286
45990640
45994015
45993012
45989365
45993443
45994258
45985660
45985616
45987240
45989192
45989190
45987249
45993310
45992381
45990102
45987053
45989404
45992384
45987574
45987638
45990574
45994704
45994375
45994670
45993307
45993090
45990374
45992036
45993102
45993316
45993320
45993395
45990468
45985021
45994683
45994378
45985090
45994302
45985106
45987380
45987336
45990151
45985369
45994176
45988094
45990021
45994238
45989153
45989488
45994354
45985428
45987168
45985636
45994314
45994357
45988200
45988622
45987746
45985116
45985054
45985025
45985146
45990744
45994360
45988146
45988148
45988178
45990472
45989206
45985318
45985396
45994686
45994695
45987028
45985710
45992093
45985327
45989584
45994021
45994018
45987020
45987213
45986354
45990478
45988153
45988126
45988167
45994689
45989130
45987772
45994692
45988323
45986220
45992582
45990208
45985424
45985357
45985336
45990642
45994152
45993186
45994138
45989569
45994240
45989155
45993298
45993301
45989605
45985418
45991118
45992586
45992590
45985639
45985642
45992642
45992534
45990802
45995340
45989401
45985412
45987124
45994250
45994196
45992105
45994111
45993173
45987732
45985696
45990157
45994701
45987798
45987796
45992045
45994212
45985372
45985672
45985604
45990289
45993000
45994850
45990000
45994640
45992000
45986330
45987034
45985333
45994330
45994322
45985200
45988074
45987050
45985630
45987088
45994000
45985622
45986000
45987084
45990618
45990616
45994117
45990426
45985015
45985138
45989088
45987096
45988472
45990160
45994266
45990217
45992039
45987030
45987065
45990776
45992237
45990576
45989097
45987252
45993335
45990476
45985120
45992132
45990464
45991066
45988610
45988608
45989386
45994164
45990458
45985210
45991094
45994755
45994758
45994889
45994746
45994012
45994698
45994234
45989157
45990354
45990301
45992538
45992646
45988172
45987742
45989232
45987464
45994168
45992393
45988496
45988156
45992165
45989278
45989109
45994132
45985204
45985001
45987243
45994731
45994069
45991150
45994054
45988606
45988584
45994728
45994242
45989159
45993332
45994184
45989392
45991102
45994166
45989500
45991134
45989572
45993398
45993359
45993380
45993368
45989380
45992602
45992606
45988614
45990450
45992542
45992650
45990442
45990434
45989172
45989127
45989196
45993051
45990057
45994725
45989452
45993467
45992432
45994722
45987246
45993159
45986206
45986224
45989458
45989076
45989073
45995336
45994182
45988616
45990532
45993195
45985276
45985098
45990530
45989398
45994719
45988054
45985182
45990114
45985184
45989254
45987466
45986346
45994713
45988086
45990030
45989464
45987156
45987160
45988612
45988347
45989182
45989133
45989174
45994158
45990136
45990120
45987237
45993246
45992126
45993075
45989470
45990033
45990610
45992048
45989028
45989046
45988463
45988582
45992396
45989359
45989575
45992610
45994078
45988160
45988567
45994244
45989161
45985100
45992399
45990130
45990123
45988052
45995338
45987745
45990235
45992177
45988644
45988487
45986338
45987748
45994710
45990668
45985186
45985206
45987006
45990163
45990420
45994874
45990410
45995356
45988350
45992402
45988624
45990214
45995328
45989506
45990366
45990265
45990256
45990352
45990259
45985156
45992550
45992654
45988636
45989428
45985303
45988058
45985315
45985064
45993033
45993283
45993261
45987392
45994081
45987412
45985126
45987738
45993045
45994090
45989533
45987056
45989070
45990600
45990580
45989581
45985140
45985011
45985068
45990620
45990526
45993353
45993207
45987364
45989262
45993234
45990624
45990778
45989264
45992060
45985222
45985648
45985220
45990229
45992054
45993066
45992111
45994707
45987164
45988598
45990190
45990096
45987490
45989245
45990780
45993042
45986342
45994108
45985619
45985633
45987754
45989222
45985589
45985645
45993178
45992006
45987736
45989178
45989121
45994051
45986366
45990614
45990042
45990400
45990392
45990087
45988144
45988142
45994114
45985410
45985351
45994003
45993006
45987024
45985416
45985583
45985690
45992096
45985023
45990388
45990484
45985360
45985430
45985580
45994048
45988580
45988646
45990187
45989512
45985244
45985270
45992327
45993347
45989118
45987400
45992141
45987776
45992117
45990722
45986390
45988082
45990045
45990075
45989163
45992246
45992490
45992638
45990782
45992294
45985144
45985007
45989149
45988206
45988188
45988190
45988196
45988554
45994178
45988630
45990078
45990084
45992020
45993123
45992015
45992502
45990608
45985297
45993167
45992405
45988638
45988182
45987104
45988050
45992195
45994716
45993156
45990232
45993389
45993147
45989055
45987766
45990606
45990202
45990175
45990172
45990093
45987486
45987296
45995051
45995052
45995053
45995054
45995055
45995056
45995058
45995059
45995060
45995062
45995063
45995061
45995050
45995057
45985062
45989256
45994815
45989250
45992144
45990736
45987388
45994366
45985148
45988130
45990768
45987384
45987255
45989024
45989246
45989151
45990133
45988550
45993162
45993060
45992033
45990792
45994740
45985052
45990794
45992408
45995348
45987108
45990408
45992411
45992057
45987300
45985136
45985017
45987428
45994381
45990676
45985130
45985128
45989106
45988517
45989188
45992114
45993024
45989240
45990738
45993099
45989518
45990406
45988576
45991082
45985716
45992417
45992522
45992618
45985048
45987432
45994390
45990626
45987750
45987770
45987768
45988114
45994105
45985651
45985339
45992066
45989236
45988578
45987312
45985654
45989008
45987484
45988572
45989124
45989383
45987372
45987368
45994408
45994764
45986212
45987136
45985198
45995330
45985060
45985363
45985330
45985236
45985228
45990404
45985019
45989524
45994075
45994770
45993286
45989371
45985722
45989587
45985714
45989476
45993313
45985709
45993048
45990148
45987730
45990728
45987352
45988176
45990716
45994734
45991090
45989590
45992372
45992369
45994172
45994160
45988548
45993329
45990274
45992297
45990211
45985166
45989238
45992300
45990238
45989593
45992420
45994254
45988570
45989165
45990090
45989419
45985724
45985725
45992312
45988170
45986008
45990748
45994803
45993015
45985234
45994006
45993009
45994057
45987204
45993144
45994794
45994396
45990630
45988558
45988475
45990634
45990632
45990636
45993021
45993150
45990638
45990646
45990662
45990578
45990628
45992554
45992658
45992660
45986032
45986036
45991058
45991164
45992566
45992690
45986040
45986044
45993063
45994737
45986048
45993249
45993213
45988090
45990027
45986004
45993225
45995352
45988586
45988508
45990798
45988526
45988588
45987470
45994667
45992429
45993464
45985702
45985732
45989270
45989268
45987180
45989248
45994126
45993132
45987152
45985595
45985684
45989115
45992282
45987100
45987476
45994060
45994294
45994399
45990060
45985291
45994072
45987744
45990066
45992252
45992027
45993057
45989530
45993326
45993323
45993344
45992162
45988150
45985150
45989198
45995326
45993153
45986228
45993087
45993093
45994797
45994336
45990666
45994024
45987308
45989536
45985112
45994800
45993252
45992009
45985196
45992087
45990356
45989542
45994859
45985400
45987234
45992558
45992662
45994170
45989455
45989091
45989094
45995320
45992063
45993264
45989061
45990710
45990528
45990310
45990678
45990360
45992003
45991138
45989176
45989064
45989065
45990063
45992135
45992201
45993001
45985066
45987420
45985172
45989266
45989204
45991126
45991130
45988326
45987002
45985056
45985124
45985114
45992147
45993096
45993273
45993280
45985044
45992150
45989350
45988523
45989244
45993176
45985348
45985398
45989058
45992081
45994384
45990791
45990376
45985354
45986214
45992435
45993470
45991122
45989136
45990800
45988481
45989067
45992441
45993473
45993183
45990380
45990292
45991114
45989626
45993267
45989461
45994788
45994393
45992666
45992562
45988186
45989596
45991172
45992414
45991192
45991168
45991176
45992438
45991200
45991196
45991184
45985711
45990166
45987012
45985164
45987231
45985718
45985719
45988560
45994162
45990250
45992255
45993135
45987630
45994860
45992544
45985082
45985078
45985080
45989103
45988168
45988169
45985720
45985721
45987790
45993177
45985310
45987620
45993274
45989276
45986336
45994345
45993315
45993174
45992508
45989205
45989286
45985757
45994167
45994185
45989208
45993276
45989502
45993279
45993277
45989201
45994824
45994827
45993275
45986108
45993070
45989214
45994049
45994050
45994052
45985343
45989282
45985312
45994035
45985295
45993226
45993229
45993227
45993231
45993196
45993199
45993202
45993205
45985306
45988120
45986394
45985712
45986396
45990112
45986398
45994644
45986392
45994216
45993134
45986104
45994175
45993472
45989284
45989189
45994202
45994206
45994210
45993179
45994222
45994218
45994214
45994204
45994200
45993166
45994674
45994675
45994676
45994677
45985408
45985134
45989180
45990242
45993030
45990198
45986112
45993130
45989122
45994220
45985194
45994782
45987632
45994387
45994655
45990384
45990752
45991032
45991018
45990830
45990386
45988198
45990604
45990482
45985366
45985669
45985607
45994102
45993295
45987026
45990036
45987376
45991188
45991078
45988590
45985104
45992387
45987404
45990772
45993171
45989226
45993072
45990492
45990602
45989467
45989407
45989389
45989473
45992321
45992330
45989599
45985212
45993084
45993081
45989509
45990145
45989515
45988062
45990054
45990072
45989521
45990069
45988070
45989242
45985723
45985729
45990746
45987216
45994767
45990622
45987004
45990414
45989032
45989043
45988592
45990378
45990268
45990368
45991110
45994643
45994853
45992180
45992186
45986052
45985613
45985663
45992222
45989527
45996899
45986370
45990304
45990358
45985176
45985414
45992324
45993201
45994194
45988529
45988556
45992240
45990283
45985715
45988594
45989368
45988620
45988174
45988173
45994880
45994096
45988329
45985324
45990672
45989353
45986056
45986058
45993338
45988484
45990226
45990402
45987356
45987059
45995324
45988511
45990319
45990271
45989186
45990674
45989184
45985321
45987636
45987076
45987014
45987016
45989608
45989494
45989395
45993447
45994369
45986072
45986202
45986334
45990612
45988502
45986210
45995350
45994306
45994372
45985285
45985288
45994652
45992018
45985009
45992318
45992342
45991050
45991046
45991008
45990766
45993465
45989066
45990726
45989614
45986028
45992336
45989052
45995354
45994779
45990241
45987184
45993216
45992285
45992273
45992276
45986204
45986222
45985240
45985192
45992120
45989551
45988596
45989602
45987492
45992345
45992348
45992360
45986386
45987036
45987222
45992168
45986068
45988332
45990244
45994339
45985216
45992288
45992243
45985705
45990154
45985713
45987628
45989539
45989545
45994190
45988118
45988514
45985422
45992171
45993469
45990181
45992339
45985208
45988335
45992219
45992225
45994776
45994821
45989356
45988632
45988634
45987468
45988618
45989503
45992084
45994791
45994785
45990003
45990142
45990006
45987624
45991016
45989272
45989274
45994773
45992614
45993165
45986378
45986060
45993210
45985309
45992518
45992526
45992622
45989413
45992069
45987462
45994761
45990412
45990416
45990418
45990422
45990424
45990428
45990430
45990436
45990438
45990432
45990440
45990448
45990446
45990444
45990452
45990454
45990456
45990460
45990462
45990466
45990470
45990474
45990520
45990522
45990524
45990512
45990514
45990516
45990504
45990506
45990508
45990500
45990498
45990496
45990486
45990488
45990490
45990540
45990544
45990548
45990550
45990554
45990558
45990560
45990564
45990568
45990572
45985342
45989611
45994749
45994735
45994883
45988628
45989617
45988574
45994812
45994363
45987424
45989224
45985218
45990788
45989620
45988505
45989623
45987128
45989578
45988600
45990790
45995322
45987324
45993018
45992042
45994027
45994030
45993126
45993127
45994009
45986374
45988478
45992075
45986350
45986016
45988341
45990774
45992024
45986012
45986020
45989377
45986092
45992686
45986096
45992682
45986076
45986088
45992630
45986084
45992678
45986080
45992626
45992694
45994743
45994752
45994886
45993476
45985180
45987478
45993138
45990796
45991000
45990892
45987284
45990832
45990842
45987552
45985737
45985759
45991152
45987718
45990882
45991004
45991038
45987570
45985751
45987704
45990878
45991040
45987578
45985761
45987713
45990872
45991044
45987580
45985763
45987703
45990784
45990868
45987582
45985765
45987712
45991098
45990862
45991006
45987584
45987702
45990858
45987586
45987711
45990786
45985162
45990854
45987588
45987701
45987709
45987710
45987272
45990834
45991002
45987554
45985739
45991153
45988162
45987700
45990570
45993270
45987344
45988338
45991012
45990890
45990024
45987408
45990884
45990886
45993289
45987280
45990836
45987556
45985741
45991154
45988164
45987717
45990880
45990876
45988066
45990051
45990874
45990870
45990864
45990866
45990860
45990856
45987276
45990838
45991010
45987558
45985743
45991155
45988166
45987707
45987444
45990840
45991020
45987560
45985745
45985345
45991156
45987716
45987448
45990846
45991022
45987562
45985747
45991157
45987706
45987452
45991030
45991024
45990848
45987564
45985749
45991158
45987715
45990139
45990117
45990850
45991034
45987566
45985755
45991159
45987705
45990888
45991036
45987568
45985753
45987714
