47404366
47403026
47400011
47403245
47403066
47403060
47400216
47402088
47404348
47403050
47404285
47404406
47404386
47404290
47404392
47404364
47404390
47404388
47400045
47402100
47402098
47403094
47404306
47403315
47400015
47404340
47403014
47402510
47404320
47404304
47403078
47402484
47404185
47404334
47404400
47400198
47400208
47402295
47403130
47403108
47402480
47402470
47400023
47403010
47400154
47403030
47402175
47404446
47400039
47404220
47402125
47404344
47404402
47400061
47404205
47400194
47404020
47400260
47400029
47402160
47400090
47403018
47400106
47402094
47404318
47403265
47402488
47403084
47400228
47402074
47404342
47400017
47402180
47403012
47404255
47403046
47404352
47404250
47403028
47400007
47403235
47403138
47404338
47404372
47403132
47403102
47403225
47403128
47403024
47400001
47400035
47404230
47402135
47403104
47400013
47403000
47402512
47400186
47402090
47400158
47400059
47400196
47403034
47402280
47403016
47402255
47404300
47403310
47400222
47403052
47403160
47404292
47403154
47400156
47404180
47400238
47403126
47403112
47403086
47402490
47404444
47404448
47404090
47403062
47400037
47404225
47402130
47403290
47404326
47404215
47402155
47400152
47402500
47403008
47402260
47403088
47402492
47403134
47403074
47400192
47403096
47400170
47404030
47400256
47404265
47402140
47400031
47403325
47404330
47404328
47403330
47403106
47404175
47400204
47404035
47400184
47403076
47402070
47402150
47400025
47404165
47403146
47403036
47404170
47404336
47403110
47402115
47400049
47400070
47402105
47402096
47400051
47403148
47400074
47403270
47404245
47400009
47400148
47404280
47403048
47404354
47404240
47402494
47402496
47400200
47400027
47402265
47403144
47404346
47400094
47403080
47403142
47400202
47403150
47403070
47404460
47404065
47402076
47403038
47400084
47400232
47403100
47400088
47400224
47400182
47403285
47404235
47400033
47402502
47400021
47400146
47404060
47403280
47404310
47403320
47404160
47403042
47404316
47403255
47400220
47400230
47402504
47403068
47403056
47404298
47403305
47403064
47404294
47403250
47400214
47404322
47403275
47400080
47404275
47403044
47404025
47400180
47403058
47404296
47403300
47403040
47400144
47404200
47400057
47400240
47404040
47400250
47402145
47403114
47403220
47403122
47400218
47400226
47404302
47403054
47403124
47404899
47403260
47403027
47403240
47403140
47400178
47400082
47403295
47403090
47403092
47402506
47400142
47402082
47400138
47404356
47404015
47400019
47404314
47402275
47400104
47402110
47400072
47403004
47402482
47402290
47403002
47400003
47403022
47400190
47403230
47403152
47404260
47402270
47403006
47402498
47404195
47400150
47404332
47404398
47400172
47400252
47402120
47400041
47400210
47400234
47400206
47400176
47400174
47404396
47404190
47402165
47400162
47400160
47400140
47400136
47400134
47403082
47402486
47400130
47400132
47404394
47402170
47404055
47404050
47404045
47400254
47400258
47400264
47400266
47400268
47400274
47400212
47400278
47400280
47400282
47400284
47400168
47400166
47404358
47400188
47404360
47400053
