69101444
69100400
69100384
69100330
69103032
69104332
69104586
69101020
69101071
69101251
69103088
69103188
69103632
69104602
69104396
69101516
69100039
69104208
69101167
69101010
69101065
69101242
69103076
69100200
69100134
69104140
69101568
69101300
69100815
69100624
69107033
69101098
69103352
69101715
69104328
69101778
69100170
69100161
69100140
69101080
69101296
69101173
69101380
69103316
69100600
69107000
69101492
69103636
69101508
69100848
69101739
69100809
69100851
69101790
69104698
69104710
69104782
69101627
69103412
69101657
69103628
69101673
69103624
69103136
69101826
69103080
69103340
69101332
69101095
69101179
69104112
69104006
69101188
69103372
69100366
69104042
69104200
69104116
69104012
69101197
69101230
69101292
69101182
69101233
69100381
69100612
69107017
69104368
69100342
69101176
69104228
69104132
69104024
69104030
69101239
69103092
69101269
69101280
69101089
69101618
69100442
69104666
69100412
69100051
69104176
69100048
69101472
69100409
69100627
69101360
69103312
69101384
69104686
69107037
69103288
69100606
69101320
69107009
69101700
69103044
69101000
69100113
69100090
69101056
69100009
69101059
69104003
69101236
69103104
69104034
69103164
69104606
69103344
69101030
69101077
69101257
69103052
69103244
69103056
69103204
69104778
69104574
69100845
69101742
69101706
69103508
69101577
69100363
69104810
69104706
69101550
69101639
69103548
69104364
69104082
69104400
69104404
69101164
69101119
69100122
69100078
69103216
69104774
69101642
69103552
69103224
69103648
69101654
69101630
69103540
69103516
69103100
69100863
69104046
69101648
69103560
69103604
69101185
69107005
69103152
69103168
69104344
69100603
69104694
69101636
69103544
69101808
69101149
69101134
69101468
69101396
69103324
69101612
69100812
69104798
69104818
69101520
69103596
69101452
69103296
69100436
69100351
69101772
69104662
69100418
69103500
69104834
69101161
69101092
69103576
69103512
69103336
69103496
69100839
69100081
69100027
69104128
69104148
69104380
69103172
69104256
69104320
69104260
69101131
69103608
69101733
69103364
69101814
69104582
69103212
69103020
69101832
69103492
69101245
69101718
69104340
69100155
69100152
69100143
69101817
69101086
69101155
69101460
69101422
69101691
69104376
69100131
69101340
69103004
69101336
69104124
69103484
69101760
69103160
69104224
69103016
69101539
69104324
69104802
69101128
69103480
69103040
69104794
69101476
69103488
69103556
69103620
69103424
69100854
69104360
69104078
69103012
69101651
69103256
69103612
69104618
69104654
69104578
69101288
69100096
69100015
69104009
69104066
69101191
69101194
69101266
69101284
69101304
69100833
69101101
69101556
69103416
69104674
69101633
69101679
69104678
69101775
69104786
69101682
69103356
69101583
69104216
69104120
69104018
69101260
69101263
69101146
69100042
69101553
69101802
69101488
69101484
69101712
69101344
69103000
69103308
69103304
69104058
69101811
69103036
69103220
69101152
69101140
69103192
69103348
69103084
69104062
69103124
69103120
69103108
69103240
69103232
69103376
69103380
69103504
69103564
69100375
69100369
69101574
69103180
69100415
69101793
69101559
69101480
69101400
69101562
69103200
69103368
69104244
69104192
69101745
69101796
69104822
69101143
69101125
69103640
69103652
69103144
69103140
69101324
69104252
69100119
69100149
69100075
69100033
69104160
69104152
69104388
69104392
69101820
69101676
69103228
69101536
69104168
69104164
69100030
69100024
69104108
69104000
69101062
69103134
69101328
69103184
69104594
69104814
69104384
69104372
69104050
69103064
69103060
69103272
69103276
69103280
69101603
69101416
69101600
69101420
69101688
69101685
69101805
69100421
69101609
69103420
69100857
69104212
69103048
69101316
69100054
69100057
69104172
69100842
69101542
69103320
69103072
69103068
69101670
69101660
69101110
69103208
69104590
69100158
69104184
69101645
69100378
69101352
69100333
69103176
69104598
69100836
69104576
69100621
69107029
69103196
69103268
69101404
69104136
69101799
69103568
69104038
69103096
69101606
69103332
69103408
69103384
69101408
69101428
69101137
69103148
69104204
69104770
69100336
69103024
69101248
69104336
69103600
69103584
69103580
69100806
69100618
69107025
69104806
69101496
69101709
69101448
69100348
69103292
69100372
69100066
69100063
69100003
69100006
69101035
69101053
69101040
69101050
69104690
69100424
69103616
69101736
69103360
69100609
69107013
69100803
69100116
69101823
69104196
69100125
69103028
69104248
69101580
69100615
69107021
69104236
69104240
69104348
69104352
69104144
69104074
69101122
69101436
69101440
69101694
69101697
69101703
69100137
69100093
69101015
69100069
69101158
69104054
69101533
69100860
69101083
69101763
69101784
69100045
69101781
69101766
69101624
69101769
69101748
69101757
69101751
69101787
69103132
69101571
69103008
69101504
69101500
69104830
69100099
69100021
69104015
69104104
69104100
69104086
69104356
69103128
69104408
69104570
69104658
69101727
69103588
69109899
69100084
69100087
69101025
69101356
69104702
69100345
69100427
69100012
69101074
69103248
69101615
69100800
69101721
69104188
69104232
69103572
69103592
69101464
69104220
69101530
69101392
69101388
69103328
69101730
69101512
69101754
69100354
69100357
69104826
69104610
69104614
69104650
69100339
69104021
69101254
69104156
69104670
69101565
69100360
69103284
69101621
69103300
69101113
69101116
69101104
69101107
69103644
69103656
69101724
69104790
69101829
69100060
69104180
69101348
69100403
69103456
69103252
69100430
69104206
69100433
69103452
69103260
69103464
69103448
69100439
69103440
69103392
69101312
69103400
69100146
69100072
69100110
69100102
69101005
69103404
69101412
69103396
69103428
69101424
69103388
69101432
69103476
69103156
69100818
69100406
69103460
69103472
69103264
69103444
69103468
69100821
69101456
69100824
69100827
69100128
69104070
69100830
69104682
69100036
69100018
69101068
69101308
69103432
69101170
69103436
