69400728
69403568
69403667
69400416
69400098
69400785
69400761
69403646
69402150
69401499
69401514
69400268
69400422
69400302
69400300
69400444
69400048
69400553
69401794
69401796
69402033
69400330
69400704
69400458
69400460
69400368
69400058
69400770
69402226
69400462
69402080
69400779
69400042
69400046
69400040
69401816
69401824
69401278
69401245
69401167
69401305
69401338
69400116
69400119
69400562
69401080
69400622
69402540
69400701
69400294
69400583
69401822
69400228
69401191
69401335
69400499
69402369
69402381
69403571
69403673
69402051
69400274
69400464
69400466
69400468
69400610
69400601
69400032
69402534
69402012
69400252
69401296
69401302
69401299
69400068
69400062
69400544
69402048
69402024
69400863
69401044
69400791
69400230
69400788
69400731
69400689
69400698
69400595
69403622
69401104
69400677
69400680
69401257
69402360
69402390
69403574
69403676
69401089
69401032
69402036
69400056
69402516
69401143
69401086
69400224
69400074
69400080
69400226
69402090
69401269
69400797
69400836
69400839
69401266
69400340
69400362
69400428
69400334
69400386
69400782
69402280
69402549
69401812
69400472
69400476
69401095
69401098
69401101
69401173
69401170
69400250
69400571
69401065
69402092
69400054
69400030
69400380
69403652
69400382
69400242
69402093
69400256
69400254
69400258
69402552
69402393
69400488
69400490
69400532
69400484
69400737
69400740
69401547
69403679
69400719
69400668
69400671
69401828
69401814
69400262
69400260
69400248
69400072
69401083
69401035
69401810
69401317
69400505
69401329
69401194
69401780
69401784
69401272
69400803
69400827
69400830
69400686
69403664
69400589
69401323
69401326
69400304
69403577
69403625
69403628
69403634
69403535
69400628
69400110
69400860
69402555
69402531
69402054
69402609
69400448
69400470
69402528
69400374
69400034
69400036
69401517
69401523
69400236
69400220
69400149
69400359
69400356
69400559
69400619
69400270
69400845
69400869
69401038
69403538
69401782
69400474
69400749
69400070
69401529
69400308
69401116
69400104
69401092
69402274
69402057
69401808
69400604
69402277
69403640
69402079
69400122
69400592
69400050
69400290
69400878
69401023
69403661
69402096
69401820
69400574
69400634
69400650
69400092
69400101
69402102
69400312
69400419
69400431
69400316
69400314
69401802
69400541
69400517
69400514
69400486
69401341
69400833
69403658
69401332
69400395
69400089
69400851
69400095
69401314
69402087
69400568
69400538
69400535
69400637
69400113
69402060
69402078
69402069
69403655
69400809
69400821
69400824
69401176
69401164
69400812
69401077
69400815
69401041
69400872
69400044
69402099
69400662
69400659
69400140
69400146
69400625
69400278
69400818
69400238
69400773
69400284
69400442
69400298
69400496
69400493
69400577
69400580
69400443
69401550
69401560
69402525
69401800
69401110
69400523
69400526
69401281
69401230
69401197
69402020
69402023
69401490
69401562
69402220
69401830
69402292
69402062
69400318
69400086
69400222
69400083
69401344
69402081
69401347
69401350
69401353
69401356
69401359
69401792
69401284
69400767
69401113
69401125
69400692
69400794
69400734
69400695
69403619
69402519
69400875
69401029
69400052
69402522
69400107
69400137
69403532
69401260
69401053
69402045
69402105
69402126
69400607
69402075
69400520
69402026
69400665
69400478
69401131
69401137
69401128
69400398
69400125
69400128
69400842
69402084
69402543
69402546
69400276
69400806
69401161
69401788
69401790
69400338
69400143
69403631
69400292
69403604
69402082
69401535
69400310
69401311
69401308
69401242
69401239
69402375
69400450
69400282
69400296
69400286
69400755
69401233
69400800
69401806
69400881
69401020
69401056
69400272
69400038
69400550
69400280
69403649
69400674
69402042
69402363
69400134
69401146
69401368
69401493
69402083
69401062
69401248
69401251
69401254
69401320
69400131
69400232
69400234
69400320
69400322
69400407
69400392
69400324
69400328
69400326
69400508
69400529
69400511
69401798
69400586
69400631
69400547
69400556
69400752
69400713
69400446
69400445
69402072
69400244
69400336
69400365
69400371
69400383
69402238
69402256
69400240
69400342
69400350
69400377
69402289
69402286
69400266
69401236
69400264
69402247
69402244
69402262
69402268
69402265
69402259
69402283
69402271
69401026
69402253
69402250
69400288
69401804
69400848
69409899
69402027
69400776
69400613
69400410
69400502
69401047
69403613
69400598
69403637
69401543
69400353
69401134
69401140
69401149
69401158
69401155
69401152
69400565
69401526
69400064
69400764
69401107
69400306
69400434
69400440
69400616
69400332
69400413
69400401
69401185
69401188
69401179
69401182
69402537
69400066
69400060
69402510
69402513
69402558
69402003
69400454
69400456
69401119
69401122
69401818
69403616
69401362
69401365
69401786
69403643
69401541
69401544
69400758
69400725
69400683
69400857
69401050
69403607
69403610
69401520
69401532
69400404
69400746
69400452
69400743
69400480
69400707
69400710
69400656
69400653
69400482
69400722
69401538
69401275
69401826
69401068
69401287
69401496
69402123
69402147
69402223
69402366
69403580
69402573
69403583
69403635
69403529
69403685
69403682
69402411
69403562
69403712
69400854
69401074
69401059
69402408
69403565
69403715
69402405
69403718
69402417
69403721
69403724
69402067
69403727
69403730
69400246
69400425
69403733
69402066
69403736
69403739
69401071
69401263
69401290
69401502
69402117
69402141
69402144
69402229
69402372
69402570
69403586
69403601
69403638
69403526
69403688
69403742
69403745
69403748
69403751
69403754
69401293
69401505
69402114
69402129
69402138
69402232
69402387
69402567
69403589
69403541
69403523
69403691
69400716
69402063
69400389
69401508
69402111
69402132
69402135
69402235
69402384
69402564
69403592
69403544
69403520
69403694
69401511
69402120
69402241
69402378
69402561
69403595
69403547
69403522
69403697
69400866
69402108
69402402
69402576
69403598
69403550
69403624
69403700
69402399
69402579
69403553
69403617
69403703
69402396
69403556
69403706
69402414
69403559
69403709
